epoch,categorical_accuracy,loss
0,0.5276073620850811,5.941569422895435
1,0.5026584868294574,5.532698396085961
2,0.514519427549132,5.165187949978257
3,0.5036809816194702,4.949643451402036
4,0.5081799590758264,4.791712354102262
5,0.5094069529652352,4.569539944233338
6,0.5118609407196747,4.4598889370393655
7,0.5196319018404908,4.338210344022037
8,0.5245398773128026,4.167660471364277
9,0.522699386576202,4.103074211869503
10,0.5296523517504304,4.007630115540238
11,0.5259713702894183,3.9672513102705005
12,0.5257668713119132,3.898716331357117
13,0.5337423312395873,3.8495883230782724
14,0.5200408998076901,3.803279006408036
15,0.5202453987973843,3.769804779395979
16,0.5175869121263851,3.7220010258181206
17,0.529243353905122,3.6780256481014635
18,0.5361963190184049,3.6217909630578475
19,0.5319018405029866,3.62166417849332
20,0.5392638036566034,3.5954194317566106
21,0.537627811897508,3.548618527570385
22,0.5374233128834356,3.5281652021505594
23,0.5341513293652447,3.521934279537396
24,0.5337423312639654,3.4946555189316015
25,0.5421267895123222,3.4648651990910007
26,0.5462167688917773,3.451103933115922
27,0.5378323108506349,3.4430975565881083
28,0.5312883436070386,3.4331076318744747
29,0.5402862987147762,3.41767423294317
30,0.5415132924822942,3.3746672773653743
31,0.5445807771326818,3.3700947029215182
32,0.5605316974146478,3.3414392982280083
33,0.5357873210755838,3.3532807615393265
34,0.5408997955132115,3.3316598948769287
35,0.5527607361719409,3.3156664704008825
36,0.5337423314346126,3.3150003957845926
37,0.5386503067240881,3.3023926367301395
38,0.5586912065805345,3.2839508201934566
39,0.5574642127764493,3.2740226595435895
40,0.5546012270060541,3.2787732032666663
41,0.5715746421267893,3.2415946046755115
42,0.552760736196319,3.2434864578559113
43,0.5511247445225472,3.2410835230033577
44,0.5595092024539877,3.2258900127527905
45,0.5484662578149807,3.2299558727287807
46,0.5633946830631521,3.216817026976915
47,0.5570552146995482,3.20562490081007
48,0.5629856851690873,3.1912211043703045
49,0.5566462168908071,3.1902783664945202
50,0.5548057261176392,3.17823973228595
51,0.552965235149446,3.1715118503765583
52,0.5750511246956199,3.163708977806544
53,0.5615541921802825,3.1542269750606793
54,0.5740286300031198,3.1459408083332585
55,0.5695296523029819,3.129578181912319
56,0.570961145194274,3.124352950991297
57,0.5746421267893661,3.116134435950125
58,0.5709611451455177,3.1120173387976022
59,0.5775051126207067,3.097815419706099
60,0.5777096114641318,3.088078171977724
61,0.5795501023957578,3.088531060111547
62,0.5789366052682171,3.0726536892186886
63,0.587116564429367,3.0598249786470566
64,0.5869120654396728,3.0541341710431933
65,0.5875255623965663,3.041373443896054
66,0.5830265848792647,3.039945617336437
67,0.5795501022494888,3.036778847864069
68,0.5969325153374233,3.01723810841457
69,0.5940695297742427,3.005641943106622
70,0.5975460122455605,2.9943243301719242
71,0.5838445807283398,2.9963092824432747
72,0.59345603267108,2.9843078689341165
73,0.5887525563591097,2.975935570496479
74,0.6063394682539022,2.9564391430657824
75,0.5932515338642221,2.9532919897379806
76,0.6051124744132497,2.942373450792153
77,0.5946830266092452,2.941992921380665
78,0.5924335379542017,2.924665033207837
79,0.6112474438846721,2.9116580783711377
80,0.6061349694714224,2.9071255894526384
81,0.6100204498977505,2.889029182734421
82,0.6226993866249584,2.8727688046320816
83,0.6116564417421696,2.8713520324059547
84,0.6134969326616065,2.8608438389432944
85,0.6132924334890759,2.8570309324010994
86,0.6182004091198459,2.8451015249108003
87,0.6098159509324345,2.8371067451796894
88,0.6157464212678937,2.8197513998651798
89,0.6124744377497028,2.8187275272205565
90,0.6122699386015504,2.8029857398542157
91,0.6239263802949636,2.791630505540376
92,0.631492842487031,2.7858202911837213
93,0.624539877227479,2.774587970959872
94,0.6314928424382746,2.760627832100679
95,0.6247443762293623,2.755555913882265
96,0.6370143149284253,2.734061083276823
97,0.631492842487031,2.730121030007891
98,0.6374233130053265,2.72457332396556
99,0.6433537833773529,2.706141568400377
100,0.6488752555993437,2.700493080435599
101,0.6482617586912065,2.6890065668063174
102,0.6404907974728777,2.6865777076143917
103,0.6613496933246683,2.6670811508818395
104,0.6513292432806487,2.665785855408339
105,0.6445807772180054,2.6555337768390865
106,0.6496932516800114,2.649855537746094
107,0.6556237220032815,2.632353220493028
108,0.6578732107802159,2.6262044375171936
109,0.6580777096845865,2.611062239527946
110,0.6472392637549246,2.604642779207912
111,0.6582822086011462,2.6001110678557726
112,0.65930470337897,2.5841241457223405
113,0.6640081799712892,2.5800373230487534
114,0.6652351737997527,2.5714845313128762
115,0.6680981594604462,2.554890645988636
116,0.6687116563929615,2.5473366967495723
117,0.6668711657416845,2.547614217730875
118,0.6689161553948447,2.528513921842985
119,0.6740286299543634,2.5200779448745196
120,0.6789366054632425,2.514720620894481
121,0.6736196320481096,2.506019465713657
122,0.6721881390349266,2.5030205072313243
123,0.6799591001313644,2.488192172040725
124,0.6723926379636753,2.4829747953785466
125,0.6711656442692918,2.472272212471211
126,0.6822085890545679,2.4557038224304137
127,0.6789366052682171,2.457536201340533
128,0.686094069480896,2.440253201681656
129,0.6811860939963951,2.4382461497144954
130,0.6869120653909164,2.429643102170012
131,0.6893660531209778,2.4159330614749153
132,0.687934560278442,2.412145655969413
133,0.6903885480085034,2.4004692167348414
134,0.6871165644903124,2.3928404523307316
135,0.6946830266823798,2.388933705796006
136,0.6971370144124411,2.3766625298069055
137,0.69345603267108,2.3693309703975123
138,0.6995910021425025,2.3633725283336053
139,0.6959100205961668,2.3498908137495045
140,0.7098159508714891,2.341450562701391
141,0.7036809815463356,2.336206163414173
142,0.7036809814975793,2.323540048950289
143,0.7147239265266372,2.3153047460232288
144,0.7089979550833595,2.301531159999668
145,0.7186094070504779,2.2956692728771997
146,0.7034764825444524,2.295356445273495
147,0.7073619631170495,2.284437934703866
148,0.7083844580289532,2.2747366229449315
149,0.7100204498489942,2.272850531790642
150,0.7108384458565273,2.2704973087232783
151,0.7290388547569696,2.247537822957419
152,0.7161554192472821,2.2498480064493505
153,0.7298568507645028,2.2332220172101978
154,0.7259713702162838,2.227324213035755
155,0.7218813905442907,2.227788588557019
156,0.7214723925405241,2.2192039833965964
157,0.7337423311908309,2.1998972259903735
158,0.729652351835754,2.202674963040342
159,0.7331288343070719,2.1904615903437015
160,0.7265848671487991,2.1834842641904553
161,0.7284253579219669,2.1784065796553724
162,0.7359918201140343,2.1709421005717084
163,0.7339468303389832,2.1602927739391053
164,0.7494887526293718,2.1517246237561745
165,0.7306748465038759,2.150139647563786
166,0.7323108385433205,2.1407998004086424
167,0.7427402863717031,2.127929177215982
168,0.7439672800904646,2.1323127255117966
169,0.7476482616855566,2.1206442168885213
170,0.7451942740286298,2.114074719902928
171,0.7464212679424169,2.1057129885277623
172,0.7460122698411376,2.0956076828736223
173,0.7458077710586579,2.0957118030462283
174,0.7478527606386836,2.0806512588859825
175,0.7525562372919484,2.0754735957381674
176,0.7535787320088267,2.0647288126448182
177,0.753374233080078,2.0680654016740485
178,0.7535787320575831,2.0510989913667395
179,0.7501022494399961,2.0478606239662094
180,0.7635991820528464,2.031007132305933
181,0.7711656442449136,2.0244370611654956
182,0.7635991820528464,2.0216960853837995
183,0.7635991820772245,2.0176271352787447
184,0.7689161553460884,2.01002620631688
185,0.7629856850959528,2.0090967736117435
186,0.7623721882121939,1.9978270489257781
187,0.7615541923509297,1.9967970363445322
188,0.7656441717303848,1.9874938213995874
189,0.7609406951746326,1.9823303270437478
190,0.7779141103563133,1.9776340162827193
191,0.7672801636479384,1.965970072863292
192,0.7691206543235934,1.9612940889682262
193,0.7654396728503924,1.9573327869969155
194,0.772597136892424,1.9493125097395696
195,0.7744376277143482,1.9455673008121108
196,0.7734151328512009,1.9369015769724465
197,0.7670756645485424,1.935799888014062
198,0.7824130878614258,1.9202479989006962
199,0.7828220859383269,1.914185779860171
200,0.7828220857920578,1.9067853947114848
201,0.7817995909289105,1.9043806426120438
202,0.7840490797058449,1.895357806063381
203,0.7858895705765254,1.8894155113731181
204,0.7838445808258525,1.8842816273371379
205,0.7858895706009036,1.8747031475137348
206,0.7889570552878584,1.8652939628238328
207,0.7822085890301897,1.8715167349832922
208,0.7881390592071907,1.8575022283019706
209,0.7914110428472726,1.8575712168874916
210,0.7912065438453892,1.847317789132366
211,0.7952965234442478,1.8377611839941919
212,0.7938650307479812,1.8307134075398825
213,0.7946830264629762,1.833920918651885
214,0.7862985686046702,1.8273368381039985
215,0.8087934560814762,1.810788370982757
216,0.801022494936282,1.8096239589230902
217,0.7932515338154659,1.8068546128419278
218,0.7899795500291149,1.8042730421132593
219,0.8053169733176202,1.7967139079283108
220,0.783435582700195,1.7946577167218447
221,0.8065439671826509,1.786550705564534
222,0.8026584865856756,1.7769280692551033
223,0.8096114518208494,1.763475743783276
224,0.8057259714188995,1.7672221631847764
225,0.8143149282790888,1.7550699879055374
226,0.8012269939381652,1.7569025253713253
227,0.7965235173092785,1.7607721866517954
228,0.814519427280972,1.7412929522235456
229,0.8124744376521901,1.743178047626784
230,0.8118609405734056,1.731712346428011
231,0.8116564416202787,1.7305082401127416
232,0.8106339469034004,1.7251291363273418
233,0.8112474438115376,1.7214292105965332
234,0.8171779140372949,1.7102561640593172
235,0.806952965259552,1.7168222137267848
236,0.8165644172754268,1.701750326254129
237,0.8206543966305037,1.69516686998262
238,0.8184049079998383,1.6944685340171455
239,0.8112474438115376,1.6911661550798787
240,0.8149284254310077,1.687937858597145
241,0.8314928424382746,1.6690817141581655
242,0.8263803680006468,1.6751068542827614
243,0.821267893563019,1.6677660946465709
244,0.8190184049567318,1.661029562287048
245,0.8267893659312788,1.6527103863854593
246,0.8218813906174253,1.6547382636548065
247,0.8239263804412327,1.6493444887406987
248,0.8331288343802064,1.637309253922757
249,0.8226993863811766,1.6399674589161004
250,0.8292433538563656,1.632469359887402
251,0.8290388548301042,1.6230430520141539
252,0.8402862986172636,1.6138120114925205
253,0.8278118608431826,1.6198052642291796
254,0.8396728017091264,1.5983591810569686
255,0.8366053168515243,1.6053271893830874
256,0.8345603271008513,1.6016970528659158
257,0.8445807771448709,1.584091832301368
258,0.8339468301683359,1.5962062102397772
259,0.8368098158290294,1.5835161989208135
260,0.8384458078197174,1.5815572537283713
261,0.8427402863717031,1.5772202261142692
262,0.8431492841073097,1.5729671821028663
263,0.8329243354270794,1.57290650330682
264,0.8423312882216674,1.562889291221135
265,0.835378323181519,1.5625083208084107
266,0.8421267892685405,1.555965813976124
267,0.8468302658730489,1.548476890357238
268,0.8515337421850193,1.5399436879011752
269,0.8474437628543207,1.5357083204577548
270,0.8423312883923146,1.534630518944473
271,0.8468302658486707,1.5364967050727891
272,0.8543967279432254,1.5202749602877532
273,0.8498977505356257,1.5255354325464168
274,0.8494887525806154,1.519403158180065
275,0.8599182003358634,1.5049549718575974
276,0.8535787321550958,1.5101266467010561
277,0.8582822084914443,1.4980900284215228
278,0.8517382412112807,1.5040739131607648
279,0.8521472391419128,1.4951774661526358
280,0.8546012268719742,1.488627240409149
281,0.8605316971952442,1.4889003345083849
282,0.8556237217594997,1.477614556451029
283,0.8525562372431921,1.4817666898719617
284,0.8558282209320303,1.4678470081103117
285,0.8588957053995815,1.4706107162015325
286,0.8601226992889903,1.4674106371183337
287,0.8627811861428258,1.4596201245770133
288,0.8586912063976982,1.4592420587266637
289,0.8631901840734579,1.4537135744387386
290,0.8629856851447092,1.4494911588774138
291,0.8691206544211062,1.441500240942208
292,0.8638036808597042,1.4393603901677825
293,0.870756646094878,1.4302437815929483
294,0.868507157512969,1.4298164587079383
295,0.8644171777922195,1.4284348852063982
296,0.8695296524004946,1.419990648911287
297,0.865235173848509,1.4197234444823001
298,0.865235173848509,1.4187078442797827
299,0.8736196319262187,1.4049312931872098
300,0.873824130806211,1.4011401861479433
301,0.8734151329487135,1.4057632094755739
302,0.8779141104538261,1.3978691031840194
303,0.8760736197050364,1.3902051401528357
304,0.8721881389374138,1.397168095028961
305,0.874233128712465,1.3866566960309425
306,0.8752556235999905,1.3823892012695593
307,0.8707566462411471,1.3832090790286387
308,0.8787321062419556,1.3718588405835361
309,0.8750511247931326,1.3748444923350172
310,0.8734151329974699,1.372476813154474
311,0.8773006133750416,1.3613148554702479
312,0.8813905930957912,1.3590338280352103
313,0.875664621725648,1.3553347797237778
314,0.8801635992063823,1.353301839643217
315,0.8799591001313645,1.3497942019093987
316,0.8779141103563133,1.3448373594654606
317,0.8817995910508013,1.3454939800781218
318,0.8836400818239691,1.3386963822358957
319,0.8869120655128073,1.3321697706581381
320,0.8862985685559138,1.3291784999804506
321,0.8807770961632758,1.3263930146679557
322,0.8838445806552052,1.3279716411738796
323,0.8840490798033576,1.3227948842116903
324,0.8795501021275979,1.3247276261296497
325,0.8916155417760213,1.312844065508228
326,0.8842535785858373,1.3122351067197835
327,0.885480572450868,1.3090444464868807
328,0.8918200407779047,1.2986630447071754
329,0.8854805726215151,1.3077638689481894
330,0.8881390593534598,1.3004494683630383
331,0.8942740284835878,1.2935105750409617
332,0.8862985685559138,1.2943931517669272
333,0.8912065440404147,1.2885265021236396
334,0.8922290387329148,1.2834288562977485
335,0.8881390593534598,1.279400454903429
336,0.8942740286786132,1.2776296532227218
337,0.8938650305285776,1.2689809562238448
338,0.8965235172605222,1.275324665354317
339,0.8865030673627717,1.2807467368482812
340,0.8934560327442146,1.2621676852610457
341,0.8987730061349694,1.258160376548767
342,0.9032719836400818,1.2513264033935796
343,0.8963190182586389,1.2512394888025609
344,0.9002044990506396,1.2459882729867728
345,0.9071574642370571,1.239510683047991
346,0.8991820039680887,1.240113850263974
347,0.8952965233954915,1.2472940737971987
348,0.9059304702257573,1.2293320073671867
349,0.8981595092512104,1.2303230887785523
350,0.9006134969812717,1.2324344719845823
351,0.8995910019230989,1.2288532515488764
352,0.9006134968350026,1.226104925795323
353,0.9024539877544395,1.226198204943495
354,0.9038854804263281,1.2155282685117974
355,0.9040899795744805,1.2185588765485642
356,0.9014314927206449,1.2172773604500269
357,0.9026584867319446,1.2087004641569952
358,0.9010224947412565,1.2119057591463647
359,0.9085889570795929,1.2022011686687821
360,0.908384458126466,1.1977568064730593
361,0.9100204497514814,1.1855265091777092
362,0.9104294478771389,1.1998873502442686
363,0.9126789365078043,1.185538691635756
364,0.9040899794282113,1.1921652928939384
365,0.9030674846869549,1.1888512577747274
366,0.9087934558864508,1.1814761470919495
367,0.9092024540121082,1.1792183497200714
368,0.9094069529896134,1.175900128916485
369,0.9104294478527607,1.1710086105791337
370,0.9077709609989252,1.1742593276232542
371,0.9053169733176202,1.1755507117156359
372,0.914723926234099,1.1574557375566603
373,0.9130879344384363,1.1638169616765528
374,0.9130879344140581,1.1651268850318737
375,0.9165644172022923,1.1522641471558552
376,0.9175869121141961,1.1444692835486008
377,0.9063394683514149,1.1555707438104235
378,0.9106339468790222,1.1506260708553415
379,0.9167689161797974,1.1446587630819933
380,0.9169734150110335,1.1383647835815367
381,0.9194274027167166,1.1381206314500367
382,0.9171779141348076,1.1323864861743826
383,0.9169734151816807,1.1393359371489542
384,0.9163599182247871,1.132836586809841
385,0.911042944639007,1.132020473382712
386,0.9177914110429448,1.1284150426860724
387,0.9198364008423741,1.1207263723716658
388,0.9208588957055215,1.1177713300552836
389,0.9210633945611357,1.1203825774612115
390,0.9186094069773434,1.1182043501204508
391,0.9163599182247871,1.1158292317926761
392,0.9157464211216246,1.1150104131679106
393,0.921472392662415,1.1109979183883512
394,0.9233128832893137,1.103874790449084
395,0.919631901864869,1.1096411486101052
396,0.9204498977505112,1.102089701790995
397,0.9165644172022923,1.1047921393302809
398,0.9231083844580777,1.0954216911261312
399,0.9245398773249917,1.0921410203711386
400,0.9329243354027013,1.083899632504625
401,0.9249488752800019,1.0895305421942338
402,0.926993864908784,1.0862701338980583
403,0.921881390446778,1.0812454082239382
404,0.9280163599425786,1.079897230290684
405,0.9294478526144672,1.072887803294176
406,0.9233128833136919,1.0851635635508594
407,0.9247443761318496,1.0755121907817318
408,0.9249488751093546,1.069587622780985
409,0.923312883459961,1.0748153437866024
410,0.9274028629856851,1.0666293888735625
411,0.9276073619875683,1.0679753267448129
412,0.9237218814149712,1.0665742554791378
413,0.9265848669293956,1.0576881422343185
414,0.9265848671000428,1.059905058523385
415,0.9298568505694773,1.0494713255720391
416,0.9271983638619109,1.0546765545882086
417,0.9226993865518238,1.0572245219002472
418,0.9353783231083844,1.0406069586613427
419,0.9271983640325582,1.0481036449502583
420,0.9337423311664527,1.0395953897562007
421,0.9351738239846102,1.0378347198412219
422,0.9276073618412993,1.0430193476881717
423,0.928834355852599,1.04020031644279
424,0.9325153374476911,1.0311755736668904
425,0.9269938650306748,1.040758034593001
426,0.9349693251777524,1.0324663298749241
427,0.9306748464794978,1.0309677287113448
428,0.9312883434120132,1.0232528123143747
429,0.9329243352320541,1.0225541366877489
430,0.9310838446051553,1.0281248519757042
431,0.932106339517059,1.018294391846608
432,0.9331288343558283,1.016727188296601
433,0.9335378321645694,1.0145448253442417
434,0.9296523516163504,1.0206400484151392
435,0.9292433537832311,1.015772333808228
436,0.9308793456276502,1.0221000747446634
437,0.9296523516163504,1.0140592180634325
438,0.9331288342095592,1.0078578789053763
439,0.9419222904373045,0.9982372965549399
440,0.9374233127371665,0.9989891636834798
441,0.9319018405151758,1.003020823903854
442,0.9304703475019926,1.0046572509718819
443,0.9372188139059304,0.9915839075310829
444,0.9335378321645694,0.9933561711223579
445,0.9368098158290293,0.9949085868940762
446,0.9368098159752984,0.9893215197726992
447,0.9364008178496409,0.9903840945298442
448,0.9372188139303087,0.9832827534412314
449,0.9368098158046512,0.9865648313290258
450,0.9408997955497789,0.9854125439755025
451,0.9357873209171256,0.9862073767160833
452,0.9406952965235174,0.9795048983062947
453,0.9421267892441623,0.9742162459710868
454,0.9421267892197841,0.9760200802290123
455,0.9394683026584867,0.9688761737692819
456,0.9357873209415037,0.9697600141868513
457,0.937832310862824,0.9721575936900569
458,0.9376278118853189,0.9724755547041786
459,0.9415132924822942,0.965912143535653
460,0.9384458077953394,0.9660181381951081
461,0.940081799591002,0.9640898297900803
462,0.9398773004672278,0.9607468291050574
463,0.9402862985928854,0.954821896894334
464,0.9411042943322585,0.9572877574552057
465,0.945194274053008,0.9499601739559681
466,0.940081799591002,0.9562699709689446
467,0.9411042944785276,0.9544565382423089
468,0.9472392636817901,0.9430638022218014
469,0.9437627812104723,0.9439306359105802
470,0.943558282208589,0.9437253091720472
471,0.9411042944785276,0.9398647717415434
472,0.9437627812348505,0.9408599559027236
473,0.9425357873454415,0.9411906263335839
474,0.9402862984222381,0.941091464828616
475,0.9443762779967185,0.9349570199755803
476,0.9406952963772484,0.9372943501774763
477,0.945398772859866,0.927256753693329
478,0.941513292457916,0.9291624647464245
479,0.9413087934804109,0.9304370333324424
480,0.9480572597380796,0.9225861025734182
481,0.9413087933341419,0.9291302886233496
482,0.9441717789948352,0.9234739194862194
483,0.9413087933097637,0.9305719986771269
484,0.9435582822329671,0.9257456474752758
485,0.9374233129321919,0.9261979317372562
486,0.9474437626592952,0.9125197906435633
487,0.9476482616124221,0.9160334619276362
488,0.9488752556237219,0.9113351063981866
489,0.9478527605899273,0.9116821428018114
490,0.9474437626836734,0.9093357217336238
491,0.9468302658486708,0.9102212432459575
492,0.949079754454958,0.9054719106551329
493,0.9498977505600038,0.9029784045580218
494,0.9456032720080183,0.9032727478959566
495,0.9464212678936605,0.9024023290060781
496,0.943558282208589,0.9018127803665973
497,0.9460122699386503,0.9009637855069526
498,0.9451942740286299,0.8989554631685674
499,0.9482617587155847,0.898585278539326
