epoch,categorical_accuracy,loss
0,0.5108384458321491,4.806068463120724
1,0.5102249488752556,4.5513669497640095
2,0.4995910020571789,4.452907897309536
3,0.5057259714676559,4.289864182813523
4,0.4885480572597137,4.225685534643006
5,0.5085889570308365,4.066346155938927
6,0.504294478600742,3.957039715371005
7,0.505725971492034,3.858063163250258
8,0.512883435558444,3.805441000710236
9,0.5069529652351739,3.7401934771937584
10,0.5098159509202455,3.702111558680154
11,0.5165644173241831,3.617089105481263
12,0.518200409144224,3.543914402433212
13,0.4971370143149284,3.5730914118831145
14,0.5061349693373425,3.475042438117029
15,0.5190184048835973,3.4322346947675832
16,0.5190184050298664,3.416911746534102
17,0.5157464212800827,3.4086488087972007
18,0.517995910032639,3.3294935785188264
19,0.5184049080120274,3.3152459090960296
20,0.5202453987242498,3.2706174743199883
21,0.5276073619631901,3.229840725233706
22,0.5110429447365197,3.2327513801052037
23,0.5300613497298188,3.1968620631836187
24,0.5229038854927617,3.1759030941805224
25,0.521472392662415,3.1471426176878574
26,0.5294478527119798,3.138219141813875
27,0.5269938650550531,3.139261045826481
28,0.5245398772762353,3.1271629586054015
29,0.5376278118121843,3.0905029720080166
30,0.531492842487031,3.063419775289992
31,0.5349693252508869,3.0634146457313274
32,0.5251533743793979,3.06488591371626
33,0.5460122699630284,3.008702506804515
34,0.5406952965235173,3.0086310899574578
35,0.5192229038976697,3.0181120185032944
36,0.5427402864204594,2.9936653699855373
37,0.5331288343680173,2.992160439735054
38,0.5278118610625862,2.988656447513947
39,0.5331288344777191,2.9591339169835753
40,0.5337423313370999,2.949907840639048
41,0.5216768917130546,2.9451141533919882
42,0.5327198363764398,2.922314897685451
43,0.5468302658486708,2.9022470922801635
44,0.5478527606874399,2.9001228359823092
45,0.5392638037784943,2.908382834003503
46,0.5515337423312884,2.8809931880857316
47,0.553169734248842,2.871148486322664
48,0.5411042945150949,2.8790813812692715
49,0.5384458079172302,2.8777766235523186
50,0.5378323108384458,2.8710086210129937
51,0.5400817996641366,2.8563202202685773
52,0.550920245398773,2.8386957109096347
53,0.5453987731036477,2.8395592359921196
54,0.5392638036809816,2.83350716895121
55,0.5619631901352927,2.8213649508899463
56,0.5503067484784467,2.8159676234902538
57,0.5482617586668284,2.8026873967886456
58,0.5570552147970609,2.7815042396264573
59,0.5488752555749655,2.7893836033124866
60,0.5548057260445046,2.7772775899656956
61,0.5421267895123222,2.7863325578303426
62,0.5501022494399962,2.7729163236169483
63,0.554396728162629,2.7645182629060647
64,0.5466257668833547,2.756179475394251
65,0.5564417178036001,2.7505382166318366
66,0.5603271984615209,2.733477384668674
67,0.5687116564417178,2.7202248937025635
68,0.5611451942862177,2.7263200895430364
69,0.5480572598355923,2.7219733994918855
70,0.5615541921559043,2.706388195306977
71,0.5566462167811053,2.7091415397472423
72,0.5558282208345176,2.709621606331418
73,0.5607361963190184,2.6947479936486616
74,0.5646216768428591,2.690641181064286
75,0.5650306747978694,2.6806889431608236
76,0.5709611451698958,2.6692214381719173
77,0.5672801635748038,2.6668529817663087
78,0.5709611451698958,2.646976578601299
79,0.5789366052438388,2.6435236693891278
80,0.5683026584379512,2.644407357272439
81,0.5648261759910116,2.634717937091133
82,0.5787321064857374,2.627355431535249
83,0.5777096115982118,2.6175977283704013
84,0.5678936605073192,2.620353567185821
85,0.5695296524492509,2.61063083129914
86,0.5744376277631046,2.5942519239608983
87,0.5754601227481428,2.593398736688501
88,0.5854805725727589,2.5868046270070146
89,0.5744376279337519,2.587134939810006
90,0.5824130879101822,2.567492411911853
91,0.5781186093825748,2.568877923220457
92,0.5885480573816045,2.5583047202759723
93,0.5920245398773006,2.551186105224984
94,0.583435582968355,2.5461879235835165
95,0.5848670756402435,2.535167484634493
96,0.5811860940451514,2.532411754935797
97,0.5832310838567699,2.528068717418273
98,0.5922290388548057,2.5138554430690525
99,0.6020449898725638,2.5030862424027456
100,0.5959100205474105,2.5018465581359552
101,0.5903885480572597,2.5006801417025075
102,0.5955010224705094,2.494151831258294
103,0.5969325154593143,2.487947238637382
104,0.6004089980769011,2.4756790500477046
105,0.6026584867075665,2.46386379308252
106,0.60756646228958,2.460733489756204
107,0.6020449899213202,2.458004338024584
108,0.6034764825932087,2.4501897117599145
109,0.6108384457102582,2.436588981351482
110,0.6145194273297284,2.4301425856802847
111,0.613087934535949,2.4257490488649145
112,0.6226993864543111,2.418033196443429
113,0.6104294477796262,2.4150127139803335
114,0.6044989774807343,2.404510135982178
115,0.6083844581752224,2.401303700874188
116,0.6036809817413611,2.4014721043514573
117,0.6151329244816474,2.388021902852751
118,0.6184049079023256,2.373050512224131
119,0.6157464213897845,2.3703914815906613
120,0.6163599181272744,2.3675678186865183
121,0.614519427402863,2.3621289759325834
122,0.6089979550833595,2.3622335932249916
123,0.6167689160579065,2.349675348394975
124,0.6247443762293623,2.3325411259274786
125,0.616155419369173,2.332309692378912
126,0.6290388549519951,2.3205589011646732
127,0.6314928426576782,2.3181926090536917
128,0.6171779141835639,2.3178744978212382
129,0.6341513293408665,2.3027919568410926
130,0.6261758692181671,2.299746649104393
131,0.621063394609892,2.294381655944637
132,0.6196319019623817,2.289111881022073
133,0.6402862984953727,2.2717983952816767
134,0.6345603272958767,2.272104700747687
135,0.627811861038208,2.2662495954392634
136,0.6406952964260046,2.25663344630922
137,0.6400817996641366,2.2516986455897854
138,0.624948875158111,2.252317193680746
139,0.6196319017917344,2.242707230074518
140,0.6400817997128929,2.227928457962223
141,0.6300613497176297,2.231512924011012
142,0.643558282354858,2.2174282969141297
143,0.6472392639011937,2.2130100068870497
144,0.6353783231205735,2.209365838388236
145,0.6408997955010225,2.2012194905544353
146,0.650102249415618,2.190770659222437
147,0.6474437628543206,2.181912011846687
148,0.6447852760736197,2.186339264852138
149,0.6511247445225472,2.171508770242547
150,0.6443762782648784,2.1645464621194788
151,0.6519427402619203,2.157472254064673
152,0.6566462168664289,2.1542669916445494
153,0.6531697342732201,2.1520612750804253
154,0.6513292433537833,2.1466294846407963
155,0.6519427402619203,2.1379941719928888
156,0.6505112475412755,2.132763468268459
157,0.6482617586668283,2.1320326831443177
158,0.6631901840247015,2.1170923186226127
159,0.665644171901032,2.106533598558547
160,0.6633946831240976,2.1086612078797353
161,0.6607361964165311,2.1026202305694297
162,0.6644171778409759,2.094525152920214
163,0.657668711558929,2.0922180822290524
164,0.662167689283445,2.086463940119207
165,0.6633946831240976,2.0756986137304327
166,0.6660531697097731,2.074058435397158
167,0.6603271985102772,2.0689392426262603
168,0.667484662552309,2.0595272125641992
169,0.6513292433781614,2.0608294683487625
170,0.660531697439026,2.048163985425953
171,0.6822085888839207,2.0341814376581424
172,0.6660531697463404,2.041488829029606
173,0.6660531697829077,2.029919223746395
174,0.6699386502823703,2.026483972623548
175,0.6715746420292766,2.017602501958913
176,0.6756646216281352,2.00805413347568
177,0.6730061349205688,2.0067303114385937
178,0.6660531698072859,2.0084937574429502
179,0.6617586912553003,2.004270323800163
180,0.6764826176844247,1.987157180704222
181,0.6752556237950159,1.9901674278918464
182,0.6791411042457222,1.9762515100720957
183,0.6858895706496599,1.9761758441086439
184,0.6736196319505968,1.9666025582510513
185,0.6721881389861701,1.9644251645952158
186,0.6826175868633091,1.95952218407746
187,0.6838445808502307,1.9450112376963922
188,0.6797546011782375,1.9423359197585373
189,0.6779141104050697,1.9426141716951242
190,0.6826175868389309,1.9357677724951372
191,0.6785276074594759,1.9335895584648617
192,0.6848670756402435,1.9301753618478288
193,0.6828220858651923,1.9221662280993472
194,0.6846625766383602,1.9143680017662439
195,0.6916155418491559,1.9106204258639876
196,0.691615541873534,1.9021539377532366
197,0.6961145195249155,1.8947828694111486
198,0.6836400817508347,1.8928982942869814
199,0.6981595092999667,1.8857793007404038
200,0.6854805725727589,1.8847398854472155
201,0.6924335379542017,1.8766762662275194
202,0.6981595091536976,1.874197487450816
203,0.6885480572109574,1.8706810258405095
204,0.6981595093243449,1.8626095374425253
205,0.6983640082774718,1.8646533722282674
206,0.7022494888744472,1.8506128074688901
207,0.6891615541678509,1.851049676360772
208,0.6989775052343653,1.8420390297298783
209,0.6967280164330527,1.8429874856047834
210,0.6850715747640177,1.84224748119011
211,0.6905930469616303,1.8321465538079509
212,0.6985685072549769,1.8252429381470008
213,0.7049079753869881,1.8116580068943202
214,0.7036809816438484,1.8119300497090158
215,0.7075664622408236,1.806844256553182
216,0.691411042896029,1.8064938255614298
217,0.6969325152399106,1.8029628467462302
218,0.7034764827394778,1.7905154090229962
219,0.7083844581752223,1.7926914952283988
220,0.7087934561302326,1.7797618836712983
221,0.7100204498489942,1.7833036945397625
222,0.7141104293990964,1.7761584482310009
223,0.7016359917956627,1.7762625799101066
224,0.7112474436896467,1.7646815765123425
225,0.7104294479502734,1.7656439368222632
226,0.7032719837375945,1.7638842146820817
227,0.7108384458809055,1.7536406531168152
228,0.7040899794769677,1.7573163153935063
229,0.7112474436896467,1.745489780936992
230,0.7047034764338612,1.743694041550525
231,0.7147239264778809,1.73395214690265
232,0.7147239264535026,1.7300626472461442
233,0.7118609408171874,1.7300472450158835
234,0.7143149284741143,1.7243955784780116
235,0.7061349693007752,1.7215629146630536
236,0.7278118610138298,1.7090830684439535
237,0.7169734150597898,1.7122482293466361
238,0.7208588957542779,1.7037625023679988
239,0.7222903884993009,1.700224471482275
240,0.730470347550749,1.6930344921435803
241,0.7290388548788606,1.6860534231111803
242,0.7220858896436867,1.6856210257621875
243,0.7216768915424074,1.6818900038615814
244,0.7214723927599277,1.6758894579542196
245,0.7265848669537738,1.6730746277514654
246,0.7241308793943596,1.667286918304693
247,0.7345603273202549,1.662860602347641
248,0.7255623722368955,1.662893715226577
249,0.7261758692669235,1.6599060142454682
250,0.731901840563932,1.6492738522391135
251,0.7235173825106006,1.6559618910885052
252,0.7282208589200837,1.6492752495475098
253,0.7331288344777191,1.6361014008765815
254,0.7329243354270795,1.6397623231805907
255,0.7286298569726066,1.6350763775332087
256,0.742740286225434,1.6277436880490044
257,0.7278118608919389,1.627967970307863
258,0.7396728017335046,1.6179212895882886
259,0.7218813906418033,1.6190993041348603
260,0.7286298568019594,1.6173362866013572
261,0.7265848670025301,1.6173474627769797
262,0.7343558281233462,1.610075848282968
263,0.7402862984953726,1.6031689395202449
264,0.7443762781673657,1.5923660433853086
265,0.7406952964747611,1.5959758887749265
266,0.7509202454475293,1.5830334837938866
267,0.7380368097184382,1.5920597694646605
268,0.7396728015628573,1.584342820415224
269,0.7433537833042184,1.58024561858616
270,0.7398773005403624,1.5776177934829931
271,0.7402862984709945,1.5731459139802462
272,0.7429447853735863,1.5658975686032348
273,0.7453987729573787,1.5692149984324637
274,0.7384458078197175,1.564891610652635
275,0.7462167689892899,1.5580280980205732
276,0.7496932514606078,1.553115569106884
277,0.7415132923604033,1.5552913200635852
278,0.7474437629274552,1.5462232998787504
279,0.7445807771936273,1.5445752689443484
280,0.7578732105608122,1.531644223267803
281,0.7537832309863318,1.530668749302199
282,0.7484662577662243,1.5329807829515578
283,0.7484662577662243,1.5281552296230885
284,0.7496932514606078,1.5299867935707232
285,0.7597137013339801,1.5203197036052774
286,0.7550102249976316,1.5206277994046669
287,0.7578732105851905,1.511101833199187
288,0.7543967280651163,1.5141965853412214
289,0.760531697439026,1.501370223704535
290,0.7558282209564084,1.5027696253575673
291,0.7605316972440006,1.5027462894443597
292,0.7580777097089647,1.4935912439915788
293,0.7584867074689494,1.4920000556056485
294,0.7476482617099348,1.4959402632859586
295,0.7560327198851572,1.4885083780210686
296,0.7562372188870404,1.479980217069692
297,0.7672801635016693,1.4741871591969746
298,0.7607361964165311,1.4796844759357974
299,0.7642126789853617,1.4689978069566754
300,0.7611451943227849,1.471450789428196
301,0.7603271984371427,1.4742245070529618
302,0.7623721882121939,1.4680944866929317
303,0.7638036810547296,1.4598908672059727
304,0.770347648164246,1.4565115097354038
305,0.7597137013096019,1.4566250101920286
306,0.7646216767697247,1.4517800672410213
307,0.7701431494061445,1.4470481987623594
308,0.773619631828706,1.4405999371366753
309,0.7672801636723166,1.4425822684126153
310,0.7658486707078899,1.4412571073309774
311,0.7635991819065773,1.433953279025228
312,0.769938650379883,1.43567464727078
313,0.7813905931445475,1.4219543700325465
314,0.7660531696366386,1.4317306655072484
315,0.7725971370630713,1.4199970773880224
316,0.7664621675916489,1.4194614739993354
317,0.7670756646948115,1.4143649077854274
318,0.7768916155906787,1.406707375278746
319,0.7695296524248728,1.4154866923583798
320,0.7725971370386931,1.4052365794016053
321,0.7752556238681505,1.4016856532886717
322,0.7725971369655585,1.4056626681657414
323,0.7746421267162316,1.4014965402080481
324,0.7779141103563133,1.3940641070192332
325,0.7858895705033909,1.3858480967870763
326,0.7752556236243687,1.39484581006329
327,0.777914110307557,1.3858786892549635
328,0.7789366052682171,1.3819518157065769
329,0.7764826176356684,1.3799560405481568
330,0.7732106338493175,1.3804586011695472
331,0.7803680980376183,1.3750726286375206
332,0.7789366051950826,1.3683358902336387
333,0.7840490796570885,1.3630005634635505
334,0.7865030674115281,1.3601824077848033
335,0.7889570553122366,1.3585356141891947
336,0.7957055213748799,1.354005981418009
337,0.7815950919514053,1.356983592515099
338,0.7860940694077615,1.3507663886239925
339,0.7858895704302563,1.3475596458633985
340,0.7860940696271651,1.348049864154652
341,0.7826175870095782,1.346583321294414
342,0.784867075567109,1.344541940221026
343,0.7918200409485519,1.3409079675050357
344,0.7879345604003329,1.3327413803229302
345,0.7850715747152613,1.334152052592646
346,0.7897750511735008,1.3256572872095556
347,0.7944785276804965,1.3226992426718183
348,0.7883435583797213,1.328501636704053
349,0.7873210632971703,1.3283278089359494
350,0.7893660530478432,1.3186255107871838
351,0.7942740285323442,1.313352088694192
352,0.7914110428716508,1.3088298177426578
353,0.7860940696759214,1.3165416942296095
354,0.7926380367366814,1.309458745964222
355,0.7918200408022827,1.3061470483222135
356,0.7836400818971038,1.3101561604345746
357,0.799386503116241,1.2983665882200308
358,0.7985685071818424,1.2949278561859288
359,0.7967280162867837,1.2952229494453695
360,0.7977505112962001,1.2918122535346719
361,0.8012269938406525,1.287209430647774
362,0.8022494886550435,1.2850516504549054
363,0.8012269939625434,1.2823050503838038
364,0.8067484663551814,1.2716612795379265
365,0.8022494886794217,1.2734193557122977
366,0.7987730060374566,1.2733676398458655
367,0.7914110428228944,1.276352761079441
368,0.8087934561058544,1.2604549878457816
369,0.8028629855631807,1.2627733822492977
370,0.808588956957702,1.2637521451723843
371,0.8057259712726305,1.2622574115335818
372,0.8096114520158748,1.248990739732676
373,0.808384458126466,1.260924632612669
374,0.8022494886062872,1.2540049011721932
375,0.8063394683757931,1.2501809965613428
376,0.8077709611695725,1.248799755236854
377,0.8067484663308032,1.250093703425979
378,0.792229038757293,1.259422431304167
379,0.8079754601958339,1.240625700141267
380,0.8081799590026918,1.23698590742786
381,0.8059304702501355,1.2403318424166345
382,0.8120654397459361,1.2321035487520182
383,0.8141104293503401,1.2282574244072102
384,0.8079754600251867,1.2371864248638504
385,0.8106339467327531,1.2281024248322094
386,0.8059304702013792,1.2312387223624013
387,0.8102249488264993,1.222852461420929
388,0.8216768916642982,1.2157962080403584
389,0.806543967207029,1.218324765349702
390,0.8231083845068341,1.2091252567334165
391,0.8137014313709516,1.2097321631230704
392,0.8067484662820469,1.2162541996969523
393,0.8153374232153707,1.204410137623122
394,0.8083844579801969,1.2049602628485556
395,0.8235173823155753,1.2010553468712024
396,0.8122699385284159,1.2056547297046716
397,0.8196319017429781,1.2004263033896136
398,0.8245398773493698,1.1896966954681771
399,0.8224948874524278,1.194765025998917
400,0.8155419221928758,1.194767291316713
401,0.819836400696105,1.1890346478343254
402,0.8139059305922386,1.193988848561402
403,0.8083844579801969,1.1894783445662516
404,0.821472392662415,1.1878032051468677
405,0.8126789366296951,1.1864469971881078
406,0.8247443761318496,1.177212736845504
407,0.8226993866005802,1.1823455277152344
408,0.8237218814637276,1.1694052398814259
409,0.8210633947074047,1.1754052750659623
410,0.8231083843361868,1.1715302791088393
411,0.8265848669537738,1.1556563150663317
412,0.8261758689987635,1.1587886172082038
413,0.8216768916886764,1.160710121322507
414,0.8296523518113759,1.1554300565661098
415,0.8204498978236457,1.160691426916844
416,0.8274028630831978,1.1555782076771275
417,0.8233128834843392,1.1558882883477553
418,0.8269938651038093,1.1506474253102559
419,0.8290388548788605,1.1510472729162204
420,0.8290388547082133,1.1501738730140014
421,0.8257668710681315,1.141014968056864
422,0.8267893659312788,1.1497754330040244
423,0.830470347550749,1.1437661745309342
424,0.8361963190915395,1.134471916226034
425,0.8296523517869977,1.134061674983955
426,0.8312883436314168,1.1342062889676396
427,0.8253578730887431,1.135967281259642
428,0.8347648262490036,1.1283307593292986
429,0.8333333333577115,1.136657953798649
430,0.8370143148065344,1.1228231731367988
431,0.8384458078197174,1.1197493842774373
432,0.8347648262490036,1.120810572550097
433,0.8406952964016265,1.1098465251044993
434,0.8374233128346792,1.112045301737717
435,0.8382413088178342,1.1170180505282552
436,0.8341513291458411,1.1162042970793866
437,0.8382413088422124,1.1037235185412542
438,0.8335378323352166,1.1048589393892658
439,0.8402862986172636,1.1065365253050634
440,0.8351738240089884,1.1073765431445068
441,0.8441717790192134,1.095797932757434
442,0.8417177914354211,1.1018312820383864
443,0.8353783229621153,1.105780604524359
444,0.8396728016847482,1.1003375802303383
445,0.8376278119340752,1.099560115722547
446,0.8476482618318257,1.0840993338567348
447,0.8439672801879774,1.0881112938765856
448,0.8439672800660865,1.0877373418924998
449,0.8458077710342797,1.0801456455804088
450,0.8408997955254006,1.0861936105053362
451,0.8419222902910354,1.0759077165755757
452,0.8456032720323965,1.078181364541161
453,0.8441717791898606,1.0912401500655098
454,0.8417177914597993,1.0801870100337303
455,0.8427402862010558,1.075987096456906
456,0.8445807771936272,1.0812953715431666
457,0.8490797545037143,1.0698891250146192
458,0.8501022493668616,1.064001256069035
459,0.8468302658730489,1.0608814422338286
460,0.844785276122376,1.0627357323964437
461,0.8492842536274885,1.062109457788292
462,0.8488752556968564,1.0640255442913813
463,0.8490797545037143,1.0582142683625952
464,0.8566462166470252,1.0527001862633203
465,0.8574642127033147,1.05176708627576
466,0.8474437628543207,1.0571210546239997
467,0.8513292433781614,1.0531958804540107
468,0.846625766919922,1.0529406451008803
469,0.8453987730792695,1.056527279149779
470,0.8519427403350549,1.0512210539269788
471,0.849079754601227,1.0507324823572592
472,0.8539877300857279,1.041328266061888
473,0.8560327197388881,1.0350485426760403
474,0.8595092025271223,1.0304741394787966
475,0.8535787321550958,1.0432124772198605
476,0.8496932515824986,1.0418757642948797
477,0.8519427401400295,1.031739843013584
478,0.851738241381928,1.0359754833950832
479,0.8568507156489086,1.0290361327871467
480,0.8531697340294384,1.0347462012480129
481,0.8650306747491131,1.0163529562803866
482,0.8609406951502544,1.0221196656334375
483,0.8603271982664955,1.0256780046626834
484,0.8599182004333761,1.0259652882753463
485,0.858282208442688,1.0153360327572423
486,0.8611451941765159,1.015589400668817
487,0.8593047033545917,1.0206681628412508
488,0.8638036808597042,1.0111194191291044
489,0.8627811859965568,1.0105978678584342
490,0.8599182002871071,1.01763118356771
491,0.8627811861428258,1.010412136347991
492,0.8654396728260142,1.0060225751502383
493,0.8627811861428258,1.0045296585145416
494,0.8633946830753412,1.002231487613514
495,0.8580777096602082,1.004657046292701
496,0.861554192107148,1.0031919310185564
497,0.8674846624791744,0.9947665553395246
498,0.8638036810791078,0.9962524447216822
499,0.8640081798615875,0.994669755836206
