epoch,categorical_accuracy,loss
0,0.5501022494399962,4.776337760113988
1,0.516359918200409,4.508633273657114
2,0.5134969326616065,4.364693289056634
3,0.5143149284253579,4.161456108093262
4,0.5147239263925572,4.091272803074499
5,0.5122699387965758,3.9200610802461275
6,0.5096114519549294,3.8697128964835636
7,0.5122699386990631,3.765475304921468
8,0.5302658486707567,3.677769174653816
9,0.5145194274394302,3.635264425238705
10,0.5159509202575878,3.590528160711495
11,0.5028629856606934,3.5662060797092616
12,0.51738241314888,3.485916251005083
13,0.5210633947195938,3.45080846540767
14,0.5300613498395206,3.3869089477632675
15,0.5194274028751747,3.370642733525157
16,0.5290388549276168,3.32375491050611
17,0.5212678936727208,3.3134043213779942
18,0.5245398773981262,3.2813969697932768
19,0.5321063395658153,3.232027701317411
20,0.5130879345725163,3.259268650296763
21,0.5413087936023018,3.1875129451049617
22,0.5263803681225376,3.180605205485182
23,0.5419222904007371,3.153760860205184
24,0.518404907951082,3.1646867227456807
25,0.5282208590175964,3.1249181973666014
26,0.5292433537954202,3.12666744464258
27,0.5400817996031911,3.0861848449902056
28,0.5321063394683027,3.091622365666801
29,0.5421267895123222,3.0534564738868446
30,0.5404907974972559,3.0752377278965675
31,0.5451942741505208,3.042046305494562
32,0.5304703476482617,3.0504849836626424
33,0.5335378324571075,3.032996564116215
34,0.5374233128956246,3.0199307884419135
35,0.5353783231205735,3.000740158436001
36,0.5380368098281401,3.002460504797095
37,0.5304703476482617,2.9950984775410596
38,0.5419222905348171,2.9798965663753894
39,0.5357873210755838,2.9698329681755333
40,0.5443762781186094,2.9565386422085127
41,0.5447852760492414,2.9554641774339423
42,0.5460122698411376,2.93386070421137
43,0.5372188139059305,2.943965015333367
44,0.5537832310594664,2.9230977886293563
45,0.5470347648749322,2.9165349671689524
46,0.5447852762198887,2.907195254288812
47,0.5564417179376802,2.891307667964319
48,0.5394683028047558,2.897296505325411
49,0.5443762781186094,2.88233356904886
50,0.5417177914232321,2.8796037443820195
51,0.5511247443762781,2.8657194782132263
52,0.5486707567681076,2.8608698966800556
53,0.545194274053008,2.854614751519357
54,0.5478527607118181,2.843052839403991
55,0.5423312884654492,2.8376617194684735
56,0.5546012269694869,2.827813337380657
57,0.5482617588374756,2.823429003814978
58,0.5480572598599704,2.810612434648541
59,0.560736196270262,2.807524251645328
60,0.5635991820406573,2.7881496377761623
61,0.5529652351860133,2.78767265464143
62,0.5378323107653112,2.7904366446418996
63,0.55869120664148,2.767616165976339
64,0.553169734126951,2.7707023979452248
65,0.5515337423678556,2.7575256138979047
66,0.5650306749928948,2.746095919755339
67,0.567484662698578,2.7353058424951597
68,0.5558282208832739,2.7399531277654603
69,0.5603271983152518,2.7238587868969377
70,0.5521472394100727,2.722291981028145
71,0.5689161555411137,2.7058146024286627
72,0.5668711655954154,2.700234660926772
73,0.5560327198120226,2.7018305535696765
74,0.554396728162629,2.6936675008333046
75,0.5678936605073192,2.676805245413127
76,0.5689161555411137,2.665810887798941
77,0.5633946829778285,2.6648886100402396
78,0.5664621676647834,2.6565193050478135
79,0.5689161555167356,2.643812540850025
80,0.5709611453161649,2.644813813266091
81,0.5760736196075237,2.6302507644294475
82,0.5811860939963951,2.61946807560989
83,0.5754601226506302,2.613709776728187
84,0.5846625767236838,2.603555514232269
85,0.5764826177088029,2.5980561254458436
86,0.5844580776608551,2.587123667633119
87,0.5820040899795501,2.585524625232127
88,0.5770961145681838,2.5791998832991276
89,0.5715746421024112,2.570511586827003
90,0.5924335378566891,2.5543595244791852
91,0.5832310838202026,2.546129124198711
92,0.579754601373263,2.5429013703742154
93,0.5903885480694488,2.5319895952025804
94,0.5852760736927665,2.529427184454015
95,0.5811860939963951,2.5204071697281916
96,0.5834355827733295,2.513137234939388
97,0.585480572743406,2.5054753549259865
98,0.5918200408997955,2.4894409359110887
99,0.587116564417178,2.4914984601650745
100,0.5948875255623722,2.4766658070141063
101,0.5926380369073286,2.4704772173992695
102,0.5860940695540305,2.460683432873529
103,0.5946830265361107,2.4571642329600203
104,0.6075664621189328,2.437710011176049
105,0.5899795502485186,2.4417576863965618
106,0.5967280164574309,2.4295158065413647
107,0.5969325153130451,2.4208851117054135
108,0.5905930470103866,2.41603060568281
109,0.6057259713701432,2.4088596201625583
110,0.6032719836157037,2.3961056316313325
111,0.6028629856363152,2.3918372105479486
112,0.6008179959100205,2.384611162915064
113,0.5944785277048746,2.381521936623353
114,0.6024539878519523,2.3704081589946475
115,0.6004089979915775,2.3593138518265175
116,0.6032719837132163,2.3536718995537007
117,0.616155419369173,2.3386384470574937
118,0.6102249489971465,2.3357833698483335
119,0.610633946842455,2.3260745957341418
120,0.6175869121629524,2.3202331359644854
121,0.6169734152548152,2.3083911113700006
122,0.6147239265022589,2.3075511261485593
123,0.5999999999756218,2.297486800211339
124,0.6073619631414277,2.288181947930459
125,0.6153374232397489,2.2811610336927792
126,0.6102249489971465,2.2750716552656365
127,0.6120654396484234,2.2703068387045207
128,0.6167689161676083,2.2572678548426715
129,0.6159509203672897,2.2469031826362533
130,0.6229038854805726,2.242816788921083
131,0.6284253580194797,2.231350359302357
132,0.6321063393951681,2.2300236152968766
133,0.6224948876718315,2.2221343123352115
134,0.6294478528582489,2.2121803848290003
135,0.6316973414401579,2.202407007275915
136,0.619222903812346,2.2030551668568865
137,0.6265848670269083,2.191426688761799
138,0.6173824132098255,2.1899417126349388
139,0.6321063395901936,2.178813842371685
140,0.6384458076978267,2.168040838807151
141,0.6408997955985352,2.1623441188125767
142,0.6310838446782898,2.1578570928554104
143,0.6323108384579968,2.148936279663523
144,0.6261758690962762,2.142928238051557
145,0.6396728015628573,2.131212102562372
146,0.6239263803193418,2.1313381848403523
147,0.6406952964260046,2.117023981422003
148,0.6421267892929187,2.1210902108736565
149,0.6413087933828981,2.1113621093500368
150,0.6345603271739858,2.1032130356459042
151,0.6503067486125267,2.0905513951627266
152,0.6521472393369382,2.084651768378197
153,0.6501022494643743,2.073535288574749
154,0.6447852760492414,2.0704835928778462
155,0.6496932516800114,2.067622704203631
156,0.6574642126301803,2.05945964142345
157,0.6423312882948019,2.0493828029476546
158,0.6470347649236886,2.047279321537915
159,0.6451942741505208,2.0460496981451115
160,0.6496932515337424,2.0345547474235115
161,0.647443762903077,2.03250928792973
162,0.637014314879669,2.0324711751840354
163,0.6576687116076854,2.014527245386978
164,0.6501022496106434,2.0109397638551054
165,0.6535787320332049,2.0098364247866205
166,0.6599182003602416,1.999457182084612
167,0.658895705472716,1.9937673582377367
168,0.6474437628786988,1.9924006183210814
169,0.66196319030594,1.9783004977220406
170,0.6595092024052314,1.9696307863925864
171,0.6629856851690874,1.9639413818991258
172,0.6625766872384553,1.957853734663903
173,0.6584867076639749,1.959461271348419
174,0.6668711656197936,1.949917495128811
175,0.6664621675916489,1.943928156552383
176,0.6723926379636753,1.9362557678866241
177,0.6750511246956199,1.929196226572454
178,0.669734151280487,1.9194755809194959
179,0.6550102248513625,1.9200355505406979
180,0.6683026584379512,1.9110995045956414
181,0.6578732105120559,1.9099011180347216
182,0.6689161553704666,1.897910290407988
183,0.6695296524736292,1.8988670424205882
184,0.6732106338980739,1.891702711460293
185,0.6719836402036905,1.885076368269501
186,0.6695296523029819,1.887076329404835
187,0.6758691205812621,1.8764783830974243
188,0.6762781185362724,1.8698085652294822
189,0.6813905929739003,1.8577532660010403
190,0.6811860941426642,1.8578246371633924
191,0.6834355827733295,1.85072203901404
192,0.6787321064613592,1.8433365074403447
193,0.6836400818239692,1.8397870356319872
194,0.6836400818727255,1.829614866243062
195,0.6766871166863081,1.8285459066948764
196,0.6734151330706044,1.827686495137361
197,0.6828220858408142,1.8191279309415134
198,0.6658486708297807,1.8209260144848034
199,0.6844580778071242,1.814936509844228
200,0.6881390592803253,1.8055229493201632
201,0.6865030673627717,1.8036840801102496
202,0.6842535788052408,1.7914212875327207
203,0.6922290389279403,1.7891600710238904
204,0.6928425358848338,1.7791736028920897
205,0.7024539876569268,1.7693553769027772
206,0.6961145195249155,1.7703614864368868
207,0.695705521521149,1.7670158227772312
208,0.6977505113205783,1.7612061365006648
209,0.6989775052099871,1.7525558411221807
210,0.7006134968593808,1.7530372700564456
211,0.7012269939869216,1.7461216388792105
212,0.6862985686046702,1.7413608643174903
213,0.7106339467327532,1.733596840909166
214,0.7020449897019166,1.7265927288917433
215,0.6989775052343653,1.7300571088654375
216,0.7032719837132163,1.7175133423814988
217,0.7094069528921007,1.7112926996071158
218,0.6985685072793552,1.7134856362528108
219,0.7155419222660103,1.703284936058497
220,0.7102249489727683,1.7012504152968861
221,0.701226993767518,1.6945017152524922
222,0.7030674847357112,1.6932476220686743
223,0.7147239264535026,1.687934646235897
224,0.7186094068554525,1.6789053762861068
225,0.7087934561302326,1.6768474106895899
226,0.7130879346578399,1.6739252571191767
227,0.7038854804994626,1.6672861895434452
228,0.7157464211947592,1.6633902911515812
229,0.7069529653083083,1.6597971818198456
230,0.7163599181028962,1.6518964417385422
231,0.7085889569820802,1.6529370318648762
232,0.7163599182735435,1.6440570206242349
233,0.7128834355340657,1.646018637859992
234,0.7204498978480239,1.6383395210121794
235,0.7214723927111714,1.6350069559912497
236,0.71901840498111,1.6308899867266478
237,0.7220858894974176,1.6253682574855282
238,0.7063394682539021,1.6235665914714945
239,0.7192229039829933,1.6159917204414165
240,0.7190184048348409,1.6144849938117654
241,0.7128834356559566,1.6081712387334592
242,0.7316973414645361,1.600904366331354
243,0.7229038854318163,1.599411719172035
244,0.7241308792968469,1.5975465263081963
245,0.719222903812346,1.5989656114870785
246,0.7259713700456366,1.584157802673449
247,0.7229038853830599,1.590247862470662
248,0.7251533741599943,1.5781825237235165
249,0.7253578731374994,1.5733454307407932
250,0.7288343557794645,1.574856923743016
251,0.7292433537100965,1.5656609141753495
252,0.7380368098890855,1.5600636415930127
253,0.724335378274352,1.5635952802279731
254,0.7316973414401579,1.5534240468635636
255,0.7374233130297047,1.5514603027293044
256,0.737218813979065,1.542060174922514
257,0.7343558282939935,1.54627033367235
258,0.7364008180690446,1.533850273276643
259,0.7382413087446997,1.5278136778950449
260,0.737218813832796,1.5276806692891813
261,0.7388548056284586,1.5269423517956568
262,0.7439672800660865,1.5218626363145793
263,0.7456032718617492,1.5207103461088092
264,0.75214723931256,1.5050392382471596
265,0.7456032720811528,1.5099185223959706
266,0.7398773006866315,1.5059732596567073
267,0.7402862985197508,1.505130444860166
268,0.7546012269207305,1.4901330195077847
269,0.7480572596161887,1.495118971738835
270,0.7468302657511581,1.4866686102315205
271,0.7404907974241214,1.4925408378944318
272,0.7464212677961478,1.4834515889485678
273,0.7482617587643411,1.4794614959104417
274,0.7431492841804442,1.483343856417572
275,0.7562372188870404,1.468051665740998
276,0.7476482618562039,1.4700941402244179
277,0.7517382412600371,1.4677535190660285
278,0.7523517381681742,1.4558984490747588
279,0.7437627812592286,1.466471934659837
280,0.7511247444737909,1.4604484220711487
281,0.756646216890807,1.4499857335002875
282,0.7611451941765159,1.4452000997792966
283,0.7588957055702288,1.4445117828548564
284,0.7525562373163266,1.4459207646929657
285,0.7578732107314595,1.4351098043543187
286,0.7498977504624911,1.4323981916977584
287,0.7607361961971275,1.4302906384009768
288,0.7582822086864698,1.4334150386002897
289,0.7625766870190517,1.4158326284041922
290,0.7601226993133685,1.4187308900926743
291,0.7566462166714034,1.4164861243195328
292,0.7599182004821324,1.4157107446822652
293,0.7505112473462501,1.4151365508818674
294,0.770552147263642,1.401869324477416
295,0.7738241309524801,1.3933197154101662
296,0.7652351738972654,1.3977213813727132
297,0.7683026583648167,1.3960365770784624
298,0.7662576686141437,1.3918293493657024
299,0.7709611450723831,1.3877621650695802
300,0.7689161555411138,1.3821762567648859
301,0.7685071575373472,1.3790059761523226
302,0.7715746421999239,1.3792977139506115
303,0.7750511246712417,1.377382646699137
304,0.772188138961792,1.3702040765426886
305,0.7732106338980739,1.3674035245411722
306,0.7799591002532553,1.3558116807040506
307,0.7721881389861702,1.364636173716352
308,0.7781186094800875,1.3521534826126567
309,0.7797546012026156,1.356040880870234
310,0.7781186095288438,1.350001494577326
311,0.7768916154444095,1.347935428697395
312,0.7834355828952204,1.3395712764229024
313,0.7809815951164027,1.3439152327051924
314,0.7730061348718125,1.3390416708948178
315,0.7803680982326437,1.3329238923293194
316,0.7746421268625006,1.3320235633655073
317,0.7805725972101488,1.3259497917502936
318,0.7826175869852,1.331995292431494
319,0.7817995909045323,1.325655972786964
320,0.7770961145681837,1.3202177954597707
321,0.7854805724996243,1.317898109159099
322,0.7854805724752462,1.3113893599597954
323,0.7844580775877206,1.3101553191924145
324,0.7873210634678176,1.316846240663821
325,0.7887525562859752,1.3078833924236961
326,0.7842535786102155,1.3068935308963487
327,0.789161554192229,1.303226446861626
328,0.7865030675334189,1.306479711864136
329,0.7862985686046702,1.2950664065854438
330,0.7852760735708756,1.2956825464537294
331,0.794683026560489,1.2816880139836504
332,0.7928425358604556,1.281994634513231
333,0.7938650307236029,1.2868414033410007
334,0.7893660530722214,1.279594016855236
335,0.7985685072305988,1.2726267246624687
336,0.7895705520253484,1.2736542846527568
337,0.791411043042298,1.272855064278975
338,0.7985685070599515,1.2648785986539532
339,0.7899795500047367,1.2667196611197693
340,0.7922290387816712,1.2647766166913241
341,0.8016359917225282,1.2570331737307683
342,0.7924335377104199,1.2608879630551015
343,0.7944785274854711,1.2567563353384443
344,0.7963190183317734,1.2573102639496692
345,0.806748466160156,1.2487515623584116
346,0.8044989775538688,1.2409290856866504
347,0.8014314927450231,1.2425179817925203
348,0.7944785275342274,1.2394775140017331
349,0.8034764826663433,1.2371789986858095
350,0.8030674847357112,1.2301739100298268
351,0.8106339468790222,1.2290956121768444
352,0.8087934559839635,1.2263479843705223
353,0.8079754601958339,1.2158519539121226
354,0.8098159509933799,1.2221251083541744
355,0.8038854804994626,1.2227401070312
356,0.8114519426183954,1.216126329913461
357,0.8063394683514148,1.2182288275174569
358,0.8094069529896134,1.2116473079459067
359,0.8065439673045418,1.2172469375567445
360,0.812065439721558,1.206342890901312
361,0.8038854804750845,1.2117440679078209
362,0.812269938699063,1.2061104649658827
363,0.8104294477552481,1.201934355997113
364,0.8122699387478195,1.1923598833610676
365,0.8153374232397489,1.1971011179356488
366,0.8120654397459361,1.19490519764477
367,0.8165644172266705,1.1902594228951233
368,0.8163599181272745,1.1869738713363929
369,0.8167689160579065,1.1887915986203466
370,0.813701431419708,1.18765890827452
371,0.8143149284984924,1.1780120163119887
372,0.8220858894730394,1.1779845287463417
373,0.813496932588472,1.17685522472444
374,0.8098159509690017,1.1770943700657788
375,0.8278118610138299,1.1586789256468384
376,0.8159509201722642,1.1736705437272117
377,0.8137014313709516,1.168850410057723
378,0.8128834355340657,1.171599370228976
379,0.8292433536857183,1.1586115210577999
380,0.8231083845312123,1.159514784227851
381,0.8216768915180293,1.1556744473599705
382,0.8116564417665477,1.1596795111833662
383,0.826993865055053,1.1523207545524239
384,0.8147239262340991,1.155721127036159
385,0.8184049078779474,1.149123337810025
386,0.8247443761806059,1.1460651860890456
387,0.8231083845312123,1.1424293821330938
388,0.8226993865518238,1.1447216295269613
389,0.824130879443116,1.1376120361082394
390,0.8361963190915395,1.1277034051091637
391,0.826584867124421,1.1344083366706084
392,0.8302658485244876,1.1309602751566101
393,0.8290388546838351,1.1225777818625202
394,0.8276073620119465,1.1264353385000871
395,0.8306748464794979,1.1228418096686676
396,0.8353783229864936,1.1177479215438624
397,0.8284253578975889,1.12007313486501
398,0.8357873209415038,1.1073660511180667
399,0.8239263804168545,1.1162323730367336
400,0.8282208589200837,1.1059676786141892
401,0.8335378323595948,1.1116193545620379
402,0.8274028628881723,1.112665887698074
403,0.8425357873698197,1.0984848788423285
404,0.8357873210146384,1.1043608542600292
405,0.8366053170221714,1.1011231790047238
406,0.8396728016847482,1.096016042022861
407,0.8337423313858563,1.0988559245088105
408,0.835991820065278,1.094497683735713
409,0.8366053170221714,1.091331124305725
410,0.8357873209415038,1.0953055453934308
411,0.8386503067972226,1.0892302449251732
412,0.8380368097428164,1.082802597096605
413,0.8390593047522329,1.0842261823408443
414,0.8392638035590907,1.0860064458261969
415,0.8453987730792695,1.0724670538385466
416,0.8458077708636325,1.0731702140503865
417,0.8353783229621153,1.077189965433382
418,0.8384458076734485,1.0718790813457746
419,0.8333333332601988,1.0734644857164786
420,0.8421267893904314,1.0739025261992081
421,0.839877300491606,1.0715983575594694
422,0.848670756548704,1.058142191695777
423,0.8458077708148761,1.0619270591160515
424,0.8453987730792695,1.0632984034610429
425,0.8474437627080516,1.0580069736956574
426,0.8431492842779569,1.0565241986257168
427,0.8378323107653113,1.0589960670178653
428,0.8492842536274885,1.047317416097489
429,0.8492842534812194,1.0434672721812086
430,0.8541922290876112,1.04297679735839
431,0.8564417176695202,1.039682333747302
432,0.8478527605899272,1.044561513143083
433,0.8513292434269177,1.0409842162532066
434,0.8531697342000856,1.0367739432672294
435,0.8523517381194179,1.0360431119708196
436,0.8515337423800446,1.040689264240928
437,0.850511247468141,1.0357608399264409
438,0.8511247444006563,1.0331500292799467
439,0.8531697342000856,1.0307952954969035
440,0.8507157464456461,1.0257797278265768
441,0.8529652352225805,1.023105008177962
442,0.8568507157951776,1.0193650176432478
443,0.8625766871409426,1.0151126721885306
444,0.8556237217838779,1.0158034884856522
445,0.8543967278700908,1.0141266749680409
446,0.8588957053752033,1.0141993782271637
447,0.8556237219789034,1.0115540235808047
448,0.8548057259957483,1.0179444825966177
449,0.8601226994352594,1.0057112959996324
450,0.8680981594116898,1.0007780257909575
451,0.866666666715423,0.9975135511172086
452,0.8650306748710039,1.0020063767403913
453,0.8611451941521377,1.000327930323673
454,0.8678936604341846,0.9956517356061253
455,0.8599182005065107,1.006894391202244
456,0.8580777095139392,1.004454178605343
457,0.8539877301101061,0.9984017498897872
458,0.8627811861428258,0.9901382618398998
459,0.8668711655466591,0.9847971844039324
460,0.859713701309602,0.9922346636317747
461,0.8666666666910449,0.9845552953961925
462,0.8695296522298473,0.9834923160588083
463,0.8705521472636419,0.9776420247579157
464,0.8711656440986446,0.9825029362930111
465,0.8699386503555048,0.9777595553417635
466,0.870143149211119,0.9742192374172873
467,0.8670756646460551,0.981029318861191
468,0.8728016358699292,0.9701591999740444
469,0.8678936604341846,0.9676524028212502
470,0.8687116563442051,0.9721620455841345
471,0.8691206542504589,0.96905513136421
472,0.8642126788390926,0.970065014298952
473,0.8754601227481429,0.9608985119802089
474,0.8766871165887954,0.9667361493003392
475,0.8617586912553004,0.9705527023791292
476,0.87014314933301,0.9557404199748439
477,0.8705521472880201,0.9639659564187921
478,0.8705521472636419,0.9600482603523629
479,0.8697341514023779,0.9627403954542976
480,0.8676891614323013,0.9572496251582124
481,0.8787321063882246,0.9468219401890027
482,0.8793456031257145,0.9407238147497665
483,0.8717791411530509,0.9442819095584268
484,0.877505112523194,0.9411264912969983
485,0.8730061348474343,0.9479470627439534
486,0.8752556237706377,0.9495139745603066
487,0.8830265847939411,0.9331960417254084
488,0.8725971370630713,0.9466920714193082
489,0.8840490796083321,0.9308106785902948
490,0.881799590855776,0.9397268392313234
491,0.8793456032963618,0.9356141209358574
492,0.8764826175381557,0.9358701575265584
493,0.8805725971613925,0.9336580779411067
494,0.8777096115250773,0.9274455396188062
495,0.8797546012513721,0.9336270445938735
496,0.8809815949457555,0.9281271645140307
497,0.8828220859139487,0.9231857135495769
498,0.8899795501510058,0.9190138976754343
499,0.8871165644171779,0.9159852840173951
