epoch,categorical_accuracy,loss
0,0.554601227140134,4.178547397371694
1,0.5382413089397251,3.7990549670650426
2,0.5310838446295334,3.593452488132781
3,0.5049079754723118,3.5470037316008334
4,0.5102249488508774,3.4605388626730513
5,0.5184049079754601,3.384997997205925
6,0.5102249489971465,3.353399708422171
7,0.500613497030028,3.3590939682685526
8,0.5186094069773434,3.2295611839840506
9,0.5130879345725163,3.2076200510582797
10,0.5137014315903552,3.1317214164265827
11,0.5208588957055215,3.0840710105583957
12,0.5137014314440862,3.0842400121786357
13,0.5157464213410282,3.0529347269569196
14,0.5308793456398393,3.0251926191014014
15,0.5229038856268416,3.0113823482107773
16,0.5243353783231084,2.9793305212734666
17,0.509406952940857,2.960895061005356
18,0.5198364008545632,2.944387991833053
19,0.5169734151694916,2.9203959668828423
20,0.5259713701431493,2.890600964481845
21,0.516155419235093,2.899913039041687
22,0.5200408997467446,2.8696515425582603
23,0.5153374234591525,2.8707708813173882
24,0.5214723925892805,2.8276228852067256
25,0.5173824130879345,2.812599649019768
26,0.5108384458199601,2.8280398279123755
27,0.5106339468058877,2.8093919510246543
28,0.5300613497176297,2.7828843912463976
29,0.5378323108140677,2.7550713538148406
30,0.5286298567775812,2.7630544267549104
31,0.5151329243110001,2.774028204603917
32,0.5212678938068007,2.7483028695627225
33,0.517791411067323,2.7341935783807485
34,0.5267893659800352,2.7128560815120766
35,0.5157464213897845,2.7147577142422916
36,0.5319018404420411,2.712455843708998
37,0.5333333334552243,2.694788633631295
38,0.5376278118609407,2.6640875429219752
39,0.5231083845068341,2.6834163107998776
40,0.5327198364251962,2.6581816847826563
41,0.5323108384579969,2.652854322558288
42,0.525766871141266,2.656214939402169
43,0.5269938650062966,2.6607172260011387
44,0.5339468302902268,2.6319014098746645
45,0.5137014316391116,2.6424204604026
46,0.5396728016481809,2.6055417563042513
47,0.5280163599182004,2.6150330065705782
48,0.5310838446051552,2.6059240914561266
49,0.5372188139181195,2.5903964025111286
50,0.5306748466501451,2.6029572475175917
51,0.5329243353783231,2.5866232254753814
52,0.5345603273446331,2.5839128014500155
53,0.5486707565974605,2.562829492233526
54,0.5368098160728111,2.567744486073531
55,0.5398773006500642,2.5553870722803844
56,0.5398773006134969,2.555868555334204
57,0.5302658486463785,2.54628268331594
58,0.545194274174899,2.532520796087378
59,0.5476482617586912,2.5237650607992537
60,0.5517382414550626,2.515477516217222
61,0.5466257668833547,2.5134878760222765
62,0.5435582822085889,2.5163848329906813
63,0.5535787322282304,2.5039052819913152
64,0.5633946829778285,2.4859300726518065
65,0.5482617587033957,2.4914421984510677
66,0.5505112473706283,2.4945768456761335
67,0.5541922291851239,2.4833493129363577
68,0.5486707566462168,2.4800738028465847
69,0.5316973416108052,2.4863638217707598
70,0.5582822086864697,2.463956075992077
71,0.5304703476604509,2.472564838366518
72,0.5498977504137348,2.4560193796099328
73,0.5527607363182099,2.4558673456890205
74,0.5458077711074143,2.443994619217387
75,0.5613496932271556,2.4247139519221457
76,0.5537832310350882,2.4325518854800423
77,0.5539877300125934,2.4234395185131237
78,0.5541922291607457,2.4226053843468978
79,0.5566462167932943,2.4151981984667006
80,0.5576687116320636,2.406957409279478
81,0.5480572596649451,2.4071471851052437
82,0.5625766870678081,2.4016730846802883
83,0.54396728028549,2.402191304672959
84,0.5535787320819613,2.3975553801210867
85,0.5588957055336615,2.387723575876778
86,0.5595092025149332,2.376564098525876
87,0.5660531697707186,2.3720331903859395
88,0.5615541921802825,2.3677403102866954
89,0.5813905929982784,2.351668646096696
90,0.5728016361137109,2.3576781059335348
91,0.5652351738363199,2.349959533687506
92,0.5773006134481762,2.3359647019509158
93,0.574846625888762,2.33306195848071
94,0.573006134944947,2.3330908217556883
95,0.5650306748222476,2.3278257343666686
96,0.5703476482130023,2.3230262604227825
97,0.5678936606292101,2.314728636731887
98,0.5699386503067485,2.3126670775969336
99,0.5732106338980739,2.305574184643954
100,0.5869120655615637,2.294073719773556
101,0.5787321064857374,2.2948645718502365
102,0.5744376277874828,2.2959585180068065
103,0.5721881391324393,2.288815692694884
104,0.5789366053901079,2.28149157448049
105,0.5832310839908499,2.2748598924687546
106,0.5936605316485851,2.264974025617104
107,0.5852760736196319,2.2626109290951844
108,0.5795501022251106,2.2561054042511923
109,0.578527607459476,2.2490221191281434
110,0.584049079852114,2.2419055472609943
111,0.5936605316973416,2.2354063321720115
112,0.5910020449410187,2.2322758232889
113,0.5885480573572264,2.2299993762696935
114,0.5730061349693252,2.2289434792805305
115,0.5948875255623722,2.2144325815095494
116,0.5844580776608551,2.2159566640366317
117,0.5916155418979122,2.204800793095844
118,0.5912065440891711,2.203788457960195
119,0.5858895706984163,2.1973085811045516
120,0.5891615542653635,2.1980301287520394
121,0.5932515337423313,2.1902828721668577
122,0.598773006086213,2.175216693917179
123,0.5995910019718552,2.169942597523789
124,0.584049079852114,2.1693836221909475
125,0.5977505112230656,2.1647137916892585
126,0.5973415133046226,2.160591186043675
127,0.6077709611695724,2.1506996390765916
128,0.6104294478040044,2.1498140072773815
129,0.6075664620945547,2.137180004724452
130,0.6012269938406525,2.143061047146413
131,0.6092024540608646,2.1314406753805275
132,0.5993865030187283,2.1295214116695225
133,0.5987730061593475,2.127958283395124
134,0.6085889571771056,2.115633587944483
135,0.622085889692443,2.1074474213801033
136,0.6120654396728016,2.1054809919408006
137,0.6130879347065963,2.0965304711113677
138,0.6171779142323204,2.088358549886442
139,0.6171779142323204,2.087531173448621
140,0.6063394682782803,2.088321342546272
141,0.6075664621189328,2.084014263621137
142,0.6110429447974651,2.0764391737237786
143,0.6161554192229038,2.0734262766769813
144,0.6196319017917344,2.069066714899184
145,0.6255623721150045,2.0579564216434347
146,0.6167689161554192,2.056541925363989
147,0.6179959101423408,2.0518886372111815
148,0.6188139059060922,2.046223988464761
149,0.6198364007692395,2.0371044108228937
150,0.6092024540852428,2.038981096778667
151,0.6269938651525657,2.0310384711361125
152,0.6192229039829933,2.0276985184059066
153,0.6132924336597232,2.024206541701085
154,0.6282208588469491,2.007523018499581
155,0.6190184048348409,2.0137857188476374
156,0.6186094070017216,2.003732502241076
157,0.630265848573244,2.0009172438600067
158,0.6257668713119132,1.996523276623529
159,0.631083844702668,1.9864420525135438
160,0.6290388547569696,1.9815428010281366
161,0.6231083844336995,1.9794089132047625
162,0.628629856753203,1.9810279001731326
163,0.6294478527851144,1.9685589960016356
164,0.6282208589932182,1.966872818338359
165,0.6325153375452037,1.9607831703860823
166,0.6316973414157797,1.9538758227186457
167,0.6382413087690778,1.9464537981829029
168,0.633537832383973,1.9485036178113004
169,0.6265848670269083,1.9442846857940737
170,0.6337423313858562,1.942071514968248
171,0.6441717790923479,1.9310639400911234
172,0.6331288344777191,1.9270410338306232
173,0.6296523517138631,1.9260322614681502
174,0.6380368098159509,1.9201982072038397
175,0.6413087936023018,1.9122394923052173
176,0.6316973416351833,1.9189211316879053
177,0.6361963190671612,1.9056308278276877
178,0.6460122699508394,1.8980455011434108
179,0.6411042946004185,1.8942572427429791
180,0.6425357873210634,1.8923607626819416
181,0.6394683026097303,1.8874786544674989
182,0.6415132925554288,1.8795189219262214
183,0.639059304630342,1.8800287302286347
184,0.6433537833529748,1.875570000997594
185,0.6357873211243401,1.8720123960927952
186,0.6503067485637704,1.85716506069667
187,0.6439672803098683,1.8599163568824346
188,0.6388548058478623,1.859740669400658
189,0.6433537833529748,1.8525018109865714
190,0.6447852760492414,1.8487078021152863
191,0.6533742332019689,1.8375917573647997
192,0.6535787322282304,1.8367491674325704
193,0.6509202454719075,1.8326209910808164
194,0.6509202455206639,1.826548713506609
195,0.6525562371456793,1.822968891744477
196,0.6523517381437961,1.8188135843335484
197,0.6652351739460217,1.811519670193912
198,0.6658486707078899,1.8109990787896155
199,0.6580777097577211,1.8040696911041478
200,0.6474437626836734,1.8051384589910995
201,0.6605316972683788,1.792751627514455
202,0.6593047036227517,1.7883242337981615
203,0.6613496932271555,1.7887411283812884
204,0.6648261757959861,1.7866458459378265
205,0.6584867075177058,1.7833099013213487
206,0.6619631901352927,1.776388451560631
207,0.665644171901032,1.7709833740456704
208,0.6599182005065106,1.7719487954258675
209,0.6611451943715413,1.7702333917890833
210,0.653374233226347,1.7659436842659013
211,0.6617586913284349,1.7558252098126401
212,0.6627811860696914,1.7535877817735106
213,0.6697341512561088,1.7489600081141496
214,0.6777096114519428,1.7426226417467394
215,0.66462167696475,1.7403010291312127
216,0.6642126790097399,1.7352662171810438
217,0.6756646215550007,1.7295080350708132
218,0.6664621678110525,1.7294194426760838
219,0.6719836399842869,1.7200226335193969
220,0.6648261758934988,1.7243558160610237
221,0.6797546011538593,1.7130348217755496
222,0.6687116563929615,1.712168643713485
223,0.6644171780360013,1.718951979736609
224,0.6658486706835117,1.707811624530878
225,0.677300613423798,1.699822323551451
226,0.6678936606292101,1.7041697625977374
227,0.6797546012026157,1.6869583018718322
228,0.6760736195831455,1.6883027599876888
229,0.6807770960657631,1.6908022778165852
230,0.6807770960413849,1.682040858024956
231,0.6793456031988491,1.6770300314714084
232,0.6846625767846293,1.6716131062107826
233,0.6905930470103866,1.6700667712342276
234,0.6707566462899035,1.6728026005388037
235,0.6865030675577971,1.6596367188514132
236,0.6779141103806915,1.6570729685219763
237,0.6793456031988491,1.658354088328855
238,0.6754601227968993,1.6533746063099806
239,0.6764826177331811,1.6513122704375254
240,0.6797546013488848,1.6503214283711096
241,0.6793456033451182,1.642987617149431
242,0.6871165645146906,1.6406057883869163
243,0.68098159501889,1.6349322241508155
244,0.6826175868876873,1.6273857939706502
245,0.6811860941670423,1.6306347037141795
246,0.6856850716721549,1.623192243829583
247,0.6830265847939412,1.6265840262723115
248,0.6828220860114614,1.6167270363474184
249,0.6848670757377562,1.6184639703032917
250,0.6852760737415228,1.608102997095307
251,0.6883435582578304,1.6096736214156044
252,0.6844580776608551,1.6100666234342111
253,0.6885480573816046,1.6039055757971141
254,0.6842535787321063,1.6015650173881546
255,0.6938650306260903,1.594907882852301
256,0.6867075664134114,1.5942097650227616
257,0.6961145193542684,1.5859391570822592
258,0.6846625768333856,1.5867303031597644
259,0.6871165643927998,1.5854800829858136
260,0.6924335379054454,1.5830525271000306
261,0.6979550101518144,1.5744811089736064
262,0.6942740285567223,1.5663670188810197
263,0.6963190184780426,1.5648294993948595
264,0.6920245398041661,1.5682830212306391
265,0.6893660531209778,1.559953399182341
266,0.6775051125963285,1.5658440231058008
267,0.6983640080824464,1.5556993185620611
268,0.6930470346916916,1.5547829434915554
269,0.696728016481809,1.5465242399516037
270,0.6922290388060494,1.5441807394378755
271,0.6938650307479811,1.5420557988445696
272,0.7012269939625434,1.5385855865868567
273,0.6965235174799258,1.5322909087003618
274,0.6944785276804964,1.5310926724065301
275,0.7022494888256907,1.5313354912467285
276,0.6965235174555476,1.5264698214813732
277,0.7047034766045085,1.5213516410874444
278,0.7051124745107623,1.5222320036897874
279,0.7006134970787844,1.5196336332761924
280,0.6995910019718552,1.519644374593879
281,0.7040899796232368,1.5107895208526487
282,0.6975460121968041,1.5122099141157965
283,0.6973415133899462,1.5036242649355305
284,0.7051124745107623,1.5012700548445033
285,0.6981595093243449,1.4990160579817915
286,0.7024539878031959,1.4942650534136408
287,0.7073619633120749,1.4925191446316022
288,0.7028629857582062,1.487474124807034
289,0.7061349694226661,1.4890024311459624
290,0.7026584866100537,1.4855129651009182
291,0.7134969325153374,1.4783772253063803
292,0.7089979551321158,1.4754680139155476
293,0.7067484663308032,1.4805453989890942
294,0.7042944786007419,1.471676109368572
295,0.7075664620945546,1.4681979996051282
296,0.6971370142417939,1.4680259271633405
297,0.7094069528921007,1.4659977819290628
298,0.7008179960075331,1.4613339799069676
299,0.7108384457590146,1.4554502189281284
300,0.714723926502259,1.455400834151816
301,0.7059304704207828,1.4499824690672518
302,0.7049079755576354,1.4563755116823505
303,0.7069529651376611,1.4533576331499407
304,0.7063394684001711,1.447667030859091
305,0.7108384458809055,1.4464477965193048
306,0.7204498978480239,1.439917750056292
307,0.7079754600251866,1.4376907427130545
308,0.7098159510421362,1.4346362005713527
309,0.7163599181272745,1.433422390912452
310,0.7173824130391782,1.4253371725296926
311,0.7120654397703143,1.4239578800454948
312,0.7169734152060588,1.4229793825032522
313,0.719427402911742,1.4148399881058675
314,0.7120654395996671,1.418520582185445
315,0.7085889569820802,1.4223513144413142
316,0.7179959101179626,1.4113093297174373
317,0.7161554191497693,1.4080593623022848
318,0.7159509202210206,1.403630235395061
319,0.715132924286622,1.4068316269505974
320,0.7194274028386075,1.4124783846985831
321,0.7196319018161126,1.3996964748651703
322,0.7179959099229372,1.399557183320293
323,0.7124744375790555,1.3965592710518397
324,0.7151329242622438,1.395622672527602
325,0.7280163600400913,1.3809156138472762
326,0.7255623722612736,1.3907948524674023
327,0.7226993864055548,1.3872835162714703
328,0.7286298569238503,1.3782101630676986
329,0.7314928424382746,1.3738227159699048
330,0.722699386576202,1.3773517943111178
331,0.7173824130148,1.3760357058608947
332,0.7243353782499738,1.3729865724079935
333,0.7269938651038094,1.367539765157095
334,0.723517382291197,1.3648632090515886
335,0.7151329244085128,1.3711041405644642
336,0.7243353784449993,1.3613542815658943
337,0.7253578733081466,1.3595094994777064
338,0.7259713700943929,1.3576384972453361
339,0.7306748465526324,1.3532750273043392
340,0.7259713702650402,1.349801414534602
341,0.7333333334064679,1.3511132434833268
342,0.7284253579707234,1.3452024681680286
343,0.728016359991335,1.3427815488998631
344,0.73537832303525,1.33516048097903
345,0.73312883433145,1.3398090334270143
346,0.7224948875743187,1.3412493621401016
347,0.7329243352564322,1.3391876323579035
348,0.7261758692181671,1.3348913328779255
349,0.7292433537344747,1.3325735394452491
350,0.7319018406126885,1.3263653679128073
351,0.7298568506426119,1.3266240904911408
352,0.7300613495957389,1.3201694138942321
353,0.7339468303389832,1.320450224418094
354,0.7316973414889143,1.3202538230424035
355,0.7345603271496076,1.3141944336744906
356,0.7337423314102345,1.3158685270262642
357,0.7370143148309126,1.3143039973479351
358,0.737218813832796,1.306907600517897
359,0.7222903884749228,1.3116942630467483
360,0.7349693252265088,1.304682362689075
361,0.7419222903397917,1.30083576857678
362,0.7351738242283921,1.3023891069162599
363,0.7331288344289627,1.3073781757023193
364,0.7276073619144339,1.300496071686774
365,0.7310838445076425,1.2972203625735574
366,0.7419222904860607,1.285864566391475
367,0.7341513293408665,1.2955480591163557
368,0.7304703477457745,1.2921734369118034
369,0.7425357872479289,1.2829223615747776
370,0.7421267894391878,1.2780880596008768
371,0.7364008179471536,1.2843233277705062
372,0.7413087933828982,1.2759226060840005
373,0.7427402862498121,1.2796967430348776
374,0.7361963189452704,1.2715052506675018
375,0.7341513291702193,1.272193313278791
376,0.7427402862010558,1.2682003289887753
377,0.7443762780454749,1.267547907517244
378,0.7368098160240548,1.268034863618254
379,0.7302658487682694,1.2722688338507904
380,0.7470347649236886,1.2600098702561393
381,0.7376278119096971,1.2606955701831903
382,0.7382413088909687,1.2630593034631148
383,0.7478527608093308,1.2600561944984952
384,0.7449897749779902,1.2546184012251154
385,0.746421267820526,1.253783874375201
386,0.745398772884244,1.25204377140248
387,0.7484662575711989,1.2485999696825179
388,0.746625766919922,1.2465896952127875
389,0.7509202454962857,1.2376801779421316
390,0.7482617587399629,1.2369769769699783
391,0.7406952964260046,1.2467809092047755
392,0.7404907974484995,1.2399393017794214
393,0.7439672802367338,1.2385236534360484
394,0.7548057258738574,1.2268270458911825
395,0.7486707567193513,1.2348326804935323
396,0.748057259786836,1.2283295818145534
397,0.7541922290876112,1.2250351845364873
398,0.7429447853735863,1.2302019845732395
399,0.7470347648993104,1.221539465391319
400,0.7541922291119894,1.2169536181022784
401,0.7486707567437295,1.2216255231381439
402,0.74458077702298,1.2219881801761245
403,0.7548057258982356,1.210521564356876
404,0.7558282207857612,1.2141204201614442
405,0.7494887526293718,1.211602483107756
406,0.7527607361231845,1.20435586336444
407,0.7566462166714034,1.2083935719570011
408,0.753374233080078,1.2070702141779333
409,0.7511247443275217,1.2090368382526078
410,0.7486707565487041,1.2065966705603102
411,0.7546012270913778,1.1982936262840629
412,0.7588957053995815,1.1917942691678163
413,0.7488752555262091,1.1993246471955001
414,0.7611451942252723,1.194932204667776
415,0.7548057260445047,1.1911421675867342
416,0.766462167616027,1.183915063403623
417,0.7519427404081894,1.1976808273962913
418,0.7578732105608122,1.1843135037548946
419,0.7625766872140771,1.1849038977320696
420,0.7635991819553336,1.1817245128452167
421,0.7556237219057688,1.1855906185684517
422,0.755214723999515,1.1814612611427384
423,0.7574642127764493,1.1784071981297437
424,0.7650306748953821,1.1779439312792508
425,0.7603271984615209,1.1737493302924502
426,0.7591002045477339,1.170409100626144
427,0.7629856849984401,1.1729033945528275
428,0.7670756645241642,1.1651607312551548
429,0.7607361962458838,1.1634308502961765
430,0.7603271984127645,1.1609034305213664
431,0.7635991819065773,1.1586679051015032
432,0.7531697342000856,1.166761403288578
433,0.7576687115833072,1.1624820171445913
434,0.7656441718522756,1.154405310597644
435,0.7574642126058021,1.1634806174685863
436,0.7640081799591002,1.1544629411463356
437,0.7619631902328055,1.1567520594548106
438,0.7558282207857612,1.1584759472337969
439,0.7580777095383174,1.1503913717035867
440,0.7658486706347554,1.1479711181059449
441,0.77014314933301,1.1452717517782574
442,0.7646216768428592,1.1423155526198248
443,0.7666666665691539,1.1502476125650853
444,0.775664621603757,1.1324632431588046
445,0.7736196319505968,1.1426364167336307
446,0.7674846624791744,1.136069290184536
447,0.7593047034033481,1.1371492779328047
448,0.7754601227481429,1.1306951665683271
449,0.7758691205325058,1.126716396023647
450,0.77177914103116,1.1376181001799726
451,0.7558282207857612,1.1387497336342778
452,0.774233128712465,1.1278466487467167
453,0.767689161651705,1.1281301980613443
454,0.7683026586085985,1.1225910506121708
455,0.7756646215793789,1.1211438988859181
456,0.7674846625279308,1.124931107220718
457,0.7691206544698626,1.1198054841203435
458,0.7668711657173063,1.1241758070596644
459,0.7676891614323014,1.1173982684110084
460,0.7691206544698626,1.1200331325667523
461,0.7707566461436344,1.119858168287999
462,0.7775051123525467,1.1062573985819437
463,0.7668711655710373,1.1137244024159718
464,0.7795501022982451,1.1010620008704608
465,0.7666666667641794,1.112328148912067
466,0.7746421268868787,1.1091043272876544
467,0.7713701430761497,1.1049736854732646
468,0.7799591002776335,1.093504094833733
469,0.7715746420292766,1.1000983054408755
470,0.7732106338980739,1.0984909860634364
471,0.7779141103319351,1.0879017238480426
472,0.7787321064126028,1.0948226915546722
473,0.7736196319505968,1.0953419020814643
474,0.7803680981838874,1.0935248705507057
475,0.7740286297349598,1.0938207490556322
476,0.7752556238193941,1.0854309003045954
477,0.7834355829195986,1.0832102833593793
478,0.7848670757377562,1.0802754946281574
479,0.7820040900770628,1.084875583697438
480,0.7781186093094402,1.0812996385531435
481,0.7820040898820374,1.0785550768390024
482,0.7791411043432349,1.0849146928767728
483,0.7826175867901746,1.0747517442410708
484,0.7758691207031531,1.0790024955092277
485,0.778323108506349,1.0820057289244451
486,0.7801635991088696,1.0734411187942285
487,0.7797546011294811,1.0704534089882194
488,0.7840490798764921,1.0690683512112358
489,0.7881390592071907,1.0682247050944524
490,0.7822085890058116,1.0647504794329465
491,0.7873210634434393,1.0642058112626183
492,0.7785276072888286,1.0642394289161043
493,0.7842535787564845,1.0612491929701744
494,0.7820040900770628,1.0625738110279013
495,0.7830265847939412,1.0584054184350011
496,0.7828220858408141,1.0628275069234805
497,0.7865030675577971,1.054126595670704
498,0.7813905931445475,1.057039307621603
499,0.7828220859627051,1.053297097746336
