epoch,categorical_accuracy,loss
0,0.5288343558525991,4.826358509258746
1,0.5204498977748895,4.482939140928304
2,0.513087934535949,4.285776029969042
3,0.5114519428865554,4.122656786124887
4,0.5147239265266371,3.9795456771226503
5,0.509406952940857,3.8933569652658786
6,0.5057259713701432,3.8500431294821524
7,0.5087934560083417,3.7302470683076385
8,0.5049079756063918,3.7171464869337334
9,0.5184049079998383,3.5663607944496327
10,0.5006134969447045,3.570927040318526
11,0.5106339469521567,3.477367089667447
12,0.5163599182125981,3.4034769684259145
13,0.5020449899213202,3.4362810091982103
14,0.5092024541339991,3.350776823507984
15,0.5153374232641271,3.2888136087507314
16,0.5051124744498169,3.2724635958915353
17,0.5206543967280164,3.201851509246358
18,0.5108384457590146,3.2052496775527675
19,0.5139059305922385,3.16765277127303
20,0.5065439673167309,3.160801420036269
21,0.5102249488874447,3.124248702491963
22,0.5153374232885053,3.112777746625717
23,0.5145194273541066,3.093228540732573
24,0.5167689161676083,3.0396638901443325
25,0.5106339468424549,3.050949364742131
26,0.5222903886699481,3.0035388296123418
27,0.5241308794918723,2.9938168557874993
28,0.5300613498151424,2.9706893850689284
29,0.5206543967036382,2.9850988387086397
30,0.5280163599303895,2.9408712987763264
31,0.5243353783596757,2.93734867324127
32,0.5171779141104295,2.9394186423600086
33,0.5243353783596757,2.910421997686593
34,0.5155419223147667,2.8967635045509885
35,0.5280163599182004,2.8665447004002296
36,0.5267893660287916,2.8827811252851427
37,0.518609406928587,2.865101668098465
38,0.5269938650550531,2.8386003162719478
39,0.523517382413088,2.8271522938351934
40,0.5274028629978742,2.8195939754415873
41,0.5388548057259713,2.797117534200594
42,0.5368098159265421,2.805399456784769
43,0.5276073619753793,2.8014012276273075
44,0.517586912114196,2.791218850656521
45,0.5130879345847054,2.8036938275296266
46,0.5163599181516526,2.7849921173844603
47,0.529447852736358,2.7573647485432695
48,0.5300613496688733,2.7455036209161054
49,0.5286298568263376,2.7456801371584154
50,0.5237218815124839,2.7427037148387887
51,0.5261758692425453,2.7227181301038934
52,0.5286298568507157,2.7113243796342723
53,0.5276073619997574,2.717350368753289
54,0.5505112474437628,2.691915046559277
55,0.5335378322864602,2.703068434046334
56,0.5345603273446331,2.689513969031336
57,0.5335378324571075,2.6827348112328653
58,0.534355828233048,2.680181170777553
59,0.5503067484784467,2.652605695958518
60,0.5411042945394731,2.6634135904487657
61,0.5482617588130975,2.653332528014856
62,0.5294478528826271,2.6501663166077347
63,0.5357873210633947,2.643661231058507
64,0.5300613496932516,2.6438309376956495
65,0.5366053169734152,2.6333947275313863
66,0.5566462167932943,2.611951171352332
67,0.543558282354858,2.6071201954395007
68,0.5486707565974605,2.610002856556867
69,0.5402862985928854,2.6090465083444045
70,0.5359918200165216,2.602418130648404
71,0.5353783230840062,2.59690359433492
72,0.529243353905122,2.5871512912289982
73,0.5366053169002806,2.57975591599088
74,0.5343558282452371,2.574693814572137
75,0.5451942741505208,2.5593152362144798
76,0.5503067485028249,2.555699761513552
77,0.5447852760492414,2.5471637477172666
78,0.5476482617586912,2.5431768962454453
79,0.5447852760858087,2.5372531118568467
80,0.5484662576443334,2.5294749108804027
81,0.5593047035983735,2.5192439047105473
82,0.545194274174899,2.523751477571109
83,0.5537832310838445,2.5121323834167666
84,0.5613496933734247,2.5004141647635305
85,0.5488752557456128,2.496924410958475
86,0.5650306748222476,2.489493339729699
87,0.5619631903303182,2.49028516790862
88,0.5548057260932611,2.485298737133939
89,0.5517382413209826,2.480567788297657
90,0.5595092024539877,2.468818242125716
91,0.556032719860779,2.4618629806612167
92,0.5656441717791411,2.4547399486744577
93,0.5505112474559519,2.4550006969818554
94,0.5541922291607457,2.4414522374822076
95,0.5595092024052314,2.4342266909671464
96,0.5658486709029152,2.4308176158639796
97,0.5666666667885576,2.423536143176151
98,0.5588957055458506,2.4182222255168515
99,0.5775051124744376,2.4039011140054964
100,0.5701431492842536,2.4087058904955967
101,0.5672801637210729,2.4045975585656665
102,0.5699386502336139,2.3899522911063977
103,0.5699386504286393,2.3833328729758234
104,0.5775051126207067,2.3753492417754813
105,0.5721881391568174,2.368797622380325
106,0.5676891615298141,2.364750730381909
107,0.5642126790584963,2.3647635185889184
108,0.5683026584379512,2.3536251926227094
109,0.5715746421267893,2.3530330616028516
110,0.5822085889082989,2.3416564186657864
111,0.575051124841889,2.3365016609613147
112,0.5799591001801208,2.3235191747942343
113,0.5811860940207733,2.3218684189646277
114,0.5850715747152613,2.313984945800407
115,0.5817995911239359,2.3145707439547425
116,0.5916155420441813,2.295594297986333
117,0.5752556238681504,2.301732217656079
118,0.5844580778315024,2.2906019577463224
119,0.5865030673871499,2.277876369889772
120,0.5948875257086412,2.2768114200155183
121,0.5967280165061872,2.2688428970446126
122,0.5955010225924002,2.265426080309784
123,0.5903885481791507,2.260867010888878
124,0.5869120655128074,2.258269414921236
125,0.5961145195249156,2.2449148806082446
126,0.5934560326954582,2.2395021495156007
127,0.6059304703232701,2.2304947263136476
128,0.5944785276317401,2.2310682412793055
129,0.5936605316485851,2.222298146171804
130,0.5914110429569743,2.2166325702745246
131,0.6063394682539022,2.2020241155214837
132,0.597546012318695,2.203757975876697
133,0.5979550103468397,2.201696997234914
134,0.6032719835669472,2.196020139799528
135,0.589775051075988,2.1916814845032486
136,0.6083844580533314,2.1787827642904958
137,0.5942740287517477,2.1782281204722898
138,0.6040899796476149,2.1654506469796773
139,0.5950920245154991,2.1680881425159355
140,0.6018404908219241,2.1558502767714987
141,0.6151329243597565,2.149500197428136
142,0.5997955011687639,2.1516375621647437
143,0.616359918346678,2.1360551830205936
144,0.6102249488996339,2.1364320451740353
145,0.61083844595404,2.1313977724204034
146,0.6175869120166834,2.1272532505979322
147,0.6141104294600418,2.115359836707086
148,0.6141104293990964,2.1137954243853048
149,0.6100204499952632,2.104944804938537
150,0.6169734151329244,2.0980629817596
151,0.624335378274352,2.0910513596056917
152,0.6145194275247539,2.0931239268531097
153,0.6110429449315451,2.0845308121484236
154,0.6261758692181671,2.0768893866938805
155,0.6253578731862558,2.0670797196877757
156,0.6153374232885053,2.069813269827751
157,0.6149284253091168,2.064853536375705
158,0.6220858895705521,2.05332057324899
159,0.6214723927355496,2.049697023617953
160,0.6271983640203691,2.0452382491410144
161,0.6241308794187378,2.037734454297337
162,0.6220858896680649,2.0359389401164765
163,0.624335378274352,2.0333591289071706
164,0.6255623723344081,2.02616616728847
165,0.6235173825106006,2.021551019867505
166,0.625971370240662,2.018218404773798
167,0.6271983639594236,2.005365594715672
168,0.6278118610138298,2.000159959071497
169,0.6364008179471536,1.9996031774821212
170,0.6374233127615447,1.9927412977979226
171,0.6357873212096637,1.984872095228948
172,0.6476482617952585,1.9784117039483504
173,0.6314928425357873,1.9795220701728617
174,0.638445807892852,1.9687711327597652
175,0.6404907976679032,1.9626414198573139
176,0.6474437628786988,1.9571871537128596
177,0.6390593046547202,1.950690262351787
178,0.6415132923847815,1.9548714881050562
179,0.6366053170465497,1.9509439477159933
180,0.6400817995178675,1.9432337899393344
181,0.6378323109359585,1.9321091890822646
182,0.6433537831579493,1.935562830029821
183,0.6509202454719075,1.9244256508130968
184,0.6496932514362296,1.9221422596699378
185,0.6447852762198887,1.9151862746123645
186,0.6541922291607457,1.9055305866132242
187,0.6513292434756741,1.9073439444500975
188,0.6355828220615114,1.9102385877831582
189,0.6445807772423836,1.8981145136195459
190,0.6453987731036477,1.8951945288293444
191,0.662167689137176,1.884886775280069
192,0.6484662578149807,1.88181118950522
193,0.6605316974634042,1.8743892338134516
194,0.6478527608824654,1.8735352953031263
195,0.6470347647774195,1.870670233231137
196,0.6593047035496171,1.8620143170249486
197,0.6605316972683788,1.860732375185914
198,0.6599182003114853,1.8517841267439485
199,0.6619631902815618,1.8472688264885806
200,0.6517382414550625,1.847080548799355
201,0.6456032721055309,1.8468614935143595
202,0.6554192228795073,1.8404551834660317
203,0.6627811860940696,1.8264334331017087
204,0.6574642128252056,1.8262062230236935
205,0.6629856852178437,1.8177323855749181
206,0.6603271982908736,1.8139569138700489
207,0.6588957053752034,1.8160844975453945
208,0.6766871165887953,1.8082778661041417
209,0.6613496931783992,1.8053137572996456
210,0.658282208710848,1.7998362336422036
211,0.6691206543235935,1.7959939449111377
212,0.679141104221344,1.7827260608809614
213,0.6607361964409093,1.7833778257994077
214,0.6687116564539068,1.7802671268186199
215,0.6719836400574214,1.776234950365952
216,0.6723926381099443,1.7676343801806553
217,0.6685071576104817,1.7654481892205456
218,0.6666666665447758,1.7600312058423437
219,0.6664621678110525,1.7610876828858701
220,0.6770961144706711,1.7533443054051
221,0.6754601228212774,1.7514587788006524
222,0.6725971371118277,1.753028072950055
223,0.683844580898987,1.733187988979441
224,0.6754601228212774,1.7371691629686725
225,0.6654396727772578,1.7378342240865976
226,0.6791411043676131,1.727838597707222
227,0.6817995910508013,1.7197479688316766
228,0.6842535786589719,1.7224622097971005
229,0.6715746422243021,1.7279410396860664
230,0.687730061300937,1.7106692124973288
231,0.6824130878370476,1.7063372395521292
232,0.6822085890789461,1.7067783367414415
233,0.6762781187312978,1.7044722361067322
234,0.686503067411528,1.694463985731753
235,0.6846625766383602,1.6932945689296917
236,0.6946830264873544,1.6883181480298501
237,0.690593047059143,1.6843237610194826
238,0.6852760737415228,1.6823744175624262
239,0.6871165645146906,1.6723315201410243
240,0.6961145193786465,1.6703526147304137
241,0.6995910021181243,1.6651489049135297
242,0.6862985684827793,1.6699640407152703
243,0.688139059377838,1.6619682458280787
244,0.6950920246617682,1.6578735722110802
245,0.6932515338642222,1.6558274704010696
246,0.6910020449410187,1.6456326986383076
247,0.6924335379298235,1.6500391612023664
248,0.702453987681305,1.6424972047591258
249,0.6955010226167784,1.6369042782208183
250,0.6936605316729634,1.6357338459701383
251,0.6965235173336567,1.6305460288236966
252,0.6920245399504351,1.6299522874301684
253,0.6916155418491559,1.6226073954978115
254,0.7094069530383698,1.6130461283256672
255,0.7036809815219575,1.61644265529812
256,0.6987730062324821,1.6148573979765848
257,0.7083844580289532,1.6088230070648506
258,0.698977505185609,1.6063449701160986
259,0.7116564416446569,1.599904579862739
260,0.7036809815463356,1.5940955027480799
261,0.7022494887037999,1.5922879887017247
262,0.702862985611937,1.5937301694249815
263,0.7063394682051458,1.5901731965488208
264,0.712883435704713,1.579624418198209
265,0.6979550101518144,1.5822389276481112
266,0.704498977431978,1.582624493054817
267,0.7018404907487896,1.5711778552498066
268,0.7053169734882675,1.5718713590703859
269,0.7114519428621772,1.5692961958532197
270,0.7126789365078042,1.5609184888730507
271,0.703271983542569,1.5663908662971544
272,0.7124744377253246,1.5559559086836676
273,0.7087934561302326,1.5508229490681904
274,0.7157464213654063,1.5521276651472158
275,0.7106339469521568,1.5443338337607666
276,0.7153374234591525,1.5424786230294008
277,0.7104294479258952,1.5402686077636687
278,0.7128834355340657,1.5357762624393456
279,0.7149284252847387,1.5327800174432298
280,0.7137014314684643,1.530248980385638
281,0.7196319019380035,1.5209671275503553
282,0.7210633947805393,1.5260655510888752
283,0.7241308792480906,1.5148466535384912
284,0.7204498976529985,1.5180349896534333
285,0.7200408998930138,1.513381115497987
286,0.7241308792724688,1.4998627080995368
287,0.7222903884505445,1.5006322487244088
288,0.7251533743550197,1.4989134454044584
289,0.7198364008911304,1.5004043527419826
290,0.7222903884993009,1.4905297144302805
291,0.72065439667926,1.4913838520615623
292,0.7208588956567651,1.4919775728799083
293,0.7341513293652446,1.4844219519316784
294,0.7251533743306415,1.4859532762890213
295,0.7304703476970181,1.4770868962527783
296,0.7343558282696152,1.4746869619151077
297,0.7296523518113759,1.4710765362273452
298,0.7239263804656109,1.4757703394002466
299,0.7316973416108051,1.465489392582868
300,0.730061349766386,1.4583357174216116
301,0.7349693252265088,1.4616105131332615
302,0.7310838444588862,1.4631290325601651
303,0.732515337447691,1.448884499828752
304,0.7357873211365292,1.4527612818774513
305,0.7408997955985352,1.4467191167160534
306,0.7361963189452704,1.4440836773815817
307,0.7364008180934227,1.4380371830946097
308,0.7472392638768155,1.4317911098339806
309,0.7378323109359585,1.4373031921913288
310,0.7386503066997099,1.4264350376246167
311,0.7331288342826937,1.4335898638746734
312,0.7402862984953726,1.4324323330432602
313,0.730265848719513,1.4288913904279774
314,0.7386503068216008,1.4257330349374158
315,0.7415132924091596,1.4164865555207422
316,0.7290388549032387,1.4175031125179829
317,0.7429447854223427,1.4081755360211332
318,0.7488752556724783,1.4028384013653776
319,0.7527607361719408,1.40295422384344
320,0.7435582823061017,1.4067852364483542
321,0.7488752557212346,1.3973445431586424
322,0.7384458078440956,1.4015109957361513
323,0.751942740213164,1.39137244590221
324,0.7476482616855566,1.391822688369907
325,0.7451942741261426,1.3930251299481695
326,0.7458077710342798,1.3883511573015304
327,0.7505112473706282,1.3889254299897114
328,0.7550102248513626,1.3747433794544275
329,0.7525562371456793,1.3789358654392765
330,0.7474437627324297,1.379319202095453
331,0.7429447853735863,1.374676712158999
332,0.7531697342000856,1.3715903985232176
333,0.75541922297702,1.369080596369956
334,0.7515337423800447,1.3642118011759345
335,0.7574642127764493,1.3615327013538414
336,0.7603271982664954,1.3526296100245907
337,0.7503067485393922,1.3603800676595457
338,0.7597137013339801,1.3551046810267162
339,0.75705521467517,1.3459688323650867
340,0.7591002044258429,1.3468215161305994
341,0.7543967281138726,1.3401506004645536
342,0.7558282209076521,1.3431014192616282
343,0.7588957056189851,1.34251024615789
344,0.7582822085158225,1.3399780870215292
345,0.7640081798615875,1.332008930022975
346,0.7582822086620916,1.329108757134108
347,0.7603271983152519,1.3343327802139313
348,0.7531697342244638,1.3300471159090537
349,0.7562372187407714,1.3321309810767143
350,0.7674846626498216,1.3189330683651634
351,0.7576687115833072,1.3245085098016969
352,0.7617586911577876,1.3137646252879824
353,0.7668711656929281,1.3130871368088362
354,0.7633946830753412,1.3181261556523953
355,0.7580777096845864,1.31302997149329
356,0.7650306747978695,1.3058532451071867
357,0.7644171778653541,1.3016142988985058
358,0.7648261757716079,1.3057859951245516
359,0.7834355828708423,1.288790243925005
360,0.7758691205812622,1.2847730153908758
361,0.7728016360649546,1.2917492995720457
362,0.7689161555167356,1.2908618684682867
363,0.7666666667885575,1.297093536029808
364,0.7736196318530841,1.2828429072424923
365,0.7695296523029819,1.2812127919772407
366,0.778732106290712,1.2772049015528828
367,0.7725971370630713,1.2755744001860512
368,0.7734151328755791,1.27488548926293
369,0.7826175868389309,1.2728954625763533
370,0.7773006135944452,1.2651131984890116
371,0.7734151328755791,1.2732271159353432
372,0.7801635992307604,1.2626574501181917
373,0.778323108506349,1.2626110521074696
374,0.7770961145925619,1.261074742802813
375,0.7795501022982451,1.2612164084409156
376,0.7836400818727255,1.2556574591829732
377,0.7791411043676131,1.2519688284957824
378,0.7723926379392971,1.2605382009517927
379,0.777914110307557,1.2492773788350735
380,0.7801635992307604,1.2473915428715494
381,0.7789366052194607,1.2423792903408681
382,0.7779141105269606,1.2453557829184034
383,0.7842535788052408,1.2403306177057372
384,0.7799591001069862,1.2416980567885323
385,0.7838445806552052,1.2371753580974898
386,0.7785276074107196,1.2344759176113853
387,0.7858895706009036,1.2292202928558693
388,0.7815950919514053,1.2323628992146998
389,0.7856850714771294,1.225007719301251
390,0.7856850714771294,1.2231560562773471
391,0.7877300613009369,1.2249792316939934
392,0.7846625765896038,1.2209066795668964
393,0.7944785276804965,1.2227612235063423
394,0.7865030673871498,1.2146499709361414
395,0.7852760735708756,1.2187011817725402
396,0.7914110429935416,1.207860145295812
397,0.7877300612521806,1.2078012117335157
398,0.79182004097293,1.2078930302875417
399,0.796114519305512,1.2057164899654427
400,0.7903885479841252,1.202203563824753
401,0.7922290387329148,1.1980849912073959
402,0.7885480573084701,1.2050447196804428
403,0.7899795500047367,1.1979101314622689
404,0.7910020450629096,1.193239355184793
405,0.7832310839177153,1.1945485608953152
406,0.7920245397797879,1.1928403698349779
407,0.7950920246130119,1.1853795857029703
408,0.7989775050149617,1.1800909428996298
409,0.7955010224461312,1.1826206760660027
410,0.7969325154105579,1.184107881625981
411,0.7985685072062205,1.1759690244748793
412,0.7895705522203738,1.1876206549154957
413,0.7944785276804965,1.1769292962575495
414,0.7920245399260569,1.1822659161437021
415,0.8049079755332572,1.1641774482278493
416,0.8053169733176202,1.163927940356951
417,0.8016359918687973,1.1644474485900504
418,0.7961145193542684,1.1639708146483376
419,0.8030674845894421,1.1663454507269986
420,0.808384458126466,1.1533555607610442
421,0.7993865030918629,1.163701407431581
422,0.7944785276804965,1.1576265170286526
423,0.8061349692032624,1.148352594073321
424,0.8047034763851049,1.1478454911635698
425,0.8094069530383697,1.14775552505852
426,0.8130879346578399,1.1432666043806174
427,0.8092024540121082,1.14703523917676
428,0.8073619630926714,1.1502522630925558
429,0.8081799591489609,1.144390564364646
430,0.8094069528921006,1.141427722884102
431,0.807157464090788,1.1340044969429999
432,0.8171779140129167,1.1303037443043995
433,0.8126789365078043,1.127022892712084
434,0.8126789366540733,1.1311182432623241
435,0.8071574642614353,1.1339606650280318
436,0.8055214724657725,1.1250092536637633
437,0.8065439671826509,1.1244740123885297
438,0.8139059305434821,1.1277901630460119
439,0.811860940622162,1.1170843873774834
440,0.8079754600495649,1.1224576035891574
441,0.8143149285228706,1.1167619630115408
442,0.8096114519914966,1.1184906649930833
443,0.8098159510177582,1.1162345010566321
444,0.8196319018892472,1.1138208430237566
445,0.8192229039098587,1.1106544198677828
446,0.8157464213654064,1.1042500287721007
447,0.8137014315172207,1.106671307374607
448,0.8265848671487992,1.100478400969554
449,0.8192229037635896,1.1042916836182763
450,0.8212678935386408,1.0956609370518315
451,0.8171779139885386,1.1015316661881522
452,0.8249488753043801,1.096520545877562
453,0.8089979549127122,1.0973835477555944
454,0.8173824129660436,1.1014097044316782
455,0.8173824131366909,1.0901981124604894
456,0.8169734151816807,1.0938507337511683
457,0.8233128835087173,1.089965338843488
458,0.8188139059792267,1.084783224581697
459,0.8231083845068341,1.0837440087020032
460,0.8110429447121416,1.0946777609959701
461,0.8253578732837685,1.0746692391748565
462,0.8263803681469158,1.0768837193038565
463,0.8214723927355495,1.0748533386881853
464,0.830674846503876,1.0690894273161158
465,0.8306748466745232,1.0711453225715029
466,0.8261758692181671,1.070624885919879
467,0.8274028630344414,1.0665341449417707
468,0.8308793454570029,1.0629588275599333
469,0.833742331215209,1.0568756698830728
470,0.8316973415620488,1.062267698442034
471,0.8310838444832643,1.062539586114006
472,0.8280163598206877,1.057465803013745
473,0.8282208587981928,1.058517609929746
474,0.8235173824618442,1.0652666567780977
475,0.8276073620607028,1.0568497071724483
476,0.8276073620119465,1.052977673992789
477,0.8357873209658819,1.0464018112798898
478,0.8306748465526324,1.050012820776255
479,0.8404907974728777,1.0434360906390325
480,0.8327198364739525,1.0411842231126407
481,0.8280163599425786,1.0440070465786082
482,0.837423312810301,1.0439882202870032
483,0.8286298568019594,1.0460514745829295
484,0.839468302560974,1.0345370674913403
485,0.837832310716555,1.0319180213113017
486,0.8357873209171256,1.0394934081348661
487,0.8347648261027346,1.0400353324437677
488,0.8339468303633614,1.0319824191934004
489,0.8323108383726733,1.0390117730587294
490,0.8386503066509535,1.0294865437568088
491,0.842535787272307,1.0235163302996895
492,0.837627811909697,1.0348028750019815
493,0.8366053168759024,1.0244874450326698
494,0.8394683025853522,1.0240757303003885
495,0.8361963190427831,1.020154233310364
496,0.8335378321889475,1.0302032375872012
497,0.8349693250802397,1.0270937642193037
498,0.8462167689649118,1.0159010353751465
499,0.850306748368745,1.0149080605594658
