epoch,categorical_accuracy,loss
0,0.4611451942862177,4.981683052975708
1,0.47995910035076805,4.73244564996419
2,0.48588957067403815,4.5817233518588765
3,0.49550102249488753,4.440338784200282
4,0.4957055215089599,4.365752003675589
5,0.5179959099960717,4.169378892629425
6,0.519631901864869,4.0860261620675615
7,0.5067484664039378,4.094861754220444
8,0.5098159508958672,3.9971854067531343
9,0.5161554192960384,3.9390169631240313
10,0.5122699386503068,3.8270993669583997
11,0.5153374234347743,3.743548354049402
12,0.5173824131123127,3.7186485111103953
13,0.5157464214141627,3.6730445247486325
14,0.5114519428865554,3.635574391916973
15,0.5216768915424074,3.5604507483343895
16,0.5186094069529652,3.4980940851940945
17,0.5128834355950112,3.504818020959086
18,0.5216768916155419,3.4527296507041636
19,0.5169734151451134,3.411287064152505
20,0.5165644171291578,3.396830806849193
21,0.514519427549132,3.352879070406799
22,0.517995910166719,3.2875453473112577
23,0.5251533743550197,3.2961300959128788
24,0.5079754602445903,3.3210695822546086
25,0.5310838446295334,3.2027418651463795
26,0.5182004090345222,3.190094081999578
27,0.5106339468058877,3.2197390528056764
28,0.5253578732472012,3.1576751804546834
29,0.5249488753775146,3.09855786159726
30,0.5216768915911637,3.1089166153671797
31,0.5184049081217292,3.1049194132135933
32,0.5202453988095734,3.054161524041299
33,0.5114519427890426,3.063300658637517
34,0.5253578733325248,3.003415152582898
35,0.5237218813905931,3.031202199073901
36,0.5310838446417225,2.9823764488984716
37,0.5169734150841679,2.9644582175038345
38,0.5106339468424549,2.9824369481248603
39,0.5288343558404099,2.9252018279093175
40,0.524539877227479,2.9047776910668746
41,0.5298568507279355,2.9051300056629143
42,0.5194274028386076,2.8959894442607044
43,0.5404907975460123,2.8445144808365526
44,0.5237218813418367,2.883173296544206
45,0.5247443762781187,2.8460178535164986
46,0.5359918200530889,2.810586333128572
47,0.5276073619875684,2.823292164324739
48,0.5349693252996433,2.791173145766151
49,0.5372188139181195,2.7750263102946837
50,0.5286298569482285,2.7705385708370094
51,0.5308793457495411,2.7560810735620604
52,0.525357873356903,2.781198238107568
53,0.5194274029604984,2.7671722226835223
54,0.5341513293652447,2.729114692196524
55,0.5343558283671279,2.707180572189924
56,0.5329243355245922,2.7110369542868833
57,0.5335378322864602,2.704839957906181
58,0.5192229040317496,2.7212308993856356
59,0.5398773005647406,2.6702516262272873
60,0.5341513293896228,2.6765078967821867
61,0.5292433538197984,2.672090677639702
62,0.5284253578975888,2.6620941546309456
63,0.5368098159509203,2.633510431433992
64,0.5480572597137015,2.6438193450919933
65,0.5404907975460123,2.6411342261027704
66,0.5333333333577115,2.6262542627096663
67,0.5392638037541161,2.603745948561374
68,0.5374233127859229,2.5911248790218298
69,0.5343558283671279,2.6035933845613632
70,0.5331288343070719,2.601847734139253
71,0.5453987730061349,2.587666566142763
72,0.54723926394995,2.578708959259626
73,0.5382413087690778,2.562131972985765
74,0.5372188139424977,2.565275841110323
75,0.551329243451296,2.546571586273443
76,0.5468302657999145,2.540265293842932
77,0.5480572597137015,2.5448525508732396
78,0.5347648261271127,2.545691897093884
79,0.549079754601227,2.5239833121894573
80,0.5447852761955105,2.5295689040654032
81,0.5368098160728111,2.5278921889868737
82,0.5308793456642175,2.537794805401917
83,0.5218813906052361,2.520778928358862
84,0.5364008179715318,2.5155385512759594
85,0.5513292433903505,2.4895193054144613
86,0.5476482617708803,2.486738268729368
87,0.5331288343923954,2.4885149211727526
88,0.5564417178279784,2.4730335481327734
89,0.5480572596893233,2.4602565541101624
90,0.551533742428801,2.462116635601457
91,0.5486707565974605,2.4605983147104338
92,0.5560327199095354,2.451156579643671
93,0.5464212678449042,2.455392536990238
94,0.5511247444981691,2.4399599665269287
95,0.5466257670174347,2.434199162251135
96,0.5470347649480668,2.430545465297738
97,0.5368098159021639,2.4453628411322286
98,0.5466257668467874,2.4213124985100056
99,0.5670756645729206,2.4057630513587123
100,0.5548057259957483,2.407045752090423
101,0.5386503067606554,2.4105604097643267
102,0.5468302659949398,2.405525422437547
103,0.5447852762198887,2.3980408738727217
104,0.5580777095870738,2.3921922637884845
105,0.5572597136770533,2.380641147402898
106,0.5607361964652875,2.3681610510149373
107,0.555010224924497,2.3722787577194184
108,0.5562372189357968,2.36598217209424
109,0.5662576687482237,2.3594296156994403
110,0.5676891616760831,2.3489734633081043
111,0.5576687118027108,2.355845813712216
112,0.5687116565636087,2.345683469557811
113,0.5709611451698958,2.3411218684143815
114,0.5521472391906691,2.35204303464519
115,0.5646216768672374,2.336312197273738
116,0.5494887525806154,2.351563606476735
117,0.5730061349693252,2.3158182867709356
118,0.573210634044343,2.316164234079466
119,0.5680981596310933,2.316714370567618
120,0.5644171778897322,2.309751825098611
121,0.556237218813906,2.3174500877871833
122,0.5660531698804204,2.2952603454238796
123,0.5638036809572169,2.2951221093565897
124,0.5674846625279307,2.2906932611406945
125,0.5760736197537927,2.286745292960013
126,0.5742331289562467,2.2844004313151043
127,0.5830265848792647,2.270963885301461
128,0.5650306748588149,2.2778988452045463
129,0.5736196318774623,2.2688405675634526
130,0.5760736196319018,2.259796938086824
131,0.581595092036729,2.256961876141757
132,0.5693251533010986,2.2544245852526954
133,0.5891615542166072,2.2430711700384847
134,0.5842535787686736,2.238365231262394
135,0.5781186095288439,2.2426914651944836
136,0.5742331289562467,2.2372820255458965
137,0.5842535788783754,2.2254906655333038
138,0.5734151328999572,2.2261555551751258
139,0.5711656442692918,2.22780733342551
140,0.5842535787321064,2.214756119616924
141,0.5887525562128406,2.2065749698865145
142,0.5893660531209778,2.2003923996338326
143,0.5815950920245399,2.2071113403101883
144,0.5811860942157987,2.203916096443535
145,0.5846625766993057,2.194085499504105
146,0.5830265849889665,2.1970591479771464
147,0.5793456032476054,2.185860186851829
148,0.5885480573816045,2.1865817676536388
149,0.5969325153374233,2.1704044358618177
150,0.5912065439672801,2.176379369860534
151,0.5924335377835545,2.167094651711743
152,0.5952965236392733,2.1677846893942427
153,0.5899795500778713,2.1558892579654
154,0.5955010224948876,2.1500002926356467
155,0.5820040899307938,2.152406036536874
156,0.6026584866831883,2.1373545686647692
157,0.5944785277048746,2.1379307413393733
158,0.6077709610964379,2.1284726391540714
159,0.6044989776270033,2.1291614092688373
160,0.5969325154105578,2.1275912514981075
161,0.5912065439916584,2.131635461116861
162,0.6008179960562895,2.113242895520294
163,0.5869120655371856,2.1236713471831963
164,0.602044989896942,2.1093606852314957
165,0.6006134969325153,2.1085964478841834
166,0.6059304703232701,2.101673140457559
167,0.5938650307967375,2.099655333910983
168,0.6108384458321492,2.0918033088886907
169,0.6100204498489942,2.088508671875624
170,0.5940695297986208,2.095696821485804
171,0.620654396825529,2.076241368116289
172,0.6081799591977172,2.0819235657377964
173,0.6122699387721976,2.0734226076637063
174,0.5895705521472393,2.0749354013392285
175,0.6010224949850382,2.0628831642049468
176,0.6110429447365198,2.0550633686939386
177,0.6051124745595187,2.0570939166414224
178,0.6026584866831883,2.047810507405755
179,0.6177914111648357,2.035602199275557
180,0.6192229039220478,2.038620335144012
181,0.6202453987486279,2.035117834087286
182,0.6198364007936177,2.0363920724708855
183,0.6173824130635563,2.028515190678384
184,0.6137014316147335,2.02482684940892
185,0.616359918200409,2.017563199411872
186,0.6188139059060922,2.016517867242388
187,0.6175869122117087,2.01005213255775
188,0.6190184048348409,2.0041130120525086
189,0.6196319019380035,2.0069032344837616
190,0.6235173823399534,1.9949466011031762
191,0.6192229039829933,1.9939076724471734
192,0.6206543968499072,1.9908487293617858
193,0.610020449970885,1.993207855214858
194,0.6163599181516527,1.988710358781561
195,0.6157464213897845,1.9864380158773474
196,0.620245398894897,1.976179112832239
197,0.6251533742331289,1.96902579812672
198,0.6280163600157131,1.967900456338816
199,0.6314928426820564,1.967467684443499
200,0.6190184049079754,1.9619200675277866
201,0.6190184050054882,1.958073533093271
202,0.6243353784449993,1.9510217844586675
203,0.6284253578244543,1.9550369211988703
204,0.6364008179227755,1.9402967080504372
205,0.6188139060767394,1.9418046369630622
206,0.6353783232058972,1.9346490704452577
207,0.6300613497907642,1.9337743157501845
208,0.6298568508132592,1.9302992530151866
209,0.6355828220615114,1.9246068792596673
210,0.6357873210146383,1.9123841385656095
211,0.6247443764000095,1.9131499062286563
212,0.6384458077709612,1.9083896785182213
213,0.6384458077222048,1.9062108784853071
214,0.6411042944541494,1.9036400061687322
215,0.6316973416351833,1.9014103240030675
216,0.6345603271496076,1.8975434549015724
217,0.636605317095306,1.8897370688998139
218,0.6366053170709278,1.888170708371574
219,0.6282208588957056,1.8892122143860488
220,0.6394683026706758,1.8787867355931755
221,0.649284253700623,1.8694243635868002
222,0.6372188140034432,1.8770628167076344
223,0.6353783230352499,1.8734686314206426
224,0.6304703476238835,1.8685459987273734
225,0.6392638036078471,1.863808685821502
226,0.6337423313858562,1.8613054748449345
227,0.6494887525562372,1.8483321845653355
228,0.6505112473950064,1.8475256118793917
229,0.6464212678936605,1.8465893091112071
230,0.6478527607118182,1.8330615520477296
231,0.6425357874429543,1.8366186727531604
232,0.6490797545280924,1.8350464658990715
233,0.6433537832310838,1.8352425647415753
234,0.6423312883191801,1.8259045136730607
235,0.6519427403594331,1.8181822265827827
236,0.647239263803681,1.8223187092135533
237,0.6505112474437628,1.8189077717638698
238,0.647648261734313,1.8083501010340903
239,0.6349693252752652,1.813347492627571
240,0.6484662577418462,1.7988229918333651
241,0.6627811860453132,1.7946893829509525
242,0.6595092024539877,1.788380187957077
243,0.6539877302076188,1.7882147464284137
244,0.6576687116076854,1.7829484754301044
245,0.6498977504381129,1.7929965201574845
246,0.6474437628786988,1.7835437822439433
247,0.651533742282532,1.777806365124287
248,0.6580777096845865,1.772455037980967
249,0.6693251533254768,1.7689152818515987
250,0.6568507158195558,1.7671346376766213
251,0.6523517383388215,1.7640193108400684
252,0.6546012271401341,1.7617408371166705
253,0.6631901841953488,1.752110606566041
254,0.6668711657173063,1.7469551608118787
255,0.6666666667641794,1.7469371465086205
256,0.6564417177426547,1.7487303288192593
257,0.6668711655954154,1.736141240718662
258,0.667893660482941,1.7406889924242452
259,0.6648261758447425,1.7352709030568723
260,0.6660531698316641,1.7273141964325387
261,0.665439672801636,1.7236445734105958
262,0.6572597138477005,1.723087757350477
263,0.6609406954427925,1.7204251047536152
264,0.6650306747978694,1.7116618549896896
265,0.6642126790828744,1.714108149746932
266,0.6607361964652875,1.7124900775453065
267,0.6656441717303847,1.7126239131564742
268,0.6666666667885576,1.7051791495340733
269,0.6611451943471631,1.701741113058141
270,0.6693251533254768,1.6900012362954075
271,0.6742331288099777,1.6949163981010578
272,0.6709611451211395,1.6852229984260043
273,0.67116564429367,1.6841620546664684
274,0.6721881392055737,1.6815801325019883
275,0.663803681103486,1.6843367582449884
276,0.6744376277874827,1.6748602969027249
277,0.6619631901109145,1.6775678186085083
278,0.6687116565879868,1.6739361565049684
279,0.6638036809815951,1.6641660993084586
280,0.6728016359674419,1.6578013582951208
281,0.6721881390105483,1.6574997414352948
282,0.6740286299543634,1.655999211738446
283,0.6748466258887621,1.655582866054371
284,0.6738241310012365,1.6483589573140525
285,0.668916155565492,1.6495946893906546
286,0.6746421268868787,1.6457184898828925
287,0.6705521472148857,1.6468998089889808
288,0.6742331289318685,1.6423798704439878
289,0.6820040899064156,1.6342183548979965
290,0.6748466258887621,1.63374726148227
291,0.6758691205812621,1.6297060259524543
292,0.6666666667885576,1.6320562857060346
293,0.6791411044163694,1.6169109534144646
294,0.6813905931445475,1.6175605333168326
295,0.6918200408510391,1.6118171900571734
296,0.6746421267406097,1.612990351347348
297,0.6815950919514053,1.604987055782404
298,0.6840490798277358,1.6012349313509733
299,0.6791411042457222,1.6047764443668606
300,0.6875255622746754,1.598434856040346
301,0.6805725972589052,1.5984024340389695
302,0.6879345604490893,1.5850710661133374
303,0.6762781187069197,1.5886622292376247
304,0.6862985685559139,1.582738516277087
305,0.6832310838567699,1.584027581078387
306,0.6893660532184905,1.5799589180507543
307,0.682413087885804,1.578736169742904
308,0.6918200410216864,1.574685963482457
309,0.684253578829619,1.5722393337690512
310,0.6820040901258192,1.5699511187695774
311,0.6838445808746089,1.567595479190959
312,0.6973415133411899,1.5571336805698575
313,0.6846625766383602,1.5660350149638327
314,0.6885480572840919,1.5597442674734354
315,0.6840490798033576,1.5521906655746491
316,0.6887525561640843,1.5521568365623615
317,0.6899795501997622,1.5490170026849384
318,0.6865030676065534,1.5459883016067537
319,0.6867075664134114,1.542971150080363
320,0.6922290389279403,1.5421466916129145
321,0.697341513365568,1.5389558328928878
322,0.6871165645634469,1.5338606229345249
323,0.6969325154349361,1.536451094233429
324,0.6955010226167784,1.5309404855369302
325,0.6916155419710468,1.5244493422088936
326,0.6969325152642888,1.522166900108197
327,0.6916155420441813,1.5203828604430996
328,0.6971370143636848,1.5117617963038095
329,0.6993865030431065,1.509457433881935
330,0.701840490797546,1.5106277806627237
331,0.6926380369560851,1.5114903931725001
332,0.7036809816926047,1.501635099383707
333,0.6930470348623389,1.504174917363438
334,0.6957055215699054,1.5007380685435725
335,0.6985685072305987,1.496459179373119
336,0.6926380369073286,1.4978039818551154
337,0.7069529651620393,1.4903139704331787
338,0.6952965236392733,1.4933831289989572
339,0.6989775052099871,1.486976534798589
340,0.6881390592803253,1.4793534940493376
341,0.7047034764338612,1.4865173011225914
342,0.7036809815219575,1.4772697178620258
343,0.696932515288667,1.47734530927701
344,0.6957055215942836,1.4784542519622055
345,0.701431492745023,1.4762918922798764
346,0.7028629857825843,1.4723347000792957
347,0.7057259714432776,1.4681869598497885
348,0.7032719835669473,1.460089796793729
349,0.699182004016845,1.4569062601081677
350,0.7126789367028297,1.4554358794401516
351,0.7083844580045751,1.451441845182017
352,0.7079754601714557,1.4445288632788784
353,0.70102249496066,1.4485849919738458
354,0.7098159509933799,1.4468511563868611
355,0.6961145195736719,1.449956259795737
356,0.7049079755088791,1.4405330223539856
357,0.6983640081068245,1.4421070540121972
358,0.7112474436896467,1.4377694639935328
359,0.7096114519183621,1.4413064915709701
360,0.7026584867563228,1.4388921956099372
361,0.7055214722951253,1.4292627143957377
362,0.7128834356315784,1.4266462821414378
363,0.7157464211703809,1.424768581322122
364,0.7081799592220954,1.4253811474470517
365,0.7177914109698103,1.4195460103040825
366,0.7073619631414277,1.4185202880383514
367,0.7120654397459362,1.4183738038096203
368,0.7063394684245494,1.4164961024052283
369,0.7073619630926713,1.414249675600563
370,0.7130879344871927,1.4001412055731308
371,0.7182004089248205,1.4027187281103466
372,0.71901840498111,1.4080159400869732
373,0.7151329243841347,1.3972226800118974
374,0.7134969326128502,1.3901188175127306
375,0.7116564416690351,1.3950912213764308
376,0.7251533743306415,1.3876624474496198
377,0.704703476531374,1.396100264677972
378,0.7159509203672897,1.3908557495456533
379,0.7206543968011508,1.3842246694311287
380,0.7147239264535026,1.3861017012644887
381,0.7145194275003757,1.3830015663232784
382,0.7241308794431159,1.3805339430007466
383,0.721267893709288,1.3778884683893746
384,0.7212678935386408,1.3755757437161873
385,0.7241308794918724,1.3712307897325917
386,0.7179959099960718,1.3736560752299178
387,0.7128834356803347,1.3680982114834777
388,0.7067484661845341,1.368052345453352
389,0.7171779142079422,1.3657807584189199
390,0.72822085896884,1.3540571862690776
391,0.7163599182491653,1.366845085381974
392,0.7265848670025301,1.3557560896337155
393,0.7265848670025301,1.3553778086215684
394,0.718200409119846,1.3570865013848052
395,0.7296523516407286,1.3505888171966334
396,0.7220858894730394,1.3519124687815005
397,0.7280163600157131,1.3461472789690294
398,0.7216768915180292,1.3434659221177208
399,0.7214723927355495,1.342213671046532
400,0.7302658487682694,1.338393960554907
401,0.7206543968011508,1.3444267460173625
402,0.7092024539389737,1.3413188080114822
403,0.7312883436314167,1.3326107340600106
404,0.7304703475263709,1.3316000395757288
405,0.725971370240662,1.3260433875709956
406,0.7368098158534075,1.3193792452841449
407,0.7165644170560233,1.327805238901228
408,0.724539877373748,1.3236219951223986
409,0.7359918201140343,1.3139942762554302
410,0.7247443763268749,1.3162588171188574
411,0.7253578733081466,1.3172605827054606
412,0.7384458076490703,1.3083570335540304
413,0.7321063395658154,1.3124616745303257
414,0.7308793457007847,1.304778138211412
415,0.7380368097428164,1.3051719149685101
416,0.7261758691694108,1.3103877315735768
417,0.7308793457251629,1.3030949273236203
418,0.7182004089248205,1.3072866844009525
419,0.7304703475995054,1.299269869381177
420,0.7325153373501784,1.3005417906189745
421,0.733333333284577,1.2875776008594255
422,0.7366053168515242,1.2888718902942837
423,0.7372188139546868,1.2867870844702536
424,0.7302658485976221,1.2906172845017447
425,0.7278118610138298,1.2853222970338443
426,0.739059304776611,1.283802741924434
427,0.7374233129809483,1.281019428268776
428,0.7390593048009892,1.2830783972223356
429,0.7384458078197175,1.275059085828395
430,0.7339468303633614,1.2757469843257911
431,0.728016359991335,1.275838933790632
432,0.7431492842048224,1.266160081208118
433,0.72985685066699,1.2729013640456404
434,0.7294478528582489,1.2728187550308758
435,0.7415132923604033,1.2689667709522208
436,0.7351738242283921,1.2616211715163872
437,0.7319018405883102,1.2697691998354983
438,0.7335378322377039,1.2653590855666708
439,0.7427402863960813,1.2553988065212538
440,0.729856850788881,1.256395588476965
441,0.7333333332601988,1.258018234171019
442,0.7374233130053265,1.252434515124206
443,0.7431492843267132,1.2533112786298881
444,0.7319018403932849,1.2604129442651824
445,0.7435582822573453,1.2413753604596378
446,0.7437627812836067,1.2413647646309165
447,0.7333333334064679,1.241952957258634
448,0.7370143149771817,1.246201664489715
449,0.7443762780454749,1.230381673196586
450,0.7480572596161887,1.2322461870306596
451,0.7364008180690446,1.2435787218480023
452,0.7415132923604033,1.2292753911944743
453,0.7364008178983973,1.2377566357087992
454,0.7382413088909687,1.2328329329597925
455,0.731901840417663,1.238965771437179
456,0.7472392637305465,1.2245427472947321
457,0.7468302659218052,1.2241519175667948
458,0.7406952965478956,1.2247872572003697
459,0.7476482616611785,1.2189122945984447
460,0.7480572597624577,1.218093885722092
461,0.7423312882948019,1.2244383143501048
462,0.7464212679667951,1.214059454873052
463,0.7484662577418462,1.2103022158999142
464,0.7474437628543207,1.2128729044050284
465,0.751533742282532,1.2059720643946485
466,0.751533742282532,1.2024542023067826
467,0.739059304776611,1.208724836094004
468,0.7445807770473581,1.206078855732955
469,0.7558282208832738,1.2000828013585876
470,0.7437627812592286,1.207455746674099
471,0.7447852761467542,1.2079412522735284
472,0.7390593046059638,1.1990157691003842
473,0.7517382411869026,1.196357374396061
474,0.7486707567437295,1.195852628417298
475,0.7515337423556665,1.1960012608510584
476,0.7460122698411376,1.1969852166673156
477,0.7458077708636325,1.1908301844918654
478,0.7635991818821991,1.1821330948110007
479,0.7466257667980312,1.1857084870094659
480,0.7578732105364341,1.1812335638912177
481,0.7503067483931232,1.1835269827540422
482,0.7560327199095354,1.1812318448883867
483,0.7517382412600371,1.1802227592175722
484,0.7576687117295763,1.180263980814772
485,0.7601226994596376,1.1780426388625476
486,0.755214723999515,1.1809160104802294
487,0.7501022493912398,1.178788769415795
488,0.7505112473218719,1.1699622033320078
489,0.7488752557212346,1.1740748058798853
490,0.7533742331775907,1.1722082823575883
491,0.7537832311569791,1.1660407339380807
492,0.7554192228063727,1.1695615881547363
493,0.75869120664148,1.1654358348963452
494,0.7550102249001189,1.1635703678267622
495,0.7609406951990108,1.1549826106167034
496,0.7658486706835117,1.151582447444003
497,0.7631901840003233,1.1529342575794836
498,0.7560327199095354,1.1543386511032323
499,0.7543967279188472,1.156426809755571
