epoch,categorical_accuracy,loss
0,0.5323108384458077,4.072704065162955
1,0.5167689162773101,3.9833728684969474
2,0.5049079754357445,3.9097291986391345
3,0.5161554193204166,3.739797210108283
4,0.5094069529164789,3.619079203108337
5,0.515950920269777,3.5268143199460393
6,0.5206543966792601,3.43242100031098
7,0.5118609406952965,3.3868281122609396
8,0.5173824130635564,3.268232033442866
9,0.5089979550102249,3.2735367072871857
10,0.5175869121873306,3.1764231322976952
11,0.5151329244572692,3.1669688828396163
12,0.5096114520646312,3.085940041571307
13,0.5132924335622104,3.086478066590666
14,0.5229038854805726,3.0190978020002994
15,0.5214723926746041,2.9665055409530923
16,0.5122699386564012,2.9680880952222704
17,0.52719836400818,2.9092073086580617
18,0.5149284253578732,2.8884692302267
19,0.518200408997955,2.8602636596664084
20,0.516359918200409,2.8409441943061378
21,0.5202453989192752,2.7929904854858334
22,0.5120654396484234,2.8140264281953526
23,0.5171779141348076,2.7640807844134683
24,0.5182004090954677,2.750420545897845
25,0.5229038856268416,2.710310434758785
26,0.519836400964265,2.710300919955981
27,0.5251533743793979,2.6771034787768966
28,0.5288343559744899,2.6494525016207393
29,0.521676891761811,2.678492601078712
30,0.5290388548544823,2.630186987215756
31,0.5224948875255624,2.619863495602442
32,0.5200408997223664,2.6175157336369614
33,0.5302658486951348,2.586000308034854
34,0.5163599182247872,2.6188981375079945
35,0.527198364154449,2.5678688002510306
36,0.5226993866249584,2.569504654090585
37,0.5325153374233129,2.5683259505679517
38,0.5316973414889142,2.5268142443736883
39,0.5427402862741904,2.5149558014664914
40,0.5380368097915728,2.5162473733195987
41,0.5216768917130546,2.519032912849161
42,0.5222903884993009,2.5122252822166082
43,0.537014314879669,2.4900064112462394
44,0.5319018406370666,2.49321437779136
45,0.5331288343314501,2.4744356167097035
46,0.5361963190549722,2.46918505598431
47,0.536605317095306,2.461206715628657
48,0.5355828222321586,2.453275909306813
49,0.5284253579951015,2.4476181179467886
50,0.5314928426820564,2.4407527079123903
51,0.5229038854927617,2.455753362983282
52,0.5306748466379559,2.424175824026876
53,0.5274028631319542,2.4198414899088854
54,0.5417177913622866,2.4163297844323157
55,0.5370143149040472,2.4220076323043105
56,0.5378323109603367,2.3997197516856748
57,0.5386503068703572,2.394988412018446
58,0.541717791557312,2.3906913350696213
59,0.5304703476482617,2.3906848244384267
60,0.5366053169734152,2.370950466382235
61,0.5310838446173444,2.381118860030223
62,0.5345603273446331,2.3686748551444774
63,0.5466257668711656,2.3631124805575254
64,0.5498977505234365,2.3453364566303714
65,0.5368098160728111,2.3485968049562294
66,0.5464212680399296,2.3361979992599333
67,0.5480572598599704,2.3313691455162378
68,0.5370143150503163,2.3409734192557616
69,0.5517382413453608,2.3271656039302333
70,0.5486707566827841,2.316893303564965
71,0.5390593047278547,2.319433524418462
72,0.5388548057259713,2.3244637172402536
73,0.5419222904860608,2.3059392622887236
74,0.550715746433457,2.301797635813676
75,0.559918200555267,2.284571096697224
76,0.542740286371703,2.2982932661208637
77,0.5480572598355923,2.2863605893218932
78,0.5539877302076187,2.2885109724930217
79,0.561758691206544,2.2765118910978663
80,0.5411042944907167,2.2797103409874415
81,0.5505112474437628,2.2664884934883665
82,0.5427402862985685,2.271637924853522
83,0.5505112474437628,2.2576059074245833
84,0.5480572598355923,2.2591675765187706
85,0.5462167690624244,2.251002999366183
86,0.5621676893078232,2.239877174627074
87,0.552760736342588,2.2429739689778208
88,0.5488752557456128,2.238783893799733
89,0.5519427402862985,2.2273401728436992
90,0.5560327198364008,2.2199312696671436
91,0.5523517383875779,2.216562763849894
92,0.552556237231003,2.219127995446172
93,0.5472392639255719,2.2152176041788363
94,0.5586912065195891,2.1999520604108254
95,0.5541922291607457,2.200125398518849
96,0.547034764850554,2.1963716528410804
97,0.5601226993377467,2.190034152247423
98,0.5533742331288344,2.192375903041816
99,0.5625766872628335,2.1799916582361076
100,0.5615541922412279,2.1707490527069155
101,0.5715746421999239,2.172149963222886
102,0.5670756647191896,2.165832346641213
103,0.5562372189114186,2.167318305696203
104,0.5445807770473582,2.1714180713294717
105,0.5625766871287535,2.1583661985299827
106,0.5523517382900651,2.156764592812349
107,0.5558282208588957,2.148360849840753
108,0.5672801636966948,2.1461248509966766
109,0.5623721881146811,2.141911674569721
110,0.5582822085645789,2.129303408351656
111,0.5664621677866742,2.128269802670781
112,0.5701431492598754,2.122080817349362
113,0.5748466257912493,2.1120655719000383
114,0.5711656441717792,2.1178145333545584
115,0.5685071574398345,2.1066841374145695
116,0.5750511246956199,2.100004126640429
117,0.5652351739460217,2.1037913783683857
118,0.5693251534717458,2.0919805775390814
119,0.5676891615054359,2.091334275624016
120,0.5738241310256147,2.0779979014445424
121,0.5664621677013506,2.0873221304762826
122,0.5781186093825748,2.074640171952043
123,0.5664621678110524,2.0722518628360302
124,0.5728016361137109,2.0629176189563028
125,0.59079754601227,2.051868321607937
126,0.5680981596310933,2.061248418792381
127,0.5791411042944785,2.0551787412483513
128,0.5848670757621344,2.0452400817949106
129,0.561758691218733,2.053328853638382
130,0.5756646218231607,2.0431053009501263
131,0.5746421269356351,2.039418230563829
132,0.5856850715868313,2.030553095764909
133,0.5885480572353355,2.0231048169555352
134,0.5783231083600799,2.0318601062205186
135,0.5764826175625339,2.0177076529871467
136,0.5742331289562467,2.018165092721795
137,0.587730061447206,2.00486642519633
138,0.5695296523029819,2.01106980427155
139,0.5957055216186617,1.9961020484292433
140,0.5871165645390688,1.991874647823092
141,0.5850715747640177,1.9930656939684004
142,0.5809815951042137,1.9903421713043088
143,0.577914110575717,1.9854097864622962
144,0.5869120654396728,1.9818271715460622
145,0.5979550103468397,1.9693106943356722
146,0.576891615639435,1.9741047265339482
147,0.5875255624940791,1.964104858302875
148,0.5869120655859419,1.9642888652278845
149,0.5934560326954582,1.9546064168153852
150,0.6044989774563562,1.9477914871613673
151,0.5971370142905502,1.9444507895315595
152,0.5934560326954582,1.9405440538207446
153,0.5932515337545203,1.937853790304656
154,0.6026584868538355,1.932997135150652
155,0.5830265849889665,1.936385105090151
156,0.5903885480328815,1.9327897818785746
157,0.5993865029943501,1.922009302843324
158,0.592024539804166,1.9237808686336368
159,0.5963190185267989,1.9148193462738474
160,0.5999999999756218,1.9095765122119146
161,0.6024539877300613,1.9045066512679274
162,0.5928425357385647,1.9027977565558654
163,0.5987730062812384,1.9007246482591686
164,0.5867075664377895,1.8996213913451432
165,0.6077709612914634,1.8827874341137814
166,0.5928425359335902,1.8846788968045287
167,0.6061349693982879,1.8820078782996272
168,0.5869120653909164,1.8815104784897256
169,0.5963190185511771,1.8781649714354844
170,0.6038854804994626,1.8744518589632155
171,0.6008179958856422,1.8680658427240415
172,0.6036809816926048,1.8582688790888875
173,0.605725971492034,1.856150058247073
174,0.5875255623234318,1.862534963913978
175,0.5959100205474105,1.8548893481919615
176,0.589161554192229,1.8487398607843004
177,0.5999999999268655,1.843122713599956
178,0.6077709610964379,1.8410851216267468
179,0.5961145194030247,1.8366466714316838
180,0.6006134969568935,1.832456121220423
181,0.5989775052343653,1.8249442947910364
182,0.6018404907244115,1.8216562905925915
183,0.6134969325275265,1.8167734327491807
184,0.6034764827394778,1.8185929159445264
185,0.6032719837619727,1.8094221924955372
186,0.611247443738403,1.8014537408064235
187,0.6061349694714224,1.8065717035519808
188,0.6137014316391116,1.793935738458224
189,0.6020449897262947,1.7954539969898684
190,0.5985685071574642,1.7925084742056567
191,0.6073619633364531,1.7894969006013772
192,0.6151329243110002,1.7793639923653475
193,0.6089979551321159,1.7825806381756055
194,0.6071574643101917,1.7831997634443038
195,0.612474437640001,1.7746639330206717
196,0.6036809817413611,1.7691034750460604
197,0.6044989776270033,1.7649290125306643
198,0.62065439667926,1.7631325420426445
199,0.6175869120166834,1.7525576825522207
200,0.6196319018161126,1.748813568058677
201,0.6151329243110002,1.746952985742097
202,0.6306748467476577,1.7401657653001188
203,0.607770961242707,1.7459177739781104
204,0.6218813906174252,1.7364845614735578
205,0.6200408999173919,1.7341064931912413
206,0.598773006086213,1.7355906370471104
207,0.6177914110429448,1.7293504741781816
208,0.6212678937580444,1.7243405541515546
209,0.6208588958517905,1.7216505066748777
210,0.6128834356803348,1.7186707992982766
211,0.6083844581996005,1.7159528768867072
212,0.6177914111160793,1.7128133830848646
213,0.6243353783231084,1.7002286366889814
214,0.618200409144224,1.7018257716438279
215,0.6130879345603272,1.7028539616149871
216,0.6122699386259286,1.6949067857855424
217,0.6222903885602463,1.6898929993311564
218,0.6143149285472488,1.6949961633038666
219,0.613087934535949,1.687550785400141
220,0.6104294478283826,1.6896118656014127
221,0.6310838445929662,1.6774251953468244
222,0.6149284255041423,1.6787983591083613
223,0.625971370094393,1.6696954137708513
224,0.6206543967280164,1.6702944547852123
225,0.6167689162773101,1.6675303711725402
226,0.6188139059060922,1.6632302975605846
227,0.6208588958030342,1.6608676067890564
228,0.6261758691328435,1.661156615255313
229,0.6398773005891187,1.6480382072413626
230,0.6261758692181671,1.6488003001378846
231,0.6237218814881058,1.64829945096209
232,0.625766871141266,1.6409278834036767
233,0.6261758691206544,1.6371937531391292
234,0.6302658486220003,1.6325370342453565
235,0.6282208587981928,1.6325629926654215
236,0.6353783232302753,1.6276971545443701
237,0.6255623721150045,1.6284651298952004
238,0.6198364009155086,1.6243454939017266
239,0.6269938651525657,1.6209801225818252
240,0.6233128834112046,1.6209989232763435
241,0.6282208590175964,1.6143203590545185
242,0.629243353905122,1.6093766433817234
243,0.6259713701187711,1.6068443750798824
244,0.6212678935873972,1.605688846184432
245,0.6351738242040139,1.599175262061121
246,0.6239263805143672,1.600513293162933
247,0.623312883313692,1.5988460487627056
248,0.6323108385920768,1.589258210059324
249,0.6388548057991059,1.5843953751347548
250,0.6382413089153469,1.5826050315166544
251,0.6280163599182004,1.5851231601828202
252,0.6386503068703572,1.5795049893100326
253,0.6274028629369287,1.5807651263804523
254,0.6353783232058972,1.5790296443888503
255,0.637218813979065,1.5669738744177946
256,0.6300613496932516,1.569965354016466
257,0.6316973416351833,1.5610586328740501
258,0.6368098159021639,1.5586682076834462
259,0.6349693252752652,1.5545052499615097
260,0.6286298567775812,1.558280611038208
261,0.6337423312639654,1.5538287522602667
262,0.6388548058478623,1.5456828916487275
263,0.6417177915085557,1.542065503017059
264,0.6415132923604033,1.5468408084354517
265,0.6390593048253673,1.5398257212648607
266,0.636605317095306,1.5367099887754287
267,0.6331288344533409,1.5326847943304018
268,0.6388548057015931,1.5350235512895332
269,0.6349693252508869,1.5285190765599288
270,0.6337423313005327,1.5277030839022927
271,0.6267893661750606,1.5266655225207713
272,0.6343558282208589,1.525654881668481
273,0.6443762782648784,1.512865382079454
274,0.6439672802611119,1.5164346992360058
275,0.6386503066997099,1.5099262688057555
276,0.6376278119828316,1.509265315069499
277,0.6361963189696486,1.5074296504685727
278,0.6513292433659723,1.4958456185697777
279,0.6443762782161221,1.500066495721813
280,0.6417177913379084,1.4998797368905783
281,0.6505112473706283,1.4945784307940118
282,0.6406952966210301,1.491429501125905
283,0.6402862985928853,1.491738401405163
284,0.6427402862010558,1.485385819544334
285,0.6482617588374756,1.4818715147201758
286,0.6449897751973939,1.4751460707260786
287,0.6419222904373044,1.477636229333702
288,0.6384458078684738,1.4810356398545403
289,0.6519427402619203,1.4679414259144135
290,0.6480572598599705,1.4677327491023058
291,0.6458077709611452,1.46854353443489
292,0.6433537831823275,1.467277205404816
293,0.6382413089153469,1.4642849705701957
294,0.6419222903885481,1.4609597821908495
295,0.6509202453256385,1.4516547185511677
296,0.6390593046547202,1.4570002756723353
297,0.6521472391906692,1.4493538966208148
298,0.64948875265375,1.447670587879017
299,0.6476482619049603,1.4456356926198386
300,0.6501022494399962,1.4449680243045517
301,0.6578732105851904,1.4383715573507827
302,0.6490797545524707,1.439771690495419
303,0.6492842535543539,1.4394502804079425
304,0.656850715843934,1.4318196061686261
305,0.6374233129565701,1.4384953022978302
306,0.6621676891127979,1.4258000334347685
307,0.6582822085645789,1.4263541192852403
308,0.6484662577662244,1.4244817129185838
309,0.6523517383144434,1.4165169572537661
310,0.6507157465187806,1.4210873000704682
311,0.6515337422581539,1.418052802787968
312,0.661349693154021,1.4072532535330649
313,0.6537832310594665,1.4091336442405218
314,0.6472392637305464,1.410712216090571
315,0.662167689137176,1.402120033899943
316,0.6574642126789366,1.4011141118827772
317,0.6486707567681077,1.4017088779398756
318,0.6411042944053931,1.4041355151096493
319,0.660531697439026,1.397176339777457
320,0.6578732107558377,1.3907714296216127
321,0.6562372187651496,1.3902387599516013
322,0.6513292432806487,1.3900547487360324
323,0.6525562373163266,1.3816109176062368
324,0.6541922289900984,1.383596943443782
325,0.6556237219545251,1.3828080561507212
326,0.6613496932637228,1.380684612572559
327,0.66032719833963,1.3766671339183254
328,0.6546012271401341,1.3761155057782288
329,0.6607361963312075,1.3782336626559923
330,0.6525562371456793,1.373949917011222
331,0.6537832311569791,1.3702101030232716
332,0.6570552148214391,1.3630530604555562
333,0.6503067485637704,1.3618837147402618
334,0.64948875265375,1.3633255695760371
335,0.6617586911577876,1.3638153899666723
336,0.6546012269207305,1.3599257027444664
337,0.6521472393613164,1.357067125852854
338,0.653169734248842,1.3592001319175362
339,0.6496932514606077,1.355335461922706
340,0.6648261759666334,1.3444554347933435
341,0.6678936606292101,1.3432102084403632
342,0.6570552146264137,1.3444719300923416
343,0.6593047035496171,1.3435197196855135
344,0.653374233226347,1.34660601372124
345,0.66196319030594,1.337084585318536
346,0.6633946829534504,1.333797050497527
347,0.6588957056189851,1.3383539060873488
348,0.662576687067808,1.328278310898623
349,0.6525562373163266,1.3371053295876594
350,0.653374233080078,1.3289924754686882
351,0.6570552146507919,1.3273280031110612
352,0.6638036810547296,1.3253733106917398
353,0.6615541923509297,1.3232987451650857
354,0.6640081798615874,1.3207935436615428
355,0.6693251534473676,1.3139598179936165
356,0.6627811860696914,1.3124804506516408
357,0.6574642125570457,1.3097393497123797
358,0.6611451943959196,1.3131519588224727
359,0.6609406953087126,1.3133072979854903
360,0.6719836400086651,1.299200761050047
361,0.6609406952477671,1.3006638354319005
362,0.6695296523273601,1.2965923741795047
363,0.6711656442449137,1.3001469707196476
364,0.6658486707078899,1.2976793379871392
365,0.664621676818481,1.2972193948086541
366,0.6709611452917867,1.2918599683082908
367,0.670756646363038,1.289316928508579
368,0.6586912065561563,1.2920939844810158
369,0.6566462168664289,1.2915710192272756
370,0.6760736195587673,1.2839222407292248
371,0.6711656442692918,1.2809364699634793
372,0.6670756647191896,1.2836833282482405
373,0.6762781186825415,1.2746082699371992
374,0.6619631901109145,1.2818182779479856
375,0.6689161554923574,1.2752135669283096
376,0.675869120556884,1.2683783339576487
377,0.6689161553704666,1.2669171808687456
378,0.6707566461436344,1.271091366643067
379,0.6805725972101488,1.265068398467846
380,0.6687116563929615,1.2661187887679337
381,0.6572597137989442,1.2679382984379806
382,0.6654396728991487,1.2633662769887102
383,0.6730061348718125,1.2587722725175885
384,0.6670756646216769,1.2584647621357612
385,0.6654396727772578,1.2569191137949625
386,0.6689161553460884,1.2570967149149421
387,0.6697341514267561,1.255599910106152
388,0.6746421267162315,1.2530514930167325
389,0.680572597234527,1.2459587119595892
390,0.669938650233614,1.2490347232799102
391,0.6791411044163694,1.241729442132275
392,0.6783231083357018,1.2425374911606677
393,0.6717791410555382,1.2403641533022765
394,0.6670756645241642,1.2426525760038254
395,0.6793456032232272,1.2379044788259181
396,0.6752556238437722,1.2366745922463072
397,0.690388548106016,1.2282495859941822
398,0.6815950919270272,1.2327233418365198
399,0.6811860941426642,1.2210336949927676
400,0.6811860939476387,1.2261880742504065
401,0.6695296522786037,1.2256950255551953
402,0.680368098135131,1.2200278054473346
403,0.6615541921802826,1.232738365083628
404,0.6779141103806915,1.2192732884108655
405,0.6871165644903124,1.2159632595526417
406,0.6705521472880202,1.2181256038279622
407,0.6728016360893327,1.218998342252704
408,0.6797546011782375,1.2143990869658612
409,0.6740286297837161,1.215527490847925
410,0.684662576613982,1.2088792682425376
411,0.6746421269112569,1.2094630393026309
412,0.6801635992551386,1.208899520755058
413,0.680572597234527,1.2058638092930332
414,0.6885480572109574,1.2002612133942743
415,0.6844580776608551,1.1981008202995502
416,0.6811860941426642,1.2023456600789888
417,0.6854805727434061,1.193807381793765
418,0.683640081799591,1.2004252578095669
419,0.6779141105269606,1.1959076623975133
420,0.6807770960657631,1.1981129584380699
421,0.6885480574059828,1.1890438729268642
422,0.6875255622990536,1.1877126511376817
423,0.6766871166375518,1.1892933182433583
424,0.6834355828952204,1.1882293931301873
425,0.6846625768333856,1.1827207181107535
426,0.6760736196319018,1.1858484200904706
427,0.6930470346916916,1.1786908322316738
428,0.6797546013245066,1.180777425073651
429,0.6783231084575926,1.1827288369215827
430,0.6862985684340229,1.1811043930931326
431,0.6918200408022828,1.1741685554293768
432,0.6854805726946497,1.1726457434441657
433,0.6830265849402102,1.1743535401143423
434,0.6785276074594759,1.1700277991577648
435,0.6905930469616303,1.1660676996644532
436,0.6858895706252818,1.1689451117213274
437,0.6867075665596803,1.1673044419727443
438,0.679959100350768,1.1641061921792528
439,0.6862985684584011,1.161910214697169
440,0.6838445806795834,1.159912509420898
441,0.6873210633459267,1.1628825038001094
442,0.6762781185118942,1.1616176068904698
443,0.6858895706984163,1.1586436096144601
444,0.6867075665840586,1.1561098136297276
445,0.6903885479841252,1.152851347640492
446,0.6957055215455271,1.154871987906458
447,0.6852760737171446,1.1513914451033547
448,0.7049079755820136,1.1479651155647326
449,0.6946830265117325,1.145087727886036
450,0.6950920245886336,1.1417884029981304
451,0.6850715746421268,1.14881123652975
452,0.68916155431412,1.1435886504459967
453,0.6846625765896038,1.1422422170639037
454,0.6824130879101822,1.146174285406959
455,0.6920245399991916,1.1366634238717015
456,0.694069529554839,1.1398259358903382
457,0.6993865029943501,1.1328669791816446
458,0.6893660531209778,1.1407040509221988
459,0.6916155418247777,1.1329350596800416
460,0.6873210634678175,1.1321572744529427
461,0.6901840491528891,1.1308265171655605
462,0.6938650306017121,1.1312605778863825
463,0.6865030674359062,1.1278602102782829
464,0.694274028654235,1.1233146039498607
465,0.692842535909212,1.124694895646811
466,0.6891615541434727,1.1242617348708015
467,0.6926380367610596,1.123500561372878
468,0.6916155420441813,1.1176034065843359
469,0.7044989774075998,1.1099735410666904
470,0.6920245399504351,1.1211446755259071
471,0.6914110429447853,1.1188701079179417
472,0.6936605318192324,1.1112993327630323
473,0.6928425356898084,1.113528310301845
474,0.7040899795988586,1.1104499351758899
475,0.6914110430910544,1.1096828926316555
476,0.6948875254648594,1.1083670586408525
477,0.6946830267311361,1.1068747838825779
478,0.696523517504304,1.1061511024131854
479,0.6928425357629429,1.1080263909630492
480,0.6928425356898084,1.1021103700489598
481,0.6995910019718552,1.1001457121718392
482,0.7018404907731678,1.1025669971614285
483,0.6914110428472726,1.1030517148093943
484,0.6965235173336567,1.0997801697327316
485,0.6963190184780426,1.0950807189161305
486,0.6936605318192324,1.098937182436204
487,0.6912065440647929,1.0957524320099252
488,0.7016359918931754,1.0924415111054184
489,0.7028629856850716,1.0885437758666119
490,0.7016359919419318,1.0968075317839172
491,0.6979550102737052,1.0885036784203261
492,0.705316973439511,1.0816718611492946
493,0.7034764826907215,1.083530807885168
494,0.7081799590514481,1.0800345434976746
495,0.7065439673776763,1.0847381172492216
496,0.6903885479109907,1.084899721213889
497,0.6973415133899462,1.0835351347191933
498,0.699182004163114,1.0837540865432023
499,0.69836400830185,1.0802549058918085
