epoch,categorical_accuracy,loss
0,0.45848670757865123,5.804199993390979
1,0.4875255624087554,5.139777915658152
2,0.4961145195249156,4.864451747340415
3,0.5024539878763304,4.6665299936306255
4,0.5073619632389404,4.5282559246617105
5,0.5087934560814762,4.454216981080412
6,0.5218813906052361,4.322670867545473
7,0.5182004090345222,4.274584230567292
8,0.506952965271741,4.203784772174734
9,0.5161554192229039,4.144626643565047
10,0.5212678937214772,4.119194454551962
11,0.5261758692425453,4.06225151040559
12,0.523517382559357,4.00820525019203
13,0.5276073619144338,3.9830425302431385
14,0.5261758692669235,3.9761288722843724
15,0.5286298568750939,3.9288544531980176
16,0.5249488752800019,3.9181026443138203
17,0.5269938650306748,3.8852108842268556
18,0.5335378323474057,3.8753070922960777
19,0.5413087934316545,3.8478211026494002
20,0.5269938650062966,3.835294518539023
21,0.5220858897168212,3.8163381262547156
22,0.5323108384214296,3.788815216540315
23,0.5274028629613069,3.7768629510953624
24,0.5396728017335045,3.7526888540186034
25,0.5265848671975555,3.752327707403764
26,0.5306748466257669,3.7411885139644756
27,0.5316973416595615,3.712361692650918
28,0.5335378323230275,3.7000545649928305
29,0.5404907976922814,3.694939158055436
30,0.5419222904129263,3.6693989452408866
31,0.5496932516800114,3.6565572568000215
32,0.5482617587155847,3.6595187880510203
33,0.5607361962946402,3.631387735632056
34,0.556237218960175,3.625381965091136
35,0.5576687117783327,3.6064728926052103
36,0.5631901839515671,3.5968362575172157
37,0.5507157464944025,3.5907416309559514
38,0.5494887526781281,3.5860983794939787
39,0.5627811860453131,3.5623738677955115
40,0.5635991820406573,3.5561818989751774
41,0.5656441717547629,3.5364952856777636
42,0.5738241308793456,3.5280609536512255
43,0.5693251534717458,3.5189821293992742
44,0.5762781186215961,3.511223891615136
45,0.5701431494305227,3.4972793458185802
46,0.583844580898987,3.4688483586340593
47,0.5764826175625339,3.468375992726207
48,0.5775051125963285,3.460624865081413
49,0.5858895705521472,3.4395193336931476
50,0.5826175869120654,3.436206629914984
51,0.5993865030187283,3.4046526181429684
52,0.587116564563447,3.402382351089353
53,0.5967280164574309,3.393635539189438
54,0.5912065440038474,3.3819037717300446
55,0.5981595092146431,3.3682852561732255
56,0.6010224948143911,3.3531570626670355
57,0.6094069529164788,3.3357238755879473
58,0.6083844580777096,3.319278437667098
59,0.6116564416446568,3.311275316406125
60,0.6153374234591525,3.301815156410077
61,0.6116564418640604,3.283156925330133
62,0.6079754601714558,3.276645167766173
63,0.6118609408171874,3.25654157831625
64,0.6202453987730061,3.2456917595034485
65,0.6214723925405241,3.234810895958805
66,0.6253578731618776,3.2186943532011503
67,0.6274028630831978,3.2015564893164763
68,0.6257668712631569,3.184072937702109
69,0.6222903884993009,3.17574160493956
70,0.6280163600157131,3.163669415436883
71,0.6249488753531365,3.1506125174173305
72,0.6249488754018928,3.1352468449645245
73,0.6341513291945974,3.127317858229873
74,0.6345603272958767,3.114162648479875
75,0.6382413088422124,3.095962942451056
76,0.6378323107653113,3.07837936200491
77,0.6429447852882627,3.0656259270533464
78,0.6441717791167261,3.050014953574276
79,0.6433537833285966,3.037592777494029
80,0.6521472393613164,3.0235745822968902
81,0.6476482617830693,3.013595813232453
82,0.6523517383388215,2.997811095699942
83,0.658691206495211,2.979411822496504
84,0.6474437627080516,2.9732990360455034
85,0.664621676818481,2.9552848622842802
86,0.6607361964409093,2.942209184681711
87,0.6562372188870405,2.927464550306948
88,0.6607361963312075,2.9145249238043474
89,0.670756646363038,2.898925028354356
90,0.6623721882365721,2.8925006702633724
91,0.6740286299299852,2.8726151866171743
92,0.6672801635260475,2.8576012709876997
93,0.6601226993986922,2.8556158515329497
94,0.6701431493573881,2.8408036756613018
95,0.6750511246712417,2.827877704448739
96,0.6811860941426642,2.812620433659154
97,0.6824130880076948,2.797529093229454
98,0.6830265850133447,2.78566808573795
99,0.6840490796814667,2.777792864294384
100,0.6822085890545679,2.7639523390124423
101,0.6850715745933704,2.7561919317655037
102,0.6891615542897418,2.734116070597206
103,0.6850715745689923,2.7276850481949944
104,0.6807770961632758,2.7132954483383274
105,0.6852760737415228,2.7038777580534266
106,0.6848670756158654,2.688547460774459
107,0.6899795502241404,2.672259532698337
108,0.694887525537994,2.6612864367557205
109,0.7004089978331194,2.6490825104079607
110,0.6916155418491559,2.643875349469955
111,0.6881390594022162,2.631806006265808
112,0.7006134969081371,2.619725445491892
113,0.7057259712726305,2.5963279031780844
114,0.7006134970056499,2.5958516094582214
115,0.7161554191497693,2.574003926864187
116,0.7110429448827887,2.566072158676959
117,0.7116564416934132,2.5538483844944304
118,0.7089979550833595,2.5488778176726985
119,0.7186094069529653,2.5284440753406296
120,0.708179959173339,2.523203659252643
121,0.7147239264778809,2.506992417708009
122,0.7120654397459362,2.495835283685072
123,0.7255623721150045,2.4895865422816366
124,0.71901840498111,2.479198245573141
125,0.7265848671731774,2.4605928582891607
126,0.7214723925892804,2.452376976773783
127,0.7274028629125505,2.442153092834847
128,0.7271983639350454,2.4316120588462535
129,0.7323108383726732,2.416843373351302
130,0.7376278119340752,2.4088509739054738
131,0.7267893661263043,2.4027044135368674
132,0.7319018403689067,2.3916089705406764
133,0.727402863107576,2.380024248544424
134,0.7355828219883769,2.3701665927052256
135,0.7411042944297712,2.356933421152501
136,0.7388548057991059,2.3446495385745307
137,0.7486707566949731,2.3274547327271757
138,0.7408997956229134,2.3302889090617986
139,0.7478527606386836,2.3166875695889715
140,0.7509202453256385,2.3008994923535058
141,0.7470347647530413,2.2981434199951423
142,0.7513292432318923,2.2860057172599744
143,0.7546012269207305,2.2748769021960613
144,0.750306748368745,2.2704569955057408
145,0.7599182002871071,2.252965547604551
146,0.7535787320575831,2.246163357693725
147,0.7593047033545918,2.238861302607874
148,0.7633946829534504,2.223727978470379
149,0.7560327199582917,2.2168650074239156
150,0.7691206542992153,2.2018349802567183
151,0.7711656441961573,2.1905063118183783
152,0.767075664499786,2.1841681004545683
153,0.7656441718278975,2.1818363874236497
154,0.769938650233614,2.1676277421978596
155,0.7768916154444095,2.1550421461249667
156,0.7625766869946735,2.153021730430775
157,0.766053169831664,2.143887480246265
158,0.7687116564904741,2.1336601555713117
159,0.7809815951651591,2.122789495659265
160,0.7734151329974699,2.1143985738539746
161,0.7762781185362724,2.108879093938566
162,0.7752556237950159,2.0986989585899867
163,0.7805725971857707,2.0929593715199664
164,0.7764826174650212,2.0789145987458024
165,0.7830265849402102,2.0736990546400076
166,0.7838445807283397,2.0647107762061747
167,0.7940695295792172,2.0506238402033143
168,0.789979550175384,2.0344915326631385
169,0.7873210634678176,2.0376814461924546
170,0.789366053145356,2.0298980546143888
171,0.7944785275829838,2.013455121014991
172,0.7871165644659343,2.005288447534136
173,0.7930470346673134,2.002995078744089
174,0.7867075665353023,1.9976515466693965
175,0.7918200408022827,1.9864733898810327
176,0.800613497030028,1.9800565627942543
177,0.8006134969812717,1.963600982186253
178,0.8034764825444524,1.9531061917482466
179,0.804907975508879,1.9530281327253471
180,0.8042944785763637,1.942191089247877
181,0.8116564417421696,1.9276182811928186
182,0.8071574641395444,1.9269177840531237
183,0.806339468229524,1.9231810302578354
184,0.8120654397459361,1.9074569673869752
185,0.8149284253822514,1.9012301725843932
186,0.8096114518452275,1.8935582309656591
187,0.8132924335622105,1.8845713195137694
188,0.806748466306425,1.8839579795767194
189,0.8194274028142293,1.866391507150693
190,0.8204498976773767,1.8680056165820007
191,0.8198364007448614,1.8588302357796511
192,0.8137014313953298,1.8509478167765954
193,0.8116564415959006,1.8513271582394777
194,0.8153374232397489,1.8390147515844957
195,0.8261758692181671,1.8207415962511777
196,0.8302658485488658,1.8199085066898713
197,0.8255623722612736,1.8081496573177096
198,0.8280163599669568,1.8056883773920727
199,0.8261758691694108,1.7981011777323936
200,0.833946830314605,1.786784881706862
201,0.830470347550749,1.7839060090558416
202,0.837832310862824,1.7770009555212072
203,0.8339468302902269,1.769828442025526
204,0.8402862984709945,1.7569294061641263
205,0.8331288344045846,1.7579808712005616
206,0.837627811909697,1.746070303653647
207,0.8364008178496409,1.7446822004571771
208,0.8370143148309126,1.7319943370994615
209,0.8382413088422124,1.7272645535400797
210,0.8380368097184382,1.7226679500139077
211,0.8347648260783564,1.7265616921559432
212,0.8335378323839729,1.7085650135890593
213,0.852351738265687,1.6881228097377379
214,0.8421267894148096,1.6962570218708373
215,0.844989774953612,1.6926952120716587
216,0.8494887524587245,1.680797201285333
217,0.8531697340538166,1.6705394703917709
218,0.8509202454475293,1.6687727264100056
219,0.8584867076152185,1.6564448025085199
220,0.849284253432463,1.65739717717551
221,0.8511247442787654,1.6521944615007178
222,0.8584867074689495,1.6440730386472675
223,0.854192229063233,1.6338627813296327
224,0.8593047033302136,1.6334798673423034
225,0.8595092023808532,1.6265224929723758
226,0.8599182002871071,1.6197516748510254
227,0.8658486708054026,1.6091637953171214
228,0.8660531697829077,1.5997646279130244
229,0.8642126789609835,1.5958337792102057
230,0.8631901841222143,1.594587186947922
231,0.8638036809084606,1.5947173049844847
232,0.866666666715423,1.576999793072176
233,0.8687116565148523,1.5770513760287825
234,0.8713701430273934,1.5709872835252914
235,0.868916155419223,1.5631829035062732
236,0.8754601225774956,1.5556965626090582
237,0.8746421268137442,1.545055455079108
238,0.8766871164181481,1.5370597167492888
239,0.8687116563198269,1.54521852139315
240,0.8803680982326437,1.5327775613418142
241,0.8697341513536215,1.529323558914637
242,0.8813905929251439,1.5184778557233285
243,0.8809815951164027,1.5154292351872887
244,0.8789366053413515,1.510350073383386
245,0.8773006135213107,1.5094295555340975
246,0.8803680980376183,1.5002411697052251
247,0.8860940695540306,1.4963033152016638
248,0.8789366051950825,1.4900663881945464
249,0.8846625767114947,1.483661628013252
250,0.8879345603759548,1.4761561523917262
251,0.8854805726215151,1.471837902507899
252,0.8830265847451848,1.4689693672769153
253,0.8887525560909497,1.4574734812133883
254,0.892842535641052,1.4577847603639942
255,0.8858895704058781,1.4565571316424566
256,0.8942740286786132,1.4457968142378794
257,0.8977505112718219,1.4324555819263731
258,0.8873210634190613,1.4362596080834635
259,0.8938650305529557,1.4284654967867767
260,0.89836400803369,1.4252298734426987
261,0.8930470346429353,1.422234864078904
262,0.8987730061837257,1.4150488826638594
263,0.9014314927694013,1.4092802445581354
264,0.8981595090561849,1.4040277092490947
265,0.8995910019230989,1.4019430081537165
266,0.90163599169815,1.3890920133434679
267,0.9069529652839302,1.384969864593693
268,0.9032719834938128,1.3859505576346305
269,0.9065439671338945,1.3776022029069304
270,0.8959100203036287,1.3793582524258665
271,0.901226993913787,1.3777117347424748
272,0.9063394681807676,1.3641507528067123
273,0.8993865029212156,1.364495193738879
274,0.9098159509446235,1.357792282494543
275,0.9008179958125078,1.3573647502497417
276,0.9118609405734056,1.3398035644266015
277,0.8993865030918629,1.3463635446591367
278,0.9063394681807676,1.3378611133142484
279,0.9067484661113997,1.3343630463555303
280,0.9044989773832216,1.3303585211923517
281,0.9089979549127123,1.3301969614984555
282,0.9094069529896134,1.320305246419458
283,0.9110429448340325,1.3161338670122111
284,0.9085889570795929,1.316190817312229
285,0.9151329242134875,1.303313394655723
286,0.9106339466839968,1.3056808272266194
287,0.9112474436408903,1.2966770367632128
288,0.9108384457102583,1.2947157450736422
289,0.9218813904711561,1.2860588080556359
290,0.9188139059548486,1.2806171253414973
291,0.9112474437871594,1.2852577372806449
292,0.915950920269777,1.2781441229252728
293,0.912269938674685,1.2761045997615728
294,0.9245398771787227,1.2664735273837069
295,0.9218813906174252,1.2588559841085796
296,0.9241308791993342,1.2533031548459106
297,0.9137014313465734,1.2599661999197338
298,0.9206543965817473,1.2473040216051972
299,0.9243353782012175,1.2475403976830481
300,0.931083844434508,1.2295863002843408
301,0.9224948875743187,1.2394944632224023
302,0.9337423312883436,1.2271380964719931
303,0.9253578730887431,1.2266226120034123
304,0.9192229038854806,1.2299055693339715
305,0.9231083844824559,1.2295682477560999
306,0.9235173824374661,1.2175083478779394
307,0.9257668710437533,1.2122716408809513
308,0.9257668711656442,1.2143657110463866
309,0.9296523515919722,1.2106521343648555
310,0.9249488752800019,1.2043648826564017
311,0.9290388548301042,1.1992317223110083
312,0.9249488752556237,1.2049829097857017
313,0.9282208589200837,1.195193404751565
314,0.9316973415376706,1.1891227972775638
315,0.9282208589200837,1.1893255461944392
316,0.9312883435826604,1.1849434557136582
317,0.9327198364495743,1.1729521949354613
318,0.9261758691450326,1.1839490109913675
319,0.9312883434120132,1.164413926694047
320,0.9314928425601655,1.1643984682964645
321,0.9294478526144672,1.167225133275693
322,0.9341513292677319,1.154989947473101
323,0.9366053168515243,1.1498847942898367
324,0.9415132924335379,1.1491160844245083
325,0.9300613497663861,1.1510148823626933
326,0.9361963188721358,1.1465638487373149
327,0.9368098159752984,1.1397021761213588
328,0.9427402862985685,1.1318897148826614
329,0.9343558282208589,1.1335749615920834
330,0.9335378323595948,1.1327119670762607
331,0.9408997953547534,1.127090866824113
332,0.939877300613497,1.1195000131681165
333,0.9408997953547534,1.1165010297225297
334,0.9366053168515243,1.118461397527917
335,0.9370143149528035,1.1152092894162138
336,0.9380368098647073,1.1112203820351443
337,0.9404907973997432,1.1030010384284645
338,0.9413087933341419,1.0993269544925182
339,0.943762781039825,1.0951579659019268
340,0.9408997953547534,1.0935269309455389
341,0.9374233127371665,1.0972477467269741
342,0.9441717789948352,1.088750859759824
343,0.9386503067972226,1.0882623932356728
344,0.9404907974241213,1.0830396754122462
345,0.945398772859866,1.0762558757649365
346,0.943558282208589,1.074089993094618
347,0.93967280166037,1.0779058869874794
348,0.9439672801635992,1.0738084673150186
349,0.9427402863229467,1.0685633653999593
350,0.9478527605899273,1.0581511622801392
351,0.9478527607361963,1.062536927088638
352,0.9482617585449374,1.0611739287834714
353,0.9470347646799068,1.0573444977859778
354,0.9470347646799068,1.0502095838265917
355,0.9484662575224426,1.0475430865960618
356,0.9501022493424834,1.0450224154809744
357,0.9458077708148761,1.047010546812982
358,0.95276073605005,1.034524015926876
359,0.950102249561887,1.0326194342416244
360,0.9488752556237219,1.0371507177811214
361,0.9505112474437628,1.0271173242167217
362,0.9462167687698864,1.028980665704224
363,0.9515337421850193,1.0215863499173357
364,0.951124744230009,1.0195147309566568
365,0.9525562370725449,1.0164785595759291
366,0.9503067484662576,1.0137346118018185
367,0.950920245398773,1.013890224073562
368,0.9488752555018309,1.0098009296233912
369,0.9488752556481,1.0138691069889654
370,0.9523517380950397,1.0007112820455633
371,0.9554192229038855,0.9979811728853877
372,0.9560327198851571,0.992651622036971
373,0.9484662576930898,1.0059702970255129
374,0.9507157462749988,0.998210915490406
375,0.9558282208588957,0.9877901863954306
376,0.9527607361963191,0.9898077555229328
377,0.9513292432318924,0.9886143279709455
378,0.9539877300613497,0.9810041233318227
379,0.9582822085889571,0.9757267930024972
380,0.9529652352225805,0.9777625224341644
381,0.9519427402862985,0.9760157908642463
382,0.9517382413575498,0.9721627649841621
383,0.9535787321307176,0.9686509373729214
384,0.9519427402862985,0.9692606344544814
385,0.95603271971451,0.9662908505808356
386,0.9554192229282636,0.9638948241625827
387,0.9570552145776573,0.9588614348009807
388,0.9611451942740287,0.9527780993096912
389,0.9582822086133352,0.9552475788354386
390,0.9605316971952442,0.9473025137173862
391,0.9558282207370048,0.9532676350119655
392,0.9552147237801113,0.9481685846861154
393,0.9523517382413088,0.9465585838797633
394,0.9582822085889571,0.9429029299437635
395,0.9633946830753413,0.9357068529402064
396,0.9550102249488752,0.94173489665205
397,0.9580777094651829,0.9310235748261761
398,0.95276073605005,0.9322463431972667
399,0.9574642126789366,0.930665838401498
400,0.9580777096114519,0.9280427062194527
401,0.9595092023077186,0.9258553057116721
402,0.9648261758691207,0.9156304572988873
403,0.9621676891615542,0.9155879922195934
404,0.9644171779141104,0.9148621686153373
405,0.9603271983883863,0.9160653189647417
406,0.9619631902084272,0.9121919708505486
407,0.9617586910602749,0.9110288741398442
408,0.961554192253417,0.9087517356092457
409,0.961554192253417,0.9096898836592223
410,0.9623721880171684,0.90263154377479
411,0.9605316973658915,0.8987828979219152
412,0.9611451941521377,0.8965777547081555
413,0.9591002044989775,0.8965105126240502
414,0.9629856850715747,0.8897904913849626
415,0.9656441717791411,0.8876097353201946
416,0.9652351738241309,0.8864347831603209
417,0.96196319003778,0.8873247545677216
418,0.9631901840490797,0.8865944342866753
419,0.9656441716328721,0.8797352917111481
420,0.9648261758691207,0.8805867837981943
421,0.9605316973658915,0.8771984221988904
422,0.9611451941277596,0.8807814619048729
423,0.9650306747003567,0.8712060934195489
424,0.9697341513292433,0.8678583437435954
425,0.9621676890152852,0.869242638069184
426,0.9621676891615542,0.8709516843647557
427,0.9638036810059732,0.8680891935323157
428,0.9625766869702953,0.864177319730474
429,0.9635991818578209,0.8650537463053604
430,0.9668711656441717,0.8553613851650604
431,0.9656441716328721,0.8574699807995911
432,0.9666666665203976,0.8489303054009966
433,0.9683026583404385,0.8474209215012065
434,0.9674846624304181,0.8532760329773089
435,0.9642126789366053,0.84677417141772
436,0.9642126787903362,0.8482084270147702
437,0.9656441717791411,0.8446895195418828
438,0.9664621675428925,0.8436856660374834
439,0.9701431493086318,0.8359491936024469
440,0.9678936605316973,0.834998002642259
441,0.9646216767453465,0.8412946166436365
442,0.9658486707810244,0.8346638854783494
443,0.9685071574642127,0.8359761851453098
444,0.9701431492842536,0.8285578694567847
445,0.9658486707566463,0.8330790266425088
446,0.9709611452186522,0.8214123357780628
447,0.967280163599182,0.828476163751021
448,0.9683026583404385,0.8202626285377456
449,0.9676891614079232,0.819765599300525
450,0.9701431491379845,0.8162628915899858
451,0.9652351736778618,0.8170758012369854
452,0.9652351736778618,0.8164835975214016
453,0.9656441717791411,0.814264998089804
454,0.9687116564417177,0.8078269429002072
455,0.9695296522054692,0.8069932038798654
456,0.9674846625766871,0.8082877098173208
457,0.9738241308793456,0.80129179323134
458,0.9654396726553669,0.8071972770681166
459,0.9648261757228516,0.807229569499478
460,0.970961145048005,0.8008666625783487
461,0.9658486707810244,0.7993332033264613
462,0.9672801636235602,0.7969776064584104
463,0.9678936604098064,0.7970798535337233
464,0.9685071573179436,0.7959055355721456
465,0.9676891614079232,0.7930696796298271
466,0.97280163599182,0.789689249933863
467,0.9719836400817996,0.7854001514994537
468,0.9719836400817996,0.7844302448758318
469,0.9713701431736624,0.7814517676708401
470,0.9730061348474343,0.7737476035861149
471,0.9738241309037238,0.7756179014841715
472,0.9695296523517383,0.7799710174523492
473,0.9689161554192229,0.7757419722211872
474,0.9748466256206021,0.7680156176319395
475,0.970961145048005,0.7765662791295042
476,0.9654396728260142,0.7767577056748248
477,0.9764826176112903,0.765936556086706
478,0.9713701430030152,0.7683011584974262
479,0.9732106339468303,0.7647027436697166
480,0.9750511245981072,0.7607836171405691
481,0.9683026584867076,0.7652882872183631
482,0.9689161552729538,0.764996549005645
483,0.9721881389130357,0.7623997600288235
484,0.9740286298568507,0.7550553586341608
485,0.9719836400817996,0.7565570898582599
486,0.9736196317555714,0.7513240473402059
487,0.9725971370386931,0.7531653748943274
488,0.9773006133506634,0.7460842435101546
489,0.9719836399355305,0.7514851003092978
490,0.9740286298568507,0.7470593429050563
491,0.9721881390593047,0.7521347886458009
492,0.9717791411042945,0.7450436716186976
493,0.9742331288343559,0.7425877121328576
494,0.9721881389130357,0.7412508761468353
495,0.97280163599182,0.740919975659111
496,0.9740286298568507,0.7360799256034181
497,0.9719836399355305,0.7406870298102833
498,0.9750511247443763,0.7355112744742863
499,0.9721881390593047,0.729565862765829
