epoch,categorical_accuracy,loss
0,0.5591002044989775,5.312597158350096
1,0.5406952965357065,4.875513907785552
2,0.523517382413088,4.675898367641894
3,0.5173824130879345,4.502198674878704
4,0.5314928426820564,4.268569526399328
5,0.5218813906174252,4.134774156484624
6,0.5308793457251628,4.061717578482287
7,0.5319018405029866,3.953848019504352
8,0.5296523517626195,3.8603937958403356
9,0.5276073620850811,3.8206469621638823
10,0.5204498978724021,3.791507220902082
11,0.5282208590419746,3.691611332688595
12,0.5302658486220003,3.6654461173192123
13,0.5288343558404099,3.569993129780931
14,0.5345603271739858,3.5328705823738393
15,0.5271983640325582,3.489334688888737
16,0.5278118610869643,3.4841240575708494
17,0.5419222905348171,3.390367318564885
18,0.5392638037175489,3.360428660827668
19,0.5300613496932516,3.3826136712891435
20,0.5316973416351833,3.338355557416358
21,0.5390593047400437,3.284704002427177
22,0.5249488752678129,3.2984254600080245
23,0.5492842535787321,3.2206142166153295
24,0.5355828221834023,3.2260705836711487
25,0.5298568507523137,3.2134525891949552
26,0.5329243355245922,3.1665917899711
27,0.521267893563019,3.181164627718779
28,0.5433537832310839,3.129542103184269
29,0.5321063395658153,3.133074064196253
30,0.5314928426820564,3.117950010592221
31,0.5296523518845104,3.106233301630781
32,0.5314928426576782,3.085478534288933
33,0.5331288343558283,3.059211156314624
34,0.5400817996031911,3.039313732334441
35,0.5141104294966091,3.0555226560994404
36,0.5349693252996433,3.025079437852637
37,0.5419222904129263,3.0080069003660985
38,0.5368098159021639,3.0010824357561297
39,0.5323108384579969,2.9889799425207033
40,0.5220858895827413,2.988578295171383
41,0.5312883435339041,2.963381021300708
42,0.5425357873210634,2.955807312963443
43,0.5400817995666238,2.9485188660689903
44,0.5419222905104389,2.9373677746162334
45,0.5408997956229133,2.939832515755558
46,0.5384458078075284,2.9166831544084295
47,0.5429447853979645,2.9134495817079133
48,0.547034764972445,2.8889821753667664
49,0.547648261734313,2.889858029468903
50,0.5460122699752176,2.8820428354852283
51,0.5435582821842108,2.880069119213549
52,0.5406952965844628,2.864684623882083
53,0.5376278120072098,2.865711357452143
54,0.5456032719348837,2.845631973875081
55,0.5347648261880582,2.849913620022421
56,0.5431492843754696,2.8365766818781815
57,0.5484662576930899,2.821537318356442
58,0.5435582823304799,2.8188642788518425
59,0.5417177915329339,2.8189758997997134
60,0.538854805677215,2.811506410707969
61,0.5537832310594664,2.8007501249176836
62,0.5498977505112475,2.794528121402171
63,0.5470347648017977,2.7812475288328704
64,0.5468302658486708,2.775988396642642
65,0.5468302658608598,2.7704780610792477
66,0.5451942740651972,2.7692321795871164
67,0.5417177913866648,2.7689819884934064
68,0.5466257669930565,2.748069374107876
69,0.5513292433537832,2.7347413364363593
70,0.5519427402862985,2.7345283365932223
71,0.555214723877624,2.7296753819003428
72,0.5517382414550626,2.7206718602794813
73,0.5623721881146811,2.7064161927665915
74,0.5501022495253198,2.7090955506073184
75,0.5558282210051648,2.7003709275298324
76,0.561963190184049,2.690053252159696
77,0.5621676891615542,2.687893844674701
78,0.573619631974975,2.6731188835541895
79,0.5619631902815618,2.6729527740634538
80,0.5564417178036001,2.6650677013982293
81,0.5627811862403386,2.6530214567125943
82,0.5586912066902363,2.6468899737594076
83,0.5625766872628335,2.6462255626124596
84,0.557873210658325,2.6367963787968174
85,0.5546012270060541,2.62901025305984
86,0.5654396728382033,2.6278487829586723
87,0.5599182005308888,2.6178309544951395
88,0.5701431493086317,2.6069232187875695
89,0.5447852761955105,2.6089643218034615
90,0.5591002045233557,2.5983453342032092
91,0.5658486707322681,2.5893196394594655
92,0.5770961146656964,2.5758247768464506
93,0.5705521471905074,2.568371708407724
94,0.5838445808746088,2.56192591994818
95,0.5672801635260475,2.567085286005874
96,0.5672801636966948,2.556872082731719
97,0.5758691207153421,2.543118571942569
98,0.5736196320237313,2.544861190011896
99,0.5701431493086317,2.5273546230573594
100,0.5674846627229562,2.529537754897447
101,0.5721881391811956,2.5170145650095246
102,0.5758691207031531,2.504170297064908
103,0.5783231084088363,2.503105612425229
104,0.5803680981107529,2.4907211625502885
105,0.587730061325315,2.486709832755091
106,0.5828220858895705,2.478752278306489
107,0.5828220859017597,2.4726883413357723
108,0.5793456032232273,2.467803516270924
109,0.58425357868335,2.4594332071901097
110,0.5783231083113235,2.4596670452071114
111,0.5946830265604889,2.44282751297902
112,0.5903885480328815,2.4358924040765118
113,0.5903885480328815,2.4222424277986243
114,0.5830265848183193,2.422204912318286
115,0.5924335377835545,2.4167882264026104
116,0.5852760735221192,2.409143601068446
117,0.58364008194586,2.406367853180275
118,0.5901840492016455,2.391646026248581
119,0.5777096114763209,2.389235944494392
120,0.5875255623721881,2.3822506157654684
121,0.5905930470469539,2.371905890466733
122,0.5944785275829838,2.3691341484007418
123,0.6010224948875256,2.355466297262773
124,0.6006134969081371,2.345491828703929
125,0.6069529652351738,2.3371454676723675
126,0.603680981595092,2.3379169356847345
127,0.6012269938650306,2.3302978217236103
128,0.5993865031649974,2.323526751336876
129,0.6114519427159081,2.3111866725734407
130,0.5987730061105911,2.3141958413192345
131,0.5993865031893756,2.3007292353546207
132,0.6079754602445903,2.291829548779197
133,0.6116564417299805,2.287905456390849
134,0.6059304702988919,2.2862616276692274
135,0.6034764825932087,2.2801578191160425
136,0.6002044990750178,2.2689092830158692
137,0.611451942837799,2.2612688477053964
138,0.6106339469277786,2.254821252725363
139,0.6155419224366576,2.2472431193587727
140,0.6067484663551814,2.2407990366890873
141,0.6079754602689684,2.23445374346462
142,0.6145194275247539,2.228618066198743
143,0.6200408999417701,2.215258969070965
144,0.6077709611695724,2.220263543548272
145,0.6141104295697436,2.206037031458443
146,0.616973415230437,2.200627555340102
147,0.61574642131665,2.1983913173948575
148,0.6112474436896467,2.1915941810802937
149,0.616768916252932,2.181340883309612
150,0.6231083844824559,2.1712156897429797
151,0.6304703475995054,2.167301030831834
152,0.6194274028386075,2.1599628729322937
153,0.627402863107576,2.154714896781313
154,0.6196319017917344,2.1513200255746976
155,0.614519427549132,2.14383875119418
156,0.6282208588469491,2.135629105811714
157,0.6312883435826604,2.130142493043209
158,0.6247443764243876,2.1267727282393443
159,0.6222903885846245,2.122263655243232
160,0.6392638038028725,2.1072644827556024
161,0.628016359869444,2.106431904404685
162,0.6384458077222048,2.095037225419027
163,0.6274028629613069,2.0914257049560545
164,0.6370143149040471,2.083534665390514
165,0.6353783231083845,2.0778429462378254
166,0.6359918200530889,2.070592515356458
167,0.6218813905686689,2.0687268394634035
168,0.6413087933828981,2.0654665163933377
169,0.6429447853735863,2.0532002429533103
170,0.6292433538807438,2.0531956676568965
171,0.6396728016359918,2.0470509607123937
172,0.6372188140034432,2.035195992573151
173,0.6378323109847148,2.0353679901739326
174,0.6449897751973939,2.025090768049587
175,0.6460122698655157,2.0209979559502473
176,0.6558282209564085,2.010906715237046
177,0.6384458077222048,2.015719227117995
178,0.6503067483931232,2.0054148147442588
179,0.6415132925310505,1.9962288610774315
180,0.6517382414550625,1.9904485760047148
181,0.6443762780454749,1.982278341164618
182,0.6429447853492082,1.975403921638286
183,0.6474437628786988,1.9739921796541273
184,0.6570552148214391,1.962825858032289
185,0.65705521467517,1.963263412292262
186,0.6515337422581539,1.9563472568866909
187,0.6484662576443335,1.955536609778375
188,0.6570552148214391,1.94193029852245
189,0.6613496933734246,1.937484176319801
190,0.6537832310350882,1.9369476010219207
191,0.6580777095626956,1.9279312265431223
192,0.6550102248757407,1.928924498431278
193,0.6558282209564085,1.9172149117007578
194,0.6658486707078899,1.9096058598325296
195,0.6635991821016027,1.9052736021014567
196,0.6537832312301136,1.9020508520442283
197,0.6672801636723166,1.8901766499127346
198,0.6668711655954154,1.8888077137660395
199,0.6654396728991487,1.8855331791934304
200,0.6758691207275312,1.877635398427889
201,0.660531697292757,1.87945837818528
202,0.6646216770378847,1.8674673221837768
203,0.6678936606048319,1.8618886906676497
204,0.6697341512561088,1.8584869944488587
205,0.668916155431412,1.856531360398041
206,0.6721881391811956,1.8494529496428913
207,0.6668711657416845,1.8468140507524486
208,0.6666666667885576,1.8415774986544027
209,0.6693251532523422,1.8331581541853204
210,0.6752556238193941,1.8292587443119666
211,0.6670756645729206,1.8275033916676215
212,0.6693251535205021,1.8250689082838032
213,0.6672801636966947,1.8180800832853727
214,0.6793456033938745,1.8044060378962012
215,0.6683026584379512,1.8121937149141463
216,0.6748466257181148,1.7996973383889852
217,0.6842535787077282,1.7929605690735737
218,0.6822085890301898,1.785162025726646
219,0.6699386501848575,1.7875766462587384
220,0.6687116563685832,1.78657956391512
221,0.6854805725483807,1.77809530620926
222,0.6719836402280687,1.7765741341928276
223,0.6736196318774623,1.7728274527259156
224,0.6903885481791506,1.7585705942902827
225,0.6795501023470014,1.7569880345116364
226,0.6905930471078994,1.7501041987190948
227,0.6840490797058448,1.7489941002157325
228,0.684662576613982,1.7434559395951972
229,0.6946830265361107,1.7342019957754997
230,0.6926380367610596,1.736324476561907
231,0.6803680982326438,1.737662858075647
232,0.6955010226167784,1.7227917791144247
233,0.6897750511735007,1.7227221053558381
234,0.6797546011782375,1.7231480547743097
235,0.6930470347160698,1.7139868809889187
236,0.6977505112474438,1.703054408500531
237,0.6963190184780426,1.7054257071091354
238,0.7047034764338612,1.6972469937825738
239,0.6867075663890332,1.6977488788846569
240,0.6867075665596803,1.6968937483789488
241,0.6924335377591763,1.6899447477180778
242,0.690388548106016,1.6786728013512546
243,0.6987730062324821,1.682910966629387
244,0.6981595092755886,1.6749551615100697
245,0.6955010225924002,1.6693502834725722
246,0.7061349692520188,1.6598063502087428
247,0.6973415131705426,1.6641477448321071
248,0.7004089980769012,1.6587454189308337
249,0.7055214724657726,1.6543756295810692
250,0.6887525563591097,1.654853449667402
251,0.7018404908706806,1.6497298209457554
252,0.7032719837132163,1.6414733459613076
253,0.702862985611937,1.6371929599707356
254,0.7094069530383698,1.634153552923222
255,0.7051124743644933,1.631847319915007
256,0.7067484663551814,1.625609121585916
257,0.7116564417909259,1.6212983756465171
258,0.7126789367028297,1.6162612779983958
259,0.7118609408171874,1.6108050774942877
260,0.7075664622652019,1.6115613519535963
261,0.7163599181272745,1.6049328463209187
262,0.7124744376034337,1.6047854398169645
263,0.7116564416690351,1.605458287324886
264,0.7092024540852427,1.6025094155641177
265,0.7100204498489942,1.5894082359497288
266,0.7130879344871927,1.5885042107178389
267,0.7159509201722642,1.5880414985196478
268,0.726380368171294,1.5706193583630832
269,0.7218813906661816,1.5779887133580774
270,0.7073619631658059,1.5732137770740533
271,0.715132924432891,1.5736227722011948
272,0.7216768916886764,1.5722410231280182
273,0.7200408998930138,1.5631185019186913
274,0.726175869071898,1.557438697551657
275,0.7065439672314072,1.5632756902640095
276,0.7247443762293623,1.5507569096083533
277,0.7261758690962762,1.5414185344075864
278,0.7188139060036048,1.5419235100287845
279,0.732924335500214,1.5328081976416652
280,0.7233128833624483,1.5385527681963087
281,0.731901840417663,1.5344608205471546
282,0.7171779140372949,1.5311526744643604
283,0.7249488753043801,1.5302212605934689
284,0.730470347550749,1.5248907490010641
285,0.7284253577513198,1.5254471096768214
286,0.7226993864055548,1.5225752937769355
287,0.7364008178983973,1.5131271509061317
288,0.7218813906661816,1.511790531739623
289,0.7292433537100965,1.509152303297827
290,0.732924335500214,1.5032119322408197
291,0.7310838446539116,1.5006296444524285
292,0.738650306845979,1.4941376088343272
293,0.7353783230108717,1.48994638027589
294,0.7372188137840395,1.4889263796660066
295,0.7321063393951681,1.4867377191477271
296,0.7400817995178676,1.4834087720921678
297,0.7361963191159177,1.4819121526062855
298,0.7396728015628573,1.4830255500621834
299,0.7419222904373044,1.474732682846319
300,0.746012270036163,1.470105026689775
301,0.7382413089397251,1.464901261583184
302,0.7458077708880106,1.4661433331074158
303,0.7404907976922813,1.4597322951552814
304,0.7376278119340752,1.4585988744880036
305,0.7384458076734485,1.4560501102045758
306,0.7404907975947687,1.4501534556562428
307,0.7384458076978266,1.4505477233410857
308,0.7419222904373044,1.4516378062878161
309,0.7421267892929186,1.4458716042446456
310,0.7464212680155514,1.4427462413023342
311,0.7417177914841775,1.4384946057645334
312,0.7474437627080516,1.4287094686660298
313,0.7503067483931232,1.4303731046083759
314,0.7533742332751034,1.4207678147864
315,0.7597137015046274,1.4172917105668892
316,0.7372188139303086,1.4260927692269012
317,0.7443762782161221,1.4217524012661176
318,0.7498977506087602,1.419848274989606
319,0.739468302560974,1.4218181366325644
320,0.7550102250707661,1.4021074015182464
321,0.7503067485881486,1.411872550607459
322,0.7601226994840158,1.398430185815308
323,0.7574642126301803,1.3970196420185892
324,0.7588957055702288,1.3994172942662775
325,0.7537832309863318,1.3875782659936293
326,0.7496932516556333,1.3966609811002735
327,0.7582822085158225,1.3858017677178411
328,0.7591002044014648,1.3814254284392593
329,0.7601226992646122,1.3862442879101493
330,0.758486707688353,1.3781942647415193
331,0.7566462168176725,1.3798672092960411
332,0.7613496933490465,1.3754819600860033
333,0.7576687117295763,1.372894594761979
334,0.7609406951990108,1.367230691012673
335,0.7656441717060065,1.3623212222428898
336,0.7586912064708328,1.3664248321685324
337,0.7603271984371427,1.3603880607277339
338,0.7593047034033481,1.3588825240456985
339,0.7650306748953821,1.3511636988029403
340,0.7578732107558377,1.3551153706626657
341,0.7691206543235934,1.3438702060157293
342,0.7635991821016027,1.346581284497657
343,0.7676891615054359,1.3475288542745547
344,0.7734151329730917,1.3338275708547642
345,0.7683026585598421,1.3379983757171163
346,0.7760736197050364,1.331045703117589
347,0.7670756646948115,1.3349691906833454
348,0.7683026585354639,1.3239219819109864
349,0.7709611452674086,1.3253279643068527
350,0.7736196318043278,1.317724929362962
351,0.7701431492598754,1.3229831138271495
352,0.7750511246468635,1.3124234575435427
353,0.7799591002532553,1.3183706622913571
354,0.7674846624791744,1.3216445213446588
355,0.7736196320237314,1.3133178662668707
356,0.7795501021763542,1.3045755299078663
357,0.7760736195587673,1.3045770768982745
358,0.7822085888839206,1.295152528008069
359,0.7750511248662671,1.3021733668196664
360,0.7795501021519761,1.2927337484125712
361,0.7748466258156276,1.2927282964281266
362,0.7728016361137109,1.2955353572568522
363,0.7889570552878584,1.2851181957131759
364,0.7707566462899035,1.2935961097783595
365,0.776891615639435,1.2913792676964664
366,0.7795501023470015,1.2859561198571952
367,0.7834355828708423,1.2821268451238215
368,0.7836400819214819,1.279927559766789
369,0.7858895706009036,1.2721584996319013
370,0.7770961144219147,1.2859039817607232
371,0.7754601227725211,1.2723595875172526
372,0.7844580777583678,1.2668670668923783
373,0.7824130878126694,1.2656273332841557
374,0.7817995910751795,1.2688367353138992
375,0.7858895706496599,1.2591690676343954
376,0.7885480573328483,1.254874656293046
377,0.7865030675577971,1.256802933347737
378,0.7775051124256813,1.2583310481717007
379,0.7865030674115281,1.2485390094647866
380,0.7955010225436439,1.2469071886534584
381,0.7852760735221191,1.2472795255832634
382,0.7860940696027869,1.2455878940340444
383,0.7865030673871498,1.2461690506808354
384,0.7803680980863746,1.2460323967572857
385,0.7862985683852666,1.2455391166644105
386,0.7883435581846959,1.2332526336662122
387,0.784662576613982,1.234173293347739
388,0.7877300612278023,1.23361378310892
389,0.7914110428228944,1.2336595890224589
390,0.791820040826661,1.2306868017329273
391,0.783844580898987,1.2328482318753358
392,0.7950920244667428,1.2236818188782361
393,0.7936605315998289,1.2270399199916786
394,0.7903885481060161,1.2236288305684344
395,0.7873210634921958,1.2210074426693907
396,0.7926380368829505,1.217018803692059
397,0.797546012318695,1.2116209663496427
398,0.7987730062081039,1.2071555514520906
399,0.7924335378810672,1.2158546609137444
400,0.796523517504304,1.203311483991658
401,0.797955010249327,1.2033050283576325
402,0.8047034763851049,1.1945518002188278
403,0.7946830266580016,1.2025011406354378
404,0.7922290389279403,1.2044269657330036
405,0.8061349692520189,1.193451801009461
406,0.7969325152642888,1.1948794953905975
407,0.8077709611939506,1.1868464862885895
408,0.8069529653083084,1.1888450895594185
409,0.8028629857582061,1.1881850489321906
410,0.8040899794282114,1.1806758612942843
411,0.8081799590026918,1.1820400180992174
412,0.8014314928912921,1.1753719653576187
413,0.8065439671582727,1.1773331767454713
414,0.8065439673776763,1.1746061262177543
415,0.8042944784300946,1.1712540468067723
416,0.8057259714432777,1.1729063228107912
417,0.8057259712238741,1.1663419585042691
418,0.8147239263072336,1.1631533860672714
419,0.8077709611939506,1.1662263368048795
420,0.8036809814732011,1.1628640238248984
421,0.8083844579801969,1.1621830924644547
422,0.7993865031406192,1.1696679431724157
423,0.8042944786007419,1.1588575858523753
424,0.8030674847357112,1.1623624585157524
425,0.8134969323934466,1.1433160783810605
426,0.8098159509933799,1.1506486306161237
427,0.8141104295209873,1.1527253973947225
428,0.8102249487533647,1.1487436673880111
429,0.8163599181272745,1.1408524677553546
430,0.810224948802121,1.1477421016537095
431,0.8126789367028296,1.146547617063932
432,0.8147239262584772,1.1308431356718691
433,0.8079754600251867,1.1365211151860244
434,0.8120654397459361,1.1424042830925534
435,0.8137014315415989,1.1402837106786623
436,0.8155419223147667,1.131158726395761
437,0.8137014313953298,1.137881729061618
438,0.8165644172266705,1.1298067189920655
439,0.8141104295453655,1.1268625285240284
440,0.8165644172022923,1.1191184847389017
441,0.8196319018892472,1.1162523689445543
442,0.8179959099229371,1.122656102902075
443,0.8182004090710896,1.1217719156074133
444,0.8204498976286203,1.114884417237436
445,0.8247443761318496,1.110719211262428
446,0.8206543966305037,1.1168316913772458
447,0.8220858894974176,1.108147237003459
448,0.814314928303467,1.1182692914408896
449,0.8263803681956722,1.1008651539348142
450,0.8224948875743188,1.1091139022558014
451,0.8257668712144005,1.1034283050486402
452,0.826993865055053,1.0975170765917726
453,0.8204498978236457,1.1065334588715878
454,0.8224948875743188,1.105243996510964
455,0.8190184048104627,1.1001044081763987
456,0.824539877373748,1.0972938541985728
457,0.8208588957542778,1.0985477145464142
458,0.8296523516407286,1.0887497571835976
459,0.8278118609894517,1.0848747015243172
460,0.8296523516163504,1.0907774840395874
461,0.8237218812930803,1.0939880079530744
462,0.8249488753043801,1.0892704142627052
463,0.8265848671731774,1.078733786239702
464,0.8237218814393494,1.080844029765919
465,0.8300613497176297,1.081322445947456
466,0.8265848671487992,1.083050766069221
467,0.8282208589444618,1.0745851298782723
468,0.8349693250314834,1.0677001732258709
469,0.8296523517869977,1.0723287850557417
470,0.830674846650145,1.0697054158934298
471,0.8202453988217625,1.0745699151649553
472,0.8359918199433871,1.0661377596708894
473,0.8247443761806059,1.0665707831490014
474,0.8255623722368954,1.0687152231154022
475,0.8267893659312788,1.0664002610618109
476,0.8347648260783564,1.0608772006746694
477,0.8259713700456366,1.0647914895250754
478,0.8345603272471204,1.0603690224922508
479,0.8278118608431826,1.0661350957211297
480,0.837218813832796,1.0569709514547712
481,0.8310838444832643,1.05488844702824
482,0.8312883435095259,1.0538354278829687
483,0.8261758691937889,1.0590347335382473
484,0.8284253577756979,1.0533665138275834
485,0.8341513292921101,1.0529358969144296
486,0.8284253578244543,1.050935999991216
487,0.8339468303389832,1.0462724603758269
488,0.8316973413914015,1.047027744739821
489,0.8372188137840396,1.0395763726809761
490,0.8276073618412993,1.0469278262436756
491,0.8400817994691111,1.0387137100984227
492,0.8370143148065344,1.0381210326173311
493,0.8331288342339374,1.0369250557905325
494,0.83803680969406,1.0289018801141125
495,0.8400817994447329,1.0286826291454838
496,0.8384458077953393,1.0330897985304304
497,0.8406952965722737,1.0314479458307684
498,0.8376278117390498,1.030344790403097
499,0.8398773005403624,1.0270092754520035
