epoch,categorical_accuracy,loss
0,0.5723926380489989,5.219468579360556
1,0.5619631902084272,4.630450676018962
2,0.5351738241065012,4.230040012546843
3,0.521063394731783,4.051383849496978
4,0.5298568508620155,3.895966707709377
5,0.5163599181760308,3.907426178333462
6,0.516359918200409,3.706064575093899
7,0.514314928449736,3.6831712344429
8,0.5069529652351739,3.648697938509514
9,0.5100204499465069,3.5009912334824387
10,0.5114519427524754,3.4489312952037725
11,0.5036809816194702,3.3989508706855385
12,0.5120654396484234,3.33507556008415
13,0.5020449897506729,3.2761267083797962
14,0.5190184049445428,3.2366632795041324
15,0.5184049081217292,3.193718813387163
16,0.5128834356072003,3.1647725949745724
17,0.5108384458565273,3.1001874865198427
18,0.5085889570552147,3.055153655225758
19,0.5226993866493366,3.009690651181773
20,0.516768916131041,3.023193119883781
21,0.503067484699144,3.0075029193745557
22,0.5202453988095734,2.906136747664469
23,0.5202453987730061,2.862627628634556
24,0.5159509202210206,2.8510809665321086
25,0.516155419235093,2.8154518559422717
26,0.5108384457833928,2.7881894536788723
27,0.5145194274028629,2.7891442608004455
28,0.5194274028629857,2.7221908766311613
29,0.5290388548301042,2.6919304702423346
30,0.5071574641883008,2.7477000316471654
31,0.5124744376034337,2.726591663516616
32,0.5169734152548152,2.6742656487384946
33,0.5171779141104295,2.6402972078030826
34,0.5206543967523946,2.6162380034206834
35,0.515950920269777,2.6099012154499204
36,0.5192229038367242,2.5941188617230435
37,0.5208588956567651,2.5843062480778296
38,0.5229038854318162,2.5406569464318833
39,0.5173824130879345,2.5671532782065114
40,0.5024539877300613,2.566906540330446
41,0.5155419222903885,2.5082813292193267
42,0.5231083844702668,2.5098897448346658
43,0.5245398772762353,2.486028613927174
44,0.5184049079267038,2.4607502531664016
45,0.5249488752068674,2.455558247653985
46,0.5249488754018928,2.441673919369594
47,0.524130879321225,2.4373629539778383
48,0.5212678938068007,2.425224749832309
49,0.5306748466379559,2.410998518384064
50,0.5237218813905931,2.3887540634911972
51,0.5202453987851953,2.4160477412990264
52,0.5102249488874447,2.3932804500642244
53,0.5171779142566986,2.384603350099123
54,0.5177914109941885,2.356930735652432
55,0.5175869121020069,2.3373248301156946
56,0.5184049079876493,2.3608312913001437
57,0.5169734151816807,2.348801480041691
58,0.5231083844336996,2.318777925202695
59,0.5118609406465402,2.349610880011186
60,0.511042944907167,2.320872189028375
61,0.5231083844824559,2.296312018454928
62,0.52004089994177,2.286639055298881
63,0.5231083844580777,2.2913776597606135
64,0.5278118609406953,2.276976892845762
65,0.5210633948049175,2.2774933975898417
66,0.5245398774225044,2.265000606704587
67,0.5267893661750607,2.265043296599437
68,0.5251533742331288,2.250295312663041
69,0.5229038854927617,2.2601177552970153
70,0.5120654396240453,2.258474925495608
71,0.5372188138815522,2.221751848856608
72,0.5167689161797974,2.231159073102206
73,0.5343558283671279,2.2233337911360103
74,0.5255623722125172,2.219117633940496
75,0.5335378324327293,2.2040793733850337
76,0.5261758692425453,2.2097885053825768
77,0.5265848672219337,2.2041529971397726
78,0.5353783230840062,2.191223041167776
79,0.5251533742331288,2.1968745945421464
80,0.5321063396145718,2.184183982934932
81,0.5431492843510914,2.1732501503880037
82,0.5280163599182004,2.1684209311666662
83,0.5333333334796024,2.167880322548022
84,0.5288343557794645,2.162584725089356
85,0.5472392638158701,2.1460075598796697
86,0.5304703477701527,2.156091614978689
87,0.5208588956811433,2.160220228382415
88,0.5241308793456033,2.1504822569146964
89,0.5261758692425453,2.1382250784364945
90,0.5243353784449992,2.151989327569193
91,0.5294478529070052,2.1409771264940196
92,0.5355828222321586,2.1244426928171105
93,0.538445807746583,2.13238914680871
94,0.5361963190549722,2.119538406067831
95,0.5310838446173444,2.1103930648850517
96,0.526789366089737,2.109275333720482
97,0.5304703477945308,2.107234523047699
98,0.5300613496688733,2.1031708191752676
99,0.5370143150503163,2.092565194375676
100,0.5314928425114092,2.0841668563873976
101,0.5288343558038426,2.0837021509806317
102,0.5353783232546535,2.09203864333576
103,0.5296523517138632,2.078196326062723
104,0.543149284277957,2.074361623771839
105,0.5339468302414705,2.0698297253903193
106,0.5374233128590574,2.0701145644080663
107,0.5282208590175964,2.064119637768205
108,0.5374233128346793,2.0534176740665866
109,0.5429447852273173,2.0523928988443076
110,0.5421267893660532,2.0518637942877773
111,0.5288343559501117,2.050202108892195
112,0.5453987730427022,2.039964579658274
113,0.5308793455788938,2.0398007857043807
114,0.5372188140521995,2.027877680314343
115,0.5357873210633947,2.04279795083044
116,0.5372188138815522,2.0255118496822675
117,0.5345603273446331,2.026292056442526
118,0.5406952964260047,2.0250462597376973
119,0.5339468302170923,2.02023239111364
120,0.5368098159509203,2.010108063313615
121,0.5396728017822608,2.014505221166006
122,0.545398773152404,2.0011626438129166
123,0.5460122700605412,1.9994357369916327
124,0.5415132925554287,1.9933144522103308
125,0.5331288344777191,2.003258842485814
126,0.5353783230840062,1.9915804091650529
127,0.5357873212096638,1.9910294187093318
128,0.5378323109603367,1.9820479437861218
129,0.5453987729817568,1.9767692622475341
130,0.5366053169977933,1.9802746459750311
131,0.5282208590419746,1.97698571940385
132,0.5458077709611452,1.9658477449709653
133,0.5394683026584867,1.9686900048168159
134,0.5470347647774195,1.9601966166545033
135,0.5382413089397251,1.962157745790384
136,0.5372188139303087,1.9581216181226546
137,0.547034764838365,1.9509226110083926
138,0.5537832310838445,1.9500460928934484
139,0.5425357874673324,1.9428058840258233
140,0.5447852762198887,1.9424230544357455
141,0.5329243355245922,1.9389880875136956
142,0.5364008179715318,1.9385570568053512
143,0.5466257668467874,1.9237157091285066
144,0.5460122699630284,1.9315191397637677
145,0.5593047034764826,1.9090287712697847
146,0.5466257668224093,1.9182953087586323
147,0.5568507157586103,1.9116076925293313
148,0.5474437628177533,1.9137557579208249
149,0.5445807771326818,1.9133941889296768
150,0.5503067486125267,1.8995976485113912
151,0.5269938650306748,1.9085001193672602
152,0.5341513293652447,1.9007840084883334
153,0.5533742332507252,1.891472552549132
154,0.5503067484175013,1.8855674296556562
155,0.5372188138571741,1.8894528575713894
156,0.557055214821439,1.8807834491651727
157,0.5347648261880582,1.8875549813721078
158,0.5443762782648784,1.8750214244202845
159,0.5648261759666333,1.8664574377375878
160,0.5644171778897322,1.8598924053714807
161,0.5556237220032815,1.8692695634252943
162,0.5488752557212346,1.8629091406648632
163,0.5527607362328862,1.8592846066917623
164,0.5474437627933751,1.852728547591617
165,0.5558282210051648,1.845991140153023
166,0.553169734126951,1.847870353394491
167,0.5541922289900985,1.8468774994458157
168,0.5539877300125934,1.8413239673115236
169,0.5488752556237219,1.8361189561387512
170,0.5503067484175013,1.8317102337663647
171,0.5466257669930565,1.8338124075794024
172,0.5531697341635183,1.8239541628121843
173,0.5490797545280924,1.8189054447205277
174,0.5494887525562372,1.8239358616265295
175,0.5552147239263804,1.8157995406835357
176,0.5617586911821658,1.805738331935157
177,0.553374233080078,1.8087452334129006
178,0.5595092024661769,1.800356958931453
179,0.5697341513414325,1.7965743102422764
180,0.5640081799347221,1.7950055416376314
181,0.5546012270182432,1.7946686504321108
182,0.5685071575617254,1.7909250168712592
183,0.5691206543723498,1.7803353444198888
184,0.550715746567537,1.7848352457604282
185,0.558486707542084,1.7806466910005347
186,0.561758691206544,1.7744955985824022
187,0.5680981594360679,1.773427627228033
188,0.5591002045111666,1.768953091576543
189,0.5717791411286727,1.7649300676182005
190,0.5556237220032815,1.7650589731329545
191,0.5670756646460551,1.753638673072456
192,0.5492842536762448,1.758429692761786
193,0.5529652353200932,1.7562699106329545
194,0.5807770960901413,1.7417828589129303
195,0.5687116564417178,1.7386441335600091
196,0.5801635992795168,1.7357808287158334
197,0.5676891615785704,1.7338700960994011
198,0.5711656442083464,1.736705434590517
199,0.5568507157220431,1.73608042433218
200,0.5603271983761973,1.7282721187926997
201,0.5568507157464213,1.7294842208090004
202,0.567893660482941,1.7193764353578564
203,0.570961145194274,1.7113763920856155
204,0.5678936605560755,1.714404232857905
205,0.5660531697463405,1.712476600020941
206,0.5666666666422885,1.7067668502316153
207,0.5646216768916156,1.7039773785507264
208,0.5697341513292433,1.6987544247465387
209,0.5754601227237647,1.6927397206273302
210,0.559918200421187,1.6999655842537285
211,0.596523517504304,1.6819931429100428
212,0.5609406953087126,1.6934453868670942
213,0.5629856850471965,1.686967690931995
214,0.5695296523029819,1.6806978102354428
215,0.5834355827977077,1.6716600683325396
216,0.5691206545429971,1.6723898573643348
217,0.5826175870583346,1.6650570927465864
218,0.5826175870339563,1.6638313743965758
219,0.5777096114275646,1.6628792862219313
220,0.5826175869851999,1.6527411379940915
221,0.5701431492598754,1.6557153819285044
222,0.5689161554314119,1.6587116029852496
223,0.5805725971126361,1.6475899312637579
224,0.5830265850133447,1.6436166147512892
225,0.58098159501889,1.6435282422964803
226,0.5860940696515432,1.6386007927190551
227,0.570961145194274,1.636621259082802
228,0.5674846626132544,1.643066754857943
229,0.577914110575717,1.6335954385301086
230,0.5817995911239359,1.6238178539861199
231,0.5813905930714129,1.6248426820115323
232,0.574846625888762,1.6263937248042757
233,0.5840490797058449,1.6200571136240578
234,0.5779141104660152,1.612931972534866
235,0.575460122626252,1.6159406057896057
236,0.5838445808746088,1.6112191430386347
237,0.5789366054632424,1.607383516522273
238,0.5807770962120321,1.6023309433630883
239,0.5905930471566557,1.5982016007105508
240,0.5924335379542017,1.5924254235558226
241,0.5830265849889665,1.5940226537805882
242,0.5944785275342275,1.5856530343584243
243,0.5932515336691968,1.5869444615514243
244,0.5875255624697009,1.588134466651027
245,0.5854805726093261,1.5834626415268287
246,0.5995910021668807,1.5737556449230952
247,0.5897750511003662,1.5735023850556045
248,0.5852760737415228,1.5688666398783646
249,0.586094069480896,1.5688491841279169
250,0.590797546158539,1.569515909007722
251,0.577914110575717,1.5660070446615082
252,0.5801635991576259,1.5599448223055505
253,0.5750511247443763,1.5611854926208777
254,0.5930470349110952,1.554592672544998
255,0.5873210635409521,1.549988035482863
256,0.5848670756158654,1.5498483033267998
257,0.588752556261597,1.5433025806228076
258,0.588957055360993,1.5437583159815313
259,0.5944785277536311,1.535488737872773
260,0.585480572597137,1.5388098933214058
261,0.5926380369317068,1.5338866520025491
262,0.5932515337545203,1.5301837497937412
263,0.592024539804166,1.5279590177633524
264,0.5977505111743092,1.5204696549959709
265,0.5924335378079326,1.5223728054627808
266,0.5983640082165264,1.519551516456838
267,0.5889570551415894,1.5180654550135013
268,0.5918200410460646,1.5158432157493076
269,0.5967280164818091,1.5102790509264894
270,0.5905930470469539,1.5078181591014432
271,0.5963190183561516,1.5067421725922567
272,0.5922290388060494,1.503258833855939
273,0.6018404909438151,1.4979916609625632
274,0.6065439673776764,1.4989941941204734
275,0.5928425358848338,1.4936538372546861
276,0.5942740286054786,1.4932332751209751
277,0.599591002081557,1.491180749076032
278,0.5887525562128406,1.4875715385916775
279,0.5905930470469539,1.4834675444659524
280,0.595092024491121,1.4798555992376097
281,0.5877300613862605,1.4844558723133765
282,0.6032719836400818,1.472692579628256
283,0.5942740286664241,1.47870545240999
284,0.6065439672557854,1.4685700463858606
285,0.5885480572353355,1.469626913480232
286,0.6010224948143911,1.4647054578629009
287,0.5944785277048746,1.4657195222889718
288,0.600817995861264,1.4628505304547175
289,0.5948875255867504,1.4568928619591492
290,0.6067484662089123,1.4517189948349154
291,0.6040899796719932,1.4529845893504918
292,0.600817995861264,1.451482606324194
293,0.5977505112474437,1.4484463545442359
294,0.6132924336109669,1.442326516510275
295,0.6083844581996005,1.4400141688212296
296,0.6224948875499405,1.4346908164170622
297,0.5989775051734199,1.4370743981168315
298,0.6120654396240452,1.4357628599997678
299,0.6089979549370904,1.428438773428248
300,0.6059304702745137,1.4280326571201254
301,0.5997955011200076,1.4250655835879118
302,0.6030674846138203,1.426300430882928
303,0.602044989750673,1.4215144430932822
304,0.6092024539633519,1.4181987237345222
305,0.5999999999756218,1.4182096499850658
306,0.6026584868294573,1.4164852007278879
307,0.6081799590514482,1.415900137478101
308,0.6051124745351405,1.4096411701604146
309,0.6186094070992343,1.4042495506672772
310,0.6120654396240452,1.4061162139740457
311,0.6024539878519523,1.4029816416874985
312,0.6096114520158749,1.4018202443308139
313,0.6137014315903553,1.3935313541221228
314,0.6065439674264327,1.390969782616707
315,0.6124744375790555,1.3902649609345357
316,0.6143149284009797,1.389504063251316
317,0.6132924336841014,1.385216556638784
318,0.6089979549858467,1.3852608090285632
319,0.6134969325153374,1.3814459280002336
320,0.6182004091198459,1.379638006545771
321,0.6126789367272079,1.3810539773149237
322,0.6061349694226661,1.3821743626779817
323,0.6094069530627478,1.372920120225606
324,0.6130879344871927,1.3719652154938087
325,0.6134969326128501,1.3704445788709176
326,0.6204498978724021,1.3668989033786798
327,0.6059304702745137,1.3681480425267132
328,0.6110429448584106,1.3635406895405433
329,0.6251533743550197,1.3568908810859321
330,0.6243353784693775,1.3556047210907887
331,0.6171779142566985,1.354685421126508
332,0.6186094069042088,1.351256329345313
333,0.6092024539145955,1.3526307702308296
334,0.6118609408415656,1.352052579628178
335,0.6169734151329244,1.3494965336317908
336,0.626380368171294,1.3397647185803434
337,0.6182004089735769,1.342867481879174
338,0.6288343559744899,1.3380834792533047
339,0.6151329242866219,1.341978076240524
340,0.6147239264535026,1.3384175619952274
341,0.6143149283522233,1.3346182663260306
342,0.6096114520646312,1.3377511541292468
343,0.6114519426915299,1.3343720269349455
344,0.6137014316391116,1.329561266723586
345,0.6204498977017548,1.323113495343058
346,0.6222903886211918,1.3228659054009217
347,0.6177914110185666,1.3245906125304645
348,0.6206543967280164,1.3191554052941883
349,0.6134969324665811,1.319128688176473
350,0.6165644171535359,1.3127241498853532
351,0.623517382559357,1.3124185674273408
352,0.6210633945855139,1.3100573696241788
353,0.6212678937824225,1.311110614267595
354,0.6280163600157131,1.3045360320916206
355,0.6269938651525657,1.304130387257457
356,0.6128834355584439,1.304044188117201
357,0.6182004090710895,1.3035457859741397
358,0.6335378322377039,1.3026576581420586
359,0.6208588958030342,1.2976090236187956
360,0.6257668711168878,1.2954647039343243
361,0.6202453987242498,1.2973556405927507
362,0.6292433537344747,1.2880386425186032
363,0.6237218813662149,1.291516543068525
364,0.6177914109941884,1.2926858716215823
365,0.6179959099716935,1.2857609879019802
366,0.6163599182735435,1.284561356347519
367,0.6241308794674941,1.2811627697603347
368,0.6206543968742855,1.278257631280427
369,0.6251533742087506,1.2768469834376455
370,0.6271983639106673,1.2796999288726683
371,0.618813905881714,1.2747262469586176
372,0.6171779140860513,1.2776681920989648
373,0.6173824130391782,1.2744070724475602
374,0.6312883435704713,1.2712307162567638
375,0.6257668713119132,1.2646334238578938
376,0.621676891615542,1.2656697954380682
377,0.624539877227479,1.2650259522085052
378,0.622903885407438,1.2635072872926365
379,0.6284253578853998,1.254233289935106
380,0.6337423312883436,1.257701740284395
381,0.6302658487682694,1.254792010613502
382,0.6220858895217958,1.258047068923529
383,0.6345603272714986,1.2503095075884236
384,0.6396728017578827,1.2469078620762426
385,0.6314928424626528,1.2439075817115954
386,0.6220858895705521,1.249133502047486
387,0.6237218813662149,1.2449167150173694
388,0.6290388549276169,1.245573558007769
389,0.6290388549519951,1.2411684434594308
390,0.6284253580194797,1.2398653117669385
391,0.6321063395901936,1.2360275532814136
392,0.6345603271739858,1.2347168249586609
393,0.6337423312395872,1.231170338989523
394,0.6280163598938222,1.2324165987822175
395,0.6323108383726732,1.229363164092378
396,0.6302658487926476,1.2285288590351253
397,0.6364008180934227,1.223168041613448
398,0.6259713701187711,1.2299874395924355
399,0.6392638036078471,1.2198987820884688
400,0.626175869193789,1.2238201232044243
401,0.6331288342826937,1.218713698747943
402,0.6378323108140677,1.2125061802581287
403,0.6335378324327293,1.2175669708134937
404,0.6361963190427831,1.2149501872696515
405,0.6276073619144338,1.2117660672630512
406,0.6325153373989347,1.2160144869291465
407,0.6394683027316213,1.21043685077402
408,0.6419222904616826,1.202255166966491
409,0.637218813979065,1.206136526798178
410,0.6269938649819184,1.2086163869420932
411,0.6415132923360252,1.2034605366076916
412,0.6314928424626528,1.2034334268550444
413,0.6335378324327293,1.2034333895564322
414,0.6390593047522328,1.195854481256325
415,0.6355828222077805,1.1950618233905004
416,0.6388548058722404,1.1918656847959648
417,0.6296523517138631,1.2011656533964816
418,0.6359918201384125,1.193921834900823
419,0.6423312884166928,1.1918756914528845
420,0.6402862985197508,1.1897526734201942
421,0.6345603271739858,1.1871156516494439
422,0.6378323109603367,1.1884050397053818
423,0.6425357872479288,1.1829110890565961
424,0.6411042946247967,1.1795196929592295
425,0.6366053170465497,1.1781535952125346
426,0.6527607362694535,1.172232790422342
427,0.6300613498151424,1.1818388344563833
428,0.6421267894635658,1.1757538474166809
429,0.6327198364130071,1.178776042398012
430,0.6521472392394255,1.1687327927119404
431,0.6357873211609074,1.1750765176394722
432,0.6425357874429543,1.1709571013908933
433,0.64130879335852,1.166479737724507
434,0.6398773005647406,1.1649366125738694
435,0.6361963189452704,1.1706384102015894
436,0.638445807892852,1.1649165580609093
437,0.6433537831579493,1.1627698983151489
438,0.6439672802611119,1.1598053667930495
439,0.6408997955132116,1.1614763125320153
440,0.6476482618318258,1.1525276096320591
441,0.6312883435582822,1.1598858139022483
442,0.6439672802611119,1.1540501546762227
443,0.6366053169002805,1.1524525743320675
444,0.637218813979065,1.1545113338283235
445,0.6443762782405003,1.1519996332975984
446,0.6400817995178675,1.149549739443695
447,0.6323108384458078,1.1491471016090096
448,0.6388548057015931,1.145968915884724
449,0.642331288441071,1.1437186980296254
450,0.6453987729573786,1.1417239922931102
451,0.6439672802367337,1.1405051983694845
452,0.6478527606874399,1.1383942939508669
453,0.6437627811373378,1.1398188983004518
454,0.6498977505843819,1.1368472994470888
455,0.6474437627080516,1.1361390297154463
456,0.6404907974972559,1.1375969016478837
457,0.6519427403594331,1.1270466102900436
458,0.6443762780698531,1.131678871874429
459,0.6441717791167261,1.1330457925796509
460,0.6406952966210301,1.1366983148461713
461,0.6445807770717363,1.1295924502160164
462,0.6560327199826699,1.1218135487082546
463,0.649488752531859,1.124075220406421
464,0.653374233080078,1.1228799693667328
465,0.6478527608580872,1.123103944996871
466,0.639468302560974,1.1208968431671704
467,0.6496932515093642,1.1162232134727368
468,0.6525562373163266,1.11944669955591
469,0.647034764838365,1.1149533583830227
470,0.6525562371944357,1.1137210690902055
471,0.655214723877624,1.1127457538752956
472,0.65705521467517,1.1115994292534201
473,0.6386503066509536,1.1134387433650792
474,0.6474437628543206,1.1147782302341578
475,0.6496932515337424,1.1107004258774054
476,0.6564417178889238,1.109318079148821
477,0.6482617588130974,1.1039240773226342
478,0.6531697341025728,1.1060282321064019
479,0.6537832312301136,1.1017666178003167
480,0.6474437627568079,1.1058948266238036
481,0.6476482618562039,1.1064804210253287
482,0.6460122699142721,1.1000407924925135
483,0.6433537832310838,1.101703041950374
484,0.6441717791411042,1.1000976131493816
485,0.6494887526049936,1.0994468641427397
486,0.6492842534812194,1.0913758105783131
487,0.6476482618318258,1.1007459406472422
488,0.6511247443275218,1.0964997339833733
489,0.649693251631255,1.0954930872029809
490,0.6517382414550625,1.090316442429166
491,0.649693251484986,1.0903012756433468
492,0.6558282209320302,1.0865868965784709
493,0.6496932515337424,1.0884983809691509
494,0.6408997954522662,1.0888245499694762
495,0.6472392639011937,1.087327285071336
496,0.6541922290388548,1.0833188836072365
497,0.6456032721055309,1.0822760258715578
498,0.6580777095139392,1.0814579174806247
499,0.6582822086864698,1.0784382853283716
