epoch,categorical_accuracy,loss
0,0.5063394683270367,5.412921651594478
1,0.5032719836888382,5.119424050375971
2,0.4955010225314548,4.905323707252924
3,0.5038854805482189,4.712992798038787
4,0.49754601234307316,4.519702517035548
5,0.5032719837863509,4.4135724295867735
6,0.5016359918444191,4.320537904142602
7,0.5130879347065963,4.211946807658502
8,0.49795501024932703,4.173972614264927
9,0.5018404908219242,4.122613998132249
10,0.5047034765313739,4.012695778415734
11,0.5175869122117087,3.966623318756041
12,0.5186094069529652,3.94670747296698
13,0.518200408997955,3.8899280942047056
14,0.5241308793456033,3.819724747398392
15,0.5245398774468826,3.82296915151834
16,0.508793456069287,3.8001625659763203
17,0.5282208590419746,3.7440870127063586
18,0.5157464212435154,3.74844962502306
19,0.5128834355950112,3.722491074778551
20,0.5132924335134541,3.702569406505499
21,0.5214723926380368,3.658343910049563
22,0.5243353783352974,3.639415329853206
23,0.5261758691572217,3.6320804005020237
24,0.5243353782987302,3.613647121495752
25,0.5239263804899891,3.5900120379247062
26,0.5165644171779141,3.59678357188687
27,0.524130879321225,3.5607536847362247
28,0.5284253578975888,3.5514410715161655
29,0.5269938650672421,3.5407294525934385
30,0.5286298568750939,3.5194864109249933
31,0.5212678937824226,3.5154151703926195
32,0.5130879346578399,3.5150926767438957
33,0.5286298568019594,3.494293176713409
34,0.5274028630344414,3.4849187883131343
35,0.5361963190184049,3.465325005654177
36,0.5269938650794312,3.4527020829830675
37,0.5284253578853997,3.4352831867818696
38,0.5304703476482617,3.4339124208579035
39,0.5366053169490369,3.4152895182432084
40,0.5210633947074048,3.4128412431978252
41,0.5321063394683027,3.402492456397152
42,0.5182004090223332,3.399695877941108
43,0.5509202453256384,3.365974052113258
44,0.536196319030594,3.373549422847225
45,0.5263803681347268,3.365471721329328
46,0.5425357874429543,3.341372521425805
47,0.5327198364130071,3.33740379639686
48,0.5286298568629049,3.3286593626369485
49,0.5368098159509203,3.3226391429550075
50,0.540695296474761,3.3029072390012213
51,0.5462167690624244,3.294892101443862
52,0.5464212679058497,3.2862675912541115
53,0.555010224924497,3.271443415468212
54,0.5476482619049603,3.261202689426321
55,0.542535787272307,3.259039746422953
56,0.5470347647774195,3.2347185749217777
57,0.5517382412844153,3.2269544750634878
58,0.5445807772423836,3.2222361022465558
59,0.5515337424531792,3.2053914822927525
60,0.5505112474803301,3.194858709386034
61,0.5687116564539069,3.1725344782714218
62,0.5601226995327722,3.167094387159757
63,0.5654396728138251,3.156206426639986
64,0.5529652351738241,3.147563283038773
65,0.5572597137014315,3.1383688455710383
66,0.5633946830631521,3.1236659353252323
67,0.5670756647191896,3.1088785073020953
68,0.5607361964409093,3.097608937027508
69,0.5609406952965236,3.0926106283269776
70,0.5777096115982118,3.072411351506208
71,0.5732106338980739,3.0633261921459423
72,0.571574642078033,3.0513545523879473
73,0.5824130879345604,3.0364955916726517
74,0.5791411044407476,3.0229127347591223
75,0.5822085891033243,3.0116893588887157
76,0.5815950920245399,2.9993321543578477
77,0.5881390594509726,2.983929249601618
78,0.5797546011782375,2.972581075110562
79,0.591615541873534,2.9578291827671856
80,0.5826175869120654,2.9490551705740713
81,0.5795501022616778,2.9411333286932884
82,0.5883435583797213,2.9255630043630463
83,0.5883435582822086,2.9168639953394853
84,0.5862985684827793,2.901383164177643
85,0.5946830265361107,2.8861877821705826
86,0.5963190185267989,2.875433510310323
87,0.5955010226411566,2.867738032974836
88,0.6057259715164122,2.8509899403663743
89,0.6059304702745137,2.8391824072855383
90,0.5981595092999668,2.8286872193857207
91,0.6063394684489275,2.8153059085697727
92,0.6212678936117754,2.7983810914318497
93,0.6141104295941219,2.7901460458408347
94,0.6085889571527274,2.779565847724493
95,0.6226993865030674,2.7611990242160416
96,0.6175869120166834,2.7544231176863905
97,0.624539877373748,2.7442128621239847
98,0.6134969324909593,2.734101110587091
99,0.635378323059628,2.716330153810466
100,0.6235173825349788,2.706663206506117
101,0.6298568508376373,2.6856151319476482
102,0.6300613497907642,2.6821050791165093
103,0.6329243353539449,2.6685147728169136
104,0.6392638037297379,2.6565066598919516
105,0.637014314879669,2.649672037448376
106,0.6351738241430684,2.637811663984521
107,0.6333333334552242,2.6292267402500706
108,0.6294478527729253,2.6122951228682005
109,0.6368098160728112,2.6036918188652867
110,0.6456032719348838,2.59253715532689
111,0.6517382412844153,2.573530790508403
112,0.6490797545524707,2.5666657832015023
113,0.6486707567437294,2.55489651245086
114,0.6466257669930565,2.5480249246936633
115,0.6572597137989442,2.535172291621109
116,0.6521472391662909,2.525500837474269
117,0.6568507156245303,2.510185743499631
118,0.6591002046208684,2.5025633813900936
119,0.6617586911334095,2.485629406150865
120,0.6723926381587007,2.472948350789357
121,0.6599182004821325,2.4733617149735276
122,0.6715746421267894,2.450387731895369
123,0.682413088032073,2.4338610609128675
124,0.6623721882121938,2.4410824450003346
125,0.6842535787077282,2.4209224092448416
126,0.6646216768428592,2.4142863955234457
127,0.6777096113788083,2.4028855865962178
128,0.6834355827489513,2.3897959244031846
129,0.6789366051950825,2.385881131217036
130,0.6848670756402435,2.3647037544133473
131,0.6858895706496599,2.3637901609416874
132,0.6914110428716508,2.34709031216206
133,0.6918200409973082,2.3441279421067187
134,0.6989775052343653,2.3275416644316755
135,0.6879345604003329,2.3209467196513294
136,0.6959100203767632,2.3126643364171064
137,0.6981595091536976,2.2994134904904358
138,0.6928425356898084,2.293856804892573
139,0.6905930470103866,2.2806103244149614
140,0.6961145194030247,2.2714737961384905
141,0.7055214723195035,2.255741928935295
142,0.7008179958856423,2.253244385885071
143,0.7071574643345698,2.237302250267294
144,0.7018404907244115,2.22625450775911
145,0.7055214723438816,2.22116403725981
146,0.716973415230437,2.2042259655115797
147,0.7175869121385742,2.202031953398192
148,0.713701431419708,2.19263615812992
149,0.721267893709288,2.182037463900014
150,0.7126789367028297,2.1717266331421086
151,0.7147239263072336,2.1617899452006646
152,0.7267893659800352,2.1556690427667036
153,0.7239263804656109,2.142858054545272
154,0.7292433536857184,2.1336338632189666
155,0.7296523518113759,2.12669476292616
156,0.724948875158111,2.116234844983965
157,0.7237218813418367,2.1080062472259584
158,0.7319018406126885,2.1024201148370536
159,0.7329243353295668,2.091954783866742
160,0.7370143150503162,2.0836271623404725
161,0.7392638038272507,2.072596231121227
162,0.7302658487926476,2.067092119599169
163,0.7449897750267466,2.0505576178583875
164,0.7505112475412755,2.0416336605641496
165,0.7456032720567746,2.038267345857523
166,0.7517382412112807,2.0338030874119704
167,0.7533742330556998,2.0211929245229148
168,0.7568507158683122,2.0082728061207966
169,0.751942740213164,2.0025719485643694
170,0.754805726093261,1.992567970123759
171,0.7558282207857612,1.9904601309684644
172,0.7533742330069435,1.9812162116017566
173,0.7607361962458838,1.9707704547480327
174,0.7591002046208684,1.965849092011559
175,0.7734151328512009,1.9464956892536218
176,0.768302658413573,1.9423565260959306
177,0.7627811862159605,1.9433226816005746
178,0.7746421268868787,1.9257280157631405
179,0.7656441716816283,1.9298939098853518
180,0.7815950920976744,1.912874772407282
181,0.7738241309524801,1.9036805540993658
182,0.771779141177429,1.89630404839974
183,0.7725971369168022,1.8947447164414606
184,0.7713701430517715,1.8875320220529912
185,0.7736196318530841,1.87843308107497
186,0.7881390591828126,1.8579908184234837
187,0.7817995910751795,1.859135556318521
188,0.7850715745446141,1.8463527776468507
189,0.7887525562859752,1.8404420297326243
190,0.7815950919514053,1.8401192442771115
191,0.7924335378810672,1.8282297623913224
192,0.7899795501510058,1.813419028976456
193,0.7834355828952204,1.8160505726781115
194,0.7905930468884957,1.8094792230485164
195,0.8034764826907215,1.7941241545179871
196,0.7944785275342274,1.7927847566292574
197,0.7950920244179864,1.7831884982883321
198,0.8032719837132163,1.7687591055419547
199,0.7942740286786132,1.7718913965186214
200,0.8036809814975793,1.7593434135362902
201,0.79345603267108,1.7574123327473679
202,0.7987730060618348,1.7485402199388282
203,0.8036809814975793,1.745878695564036
204,0.8092024540364864,1.7355912442100072
205,0.8124744375546773,1.7278457063838748
206,0.8053169734882675,1.723090028567792
207,0.8118609407440529,1.7120565691852374
208,0.8100204499465069,1.711756677715325
209,0.8163599180785182,1.7006830919495877
210,0.8126789366296951,1.6914957836849314
211,0.8100204498002378,1.6898199456844838
212,0.8159509203185333,1.6843393994742863
213,0.8184049080485947,1.6739617846494803
214,0.809611452040253,1.6780478390691713
215,0.8161554191741476,1.6592053693740159
216,0.8259713699968803,1.6513906411598065
217,0.8171779139885386,1.6524132942129497
218,0.8220858894974176,1.6450396504138876
219,0.8257668712387787,1.6375244007520149
220,0.830265848719513,1.623689085184187
221,0.8231083845312123,1.6238692492307574
222,0.828425357921967,1.6148310145961238
223,0.8267893660775479,1.6070524411211229
224,0.839672801514101,1.601402265211312
225,0.8355828219639987,1.594677798392095
226,0.8368098158290294,1.5942664332185055
227,0.835378323181519,1.5821284931373987
228,0.8345603271496077,1.5843860336607951
229,0.8411042945029058,1.5710985494781369
230,0.8345603272227422,1.571004275749066
231,0.8404907974484995,1.5686242603329306
232,0.8427402863473249,1.5560304862589924
233,0.848466257717468,1.5442021550820162
234,0.8408997955497789,1.5465252142011023
235,0.8513292432075141,1.5320615354003595
236,0.8396728015384791,1.5310726515842117
237,0.8488752555505873,1.5228692494043299
238,0.8472392637305465,1.5203334410010183
239,0.8515337422093975,1.5127686068080441
240,0.8507157463237551,1.5100124033925968
241,0.8435582822573453,1.5057878632243182
242,0.8521472393125601,1.5067445168465925
243,0.8550102249732534,1.4917039980917621
244,0.8599182004821325,1.4810336724868338
245,0.8480572597624578,1.4824366177517942
246,0.8562372188626622,1.4730375034921253
247,0.8582822084914443,1.4703549407986287
248,0.8633946830753412,1.461566999889834
249,0.8556237219301469,1.4639057696231303
250,0.8642126788147144,1.457597990513823
251,0.8603271982664955,1.450868778482293
252,0.8642126787903363,1.4383444587145846
253,0.8699386503311266,1.4368179247179402
254,0.8586912065927237,1.4352949215103024
255,0.8556237218082561,1.4339747462048364
256,0.861349693154021,1.4282774618554457
257,0.8619631902328054,1.4200893182208445
258,0.8730061348474343,1.411276908301137
259,0.867075664499786,1.410478122882804
260,0.8611451943715414,1.408811869845556
261,0.8685071573423218,1.3997187134190814
262,0.8646216769159937,1.3970755114877151
263,0.87014314933301,1.3827722192541954
264,0.8627811859965568,1.3904277644030643
265,0.870756646094878,1.3745470989944988
266,0.8680981593873116,1.3750251835353047
267,0.8685071573423218,1.3720602796609171
268,0.8785276072400723,1.3586442921546826
269,0.8732106339955866,1.3588356008802698
270,0.8822085888839207,1.3505619270426121
271,0.8850715745202359,1.3426956497574634
272,0.8836400817020783,1.3407646684315062
273,0.8799591000582299,1.341652059311272
274,0.8789366052194607,1.3384675014238416
275,0.8830265847451848,1.3317611738216657
276,0.8834355828464641,1.3282702641496873
277,0.8852760736683882,1.3191752460592852
278,0.8862985685315357,1.3160878224363113
279,0.8885480572840919,1.308341663746746
280,0.8832310838933372,1.306321003588187
281,0.8856850714771294,1.3010735896467431
282,0.8813905930957912,1.302318034386586
283,0.8895705520253484,1.295225966927464
284,0.8899795499803586,1.2896585688756774
285,0.8950920245642555,1.2828953803926402
286,0.8916155419222904,1.2839265677582754
287,0.8865030673383935,1.2822490736019392
288,0.8848670755183526,1.2769932299791427
289,0.8873210632727921,1.2758597418330686
290,0.8934560326223236,1.2616963595212847
291,0.8905930469128739,1.2628949068806654
292,0.894069529554839,1.2615214444376939
293,0.8916155419710468,1.2622120614919683
294,0.8977505111011747,1.247579046797411
295,0.8926380366635469,1.2481538754543156
296,0.8952965233711133,1.2406795181379728
297,0.8920245397797879,1.236818797700488
298,0.8934560325735673,1.2343381049442876
299,0.8957055213748799,1.2329549040043524
300,0.9022494886794217,1.217290417743363
301,0.8989775051368526,1.2251804787200897
302,0.9004089978087412,1.2170119082757056
303,0.9022494886062872,1.2101950091087013
304,0.895705521521149,1.2115299823094
305,0.8967280162624055,1.2098458354946051
306,0.897546012318695,1.2036463892045441
307,0.8989775051368526,1.2020400364218558
308,0.8997955010468731,1.193136231250802
309,0.9012269937431397,1.1930297660437585
310,0.9087934558864508,1.1851244112221497
311,0.9044989774075998,1.1834771210918154
312,0.9016359917225282,1.1860152577086216
313,0.9036809816194702,1.178061311961683
314,0.9044989775294906,1.1769942341162871
315,0.9075664621920674,1.1708064298200704
316,0.905316973415133,1.1674410257846544
317,0.9100204499221287,1.1589112598715627
318,0.9063394683514149,1.1577935702961646
319,0.9100204499465069,1.1550556437369504
320,0.9108384458321491,1.1490560938244216
321,0.9079754601470775,1.1492454005165333
322,0.9044989773832216,1.147539845029757
323,0.9153374233372616,1.1371816810167152
324,0.9061349691788843,1.1414499431543799
325,0.9098159508227327,1.1330739873562365
326,0.9089979550346031,1.1337775011004114
327,0.9061349691788843,1.1368287067959402
328,0.9087934560814762,1.1306956133715702
329,0.9124744375059209,1.1221174195744021
330,0.9169734150110335,1.1199710890315548
331,0.9161554192716602,1.1105201297011111
332,0.912269938674685,1.112229055665997
333,0.9134969325397156,1.1103916373477147
334,0.9116564415715224,1.1112639784569145
335,0.9106339468302659,1.105725716764454
336,0.9114519427402863,1.1040921471601615
337,0.9179959100204499,1.0995138425280955
338,0.9204498976286204,1.0871878779007613
339,0.9196319016942217,1.088200044485689
340,0.9210633947074047,1.0811997549665486
341,0.9204498976042422,1.085107932110262
342,0.9167689162041756,1.0778752476647344
343,0.9202453986754934,1.0712539892255164
344,0.9190184049323536,1.075596584961702
345,0.9171779141591858,1.0718337836197305
346,0.9241308793699814,1.070183385027942
347,0.9169734151573025,1.0696957406334595
348,0.9202453987973843,1.0627019008488254
349,0.9245398773249917,1.0580083958697952
350,0.9188139057842013,1.058562704878107
351,0.917791411067323,1.0605843187109825
352,0.9210633945611357,1.048982625066137
353,0.9204498976286204,1.0488052746025818
354,0.9186094069773434,1.0469565621182964
355,0.9229038853343036,1.0436337523908947
356,0.9220858895949303,1.0373510595479627
357,0.9226993863811765,1.0362730173976875
358,0.9245398771543444,1.0319885328503473
359,0.9208588957055215,1.0345559619199522
360,0.9243353782255956,1.0325472901935226
361,0.9184049080242165,1.0290946506039984
362,0.9237218812687021,1.0230792018777266
363,0.9231083844824559,1.0250496991085372
364,0.920245398626737,1.0203351590287222
365,0.9233128833136919,1.0220499585255036
366,0.9298568507157464,1.0107579466511623
367,0.9321063393220336,1.002600268059713
368,0.923926380221829,1.0112326697094065
369,0.9278118607944262,1.0055991567229445
370,0.9261758689987635,1.0023336512179462
371,0.9331288342339373,0.9965714263525964
372,0.9290388548301042,0.998794096476705
373,0.9306748466257668,0.9944539131806185
374,0.9280163599182004,0.9892402316894999
375,0.9304703476482618,0.9898874044662117
376,0.9323108382995388,0.9848541203208252
377,0.9269938649331622,0.9846418568449274
378,0.9298568505694773,0.9803313306016669
379,0.9263803681469158,0.9848182112405149
380,0.9319018403445285,0.9764547915546441
381,0.9339468302658487,0.9750971458440909
382,0.9278118610138298,0.9762730053841214
383,0.9276073618169212,0.9716217469583991
384,0.9276073618412993,0.9758885045724413
385,0.9280163599182004,0.9720280233092591
386,0.9372188139303087,0.9590030922967719
387,0.9298568505694773,0.965510655010161
388,0.9298568507401246,0.9578441714460377
389,0.9294478526144672,0.9622439622147683
390,0.9392638036809816,0.9476019336158269
391,0.9368098158046512,0.9491241407296896
392,0.9321063394926808,0.9490496617640942
393,0.9335378323108384,0.9510033280571546
394,0.9337423311420745,0.9505841624517383
395,0.9331288342095592,0.9419733930950516
396,0.9370143148309127,0.9427241717379518
397,0.932719836400818,0.938852306597072
398,0.9449897750511247,0.9269214664256402
399,0.9353783230108718,0.9323887774061815
400,0.9339468302902268,0.9353869077374355
401,0.9349693250071052,0.9321757765635391
402,0.9372188137596614,0.9277166137178495
403,0.9366053169977933,0.9223093850480998
404,0.939877300613497,0.9208775711937185
405,0.938036809815951,0.9230683702876475
406,0.9429447853004518,0.9120845244462261
407,0.9413087934560327,0.9141771582981804
408,0.9372188139303087,0.9131775938416308
409,0.9372188137596614,0.9143979998453995
410,0.9431492842535787,0.9047627416125105
411,0.9449897749048557,0.9021630062891174
412,0.938241308793456,0.9089448771349979
413,0.9413087933097637,0.9062236680574943
414,0.9331288343802064,0.9048054066659971
415,0.9415132922872688,0.8983340430600999
416,0.9388548055797024,0.8995196003367808
417,0.9421267892197841,0.8965554110599198
418,0.9460122697923813,0.8868336934497264
419,0.9441717789948352,0.8908112125650262
420,0.9456032718617492,0.8839210593139711
421,0.9366053169734151,0.8904799128115055
422,0.9445807769498454,0.887937580856565
423,0.9433537832310839,0.8841443672258186
424,0.9470347646799068,0.8776423604698025
425,0.9415132922872688,0.881082544102503
426,0.9431492842779569,0.8800608438460618
427,0.943762781039825,0.8775493574044944
428,0.9470347646799068,0.8694641559401904
429,0.9458077708148761,0.8707820725587249
430,0.9460122699630285,0.8670899913842449
431,0.9460122699386503,0.8664135135024603
432,0.9431492842779569,0.8661369265954187
433,0.9400817996153802,0.8691660543160936
434,0.9480572595674324,0.8599268190212289
435,0.9466257667248966,0.8605603970876744
436,0.9472392636817901,0.8611007407399043
437,0.9441717791654824,0.8590680706964192
438,0.9494887525562372,0.8559393135072751
439,0.9505112472974937,0.8508509547432508
440,0.9513292433537832,0.8480264667596797
441,0.9470347648261759,0.8461135475913439
442,0.9541922288925857,0.842499166983037
443,0.9456032720080183,0.8476734143580883
444,0.9462167689405336,0.8446258847698843
445,0.9517382411869025,0.8352257828283407
446,0.9478527605899273,0.8430026456134695
447,0.9513292432075142,0.8364399131821708
448,0.9537832309375756,0.8368234506901544
449,0.9482617585449374,0.8357325374714436
450,0.949079754601227,0.8336574343815903
451,0.9474437628055643,0.8357931499588466
452,0.9550102249488752,0.8288569104695857
453,0.9550102249488752,0.8258741320032771
454,0.9501022493424834,0.8261655106378722
455,0.9531697341757074,0.8195703124707462
456,0.9505112472974937,0.8229017117515908
457,0.9517382413575498,0.8199701647329428
458,0.956646216622647,0.8125095768940229
459,0.9515337421850193,0.8194083513901521
460,0.9488752555018309,0.8181716785109117
461,0.9543967280163599,0.8154526665898189
462,0.9560327196901317,0.8064999574288756
463,0.9535787321307176,0.809386158135771
464,0.9519427403106767,0.8114944420952982
465,0.9541922288925857,0.8065633586091742
466,0.9539877299150806,0.8075263944627805
467,0.956237218838284,0.7996474394525244
468,0.957873210512056,0.8015995287700177
469,0.9519427402862985,0.8040104696111933
470,0.9552147237801113,0.799100518982347
471,0.9531697340050602,0.7994445830522627
472,0.9513292432318924,0.7985607548969167
473,0.9564417178157892,0.7958748051237718
474,0.9525562370725449,0.7938892771861304
475,0.9584867075664621,0.7890357305179588
476,0.957873210658325,0.7871712152699507
477,0.9566462167932943,0.7902748721021329
478,0.9570552146020355,0.7831292114131045
479,0.9529652351982023,0.7858346075855638
480,0.9580777094651829,0.7804402658788216
481,0.9611451941277596,0.7810517730644632
482,0.9521472391175346,0.7863010473290348
483,0.9554192229282636,0.7840140266896269
484,0.9558282208588957,0.7793874574828977
485,0.9586912065439673,0.7773877704314172
486,0.9531697340050602,0.7812103297081462
487,0.9572597137014315,0.7729062266632579
488,0.9603271982177392,0.7745285841828718
489,0.9597137014314928,0.7668876544829527
490,0.9582822085889571,0.7656274872567268
491,0.9623721881634375,0.7658219499578262
492,0.9576687116808199,0.7688483014672324
493,0.9548057259713701,0.7694016606773579
494,0.9568507157464212,0.7635106402672142
495,0.9578732104876778,0.762010385799993
496,0.9607361961727493,0.7620053426863469
497,0.9605316971952442,0.758882141357063
498,0.9582822085889571,0.7555699892570636
499,0.959918200408998,0.7613101351236761
