epoch,categorical_accuracy,loss
0,0.5284253579951015,5.2216798285033805
1,0.514314928437547,4.78849636830679
2,0.5155419223269558,4.615001177836537
3,0.5173824131001237,4.470507416793418
4,0.5112474437627812,4.405769501629539
5,0.5118609407440529,4.317987908127361
6,0.5083844581996005,4.229939759728367
7,0.5051124745595187,4.1686755642569135
8,0.5120654398190707,4.10432982688545
9,0.5155419224366576,4.035188317347646
10,0.519631901864869,3.9985705978299944
11,0.5196319019867599,3.982165737678668
12,0.5245398773006135,3.916993784758211
13,0.5198364008789413,3.8883179748472747
14,0.5116564417421696,3.8599115574530543
15,0.5139059304703476,3.8328706210863857
16,0.5196319018404908,3.7955669785326
17,0.5190184049079755,3.7794134334064946
18,0.5247443762537405,3.765261415177328
19,0.5278118609528843,3.7200749851687065
20,0.520654396825529,3.7002696247919937
21,0.523517382413088,3.7037223597489497
22,0.5370143149040472,3.643459724258548
23,0.5402862985197509,3.632688381530512
24,0.5321063394804918,3.6374769667174918
25,0.5290388547813478,3.609522993579233
26,0.5308793457495411,3.5919177001726896
27,0.53967280166037,3.5704599819300364
28,0.5341513293408665,3.5594184361596293
29,0.5327198363276835,3.5597977260870435
30,0.5370143150503163,3.5398603763073258
31,0.5357873212096638,3.528597243724425
32,0.5439672801635992,3.5115325519156113
33,0.5511247443884673,3.4934594111452317
34,0.5519427404081895,3.4853295300879603
35,0.5451942740042517,3.4751790005736556
36,0.5525562372188139,3.4715912206528863
37,0.5396728017578827,3.454549118346232
38,0.5374233129809483,3.4461605109076316
39,0.5484662576443334,3.433501110388945
40,0.5548057259835593,3.406509938269305
41,0.5413087935535454,3.4197633199165205
42,0.549488752531859,3.399876985276891
43,0.5660531698804204,3.376881586749617
44,0.5631901840247016,3.3733100507888327
45,0.5554192230501546,3.3733063427704733
46,0.5505112473706283,3.366250363351865
47,0.5529652353200932,3.3459193930791686
48,0.5703476484080278,3.3266231047351424
49,0.559918200421187,3.329679632771966
50,0.5658486707322681,3.3115086296097145
51,0.5556237218813906,3.3061251859723426
52,0.5691206543235935,3.2886540760048084
53,0.5617586913040566,3.283485009090057
54,0.5550102249732535,3.276513167246719
55,0.5580777095870738,3.273851091876352
56,0.5703476483836496,3.252139729224831
57,0.5730061349937033,3.245372001086276
58,0.5732106340930994,3.240041512604384
59,0.5715746421024112,3.2207720680470846
60,0.5840490797667903,3.209479080289907
61,0.5795501022251106,3.1903665692772116
62,0.5670756646216769,3.1913291414334974
63,0.5588957056677415,3.192385357386739
64,0.5717791411164835,3.171781260348049
65,0.6014314929888048,3.1510783299834206
66,0.5820040900526846,3.1489302269520203
67,0.5940695297742427,3.1327426932828315
68,0.5822085889814334,3.134011107134673
69,0.5860940695052742,3.1161439256921626
70,0.5901840491528891,3.107244440968051
71,0.5965235174799258,3.096904859367324
72,0.5942740287273696,3.0840999998197964
73,0.5791411042457222,3.083673105844447
74,0.5905930471322776,3.066334569283546
75,0.6014314929400485,3.053069047011237
76,0.5834355828586532,3.047744186475477
77,0.5817995910142341,3.042655939070969
78,0.5993865031649974,3.0200041738755865
79,0.6100204500196414,3.0097446433849373
80,0.6182004088760641,2.996859169493911
81,0.6085889569820802,2.9872934038166132
82,0.6044989776026252,2.9735394866919957
83,0.6002044991237742,2.9775395122286246
84,0.602044989750673,2.9547037267977476
85,0.6235173825349788,2.9451823878142
86,0.6085889570308366,2.944278706802181
87,0.618813906027983,2.9234189398205843
88,0.6141104294844201,2.9198630428509236
89,0.6306748465526323,2.895881315925614
90,0.626175869071898,2.897212118897701
91,0.6274028629369287,2.886884532823153
92,0.6204498977748895,2.8754076868966068
93,0.6177914109698103,2.8655473472150557
94,0.6265848670269083,2.8550554758200617
95,0.6421267893172968,2.834840627877015
96,0.6280163598938222,2.830939014606437
97,0.6355828220858896,2.8229262415373007
98,0.6306748466745232,2.8112157612002946
99,0.6411042945029057,2.802493699099145
100,0.6355828220371332,2.7898217026685157
101,0.6441717792629952,2.7837958879997395
102,0.6419222903154135,2.772698563885835
103,0.6472392637549246,2.758997911031992
104,0.6437627811373378,2.7508581128344702
105,0.6550102250220098,2.738680073283689
106,0.6441717792142388,2.7316411047625397
107,0.6386503066753317,2.7257194631182586
108,0.6546012269207305,2.7081898078840445
109,0.6576687115833072,2.699002492939768
110,0.6564417177426547,2.688106909558817
111,0.6525562371700575,2.681378206592396
112,0.6648261759666334,2.669196674038784
113,0.6541922291851239,2.666742470318067
114,0.6619631902571836,2.6496890900812753
115,0.660736196270262,2.6388029833756583
116,0.6619631902571836,2.633105187718366
117,0.6621676892224997,2.6255336483563383
118,0.6678936604341846,2.615255485819405
119,0.6715746422730584,2.599526536001506
120,0.6633946831240976,2.6019938837531154
121,0.6721881390105483,2.582115603858464
122,0.6676891614810577,2.5775776809466153
123,0.6773006133994198,2.5606635289689517
124,0.6738241308305892,2.5582309259715013
125,0.6901840490309983,2.5374126466505365
126,0.6830265848914538,2.5295655518709275
127,0.6674846624791744,2.529943661601997
128,0.6764826177088029,2.516052817323213
129,0.6834355827489513,2.512412379075657
130,0.6815950920732963,2.5020469817647175
131,0.6887525561640843,2.491490110736683
132,0.6899795502241404,2.476624216380051
133,0.6846625766383602,2.4749611158312463
134,0.695705521521149,2.4589938132553257
135,0.6842535788783755,2.4580016443334474
136,0.6930470348379607,2.442534164319497
137,0.6940695295792172,2.4418485193896147
138,0.7085889571283492,2.4193026454902133
139,0.6932515338154658,2.4222747462415013
140,0.6983640082530936,2.4089286323461554
141,0.7085889571039711,2.3924828801418374
142,0.70593047032327,2.392385315358761
143,0.6999999999268655,2.3851526084853094
144,0.7083844581996005,2.3735678934124596
145,0.7034764825688306,2.367184511137886
146,0.72065439667926,2.354902624352578
147,0.7173824131610691,2.3391929038463193
148,0.7047034766045085,2.336965265742109
149,0.7096114518696057,2.331832287404191
150,0.7182004089735768,2.3199388385062814
151,0.7157464213897845,2.309460913574281
152,0.7075664620701765,2.3061523466753813
153,0.7245398772274789,2.290490472146095
154,0.7186094070992343,2.2907380139169518
155,0.7249488752312455,2.280233432812681
156,0.7210633947805393,2.2688953757529853
157,0.7216768916642983,2.2620697150201154
158,0.7212678937580445,2.254960619160003
159,0.7247443762903077,2.2447590976161216
160,0.730061349620117,2.238729281708263
161,0.7359918199677653,2.2261031581824056
162,0.7325153373745565,2.2237325951121822
163,0.7265848671487991,2.2144832928000295
164,0.7402862986172635,2.1974890062414065
165,0.7339468301927141,2.1952986317422005
166,0.7316973414645361,2.190938408096875
167,0.7480572596649451,2.176280346384809
168,0.7419222903154136,2.1723342060799005
169,0.7339468301927141,2.169162934543165
170,0.737423312810301,2.1590252273653183
171,0.7359918199677653,2.147707312726292
172,0.739263803607847,2.1392913863215224
173,0.7488752555749655,2.129410601149795
174,0.7462167688186427,2.125306324188451
175,0.742331288441071,2.1219888478456586
176,0.7378323107896895,2.1169186170847136
177,0.7576687117295763,2.095901673361811
178,0.7533742330069435,2.0939820120914825
179,0.7501022493912398,2.0923721755209144
180,0.7398773007353878,2.0941477315313732
181,0.7554192228551291,2.0725402763772354
182,0.7548057259226137,2.0622707326963146
183,0.7552147238288677,2.0566557186025296
184,0.7664621677622961,2.0456593691937033
185,0.7640081800078565,2.038978713714272
186,0.765030674749113,2.028049129747418
187,0.7658486706835117,2.0271034186115537
188,0.7631901840978361,2.0195661726173446
189,0.7635991820528464,2.0132654056958628
190,0.7717791412261854,2.0031409527870285
191,0.7629856849496838,2.0000857846137206
192,0.7725971369168022,1.9914133901732587
193,0.7713701430761497,1.9835833101428604
194,0.7752556237462596,1.9711099967878534
195,0.7687116563442051,1.9735664667527368
196,0.7650306747978695,1.9711926673818951
197,0.769938650233614,1.959051504066873
198,0.7760736196806582,1.9516112186669816
199,0.7766871164669045,1.9427895766338201
200,0.7787321062419555,1.9386187541704236
201,0.7762781185362724,1.9294741822166677
202,0.7813905931445475,1.9244265104851597
203,0.7922290389279403,1.9104110832350873
204,0.7912065440647928,1.9086384861503398
205,0.7922290389035621,1.900395800828446
206,0.7813905930957912,1.8962760055479584
207,0.7858895706252818,1.8930956878545093
208,0.7850715746908832,1.8863000034554605
209,0.7793456031500927,1.881682969163532
210,0.7973415133899463,1.865525559218627
211,0.7942740287029914,1.8584773582914855
212,0.7950920246130119,1.862320450576049
213,0.7924335379054454,1.8494712417598638
214,0.7932515338642222,1.8493916286281282
215,0.7979550101274362,1.8369642994398963
216,0.7955010225192657,1.8317063170220467
217,0.8047034763851049,1.8191524372997947
218,0.8004089978331194,1.820707350908369
219,0.7985685072305988,1.8125373486848453
220,0.800817995983155,1.7985656007423478
221,0.8089979550589813,1.7985874223319056
222,0.7969325153861797,1.7991768734099187
223,0.806543967207029,1.7815030082846957
224,0.8092024540608646,1.782316369220523
225,0.8075664620701765,1.7766526346070146
226,0.8083844579801969,1.7709970278242615
227,0.813292433635345,1.760002709020135
228,0.7997955009493604,1.7572239158099903
229,0.8102249489483901,1.7509411371071157
230,0.8130879344628145,1.740128466736807
231,0.8114519427890426,1.7418724858200136
232,0.8173824129660436,1.7299532277939997
233,0.8147239262828554,1.7232507976773814
234,0.8165644172266705,1.7199351866552435
235,0.8182004088760642,1.7084270168179627
236,0.8184049080242165,1.7110896915989664
237,0.8235173822911971,1.6997686198883992
238,0.8198364007204832,1.6979633184054634
239,0.8149284254310077,1.6923031319869808
240,0.817791411067323,1.6857056352502242
241,0.8292433538563656,1.679594103641549
242,0.8163599182735435,1.6793142188546117
243,0.8245398773493698,1.6679466083737238
244,0.8276073618656775,1.6597507044337767
245,0.8259713700212584,1.6554824018283367
246,0.8269938650794312,1.6516561062058057
247,0.830470347550749,1.6451972313941379
248,0.8312883434120132,1.64135403321077
249,0.8306748467232796,1.6365833213724241
250,0.8302658485976221,1.627600825344858
251,0.8284253577513198,1.6251338961178052
252,0.8353783229864936,1.615661133335168
253,0.8384458078197174,1.6111425571402644
254,0.8386503067972226,1.6104478681989487
255,0.8380368099134636,1.6015872421440172
256,0.8294478527851143,1.6025922846452834
257,0.8447852759517287,1.5914834130761082
258,0.8437627812104722,1.5807038373986149
259,0.8386503066265754,1.582579599616474
260,0.8380368097184382,1.5831516338028546
261,0.84130879335852,1.5724290750265608
262,0.8433537831335711,1.562273868461328
263,0.8453987730548913,1.5626547872410719
264,0.8374233127371665,1.5679162544219285
265,0.8458077710586579,1.5426533778508504
266,0.84621676898929,1.5488864865039755
267,0.8435582822817235,1.5447783818274188
268,0.8480572595918106,1.5399969336445347
269,0.8427402863717031,1.5414532493716124
270,0.8543967278944691,1.519748724798971
271,0.8517382413331717,1.5179655078486187
272,0.8586912065927237,1.5133110026884176
273,0.852556237096923,1.5047104130980915
274,0.8578732105364342,1.5079280228215004
275,0.8494887524343463,1.5069586471545915
276,0.8535787321550958,1.4926590936559354
277,0.8535787319844486,1.4889411098386613
278,0.8615541923021733,1.4823226309992785
279,0.8619631900865363,1.4781288131858186
280,0.8494887526049936,1.4845613648798812
281,0.864621676940372,1.4710556119010005
282,0.861554192253417,1.4684171240753923
283,0.859304703525239,1.4625789003625727
284,0.8625766871409426,1.455888609944677
285,0.8552147239995149,1.4554894406371321
286,0.8593047035008607,1.4512376279674912
287,0.8619631900865363,1.443373684064011
288,0.8617586912796785,1.4417006908994023
289,0.8662576685653873,1.4372074812711626
290,0.8627811861428258,1.4343970128607408
291,0.8601226994840158,1.430305396462267
292,0.8685071573666999,1.422307820846698
293,0.868302658535464,1.4207852969140362
294,0.8658486708054026,1.4184684544740767
295,0.8676891614323013,1.4109119966230022
296,0.8656441718278974,1.4037832556570478
297,0.8725971370386931,1.3958659446068824
298,0.8695296522298473,1.3991772635582767
299,0.8666666665447758,1.3942257700766034
300,0.8654396726797451,1.3916227759027773
301,0.8779141104782042,1.3806123441469937
302,0.8768916153956532,1.3765151413428027
303,0.8711656440498883,1.3802018924237274
304,0.8797546012513721,1.3668215390850917
305,0.8744376276655919,1.37056454403025
306,0.8805725970395016,1.3605500148605472
307,0.8862985683852665,1.350287679416758
308,0.8844580777583678,1.3461016182519177
309,0.8809815951651591,1.3478798402111467
310,0.8744376277143482,1.3545707753830891
311,0.8787321063638465,1.3393748096161824
312,0.883844580630827,1.3357639867103905
313,0.8801635992063823,1.337223498172799
314,0.8822085890545679,1.328190565109253
315,0.8830265848670756,1.3234677445425334
316,0.8858895705765254,1.3209303574084261
317,0.8775051124744376,1.3206795606632662
318,0.8862985685071575,1.3096295743875952
319,0.8852760734733628,1.3145206722501352
320,0.8944785276317402,1.2958365401363567
321,0.8885480573084701,1.3003764485045202
322,0.8893660531941123,1.303272257992095
323,0.8914110429447852,1.2928914377782
324,0.8879345601809293,1.2905714486518034
325,0.9018404908706805,1.2762062504247653
326,0.8832310836983117,1.2866443919257884
327,0.8948875254648595,1.2775614789170966
328,0.8842535786102155,1.2814894837592032
329,0.8916155419954249,1.2699802649776872
330,0.8916155418003995,1.2654894115490904
331,0.8930470346429353,1.2612721306658474
332,0.8883435583309649,1.2664246424575525
333,0.8899795501510058,1.2569540335356824
334,0.8987730061837257,1.2503904032560946
335,0.8942740286786132,1.2511275519135052
336,0.8993865029212156,1.2398983434665423
337,0.8948875255867503,1.2446007021121939
338,0.9030674845406857,1.2316955982297964
339,0.9038854805969753,1.2266267006138838
340,0.9034764826419651,1.2260427144407495
341,0.8940695297254863,1.2293229601865898
342,0.9024539877544395,1.2233079829830333
343,0.8981595090805631,1.2264141854089219
344,0.9012269938894089,1.222054967265919
345,0.8938650305529557,1.2159093604253601
346,0.9051124743157369,1.2075698614608048
347,0.9057259712238741,1.2058192557840015
348,0.9075664621920674,1.1962509906121315
349,0.9032719836888382,1.198816187640153
350,0.9069529651132829,1.1951264890425044
351,0.9055214724413944,1.1921581118628535
352,0.9030674846625767,1.1912318544641352
353,0.8987730061837257,1.1907635935001335
354,0.9083844579314405,1.1815763339918328
355,0.9096114519914966,1.18134438464978
356,0.9106339469034004,1.1711182847344803
357,0.9044989774075998,1.179529929599879
358,0.9114519427890426,1.1708476044648994
359,0.9137014313709516,1.1642198003874236
360,0.9059304703720265,1.165990897141595
361,0.9134969323690684,1.157232948022386
362,0.9067484662820469,1.16221808504717
363,0.9120654395509108,1.156780599816445
364,0.916564417031645,1.151044715255316
365,0.9106339466839968,1.1510575898585875
366,0.9212678936849099,1.1382558089336248
367,0.9153374231666144,1.1395800846486004
368,0.9182004090467114,1.1305334039504786
369,0.9161554190766348,1.1329555993187403
370,0.9143149284253579,1.13115174599708
371,0.9163599182491654,1.132498576450933
372,0.9153374231666144,1.124619853959737
373,0.9122699386990631,1.1258348258238873
374,0.9155419223147667,1.120538501310446
375,0.9143149284741142,1.118102705600559
376,0.9130879345847054,1.1172655628258952
377,0.916155419101013,1.1138865878489363
378,0.9188139059548486,1.1037453975657987
379,0.916155419247282,1.107463520679981
380,0.916155419247282,1.0989071727530357
381,0.9204498976042422,1.0994929141549732
382,0.9171779139641604,1.0923985867900108
383,0.917177914183564,1.09589903003599
384,0.9182004090710896,1.0919841328525348
385,0.9224948875499406,1.0836503430622
386,0.9192229037392116,1.0858342700209354
387,0.9237218813905931,1.0795027487117088
388,0.9208588955592524,1.0822259146255462
389,0.9226993865274457,1.078783906456883
390,0.9304703475263709,1.0642341212504725
391,0.9255623722125172,1.0691746531820006
392,0.9224948875499406,1.0698256997243027
393,0.9212678935142626,1.0664645546540648
394,0.9249488752556237,1.0634428271242933
395,0.9257668710193752,1.0592569393126754
396,0.9321063394683027,1.0529905782399245
397,0.9253578732106339,1.0538564385324412
398,0.926993864908784,1.0573850471305457
399,0.9245398771787227,1.0448581796482297
400,0.9302658485244876,1.0457133523769417
401,0.9276073619875683,1.0378624853180962
402,0.9245398771543444,1.0463423585111622
403,0.9249488751093546,1.0462430345987737
404,0.9294478527851143,1.0344369755200813
405,0.9253578732350122,1.0354536990690328
406,0.9257668710193752,1.0373356435440313
407,0.9276073620119465,1.0278736717618073
408,0.9298568507157464,1.0222225297448093
409,0.9271983638619109,1.0272119564268973
410,0.9251533740868597,1.0267138500398898
411,0.9278118609650735,1.0203461898616486
412,0.9341513291214629,1.0114063424810553
413,0.9296523515919722,1.0134763943880858
414,0.9271983640325582,1.0154163210913691
415,0.9284253577269416,1.01118048792724
416,0.9341513292677319,1.0007216731951036
417,0.9284253577269416,1.0093891370028318
418,0.9335378323108384,0.9973333823168936
419,0.9306748464794978,1.000124270662452
420,0.9396728016359919,0.991936358596162
421,0.9310838446051553,0.9960599038742315
422,0.9329243354027013,0.9888032014628373
423,0.9282208589200837,0.9948732488238251
424,0.9327198362789271,0.9873513112038922
425,0.9321063393220336,0.9798269850588528
426,0.9325153374476911,0.9824316202253408
427,0.9327198362789271,0.9785160460842656
428,0.9347648261758691,0.9761264858070327
429,0.9384458077953394,0.9694749869451932
430,0.9364008180202882,0.9696780623590044
431,0.9345603270764731,0.9700490467875038
432,0.9364008180202882,0.9705994231081692
433,0.9390593047278547,0.9658399544610567
434,0.9329243353783231,0.9696938133922335
435,0.9386503066021972,0.9559022303495427
436,0.9413087933341419,0.9537736934630661
437,0.9364008180202882,0.9558557426271264
438,0.9386503066265753,0.9523170596495241
439,0.9347648262002473,0.9565972501271097
440,0.9382413086471869,0.9520077611039752
441,0.9376278117146716,0.9460295017511566
442,0.9361963190427831,0.9477519724022879
443,0.9433537832310839,0.9355956029794456
444,0.9443762779967185,0.9351213809415119
445,0.939468302560974,0.9373394992941484
446,0.9441717791411043,0.9345844596929102
447,0.9394683025122177,0.9416229275837997
448,0.9404907973997432,0.9302871455200367
449,0.9404907973997432,0.9309053705757625
450,0.941922290242279,0.9241673741116357
451,0.9308793454813811,0.9339238672900053
452,0.9394683026828649,0.9264719856784875
453,0.9433537830848148,0.9238331199667449
454,0.938241308793456,0.9249040957365056
455,0.9402862985685072,0.9189516110898039
456,0.9390593045815856,0.9251260843257475
457,0.9372188139303087,0.9192867790994469
458,0.9441717791654824,0.9108463843663533
459,0.945398773006135,0.9027335079901058
460,0.9423312883679364,0.9086828686708321
461,0.9404907975460123,0.9101785722685738
462,0.9364008178740192,0.90821647456331
463,0.9411042943322585,0.9075071897487211
464,0.9398773004672278,0.9031769759084549
465,0.9449897749048557,0.8952358853353801
466,0.9462167687698864,0.8929094936706293
467,0.9441717791654824,0.8930418572299076
468,0.9480572597137015,0.8912291391495547
469,0.9429447851298045,0.8940293710412179
470,0.9478527607605745,0.8859769141747176
471,0.9466257668711656,0.8909358366135439
472,0.9470347648261759,0.8800825689711698
473,0.9451942740286299,0.8825262975595236
474,0.9429447853004518,0.8810183434886192
475,0.9476482617830694,0.8733141122420142
476,0.9439672801879774,0.8776884495846333
477,0.9413087933341419,0.877192180312728
478,0.946830265873049,0.8730640490849813
479,0.9529652351982023,0.8600229412987676
480,0.946625766919922,0.8680996484795475
481,0.9507157462749988,0.8618247028996364
482,0.9462167689405336,0.8683081104711521
483,0.9492842535787321,0.8597205496273158
484,0.945398772859866,0.8636391507823531
485,0.9445807771204927,0.8661485180776787
486,0.943149284156066,0.8632843098026112
487,0.9423312883435583,0.8662476785587631
488,0.9468302657024017,0.8543146323816421
489,0.9464212677473914,0.856956938488108
490,0.9501022493424834,0.8467422919770692
491,0.9509202454231512,0.8479114076598778
492,0.9492842536031103,0.8488372522141548
493,0.9498977503649784,0.8449495390392764
494,0.9501022495131307,0.8439946028352515
495,0.9517382413331716,0.8389640863687714
496,0.9482617586912065,0.841906090382418
497,0.9550102249732534,0.8335653895493178
498,0.9476482617586912,0.8368404701199755
499,0.9529652351982023,0.8287868543149016
