epoch,categorical_accuracy,loss
0,0.5445807771204927,4.562922581085642
1,0.5337423312883436,4.082285804982566
2,0.5196319018526799,4.034968235546338
3,0.5020449897506729,3.962358454546314
4,0.5081799592464735,3.8276549931196593
5,0.5214723927599277,3.7508686174888064
6,0.5122699387965758,3.7004276856810523
7,0.5147239264169353,3.663450372926053
8,0.5208588956811433,3.5615826263505745
9,0.5175869120654397,3.5657671680723477
10,0.5044989776513815,3.528649665582887
11,0.5184049080120274,3.481734052708788
12,0.5294478527607362,3.436832243777004
13,0.5276073621094592,3.403038194671974
14,0.5157464212800827,3.4110355562471417
15,0.5067484664039378,3.386535323324379
16,0.5206543967767727,3.352383008617565
17,0.5165644173241831,3.3458136302074286
18,0.5233128834477719,3.309260965515012
19,0.5310838445929662,3.2877695502922824
20,0.5366053170465497,3.2736939366853552
21,0.5257668713119132,3.271199236423204
22,0.527198364154449,3.2451147176980486
23,0.5210633948292956,3.246098872245211
24,0.5343558283671279,3.2076887115135273
25,0.5319018405029866,3.2084982011947165
26,0.5159509202453988,3.2106544792042677
27,0.5337423313005326,3.189528024513541
28,0.5214723926502259,3.1808722172290516
29,0.5419222904129263,3.155512788203109
30,0.5333333333089552,3.1479928924505938
31,0.5374233129078138,3.138390924496641
32,0.5474437627933751,3.122431537612572
33,0.5392638036809816,3.116750186986475
34,0.5339468302658487,3.1087190411573538
35,0.5347648261514909,3.0934781141807695
36,0.5478527607605745,3.0836416539970353
37,0.5339468302780378,3.080161099736188
38,0.545603271959262,3.0684879606243047
39,0.5359918200165216,3.063789453877018
40,0.5327198365470871,3.0634039281092296
41,0.5413087934560327,3.0430679627478976
42,0.5415132923847815,3.0275982530082906
43,0.5472392639255719,3.025206625924764
44,0.538445807892852,3.0188333667372875
45,0.5494887527025063,3.0093079798060693
46,0.5402862985806962,3.0066457098003303
47,0.551738241381928,2.985563418714059
48,0.5490797547231179,2.978204065939156
49,0.5558282209564084,2.9630636646216146
50,0.5474437629274551,2.9631163856490748
51,0.5492842537250012,2.953380195251028
52,0.5541922291851239,2.9438710670042134
53,0.5617586911821658,2.9309351592463706
54,0.5505112474559519,2.92669815841628
55,0.5521472393613164,2.921099732014787
56,0.5603271984615209,2.9052360005173945
57,0.5576687116686309,2.896384243779875
58,0.5593047035739953,2.890432254327099
59,0.5738241308062111,2.8678696300842037
60,0.5447852761101869,2.870756528323901
61,0.5689161555411137,2.856011261481693
62,0.57770961148851,2.8440080217544774
63,0.5662576686629001,2.837447987597413
64,0.5715746422730584,2.8261798415934867
65,0.5603271983152518,2.822723838888063
66,0.5623721881634375,2.810844092963907
67,0.5613496932271556,2.8012658539481445
68,0.5611451942740286,2.785906388276925
69,0.5678936605073192,2.778143855740444
70,0.5697341513658106,2.7634752109738216
71,0.5752556236487468,2.750354143349427
72,0.5832310838202026,2.7432101041017622
73,0.5856850716477766,2.7301899685693907
74,0.5705521471905074,2.7303760471031953
75,0.5813905930226566,2.71192762183753
76,0.5840490796570885,2.701000003483154
77,0.5732106338980739,2.69953943625062
78,0.591206543942902,2.6834146794122176
79,0.5910020449653969,2.67013738677058
80,0.5881390594509726,2.663257339883192
81,0.5875255623234318,2.6530938770629633
82,0.585685071550264,2.646221012961889
83,0.5920245399138678,2.6320261991340934
84,0.5975460122821278,2.6241185620274767
85,0.6010224948997146,2.609067585326899
86,0.5995910021425025,2.600177695366015
87,0.5948875255136158,2.5937451819944477
88,0.6087934561302325,2.57918653410149
89,0.6047034764826176,2.573065279451616
90,0.5936605316729633,2.560357503169397
91,0.6120654396484234,2.546707819819694
92,0.6104294479746516,2.537331283799466
93,0.6141104293990964,2.5220729805452935
94,0.6049079755576354,2.5226787489128504
95,0.6083844581508442,2.5139051934692755
96,0.6120654396484234,2.4988278626908067
97,0.6106339469521568,2.4939385967020606
98,0.6134969324665811,2.477833676094414
99,0.6169734152548152,2.470340822274456
100,0.6202453986998716,2.4608762617247724
101,0.6151329242378656,2.449202286246364
102,0.6182004091198459,2.444790250294535
103,0.6198364009398868,2.4296018601438996
104,0.6323108384214295,2.4198089956505897
105,0.6206543967036382,2.4111599676448146
106,0.6261758691328435,2.403706444016751
107,0.6224948874524279,2.3958667085214627
108,0.6173824132342036,2.3832497697178816
109,0.6321063394683026,2.3678871090426767
110,0.6302658486220003,2.363523010827281
111,0.6386503066997099,2.3491579889519816
112,0.6404907974728777,2.345712130883964
113,0.6398773007353878,2.332938081647721
114,0.6386503066997099,2.3231841049311353
115,0.6413087935779236,2.3124125299278213
116,0.6392638037541162,2.310651339685015
117,0.6445807772423836,2.296579450576096
118,0.638854805677215,2.2931944941694264
119,0.6439672802854901,2.2775766279068463
120,0.6453987731280258,2.272111423078978
121,0.6523517381437961,2.261561354342658
122,0.644171779238617,2.254822271538171
123,0.6529652351250678,2.244494069670851
124,0.6474437628543206,2.229050668373186
125,0.6564417177426547,2.223470649251177
126,0.6621676892590669,2.21507795193444
127,0.6537832312057354,2.2133976696459063
128,0.6574642127520711,2.2023136370021144
129,0.6680981594360679,2.1854988677370035
130,0.6554192228551291,2.183958289764654
131,0.6599182003602416,2.178354326786439
132,0.6660531697829077,2.163980187082583
133,0.6658486708297807,2.1553254770111208
134,0.6728016361137109,2.148134235175353
135,0.6678936605073191,2.141228641517811
136,0.680368098135131,2.1272696699832845
137,0.665439672801636,2.123298865203233
138,0.673006134944947,2.11604333206676
139,0.6834355828952204,2.1047525046061883
140,0.6779141103806915,2.100024180909607
141,0.6738241309768583,2.091095023359989
142,0.6797546012026157,2.08203106550595
143,0.686094069480896,2.072841271203476
144,0.6775051124744377,2.0710681455998334
145,0.6883435584040994,2.05247649629667
146,0.6844580778315024,2.0543213538109404
147,0.6805725971613925,2.0483255658413
148,0.6899795501997622,2.034319283382049
149,0.6854805725240025,2.0301453958991114
150,0.6944785277292529,2.0179124725864463
151,0.7032719835913255,2.0088926336760413
152,0.6764826176844247,2.0145296736485143
153,0.6858895704546345,2.001227543787966
154,0.6993865029943501,1.990727838904336
155,0.6850715747640177,1.9904254062044109
156,0.6959100204986541,1.9748672110902752
157,0.6830265849402102,1.974488609553846
158,0.6946830265361107,1.961706274272474
159,0.7014314929156703,1.952600067378553
160,0.7012269939625434,1.9471046161066534
161,0.7063394684001711,1.9360401150639073
162,0.7002044989043705,1.9312073215141374
163,0.698977505185609,1.9279927365862763
164,0.6999999999756218,1.923454102514224
165,0.7118609407684311,1.9087246852418396
166,0.6961145194761592,1.9078366780329823
167,0.7028629858069625,1.8999850858208591
168,0.7018404907487896,1.896820871327796
169,0.707770961242707,1.8853886518497895
170,0.7092024539389737,1.8815862328484503
171,0.7214723925405241,1.8666185874880457
172,0.7108384457102582,1.867492581047651
173,0.7179959101423408,1.8527724415734257
174,0.706339468229524,1.8563908801732132
175,0.7106339468302658,1.8473182086320499
176,0.7257668712387787,1.8407720244491514
177,0.7253578733325249,1.8331939782589248
178,0.7269938649087839,1.8252298845591477
179,0.7337423311664527,1.8116122554416305
180,0.7253578733325249,1.8097410474574396
181,0.7314928426576782,1.802048656448021
182,0.7210633947561611,1.8027825145877456
183,0.7327198363033053,1.7940653750257745
184,0.7306748466745232,1.7848155611619383
185,0.7300613497907642,1.7797890247742822
186,0.7370143148552908,1.7683974023733158
187,0.7345603272714986,1.7680405407107924
188,0.7263803680250249,1.770744785355644
189,0.7331288342583155,1.7595344780900484
190,0.7376278119340752,1.7508385656801468
191,0.7351738240333666,1.7508500090893548
192,0.7361963190671612,1.7447882361694835
193,0.7462167688430209,1.7308163554146734
194,0.7472392637305465,1.7287265535756366
195,0.7453987730305132,1.726731363298459
196,0.7501022495131308,1.7087942804539373
197,0.7468302657511581,1.7076705034037554
198,0.7433537831579493,1.7070613532466148
199,0.7451942741017644,1.6985197832735526
200,0.7584867074445713,1.690627820262636
201,0.7445807771936273,1.6935366418464053
202,0.7570552146507918,1.6811650276184082
203,0.7535787322282304,1.6804422804670587
204,0.755214723999515,1.6743888105107718
205,0.7568507156732868,1.6668359901276102
206,0.7574642126301803,1.6584479587941081
207,0.7558282209807866,1.6557503677828425
208,0.757259713774566,1.653929971478468
209,0.7640081800322347,1.6451052037241025
210,0.7582822086620916,1.6410586289345366
211,0.7611451943471632,1.6330153115687926
212,0.7621676892103105,1.6290076851601005
213,0.7580777097089647,1.632849019241723
214,0.7515337422581538,1.6258710336587667
215,0.7627811859965569,1.6181655867211902
216,0.7640081798859657,1.609838621504224
217,0.7705521473123983,1.6029192385741782
218,0.7638036810791078,1.5988559321635583
219,0.7750511247931327,1.592619081655163
220,0.7754601227237646,1.5869291834548451
221,0.7638036810547296,1.5895703108032788
222,0.7695296524980073,1.584641746411782
223,0.7707566461680125,1.5788717002712631
224,0.7789366053657297,1.565591488147806
225,0.7807770960413849,1.5604382540306918
226,0.7787321064126028,1.5595144112904866
227,0.7723926379880535,1.562510837318951
228,0.7781186094800875,1.548572160227411
229,0.7817995910508013,1.5451839399240255
230,0.7844580776364769,1.5419055114738294
231,0.7773006133994198,1.5388988407111606
232,0.7856850714771294,1.5279357527418858
233,0.7842535786102155,1.531054256737598
234,0.793660531770476,1.5174010039838546
235,0.7797546011782375,1.5250075595266737
236,0.7920245399748134,1.5066756951053206
237,0.7920245397797879,1.5033242767817647
238,0.7981595090805631,1.4982932205336714
239,0.7944785276561184,1.4962982256232107
240,0.7959100204986541,1.4892628551748388
241,0.7991820039924669,1.4822620952543792
242,0.791002044843506,1.4824543340562069
243,0.7967280163842964,1.4765493291531115
244,0.7979550101274362,1.4768869096759882
245,0.7961145193542684,1.4725722042329472
246,0.7985685070843297,1.4677390284821057
247,0.8040899794525895,1.4601290264012623
248,0.800613497030028,1.4579516787226703
249,0.7973415133168117,1.4552162436619858
250,0.7983640080824463,1.4557193370440742
251,0.8016359917225282,1.4508019034847892
252,0.7940695295304608,1.4452949059765277
253,0.8038854804750845,1.437843896177405
254,0.806748466306425,1.4306345648073224
255,0.8196319017429781,1.42390382416653
256,0.8112474437871594,1.4250976064210046
257,0.8075664620945546,1.4203197945358808
258,0.8155419223391449,1.4154958908787048
259,0.8100204497758596,1.4157856151370183
260,0.8083844581752223,1.4074818651612795
261,0.8118609407440529,1.4035593911914006
262,0.820858895778656,1.396141814649227
263,0.8198364008667522,1.3931887107880325
264,0.8147239262828554,1.3985635862760017
265,0.8179959100692062,1.3864925934980739
266,0.8263803679762686,1.3768107221170438
267,0.8239263802462072,1.37801862465092
268,0.8161554191253911,1.3768710922366028
269,0.8188139058085795,1.3713644143262524
270,0.8190184050298663,1.3713805787158646
271,0.8243353782012175,1.3619427170002631
272,0.8306748465526324,1.3577588868287442
273,0.8290388546594569,1.3457187793006196
274,0.8280163599913349,1.35230957959571
275,0.8247443761806059,1.347679082698861
276,0.8376278117878062,1.3392096770565447
277,0.8357873210877729,1.3316846368746766
278,0.8267893661019261,1.3361266439921529
279,0.8333333332358206,1.3286377396807836
280,0.8294478528338707,1.3296210671251294
281,0.8251533742331288,1.3275899354177993
282,0.832515337447691,1.3231418729559776
283,0.8406952965722737,1.31255415227028
284,0.8388548057747277,1.305309427979046
285,0.8343558281477244,1.3108304315793247
286,0.8349693250314834,1.305894137550229
287,0.8435582822573453,1.297846514071911
288,0.8384458077953393,1.2997169803744202
289,0.841104294405393,1.2900124053038458
290,0.8445807769986018,1.2884144844453027
291,0.8447852760979978,1.289325386858669
292,0.84130879335852,1.28230474580285
293,0.8453987729086223,1.2784574921633325
294,0.84294478532483,1.2714357840746702
295,0.8509202453256385,1.272631887765506
296,0.8464212677961478,1.268947318433984
297,0.8466257667248965,1.2649057994347164
298,0.8443762780210967,1.2649091445595209
299,0.8513292434025396,1.2560393048210379
300,0.854192229063233,1.251531978180072
301,0.8527607362450754,1.2477410349134044
302,0.8533742331775908,1.2486754184364053
303,0.8501022493668616,1.244382839895221
304,0.8470347648749322,1.243123746064543
305,0.8529652350275551,1.2433648395635843
306,0.8543967278944691,1.2342530257375206
307,0.8584867075664622,1.2306481507658227
308,0.8531697342000856,1.2277699379833198
309,0.8576687115101727,1.2176042829310723
310,0.8566462168176725,1.221091746650103
311,0.8609406951746327,1.2127741241747616
312,0.8607361963921529,1.2088775387570903
313,0.8595092023320968,1.2084962488439672
314,0.8588957055214724,1.2134731467759927
315,0.8654396727041233,1.2023773371807636
316,0.8613496933002901,1.2030272167396936
317,0.8646216767697247,1.1967672971128687
318,0.8601226993133685,1.1964870385597088
319,0.8648261757228516,1.19524620130262
320,0.868302658535464,1.18413171373262
321,0.8605316972440006,1.1858878447721828
322,0.8721881389130356,1.1762801890480494
323,0.8599182004821325,1.1807517623121266
324,0.8705521470929948,1.1681444346539083
325,0.8693251532767204,1.1760747569226535
326,0.8687116564660959,1.1706858094240746
327,0.8650306748710039,1.1696449273934393
328,0.870756646094878,1.160296582883121
329,0.8640081798128312,1.1687289138513108
330,0.8754601227237647,1.1531102495934578
331,0.8699386501848576,1.160468190628083
332,0.8660531695878823,1.1513868150047972
333,0.8789366051950825,1.1455088764124366
334,0.876278118487516,1.1448564917519537
335,0.8740286298812289,1.1464501998175873
336,0.8766871164425263,1.1363840983201634
337,0.8813905929007657,1.131584793609588
338,0.8736196319505969,1.1335277227780083
339,0.8795501021275979,1.1254063264480154
340,0.8795501021275979,1.1285325974774507
341,0.8758691205081277,1.1234352867052355
342,0.8787321063638465,1.1252072726778213
343,0.8836400816777001,1.1146811714932963
344,0.8770961145438055,1.1197264020428335
345,0.8789366053657298,1.1144361816300936
346,0.8817995909045323,1.109308761760501
347,0.8789366053413515,1.1058066440262433
348,0.8852760734977411,1.1048888887120658
349,0.877914110307557,1.1063825733578765
350,0.8824130879589385,1.1019000890064825
351,0.8781186094800875,1.0970422579466932
352,0.883844580630827,1.0978941989822621
353,0.8867075663158986,1.0872051631502335
354,0.8889570552147239,1.0872344761050796
355,0.8885480573084701,1.082444909891468
356,0.8903885479353688,1.084452819580437
357,0.8858895704790127,1.0852927512674
358,0.8977505111255528,1.0724960711836085
359,0.8877300612278024,1.082026408445128
360,0.885071574544614,1.0800142094157712
361,0.894274028654235,1.0669197052778154
362,0.8916155417760213,1.0626632038800994
363,0.8891615540703381,1.0679817196294086
364,0.8938650306748466,1.0561944853552523
365,0.8938650305773339,1.0581504791548404
366,0.8910020448922623,1.0573334098106026
367,0.8920245397554097,1.058477406072714
368,0.8893660530965997,1.0549088090962915
369,0.8965235172605222,1.0521681737314703
370,0.8934560326223236,1.0479141252416286
371,0.8926380368341942,1.0483238134403658
372,0.8959100203036287,1.0442560581098062
373,0.8950920245886337,1.045339431938218
374,0.9036809814732011,1.0293419500801462
375,0.8955010225436438,1.0366821104763475
376,0.8969325151911542,1.0325214904022606
377,0.8963190182586389,1.0352221656918281
378,0.8877300613984496,1.0378876082492507
379,0.9004089978331193,1.0229921712953376
380,0.897955010103058,1.0275799778585297
381,0.8995910019230989,1.0167068187932051
382,0.8940695297011081,1.0266218782690162
383,0.9004089979793884,1.0142499037803072
384,0.9032719836888382,1.01045335046109
385,0.897955010103058,1.0175869053370625
386,0.9042944784057164,1.008000647607269
387,0.9061349693251534,1.0014682424580392
388,0.90654396732892,1.0034271271926005
389,0.9053169732688638,0.9972696065658928
390,0.9047034765557521,1.0023572466368569
391,0.9106339466839968,0.9994927571107517
392,0.9096114519671185,0.995495238479661
393,0.908997955010225,0.991682872060374
394,0.9038854805969753,0.9932241744546558
395,0.9147239264291245,0.9867548010344398
396,0.9047034765069958,0.9946959529186319
397,0.908384458126466,0.9886787900164083
398,0.9100204499465069,0.9810709786073806
399,0.9124744374815428,0.9815156564146951
400,0.90654396732892,0.9802070209341303
401,0.9059304702013792,0.9815874626543868
402,0.914723926234099,0.9750133285736989
403,0.9114519427402863,0.9745741777624821
404,0.9143149282790888,0.9687844624792383
405,0.9132924334159415,0.9693025377386675
406,0.9122699386990631,0.9650306116583889
407,0.9206543967523946,0.9561519500911845
408,0.915950920269777,0.9628380402953103
409,0.9077709611695725,0.9722217864541676
410,0.9120654396971798,0.9581351363098207
411,0.9220858895949303,0.947827046707364
412,0.9137014313709516,0.9577165938350077
413,0.9182004088760641,0.9496871949704878
414,0.91247443765219,0.9523387642969627
415,0.9198364008423741,0.946679932622578
416,0.9155419222903886,0.9476546924294625
417,0.9163599182491654,0.9465598746555227
418,0.9151329241891093,0.9412909952896992
419,0.9132924333915633,0.9397613715052848
420,0.914519427256594,0.941148415153012
421,0.9208588957298997,0.9347536377624013
422,0.9214723924917677,0.9327451723972469
423,0.920245398626737,0.9318172029434781
424,0.9190184049323536,0.9326035255790975
425,0.9184049079998383,0.9283234987034632
426,0.921472392662415,0.9280877572383374
427,0.9243353783474866,0.9214980258044534
428,0.9257668710193752,0.913327962513594
429,0.9171779139885385,0.9268371105925437
430,0.9198364006961051,0.9214292126443001
431,0.9200408998442574,0.917144625830504
432,0.9241308792237124,0.9166625079201774
433,0.9208588957055215,0.9178445102246993
434,0.9190184049323536,0.9087376927549367
435,0.9212678935142626,0.9140203410862414
436,0.9243353781768393,0.9047773989431697
437,0.9261758689987635,0.9052830887230872
438,0.9286298568507158,0.8997575568762781
439,0.9251533740868597,0.9030703840080214
440,0.9298568505694773,0.8979828353552243
441,0.9271983638862891,0.8973520009064235
442,0.9214723925161459,0.9005074640968338
443,0.9265848669537737,0.8996484408349347
444,0.9269938648844058,0.8932811617607476
445,0.9269938648844058,0.896518274806516
446,0.9276073619875683,0.8840235633596565
447,0.921881390446778,0.9019402271887033
448,0.9314928423895182,0.8862429620785703
449,0.928834355852599,0.8854172720987129
450,0.9257668712144005,0.8849096796507728
451,0.9329243352320541,0.8807033410589145
452,0.9269938648844058,0.8856489276593448
453,0.9300613495469825,0.8783449603492253
454,0.9302658485244876,0.8748482201728353
455,0.9263803679762687,0.8749306853319726
456,0.9353783229864936,0.8699051061534686
457,0.9261758691694107,0.873339619470764
458,0.9257668710193752,0.8757952701826037
459,0.9339468301195796,0.8586620682343871
460,0.9271983640569363,0.8680139440212756
461,0.928834355852599,0.8661756511846203
462,0.9319018403445285,0.8640708179074075
463,0.9304703475019926,0.860053462899292
464,0.9321063394683027,0.8651766854561179
465,0.930265848719513,0.8618623431962448
466,0.941513292457916,0.849064954731362
467,0.9372188137840396,0.8553530870527334
468,0.9304703475019926,0.8586183946069277
469,0.9329243354027013,0.851972027375898
470,0.9331288344289628,0.854424208171041
471,0.9319018403445285,0.8489734194517623
472,0.9357873209415037,0.8494520126188704
473,0.9376278118609407,0.8459782259839688
474,0.9382413088178342,0.842665674618173
475,0.9370143147821562,0.8431474547200896
476,0.9337423313127218,0.8430424581519909
477,0.9319018405395539,0.8427151707052453
478,0.9368098159752984,0.8356788758119923
479,0.9357873209171256,0.8357834525147343
480,0.9394683025365959,0.8305384604965007
481,0.9357873210877728,0.8361886815303187
482,0.9382413086715652,0.8310962805718732
483,0.9392638036809816,0.8265143626062904
484,0.934355828098968,0.829976203373361
485,0.9413087933097637,0.8222788254663744
486,0.9394683025122177,0.8200576514310388
487,0.938241308793456,0.8266779668004479
488,0.9441717789948352,0.8213040695356202
489,0.9460122698411376,0.8139164002638897
490,0.9441717791411043,0.8165484494714406
491,0.9433537831091929,0.8185040922740242
492,0.9421267893904314,0.8167024225057512
493,0.9388548055797024,0.8193258435448254
494,0.9386503067484663,0.8170314471414484
495,0.9445807771204927,0.8092950799957619
496,0.9429447852760736,0.8176701499153013
497,0.9349693250314833,0.8179561575253804
498,0.9417177914354211,0.8057900740081303
499,0.9484662575468208,0.8006320041869072
