epoch,categorical_accuracy,loss
0,0.5030674846869548,4.772442184245416
1,0.4995910021059352,4.6161002336591785
2,0.5132924335500214,4.395880132608863
3,0.5114519427524754,4.262130001668794
4,0.5134969325275265,4.160622941643182
5,0.5118609407074857,4.036169962892747
6,0.5110429447608978,3.9941590887393446
7,0.5089979550346031,3.9054255031125433
8,0.5089979550224141,3.8402952350234205
9,0.5182004090101441,3.7097963948435093
10,0.5188139058573358,3.647506073013649
11,0.5218813907149379,3.6348853949876405
12,0.5116564417299805,3.5762521945625725
13,0.5159509202575878,3.5166437596631197
14,0.5153374233250725,3.4924860823617636
15,0.5186094070748561,3.42853776964917
16,0.5143149283766015,3.407597779935123
17,0.5134969326616065,3.3605417253537166
18,0.523517382559357,3.3099773020832086
19,0.5208588957055215,3.29082506390437
20,0.5229038854927617,3.2361869778857395
21,0.5171779141591858,3.27408058911501
22,0.5282208590419746,3.213262757689431
23,0.5229038856268416,3.1998113862332147
24,0.5306748466013886,3.1674056138972806
25,0.5190184049079755,3.155766143194249
26,0.5222903885846245,3.147793927807018
27,0.5339468302902268,3.108453656608098
28,0.5296523518601322,3.089402800249907
29,0.5220858894730395,3.0866494254831887
30,0.5245398773006135,3.0554229371630584
31,0.5374233128346793,3.034963818513055
32,0.5261758691328435,3.0408899540306358
33,0.5157464212678936,3.03619281041354
34,0.5378323107896894,2.996259150963376
35,0.5417177914354211,2.992667952441974
36,0.5261758691328435,2.9893337112262937
37,0.53210633950487,2.9656684350869895
38,0.5182004089735769,2.975769475242599
39,0.538445807892852,2.9430084587362404
40,0.5372188139546868,2.924617599514608
41,0.5224948874524279,2.943795352381919
42,0.5390593048253673,2.915960475418465
43,0.5400817995422457,2.911683161760888
44,0.5345603272958768,2.9058385064996823
45,0.5468302657999145,2.8834674327163854
46,0.5364008181178009,2.8846752906869524
47,0.5364008179715318,2.86418403262741
48,0.5408997956472915,2.8580111441192937
49,0.5294478528338707,2.8650102993705766
50,0.5462167688917773,2.8376306074528608
51,0.5296523517504304,2.8399437408993338
52,0.5392638036322253,2.8361805958738113
53,0.5423312883679364,2.817082264672028
54,0.5304703477945308,2.8288584622381165
55,0.5400817996153803,2.813745746729564
56,0.5517382413087935,2.791962510578959
57,0.5355828220858896,2.8026453504776905
58,0.5417177913379084,2.7880007569287697
59,0.5447852760492414,2.7815066608670787
60,0.5593047034277263,2.7681521354277443
61,0.5507157463968897,2.7631088951126443
62,0.5531697342975983,2.7498606034339326
63,0.5560327198120226,2.748332670519932
64,0.5519427402619204,2.74296243302905
65,0.5644171778897322,2.7255814174932937
66,0.5621676892834451,2.7210983310496637
67,0.5466257668467874,2.7195412683584452
68,0.5460122699386503,2.726786518389462
69,0.5693251533864222,2.7065915539708363
70,0.5548057260688829,2.7090184364825913
71,0.5613496932515337,2.6886116898620545
72,0.5619631901962382,2.691269603682442
73,0.5550102248757407,2.68548683788635
74,0.5715746421024112,2.6722705874218775
75,0.5656441719254102,2.6613431899337923
76,0.5654396727528797,2.6602439058338936
77,0.5599182005308888,2.66106848326685
78,0.5762781185850288,2.6393621769419475
79,0.5746421267406097,2.6424583342421517
80,0.5838445807770961,2.6264301001659933
81,0.5674846625523089,2.6299247376026553
82,0.5770961144462928,2.6185096591528207
83,0.5752556238681504,2.6138497818710857
84,0.5734151328999572,2.606009010498265
85,0.561963190184049,2.61311312882203
86,0.5883435582334522,2.59894919512462
87,0.5852760735464974,2.5886101244904998
88,0.5852760735708755,2.577243236725072
89,0.5799591002410662,2.576706821835602
90,0.5846625765896039,2.572355651075367
91,0.5865030674968517,2.5581042718789817
92,0.5903885480085034,2.551143832099462
93,0.5789366054144861,2.5536791679561746
94,0.598364008179959,2.541336003988067
95,0.5987730061105911,2.53215557139344
96,0.5842535788539972,2.5333412359584817
97,0.5963190185024206,2.5212017930114685
98,0.589161554192229,2.5182535228066163
99,0.5967280165061872,2.5075891654671825
100,0.600817995861264,2.5040717501338032
101,0.596932515288667,2.5005466168643506
102,0.5950920244667428,2.4883624562456563
103,0.5875255625184572,2.4897105968802986
104,0.6098159509202454,2.4745807663307113
105,0.5977505112596329,2.464264663743095
106,0.6132924335500214,2.455449637313562
107,0.5981595093243449,2.459735437014839
108,0.6063394683148475,2.4477033882297135
109,0.598977505063718,2.445089355031893
110,0.6149284254797641,2.4319923374550476
111,0.6000000001218909,2.4319012460533096
112,0.6261758692425453,2.413050470079137
113,0.6255623721150045,2.40722859885795
114,0.6200408999173919,2.405570193156143
115,0.6110429449315451,2.4097558043973333
116,0.6134969326372283,2.3990311225742893
117,0.6014314928425358,2.3919631021885785
118,0.6343558281721026,2.3782219703455887
119,0.6075664623139583,2.381798754147957
120,0.6192229038611023,2.3731154625157393
121,0.6296523517138631,2.3604993496448228
122,0.6284253579707233,2.3548968888499253
123,0.6308793457007847,2.345538683366678
124,0.6241308794674941,2.3440790851179565
125,0.631697341464536,2.331754470797892
126,0.6345603273202549,2.329620707888301
127,0.635173824082123,2.318658857989165
128,0.6357873211609074,2.317224546249171
129,0.6323108384458078,2.310194114478332
130,0.6292433538807438,2.304648526119552
131,0.6296523518113758,2.2994936629063267
132,0.64130879335852,2.2909074448856597
133,0.6226993864786893,2.2886844833935696
134,0.6368098160728112,2.278715560382617
135,0.6462167688430209,2.2747085486453003
136,0.6458077708880107,2.262324143333669
137,0.6480572598599705,2.253364498239841
138,0.6419222903397918,2.2511607729827943
139,0.6386503067240881,2.247132850619669
140,0.641717791557312,2.24072926059091
141,0.6478527608580872,2.2258481425497916
142,0.6478527607605745,2.2280005299971877
143,0.6464212678936605,2.2235082565884894
144,0.6478527606874399,2.211564974209526
145,0.6417177913622866,2.210999984877729
146,0.6468302659705616,2.1997691520152647
147,0.6529652351494459,2.196254553726602
148,0.6531697342000856,2.189785897171083
149,0.651533742428801,2.1838433811757216
150,0.6462167688673991,2.1818562470574565
151,0.657668711558929,2.168099468129788
152,0.6564417178889238,2.1680041093767786
153,0.6597137015290055,2.154416204522724
154,0.6621676891127979,2.1553592525864427
155,0.6654396729235269,2.1438696135772517
156,0.6593047034521045,2.1368421160614077
157,0.6654396727528796,2.1350096761083313
158,0.6576687116564417,2.130665319633874
159,0.6701431493817663,2.120807089152268
160,0.6629856849984401,2.117833456378773
161,0.6601226995327721,2.112748788373358
162,0.6556237219545251,2.1078399479754863
163,0.6648261759910116,2.105036692239024
164,0.6721881390349266,2.099252843954324
165,0.6633946829778286,2.091712931475025
166,0.6711656440986447,2.0790689757996543
167,0.6758691206300186,2.0734728917509986
168,0.6697341514755124,2.0706219928640044
169,0.6605316974877824,2.0701611321884186
170,0.6764826176600466,2.0532657235190426
171,0.6725971370874495,2.059457647678555
172,0.678732106436981,2.045895064145266
173,0.6752556238193941,2.0425213730895933
174,0.6899795501997622,2.0370349612947867
175,0.6748466258643839,2.033815174453829
176,0.6672801635260475,2.03389141223182
177,0.687934560278442,2.0160914747749126
178,0.6822085888839207,2.01384286066262
179,0.6811860941914205,2.0062002447728973
180,0.6850715745933704,2.006632600240181
181,0.6807770962364104,1.9982812777131125
182,0.6756646216037571,2.001106097605575
183,0.6834355827733295,1.9897873134457016
184,0.6813905931689257,1.983896826332576
185,0.6842535786589719,1.974950152184578
186,0.6875255624697009,1.9723601709845606
187,0.6903885480085034,1.958307561991405
188,0.6877300614228278,1.9618261282185592
189,0.6897750510516099,1.9581711471202672
190,0.6897750510516099,1.9517944740127688
191,0.6952965234442479,1.9443962308770553
192,0.6975460122455605,1.929737640109774
193,0.6862985683852666,1.9331813130642008
194,0.6983640081068245,1.9236716104187606
195,0.6948875256355067,1.9249773276120363
196,0.6950920246617682,1.9220536429457868
197,0.6993865031162411,1.910467016721308
198,0.6934560325979455,1.9076152069680774
199,0.6920245398041661,1.9019024262886592
200,0.7024539877056831,1.8882965094716515
201,0.6993865031893756,1.890638178891687
202,0.6940695297742426,1.8906970447314053
203,0.6987730060374566,1.8828806322776466
204,0.704703476409483,1.874806385537598
205,0.6950920244423646,1.8754056614113244
206,0.7055214723195035,1.866071032892707
207,0.704089979647615,1.8585744604255037
208,0.708179959173339,1.8608437469400512
209,0.6924335377591763,1.8547840561115911
210,0.7014314927937795,1.8476502663274972
211,0.7161554193204166,1.8337697731205291
212,0.7055214724901507,1.833625685802998
213,0.7157464213897845,1.8286833808953533
214,0.7032719837375945,1.8297136000572782
215,0.7077709610233034,1.8243755297670579
216,0.7018404909194369,1.818092260087682
217,0.7081799591977173,1.8184290063893136
218,0.7102249489727683,1.8103381164722403
219,0.7055214722951253,1.8083025857227224
220,0.7137014314684643,1.7991773217733653
221,0.7163599183466781,1.7877407081775627
222,0.7096114520158748,1.7932929198922312
223,0.7141104295453655,1.781089445662157
224,0.7182004090223332,1.7722214043506084
225,0.716973415084168,1.7736666898785924
226,0.7202453988705189,1.7688602729809064
227,0.7226993865518239,1.7667801881372807
228,0.7175869119435487,1.7608805033814443
229,0.7245398772274789,1.7535356449934603
230,0.715337423386018,1.7546367303969181
231,0.7128834355096876,1.7507324620502371
232,0.7218813905442907,1.7448532315119645
233,0.7200408998686355,1.7494694954534737
234,0.7182004088760641,1.7386712608161878
235,0.718200409119846,1.734654601219973
236,0.7204498977017549,1.7279157802858722
237,0.7245398772518571,1.7201212537800608
238,0.7249488753775146,1.7196803938879313
239,0.73476482629776,1.7091169713221201
240,0.7343558283183717,1.7120544286349555
241,0.7286298569969848,1.6996709437458062
242,0.728629856753203,1.6988164172825881
243,0.7280163600400913,1.6931435308573437
244,0.7319018405395539,1.691588515347986
245,0.7370143150015599,1.6797297605951382
246,0.7382413088665906,1.6812349617359341
247,0.7351738240089885,1.6813461266168543
248,0.7288343559013554,1.68049213778997
249,0.7351738240577448,1.6680020652178118
250,0.7359918199433871,1.6619377767625274
251,0.7394683026341086,1.6608883176600762
252,0.7312883434851477,1.6604463335438984
253,0.742944785202939,1.6523571775491008
254,0.7341513293164883,1.6552580737872602
255,0.7390593048009892,1.6419360138887276
256,0.7314928424626528,1.6464630403889224
257,0.7384458076978266,1.638519887153844
258,0.7509202454962857,1.6298073560913648
259,0.7531697342244638,1.6203913410260877
260,0.7411042943810149,1.62674709731572
261,0.7478527607849527,1.623098570973839
262,0.7548057258982356,1.6078576317594095
263,0.7505112473706282,1.6063390573353367
264,0.7456032720567746,1.604878144468998
265,0.7435582823061017,1.6031625146027235
266,0.7441717792142388,1.6014358748687556
267,0.7496932515337423,1.5975401571191894
268,0.7556237217351215,1.584302918993866
269,0.7472392637305465,1.5884571337261082
270,0.7521472393369382,1.5807810458668903
271,0.7480572598112142,1.582652603531664
272,0.7519427402375423,1.569184145556881
273,0.7449897750023684,1.575494003490924
274,0.7550102250707661,1.5650873694195582
275,0.7638036809084605,1.5583386019938805
276,0.75541922297702,1.5575304230785565
277,0.7631901839759452,1.5514269514317893
278,0.7611451941521378,1.546422863152861
279,0.7548057259957484,1.5509971695687386
280,0.7574642126058021,1.5475237893668177
281,0.7617586911334094,1.5404595446732878
282,0.7599182003602416,1.5343212528950354
283,0.7603271982908737,1.5313060104725063
284,0.7591002044502212,1.528574279822211
285,0.7556237219301469,1.5304995011210685
286,0.757668711558929,1.5232051230159518
287,0.7658486706591335,1.5198081962413827
288,0.7613496933002901,1.5161512548938119
289,0.7629856849984401,1.507217987329682
290,0.7709611450967613,1.499710460089467
291,0.763190183951567,1.5058228440567516
292,0.7662576686872783,1.4949121874046716
293,0.7654396727285014,1.4969646496763014
294,0.7599182003114853,1.4959063875650824
295,0.7601226994596376,1.4926394583988776
296,0.7658486708297807,1.483803024760053
297,0.7709611452430304,1.4822096152783415
298,0.7646216767941029,1.4826534831938325
299,0.7750511247931327,1.4748048985662636
300,0.7691206544698626,1.4696050302626409
301,0.7707566462899035,1.46908207398007
302,0.7705521471417511,1.4621161111293395
303,0.7687116565636086,1.4613150064686813
304,0.775664621603757,1.4584647899756402
305,0.769938650379883,1.4514111038122197
306,0.7719836401549341,1.4509886164362933
307,0.7691206544698626,1.451712631447915
308,0.7707566461436344,1.4467985406731292
309,0.7809815950432681,1.437316460502172
310,0.7764826174893994,1.4400282127969348
311,0.7807770959926286,1.4381843232913496
312,0.7775051123769249,1.4286961971860235
313,0.7795501023470015,1.429438421136275
314,0.7764826176600466,1.4284486588768677
315,0.7856850716477767,1.419290100187368
316,0.7789366053657297,1.4216748222982956
317,0.7740286299299852,1.415223241973752
318,0.7834355827977078,1.4071055122679728
319,0.7822085890058116,1.4065241551350474
320,0.7836400818727255,1.4054898077724902
321,0.788548057162201,1.3967803234946752
322,0.7822085888351643,1.3986915206129078
323,0.7918200407779046,1.3900303927911084
324,0.784458077782746,1.3920124850146365
325,0.7914110430179198,1.3887004263318146
326,0.7920245397554098,1.3847226197002855
327,0.7858895706496599,1.3861201350674308
328,0.7860940696027869,1.3797947885068649
329,0.7932515336204404,1.372095314564149
330,0.7899795502241403,1.3761092085048465
331,0.7867075663402768,1.3743216193770582
332,0.7869120654884292,1.371640864569229
333,0.791615541873534,1.3621318253027637
334,0.7910020450629096,1.3602227443078787
335,0.7899795500291149,1.3600692197589055
336,0.7875255624453227,1.3595511826025684
337,0.79182004097293,1.3520389020564854
338,0.7985685070599515,1.3452589957016865
339,0.7940695295792172,1.345473994701674
340,0.7985685070843297,1.3393110472731795
341,0.7963190183317734,1.3380273394789433
342,0.7895705520497266,1.338926902431652
343,0.7977505112962001,1.3352017979436612
344,0.7977505113205783,1.3302713792504464
345,0.7952965234198697,1.3298258068127622
346,0.8008179957637513,1.3230823061948904
347,0.8010224949119037,1.31417493157104
348,0.7955010225436439,1.3265044599954336
349,0.808384458126466,1.3104519475457128
350,0.797750511149931,1.3116150918426202
351,0.8020449896775385,1.311902770040469
352,0.8010224947900129,1.3072313579801158
353,0.7967280164086745,1.3031900890521964
354,0.8034764826907215,1.29812487073715
355,0.8018404908706805,1.2989260076257592
356,0.8063394681807676,1.2970338139797282
357,0.8065439672314072,1.2946056235787327
358,0.8010224949850383,1.2917791436298738
359,0.8020449898238075,1.2912199996975546
360,0.804089979647615,1.2847677037759793
361,0.813905930372835,1.2779332438860935
362,0.8110429448827888,1.2784043635327391
363,0.8002044990750178,1.2775726318846938
364,0.8157464212922718,1.2720948750743593
365,0.8137014315415989,1.2682735020885194
366,0.8198364008911304,1.2575494046591542
367,0.812269938699063,1.2676155083506142
368,0.8089979550833595,1.2602662577463317
369,0.8128834356559567,1.256417772570027
370,0.8157464213897846,1.2587913586318127
371,0.817791411067323,1.253072888085691
372,0.8274028630100633,1.247332440124699
373,0.816155419101013,1.2457123686199538
374,0.8098159508471109,1.2496823428354868
375,0.8159509203185333,1.2402454537116676
376,0.819427402911742,1.236070981249975
377,0.8104294477308699,1.2468371854481766
378,0.8171779140616731,1.236871863630408
379,0.8247443761806059,1.2314699429919627
380,0.8186094068066961,1.2303401763210025
381,0.8182004089004423,1.2266043195451453
382,0.8190184047860846,1.223761784079616
383,0.8159509203429115,1.2292625622271516
384,0.8173824131366909,1.2229595466625471
385,0.8235173823399534,1.216021046072915
386,0.8163599181272745,1.2214796243757313
387,0.8304703476726399,1.2091496720148254
388,0.8222903885724354,1.2124292796862393
389,0.8173824131366909,1.2107415371877284
390,0.8314928424138964,1.1950311344337854
391,0.8251533742818852,1.2014226684297278
392,0.8271983640813145,1.2000421430923212
393,0.8251533741599943,1.198366459649521
394,0.8269938649331622,1.198456013178289
395,0.8276073620119465,1.1888167081435035
396,0.8224948876230751,1.192557437532031
397,0.8321063393220336,1.1859092797725965
398,0.8292433538319874,1.186369432895949
399,0.8347648260539783,1.178032105929525
400,0.8343558281721025,1.172086669330948
401,0.8345603272227422,1.175090440358121
402,0.8347648260539783,1.1748714647410106
403,0.83803680969406,1.166745326952944
404,0.8261758689987635,1.1712699272393692
405,0.8359918200896561,1.167237261321647
406,0.8361963190915395,1.1621522142843235
407,0.8319018404420412,1.1630176060526405
408,0.8370143149284254,1.1560160241975375
409,0.8329243354758358,1.1627912798785969
410,0.8364008180446664,1.1529260427186339
411,0.8370143148309126,1.1529691088662801
412,0.8255623722368954,1.1568992570865373
413,0.8370143149771817,1.1492701449520992
414,0.833946830314605,1.1462675217470508
415,0.8349693250802397,1.145789934179778
416,0.8359918200896561,1.139115533994507
417,0.8402862986172636,1.1365387634265642
418,0.8445807769742236,1.1359769648569493
419,0.8458077709855234,1.1308752013617986
420,0.8437627810885814,1.1397933282735158
421,0.8456032718617492,1.1207640967729877
422,0.8460122698167594,1.1196926024306284
423,0.8437627810885814,1.1303719410867048
424,0.8427402861766776,1.1216530282073225
425,0.8484662576930898,1.1172021215434942
426,0.8507157463237551,1.1191898938336986
427,0.8486707566949732,1.108935183591394
428,0.8445807771448709,1.1125303132889948
429,0.8460122699630285,1.1080466452795548
430,0.8478527608093308,1.1063388489019164
431,0.8437627810642032,1.1082520675074103
432,0.8476482616611785,1.1063317047793928
433,0.8537832311326009,1.0954852914517643
434,0.852556237096923,1.0951958777226798
435,0.8509202453012603,1.1041445456155727
436,0.8568507156001522,1.0871565747114778
437,0.8519427401644076,1.0969256870585717
438,0.8554192227819946,1.0843892424628292
439,0.8599182003358634,1.085579661747673
440,0.8492842536518667,1.091868490577963
441,0.8570552147726828,1.081420686347353
442,0.8505112475168973,1.0841327525842896
443,0.8492842534568412,1.0882946788655226
444,0.8566462167932943,1.0800261162541396
445,0.8501022493912398,1.0781856199958817
446,0.8564417178645456,1.074630118391509
447,0.8531697340538166,1.0766842983983045
448,0.8617586912553004,1.0616785856843727
449,0.8644171777922195,1.0602480896167716
450,0.8605316972683787,1.0620655028122823
451,0.8621676890396633,1.0629619161531725
452,0.8595092025027441,1.064166978288038
453,0.8541922289900985,1.062454603444823
454,0.8629856849740619,1.057654067294973
455,0.8668711655222809,1.0497920739382567
456,0.8574642125570457,1.0596051703932827
457,0.8603271984127645,1.0540088986570362
458,0.8633946830753412,1.0441208590271527
459,0.8666666666910449,1.039907041307851
460,0.86523517370224,1.0387989374513762
461,0.8650306747491131,1.044464871927273
462,0.8674846626254434,1.03389296414662
463,0.8597137013583583,1.0436219807782787
464,0.8689161553217102,1.0330183078418724
465,0.8709611452674085,1.0298653379295988
466,0.8660531696366386,1.0329337832874073
467,0.868507157512969,1.0279245320029542
468,0.8648261757472298,1.0290141387219809
469,0.8627811861428258,1.028271786225598
470,0.8685071573666999,1.0261325467096027
471,0.8705521471173729,1.0210872909530297
472,0.8662576686141438,1.0235394287206887
473,0.8648261757959861,1.0238620883848037
474,0.8703476481886242,1.0157270526593447
475,0.8717791411286726,1.0116301823978775
476,0.8750511247687545,1.0111771763711863
477,0.872392637914919,1.014780633093633
478,0.8766871166131736,1.0056489008823544
479,0.87443762768997,1.005660907573739
480,0.8785276074594759,0.9993795069205005
481,0.8781186092606839,1.0006229553729722
482,0.8758691205081277,1.005961016253216
483,0.8762781186581633,1.0012886672907324
484,0.8801635992063823,0.9973477484014625
485,0.8746421266674752,0.9925418815242245
486,0.8752556237706377,0.9934242805332738
487,0.8730061350180816,0.9952117997444481
488,0.8826175870095782,0.9894313709379949
489,0.8756646215306225,0.9898737136327903
490,0.8785276072400723,0.9841016559269287
491,0.8785276072156941,0.9846790821274365
492,0.881799591002045,0.9822289870072971
493,0.8787321061931992,0.9835816125928258
494,0.8799591002532553,0.9753328427215295
495,0.8791411043432349,0.9754774000015727
496,0.8809815949701336,0.9762133093699356
497,0.8811860939476388,0.9730689658221535
498,0.8785276073863414,0.9712910750892265
499,0.8905930470835212,0.9624644788496334
