epoch,categorical_accuracy,loss
0,0.5310158201498751,5.809775170438196
1,0.5081182348043297,5.325663440928272
2,0.5024979184013322,5.074351801066276
3,0.5006244796003331,4.871285427619178
4,0.5201915070774354,4.690396413715753
5,0.5220649458784347,4.6033168224172725
6,0.511865112406328,4.509836457353349
7,0.5226894254787677,4.414671161391158
8,0.5116569525395503,4.371478532573564
9,0.5345545378850958,4.313057265809732
10,0.5281015820149875,4.254687857965347
11,0.5364279766860949,4.200437877696321
12,0.5420482930890924,4.168390961312731
13,0.5339300582847627,4.131054960023751
14,0.5330974188176519,4.113162761326138
15,0.5349708576186512,4.098922867064274
16,0.5445462114904246,4.057265724369529
17,0.5524562864279767,4.038302658797303
18,0.5472522897585346,4.003673078019256
19,0.5437135720233139,4.002331188973737
20,0.5403830141548709,3.9789012471007665
21,0.5485012489592007,3.9520351527434006
22,0.5505828476269775,3.9539782161220325
23,0.5568276436303081,3.9188836927120136
24,0.5557868442964197,3.9142797269193856
25,0.5430890924229809,3.9025975554114476
26,0.5534970857618651,3.880354818555338
27,0.548917568692756,3.867640563590044
28,0.5647377185678601,3.851872005232367
29,0.5491257285595337,3.8512226254814967
30,0.5528726061615321,3.8364369382866217
31,0.5589092422980849,3.8243630156727457
32,0.5422564529558701,3.813644525907518
33,0.5545378850957535,3.7947300463095988
34,0.5597418817651957,3.7891610047898623
35,0.5526644462947544,3.779880985630045
36,0.5545378850957535,3.763328912553938
37,0.5549542048293089,3.751285115050634
38,0.5526644462947544,3.745188875460406
39,0.5695253955037469,3.729667774346548
40,0.5676519567027477,3.7179418386368828
41,0.5630724396336386,3.709198146338864
42,0.5609908409658618,3.698308185177183
43,0.5766028309741882,3.683074117401657
44,0.5628642797668609,3.665244536237058
45,0.5732722731057452,3.6572819431060357
46,0.5845129059117402,3.6379585778286416
47,0.5840965861781848,3.630924625460254
48,0.5736885928393006,3.6214749501408585
49,0.5803497085761865,3.6092017288509752
50,0.5957535387177352,3.5855748490628154
51,0.579308909242298,3.5793395244906487
52,0.585345545378851,3.559288347293495
53,0.5901332223147377,3.548394264527701
54,0.5797252289758534,3.5389598944502807
55,0.5947127393838468,3.5168950446539378
56,0.6034554537885096,3.507166999464329
57,0.6067860116569526,3.486809959816595
58,0.6032472939217319,3.4712275041330862
59,0.6113655287260616,3.4579428766887452
60,0.61240632805995,3.4409243568194894
61,0.6099084096586178,3.432458206974001
62,0.6101165695253955,3.4168645736081316
63,0.6286427976686095,3.3981331980893454
64,0.6153205661948377,3.3872078296842423
65,0.6284346378018318,3.367757160201061
66,0.6244796003330558,3.359976738517628
67,0.6298917568692756,3.3458487163673927
68,0.6350957535387177,3.322189984174692
69,0.6294754371357202,3.315337252160294
70,0.6436303080766028,3.288534802858478
71,0.6344712739383847,3.286020548714885
72,0.6444629475437136,3.268212667809835
73,0.6459200666111574,3.2554595619316005
74,0.6394671107410491,3.2407452129106735
75,0.656744379683597,3.2194327307581205
76,0.6515403830141548,3.206998439156741
77,0.656744379683597,3.192379113339465
78,0.6561199000832639,3.179980077513251
79,0.6609075770191507,3.1592545074586766
80,0.6598667776852623,3.146891044637345
81,0.6625728559533722,3.137010887203169
82,0.6711074104912573,3.11248561623293
83,0.6738134887593672,3.1084245757993116
84,0.668609492089925,3.0898344484991473
85,0.678601165695254,3.0786339589499314
86,0.6723563696919234,3.065101690236774
87,0.6833888426311407,3.0489078022657483
88,0.6763114071606994,3.037198177483755
89,0.6888009991673605,3.019684746104613
90,0.6796419650291424,3.0064168484582194
91,0.6896336386344712,2.9895722721141147
92,0.6871357202331391,2.984402751843201
93,0.6900499583680266,2.965320525816537
94,0.6965029142381349,2.9512644610138956
95,0.7135720233139051,2.9310244864766344
96,0.7087843463780183,2.9234548633442037
97,0.7096169858451291,2.9069612101650955
98,0.7071190674437968,2.899212284945727
99,0.712947543713572,2.882131645026354
100,0.7141965029142381,2.868809941607054
101,0.7114904246461282,2.8561637893902274
102,0.7137801831806828,2.844808702762677
103,0.7218984179850125,2.819909737965745
104,0.7146128226477935,2.817516541302353
105,0.7200249791840133,2.804797511017392
106,0.7306411323896753,2.7849471148205835
107,0.7287676935886761,2.7793770771439528
108,0.7239800166527893,2.767801640531999
109,0.7364696086594504,2.7547720681618495
110,0.7352206494587843,2.7421854781072206
111,0.7452123230641132,2.7184147489358743
112,0.7329308909242298,2.720578391188686
113,0.7437552039966694,2.70421374251106
114,0.7443796835970025,2.689627851078056
115,0.7581182348043297,2.666506562999246
116,0.761240632805995,2.6565669587410854
117,0.7514571190674438,2.644219930721858
118,0.7504163197335554,2.639070877723154
119,0.7560366361365529,2.6260231629100868
120,0.764571190674438,2.611335858417292
121,0.7591590341382182,2.6074370913064846
122,0.765195670274771,2.5896121250600443
123,0.764571190674438,2.576796193007724
124,0.7716486261448793,2.5618450325990496
125,0.7622814321398834,2.5567920843230794
126,0.7695670274771024,2.5422558317970574
127,0.7701915070774354,2.5343453544661165
128,0.7756036636136553,2.5198607172795278
129,0.7783097418817652,2.505912305711211
130,0.7760199833472107,2.492457973867729
131,0.7805995004163198,2.4823371161032872
132,0.775811823480433,2.473116314679161
133,0.7776852622814321,2.4701342167802696
134,0.7853871773522065,2.444123547241948
135,0.795587010824313,2.4303486833564447
136,0.7828892589508742,2.4326882429861407
137,0.7918401332223147,2.416999823247066
138,0.7972522897585346,2.4027517838442356
139,0.7985012489592007,2.3906527716948727
140,0.7968359700249792,2.3842319858560552
141,0.7962114904246461,2.3682723954555693
142,0.7951706910907577,2.363400042801475
143,0.8126561199000832,2.347304049379919
144,0.8078684429641965,2.3403127737386735
145,0.8122398001665279,2.3267428386618354
146,0.8057868442964197,2.317541714810412
147,0.8130724396336386,2.3032371983937083
148,0.8145295587010825,2.298488574063748
149,0.8201498751040799,2.286631834298546
150,0.8284762697751873,2.269569155179293
151,0.821398834304746,2.2684541705446777
152,0.829308909242298,2.2472182811050985
153,0.8291007493755204,2.2425380033021365
154,0.8295170691090757,2.228881769632916
155,0.8309741881765196,2.2198291966361268
156,0.835345545378851,2.210129300323156
157,0.8318068276436303,2.1976504935313024
158,0.8461698584512906,2.1821706600729174
159,0.8370108243130724,2.1807006197507732
160,0.8397169025811824,2.1677844014195577
161,0.8467943380516236,2.1599075458726715
162,0.850541215653622,2.1547110733838997
163,0.8430474604496253,2.1452965843588188
164,0.8459616985845129,2.1336269452113297
165,0.8601165695253955,2.112006814553279
166,0.8513738551207327,2.108074288880398
167,0.8522064945878435,2.100941051749961
168,0.8547044129891757,2.097912083061212
169,0.8626144879267277,2.077244190451108
170,0.8586594504579517,2.072152220339303
171,0.8597002497918401,2.066438169701709
172,0.854496253122398,2.0575496426827704
173,0.8669858451290591,2.038716914354018
174,0.8680266444629475,2.035709353906725
175,0.858451290591174,2.033289383392747
176,0.8671940049958368,2.02076704873332
177,0.8674021648626145,2.014597976138252
178,0.865736885928393,2.0007558267976124
179,0.8759367194004996,1.9925163276586604
180,0.8761448792672772,1.9810941745399138
181,0.8738551207327228,1.9714894282827766
182,0.873022481265612,1.9644698312538649
183,0.8757285595337219,1.9532333158831314
184,0.8790591174021649,1.9504945519365537
185,0.8732306411323897,1.9492862626575214
186,0.8890507910074937,1.928811820321635
187,0.8805162364696086,1.9261839461267045
188,0.891548709408826,1.908742987543816
189,0.8865528726061616,1.908148487442042
190,0.8936303080766028,1.8902247027493237
191,0.8932139883430474,1.8868813852187893
192,0.8867610324729392,1.8824809224877528
193,0.8863447127393839,1.8738503575225753
194,0.8873855120732723,1.8653075282123066
195,0.8896752706078268,1.8641904408886074
196,0.8946711074104913,1.8448826926236943
197,0.895503746877602,1.841325589659609
198,0.8959200666111574,1.8290668070862235
199,0.8980016652789342,1.824876362040676
200,0.8959200666111574,1.8151881966761605
201,0.9004995836802664,1.8093872596381804
202,0.8982098251457119,1.8085614554987264
203,0.9032056619483764,1.7922508472407688
204,0.9023730224812656,1.785218793684795
205,0.9050791007493755,1.7794542960779156
206,0.9086178184845962,1.7719268644977668
207,0.9025811823480433,1.7684946657715988
208,0.9096586178184846,1.7582654623465177
209,0.9090341382181515,1.7462604970955828
210,0.898834304746045,1.7486275982400161
211,0.9111157368859284,1.7381281511273412
212,0.917360532889259,1.716785496319462
213,0.9088259783513739,1.7173550152758774
214,0.9165278934221482,1.7058016026049827
215,0.9163197335553706,1.705477969434041
216,0.914029975020816,1.7037817552425185
217,0.9148626144879267,1.6864512607914324
218,0.9194421315570358,1.6848804721427302
219,0.9121565362198168,1.6770164596349573
220,0.918609492089925,1.6702585474438314
221,0.918609492089925,1.6618602995471494
222,0.9177768526228143,1.658397905832524
223,0.9231890091590341,1.6440679211104343
224,0.921940049958368,1.6361515643098372
225,0.9211074104912573,1.637814261335616
226,0.9217318900915903,1.629629638967268
227,0.925895087427144,1.620939659437073
228,0.925895087427144,1.6143393852033783
229,0.9279766860949209,1.6088503778824501
230,0.9350541215653622,1.5916132875326572
231,0.9240216486261449,1.6010187658838786
232,0.9304746044962531,1.583318441734028
233,0.9310990840965861,1.5808174346110704
234,0.929225645295587,1.5730343343415527
235,0.9308909242298085,1.569596624592758
236,0.9329725228975854,1.5611973765688474
237,0.9327643630308077,1.5576820596866465
238,0.9333888426311407,1.5472907472113389
239,0.9269358867610324,1.5457195142822202
240,0.9267277268942548,1.5449895548085983
241,0.9346378018318068,1.5311908415215498
242,0.9356786011656952,1.5217648787264224
243,0.9273522064945878,1.5260146370934606
244,0.9383846794338052,1.5108100380329763
245,0.9352622814321399,1.505793356875595
246,0.9415070774354705,1.4966201564850756
247,0.9373438800999168,1.4925620083407896
248,0.9398417985012489,1.4907836337371432
249,0.9383846794338052,1.4812844862648094
250,0.9446294754371357,1.4705801921323574
251,0.9363030807660283,1.4747101187606735
252,0.9425478767693589,1.4641218839537393
253,0.9431723563696919,1.4527921763983098
254,0.944421315570358,1.4463356029580376
255,0.944421315570358,1.4446167918069477
256,0.9450457951706911,1.4371532203752135
257,0.940466278101582,1.442021467405791
258,0.9452539550374688,1.430695446901377
259,0.9448376353039134,1.4244021092922265
260,0.9427560366361366,1.4237998781553614
261,0.9450457951706911,1.4169564194524418
262,0.9471273938384679,1.4085605498853075
263,0.9417152373022482,1.4097894116504106
264,0.9500416319733556,1.3993500984280831
265,0.9408825978351374,1.3994481532798024
266,0.9512905911740216,1.3846052956521562
267,0.9458784346378019,1.380469953984047
268,0.9473355537052456,1.3804539030140186
269,0.9485845129059117,1.3757551914448543
270,0.9481681931723563,1.366565035542878
271,0.9465029142381349,1.367931035634977
272,0.9498334721065779,1.358523703038345
273,0.9485845129059117,1.3500726306368964
274,0.9535803497085762,1.347083632396123
275,0.951706910907577,1.3418635209335277
276,0.9537885095753539,1.3348247780589437
277,0.9519150707743547,1.3320335207334864
278,0.955661948376353,1.3223056820012649
279,0.9548293089092423,1.3230828311818525
280,0.9539966694421316,1.3107149216852816
281,0.951706910907577,1.3157711615669638
282,0.9508742714404663,1.3119300296165664
283,0.9500416319733556,1.3081603531634975
284,0.9581598667776853,1.2965062575773036
285,0.9592006661115737,1.2913426433772865
286,0.9558701082431307,1.2883385950877804
287,0.9514987510407993,1.2871512372130458
288,0.9554537885095754,1.2798449940526615
289,0.9606577851790175,1.2722484598945916
290,0.9554537885095754,1.2720478825723995
291,0.955661948376353,1.2680012075033513
292,0.9546211490424646,1.2658345165300329
293,0.9569109075770191,1.2565301645804603
294,0.9531640299750208,1.258176504126397
295,0.9592006661115737,1.2473355418537975
296,0.9504579517069109,1.2513590128991527
297,0.9560782681099084,1.242482796795263
298,0.9602414654454621,1.2309976977968493
299,0.958368026644463,1.231735774916872
300,0.9610741049125728,1.221974099804023
301,0.9627393838467944,1.2208224655091018
302,0.9596169858451291,1.2186218423708393
303,0.9598251457119067,1.2111152187175893
304,0.9616985845129059,1.2058392671820126
305,0.9644046627810158,1.200825966466575
306,0.9592006661115737,1.2045608795651985
307,0.9616985845129059,1.198592710256775
308,0.9641965029142381,1.1904200826656015
309,0.9594088259783514,1.1931544719985085
310,0.9616985845129059,1.1835545339155555
311,0.9621149042464613,1.1813533794472955
312,0.9637801831806828,1.174411087905636
313,0.9641965029142381,1.170043787590967
314,0.9610741049125728,1.1707016958185874
315,0.958368026644463,1.168826118595495
316,0.9608659450457951,1.160160716129878
317,0.9664862614487927,1.15463080572943
318,0.9631557035803497,1.1513995902921437
319,0.9610741049125728,1.151147519916817
320,0.9669025811823481,1.1422785002424953
321,0.9698168193172356,1.1338135362366257
322,0.9637801831806828,1.135434747734832
323,0.9644046627810158,1.132283039037433
324,0.9612822647793505,1.1313349783767968
325,0.9646128226477935,1.1252079137060464
326,0.9683597002497918,1.1202672768592041
327,0.9648209825145712,1.1171183147398658
328,0.9660699417152373,1.1104691722410902
329,0.9652373022481265,1.1111895288654807
330,0.9610741049125728,1.1105251677526622
331,0.9635720233139051,1.1013585673482293
332,0.9658617818484596,1.099814152737442
333,0.9681515403830142,1.0935070619892815
334,0.9664862614487927,1.0917342781127244
335,0.9656536219816819,1.091387408162831
336,0.9648209825145712,1.0871246894332987
337,0.970233139050791,1.0792383659292915
338,0.9671107410491258,1.075325754361784
339,0.9714820982514571,1.0687838595276768
340,0.9704412989175687,1.0655717200581776
341,0.9677352206494588,1.0664285030293523
342,0.9681515403830142,1.0631186418688168
343,0.966278101582015,1.0617372147943653
344,0.9648209825145712,1.0604146537336083
345,0.9706494587843464,1.053360353401559
346,0.9696086594504579,1.0496842410542586
347,0.9677352206494588,1.0470595187588994
348,0.9725228975853455,1.0400758330569875
349,0.9683597002497918,1.0430171089704388
350,0.9718984179850125,1.0303842408968744
351,0.9683597002497918,1.0334603562144613
352,0.9698168193172356,1.0276964363408625
353,0.9635720233139051,1.0326316666345017
354,0.9679433805162365,1.024783086320145
355,0.9714820982514571,1.0207093044879731
356,0.9739800166527893,1.0124219570628412
357,0.9694004995836802,1.0104129672745286
358,0.9708576186511241,1.0128398903402858
359,0.9696086594504579,1.0065202207787647
360,0.9729392173189009,1.0030891119093819
361,0.9669025811823481,1.0036498824821523
362,0.9716902581182348,0.9959628138315866
363,0.9733555370524563,0.9901053965538368
364,0.9739800166527893,0.9885530957671427
365,0.9698168193172356,0.9900101948340271
366,0.9694004995836802,0.9884173495882655
367,0.9716902581182348,0.9826362812449593
368,0.9723147377185679,0.9748305582583298
369,0.9737718567860116,0.9728263074611248
370,0.9758534554537885,0.9700342829181788
371,0.9743963363863447,0.9679569462058347
372,0.9698168193172356,0.9684855410895876
373,0.9727310574521232,0.961740186867567
374,0.9723147377185679,0.957605855153264
375,0.9718984179850125,0.9554847465466698
376,0.9714820982514571,0.95445858310601
377,0.974188176519567,0.9517372733945155
378,0.973563696919234,0.948922073712059
379,0.9716902581182348,0.9472246656906198
380,0.9746044962531224,0.9442856017993352
381,0.9706494587843464,0.939356301448228
382,0.9691923397169026,0.9404162084629494
383,0.9729392173189009,0.9348612274357322
384,0.9785595337218984,0.9277361641319268
385,0.9731473771856786,0.9287578127564836
386,0.9710657785179018,0.928574611007125
387,0.9729392173189009,0.924971096819386
388,0.9700249791840133,0.9239320470133392
389,0.9746044962531224,0.9161265448765592
390,0.9727310574521232,0.9159574649117571
391,0.9785595337218984,0.9068700608166925
392,0.9746044962531224,0.9094436721043424
393,0.9750208159866778,0.9057354102226022
394,0.9756452955870109,0.902496902521802
395,0.9768942547876769,0.8990991338901377
396,0.974188176519567,0.9019025584541689
397,0.973563696919234,0.8969101465115639
398,0.9768942547876769,0.8909512564701204
399,0.9768942547876769,0.8888300030952091
400,0.9739800166527893,0.8888810913231252
401,0.9760616153205662,0.8866562213528464
402,0.9779350541215653,0.8771635124725069
403,0.9750208159866778,0.8791117641352099
404,0.9783513738551207,0.8749385082552971
405,0.9768942547876769,0.8732289655520259
406,0.9768942547876769,0.8705898027535184
407,0.9777268942547876,0.8684059333840973
408,0.9779350541215653,0.868440395787197
409,0.9777268942547876,0.860623444000152
410,0.9746044962531224,0.8635324602023846
411,0.9760616153205662,0.8620783940242986
412,0.9793921731890092,0.8536570869218698
413,0.9773105745212323,0.8575476617936191
414,0.9806411323896753,0.8479545170024074
415,0.9758534554537885,0.8523153902886809
416,0.9785595337218984,0.8442380988627647
417,0.97751873438801,0.8434555324587
418,0.9758534554537885,0.8441396427094986
419,0.9789758534554538,0.8380274085279905
420,0.9758534554537885,0.839203193572836
421,0.9754371357202332,0.8383721717192073
422,0.9777268942547876,0.8341808911664202
423,0.9777268942547876,0.8291900422948286
424,0.9783513738551207,0.827755206034245
425,0.978143213988343,0.8271581842738523
426,0.9789758534554538,0.8245158750846125
427,0.9754371357202332,0.8229112360598543
428,0.9746044962531224,0.8218507127996091
429,0.9796003330557869,0.8190921899877321
430,0.9768942547876769,0.8162871193726989
431,0.9756452955870109,0.8159370389608023
432,0.9783513738551207,0.8115709667698132
433,0.9783513738551207,0.809440753739839
434,0.9768942547876769,0.8067041682164735
435,0.9785595337218984,0.8020484847490437
436,0.9777268942547876,0.8021926366717095
437,0.978143213988343,0.797125088781441
438,0.9816819317235637,0.7931547879080888
439,0.9766860949208993,0.79779590868533
440,0.9789758534554538,0.7903088851832629
441,0.9777268942547876,0.7908025421171164
442,0.9779350541215653,0.7897265934626526
443,0.9789758534554538,0.7835332850532468
444,0.978143213988343,0.7861305437516809
445,0.9783513738551207,0.7834225198708407
446,0.9827227310574521,0.7726738675250102
447,0.9754371357202332,0.7807259036539794
448,0.9783513738551207,0.7775852619162408
449,0.980849292256453,0.7715619036696734
450,0.9802248126561199,0.7697086815631559
451,0.9800166527893422,0.76900719415139
452,0.9796003330557869,0.7656136191854072
453,0.9789758534554538,0.7636046987290585
454,0.9818900915903414,0.7607950296727545
455,0.978143213988343,0.7632480619054949
456,0.9810574521232306,0.756549192110168
457,0.9798084929225646,0.7542191556748701
458,0.9793921731890092,0.7538928730998011
459,0.980849292256453,0.7517456233650321
460,0.980849292256453,0.7482741654266625
461,0.9787676935886761,0.7484974324157295
462,0.9816819317235637,0.7425900793988739
463,0.978143213988343,0.7478900124985014
464,0.980849292256453,0.7429755941517248
465,0.97751873438801,0.7418548811683051
466,0.9777268942547876,0.7420610037572577
467,0.9796003330557869,0.7342325995407136
468,0.9785595337218984,0.7372160234816565
469,0.9800166527893422,0.7327399415636341
470,0.9796003330557869,0.7311525111095196
471,0.9789758534554538,0.7281079198001922
472,0.9785595337218984,0.727436912843925
473,0.9806411323896753,0.7245086731263541
474,0.9793921731890092,0.7252155711112868
475,0.9793921731890092,0.722550356517128
476,0.9806411323896753,0.7159875901315135
477,0.9804329725228976,0.7161085985284562
478,0.9839716902581183,0.7120820138972566
479,0.9798084929225646,0.7135673224380074
480,0.9816819317235637,0.7090613006751404
481,0.9796003330557869,0.7105931755803606
482,0.9806411323896753,0.7091916006470997
483,0.9831390507910075,0.7036380688415578
484,0.982098251457119,0.7030608755265744
485,0.9800166527893422,0.7029079294621597
486,0.9831390507910075,0.6979912392404256
487,0.9850124895920067,0.6936778738337889
488,0.9806411323896753,0.6977815900515955
489,0.9825145711906744,0.6916641368159248
490,0.9816819317235637,0.6926588320811523
491,0.9816819317235637,0.6931237553081148
492,0.9829308909242298,0.6891170323242455
493,0.9800166527893422,0.6887430898057333
494,0.9804329725228976,0.6885956358552277
495,0.9823064113238967,0.6838116600650435
496,0.980849292256453,0.6840892035101573
497,0.9793921731890092,0.6836938004906629
498,0.9845961698584513,0.6761369620334298
499,0.9800166527893422,0.6790997109047876
