epoch,categorical_accuracy,loss
0,0.5622398001665279,5.198493321074931
1,0.5335137385512073,4.6634014869708995
2,0.5137385512073273,4.441037178039551
3,0.5087427144046628,4.296070557450573
4,0.5056203164029975,4.193398343434838
5,0.5037468776019983,4.11304783940216
6,0.5089508742714405,3.9846358771725163
7,0.511240632805995,3.883994741503345
8,0.5101998334721066,3.851555842940357
9,0.5043713572023314,3.748394991535628
10,0.5174854288093256,3.7267305031108617
11,0.5172772689425479,3.6639503847053905
12,0.513946711074105,3.6588296967680307
13,0.5060366361365529,3.6201146718961414
14,0.5166527893422148,3.560959006824859
15,0.5052039966694422,3.544174851624793
16,0.5208159866777685,3.510763742842345
17,0.5162364696086594,3.504738092621002
18,0.5097835137385512,3.4760380434453935
19,0.537676935886761,3.4391933960481844
20,0.5274771024146545,3.4366261857832403
21,0.5241465445462115,3.427804597509989
22,0.5262281432139884,3.401449215997764
23,0.5303913405495421,3.3685103260805764
24,0.5274771024146545,3.3646999636260198
25,0.5289342214820982,3.3438393333174603
26,0.5372606161532056,3.3393280470401026
27,0.5330974188176519,3.3160091216717036
28,0.5310158201498751,3.3114657370275897
29,0.5412156536219817,3.283603730150107
30,0.5320566194837635,3.2774763623443275
31,0.5312239800166528,3.2845291126578378
32,0.5253955037468776,3.2739336220648365
33,0.5491257285595337,3.237706064284592
34,0.5501665278934221,3.245312784633271
35,0.5216486261448793,3.2354353796333992
36,0.5451706910907577,3.226993634639235
37,0.5380932556203164,3.2276449941973406
38,0.5447543713572023,3.1860236377144338
39,0.5405911740216486,3.1957425144093916
40,0.5432972522897586,3.187172353118782
41,0.5347626977518735,3.178744373273889
42,0.544338051623647,3.1658524845561615
43,0.5501665278934221,3.1471015841240293
44,0.5441298917568693,3.1396410554573
45,0.5491257285595337,3.137088867150973
46,0.5435054121565362,3.1268498808219967
47,0.5380932556203164,3.1219870903212064
48,0.5426727726894255,3.1126481343268555
49,0.5509991673605329,3.0943755940731914
50,0.5611990008326395,3.0810179877142225
51,0.555578684429642,3.07865557881021
52,0.5614071606994172,3.0558463066047077
53,0.5559950041631974,3.0647831034600785
54,0.5582847626977518,3.0520400937451213
55,0.5611990008326395,3.0483081354685964
56,0.5580766028309742,3.034430512976984
57,0.5495420482930891,3.026887184178005
58,0.556203164029975,3.0196328838103814
59,0.5578684429641965,3.008835348459604
60,0.5678601165695254,2.9944381975909256
61,0.5620316402997502,2.9838687686697827
62,0.5570358034970858,2.98430856717417
63,0.5582847626977518,2.968663691680298
64,0.5705661948376353,2.961969431790583
65,0.5591174021648626,2.9496648003914077
66,0.5761865112406328,2.9339909841377074
67,0.5666111573688593,2.9307927102669393
68,0.5628642797668609,2.923443199097366
69,0.5718151540383014,2.9082394380752095
70,0.5697335553705246,2.9037638052020047
71,0.5799333888426311,2.8927857784506283
72,0.5763946711074105,2.884308901555731
73,0.571398834304746,2.871495287186101
74,0.5761865112406328,2.8617302495970716
75,0.5772273105745213,2.848878765979675
76,0.5759783513738551,2.8403864962969294
77,0.5834721065778518,2.8249631743943264
78,0.5907577019150708,2.8217132234454256
79,0.5803497085761865,2.8159069872021574
80,0.5722314737718568,2.808958262626972
81,0.5947127393838468,2.786363916532086
82,0.5872189841798501,2.785680996389016
83,0.5999167360532889,2.772287692753699
84,0.6028309741881765,2.7621931743860046
85,0.5976269775187344,2.7478619310679187
86,0.5999167360532889,2.744306930197367
87,0.5974188176519567,2.7360808269665897
88,0.5982514571190675,2.731574669368658
89,0.6040799333888426,2.710449073634279
90,0.6036636136552873,2.706192460087912
91,0.6142797668609492,2.6909439758297604
92,0.6069941715237303,2.682769846062577
93,0.6059533721898418,2.6792105613997537
94,0.6101165695253955,2.665039308660731
95,0.6140716069941715,2.655233961854946
96,0.6107410491257286,2.6432646061359693
97,0.6040799333888426,2.6384099784441335
98,0.6161532056619484,2.625869819861864
99,0.6300999167360533,2.612614445245633
100,0.6119900083263947,2.6130390415382228
101,0.6248959200666112,2.5971268509746492
102,0.6226061615320566,2.5867763552240883
103,0.6244796003330558,2.5855929545816236
104,0.6317651956702748,2.5726860236565736
105,0.6186511240632806,2.5663567319896994
106,0.626977518734388,2.547754351443593
107,0.6355120732722731,2.5372465834033977
108,0.6182348043297252,2.5329614430045604
109,0.6357202331390508,2.5193009307045027
110,0.6273938384679434,2.514051890988632
111,0.6259367194004996,2.506401106280947
112,0.638842631140716,2.494744306400753
113,0.6334304746044963,2.4825525678861746
114,0.6486261448792673,2.471286790952595
115,0.6369691923397169,2.4624412067724606
116,0.6521648626144879,2.451133413378345
117,0.6392589508742714,2.4467459445591273
118,0.6419650291423813,2.4375285766801666
119,0.6438384679433805,2.427588422530696
120,0.6534138218151541,2.4143681728671136
121,0.6577851790174855,2.4039075499668803
122,0.645503746877602,2.4027683101625468
123,0.6498751040799334,2.398161933582887
124,0.6450874271440467,2.387992771340846
125,0.6611157368859284,2.374512988859966
126,0.6634054954204829,2.363711188576005
127,0.6467527060782681,2.3590247863337557
128,0.6631973355537052,2.343715739786178
129,0.6584096586178185,2.340510723890611
130,0.6681931723563697,2.3228492943273795
131,0.6625728559533722,2.3231545876305266
132,0.6700666111573689,2.3127525073106243
133,0.660699417152373,2.3019735890562387
134,0.6783930058284763,2.2903776520197834
135,0.6615320566194838,2.2907550773652368
136,0.672564529558701,2.277402591546509
137,0.6636136552872606,2.278008313897647
138,0.6613238967527061,2.2656505641889613
139,0.674646128226478,2.253757400774737
140,0.6750624479600333,2.244974942330417
141,0.6729808492922564,2.2370442480568484
142,0.6863030807660283,2.2274855739568094
143,0.6777685262281432,2.217250700695727
144,0.6796419650291424,2.2168793874815242
145,0.678601165695254,2.2090784869126536
146,0.6765195670274771,2.202323139954566
147,0.6844296419650291,2.1850753259301485
148,0.6902581182348043,2.180406823741903
149,0.6781848459616986,2.184324197427716
150,0.6858867610324729,2.167783219451015
151,0.6979600333055787,2.15103404627156
152,0.6971273938384679,2.1485678463752422
153,0.6933805162364696,2.1417601906588235
154,0.7000416319733556,2.137259463088697
155,0.6948376353039134,2.133133984425979
156,0.6912989175686928,2.127734837385141
157,0.6894254787676936,2.12132298380608
158,0.6908825978351374,2.107417579495242
159,0.7000416319733556,2.100290886865468
160,0.708992506244796,2.0889455515776545
161,0.708368026644463,2.083774676430136
162,0.7064945878434638,2.0759248064519165
163,0.7073272273105745,2.0727006914613644
164,0.7025395503746877,2.0622053156288143
165,0.705661948376353,2.0628487684645322
166,0.7160699417152373,2.0445839848546163
167,0.7094088259783514,2.0440355724935033
168,0.7200249791840133,2.0325516114921793
169,0.7116985845129059,2.0298678747918784
170,0.7069109075770191,2.0277825864923686
171,0.7164862614487927,2.015057797435916
172,0.7183597002497918,2.004391883632523
173,0.7279350541215653,2.0044683903877583
174,0.724188176519567,1.9926728118369224
175,0.7156536219816819,1.9845167352793913
176,0.7239800166527893,1.9752095038448145
177,0.7144046627810158,1.980332610509874
178,0.72751873438801,1.9649845676358593
179,0.7233555370524563,1.962720416368394
180,0.742089925062448,1.9481689989517175
181,0.7375104079933389,1.9455440693552746
182,0.7248126561199001,1.9474517195349828
183,0.738134887593672,1.9360133172272642
184,0.7404246461282264,1.9212485711640066
185,0.731473771856786,1.9232114663628317
186,0.730849292256453,1.9245147401347547
187,0.738759367194005,1.908664315665989
188,0.7402164862614488,1.9063709053171365
189,0.7329308909242298,1.9010868110227943
190,0.7433388842631141,1.8939804855135458
191,0.7431307243963364,1.8827212198290797
192,0.7398001665278934,1.8842122779102946
193,0.7487510407993339,1.871404242158234
194,0.7445878434637802,1.8660227521869364
195,0.7520815986677769,1.8578079064422404
196,0.7510407993338885,1.8535032327923548
197,0.7487510407993339,1.8497062801421433
198,0.7433388842631141,1.8474398105964376
199,0.7610324729392173,1.8309224599803318
200,0.7587427144046628,1.830037905810576
201,0.7479184013322231,1.8253164145472047
202,0.7635303913405496,1.821464767662512
203,0.7662364696086594,1.8115744717809976
204,0.7545795170691091,1.8090935091888973
205,0.7547876769358868,1.804975603641221
206,0.7583263946711074,1.803516673803528
207,0.7527060782681099,1.7932352042019517
208,0.761865112406328,1.7859845416531972
209,0.767901748542881,1.7836775620910745
210,0.7610324729392173,1.7808320923312122
211,0.771856786011657,1.7649980961134988
212,0.763946711074105,1.7649642421641418
213,0.7620732722731057,1.7580716748916536
214,0.7762281432139884,1.7490088800705046
215,0.7662364696086594,1.7539393738048659
216,0.7737302248126561,1.7411579538840836
217,0.7668609492089925,1.7333538202719327
218,0.7753955037468776,1.7262458705981507
219,0.7766444629475437,1.7202213943054236
220,0.7847626977518735,1.7151032050980022
221,0.7776852622814321,1.7128005467485528
222,0.7826810990840966,1.704674365220717
223,0.7753955037468776,1.7030063367306838
224,0.7858034970857619,1.6941541183203286
225,0.7816402997502082,1.6927204360374304
226,0.7818484596169858,1.6859288021090824
227,0.7772689425478768,1.6823800269213445
228,0.7853871773522065,1.673048694068248
229,0.791007493755204,1.6596254696953208
230,0.7905911740216486,1.6584704986321341
231,0.787676935886761,1.6627995924191312
232,0.7887177352206495,1.659820609942364
233,0.7893422148209825,1.6494220855531843
234,0.7928809325562032,1.6460491541918867
235,0.7937135720233139,1.6436976945767494
236,0.7893422148209825,1.6351073468158286
237,0.7928809325562032,1.6298722148834914
238,0.7993338884263114,1.6183205035008756
239,0.7957951706910907,1.6226029200518162
240,0.79766860949209,1.6127497054059539
241,0.791007493755204,1.6139155412891524
242,0.8018318068276437,1.6034504900764763
243,0.798293089092423,1.5985911871173994
244,0.8045378850957535,1.5946734771442652
245,0.798917568692756,1.5898812881218802
246,0.8018318068276437,1.5869411280709043
247,0.805578684429642,1.5781518314204348
248,0.8126561199000832,1.5769512396271679
249,0.8049542048293089,1.5739985662733487
250,0.8161948376353039,1.561621949436464
251,0.8132805995004163,1.5584291556197143
252,0.806203164029975,1.5585181998968323
253,0.8039134054954205,1.5572896777938348
254,0.8124479600333055,1.5470340981471549
255,0.8105745212323064,1.5501428667849844
256,0.8178601165695254,1.5397229806072608
257,0.8139050791007494,1.536561103585757
258,0.8166111573688593,1.5319891331297075
259,0.8186927560366362,1.5267816829641694
260,0.8087010824313072,1.52988722937788
261,0.8243130724396336,1.509743351622684
262,0.8218151540383014,1.5065074942689654
263,0.8234804329725229,1.5074461123826204
264,0.8276436303080766,1.498001775277048
265,0.8255620316402997,1.494253737841121
266,0.8234804329725229,1.4953743014903391
267,0.8218151540383014,1.4884883847264425
268,0.8234804329725229,1.4856050861169654
269,0.8224396336386345,1.4805861406778913
270,0.8278517901748543,1.4679823359482294
271,0.832014987510408,1.4688702356209862
272,0.8307660283097419,1.4662284593002484
273,0.8315986677768527,1.462847482651894
274,0.8322231473771857,1.4604097211688485
275,0.8318068276436303,1.4572942711530776
276,0.8361781848459617,1.4531420366055363
277,0.835345545378851,1.4439089291300207
278,0.8345129059117402,1.4390636509800832
279,0.8405495420482931,1.437306795687997
280,0.8390924229808493,1.4297182616544306
281,0.8434637801831807,1.425938869495376
282,0.8376353039134055,1.4293460390351396
283,0.8434637801831807,1.4181593751827941
284,0.8401332223147377,1.4143445508664692
285,0.8357618651124064,1.4160832925998201
286,0.8395087427144047,1.416047654977746
287,0.8486677768526228,1.4009654209278306
288,0.8422148209825145,1.3975786019324463
289,0.8503330557868443,1.3919396582094459
290,0.8420066611157369,1.3916317450811622
291,0.8463780183180682,1.3897085288085111
292,0.8415903413821815,1.3848491649048016
293,0.8484596169858452,1.3773272052394858
294,0.8482514571190675,1.378035803619372
295,0.8495004163197336,1.3700801461662082
296,0.8536636136552873,1.365646199520978
297,0.854496253122398,1.3660747907640138
298,0.8536636136552873,1.363891003530885
299,0.8576186511240633,1.35087548227334
300,0.8476269775187344,1.3577222820126345
301,0.8576186511240633,1.3465238832414994
302,0.8607410491257286,1.3423206864745294
303,0.8524146544546212,1.3456440085078358
304,0.854496253122398,1.3383682823300262
305,0.8540799333888426,1.3319369486031385
306,0.8559533721898418,1.3352414856941675
307,0.8605328892589509,1.3232917094806351
308,0.8567860116569526,1.3248702675774136
309,0.8634471273938384,1.3124789453168197
310,0.8636552872606161,1.3108886030691054
311,0.8567860116569526,1.3157915981683406
312,0.8632389675270608,1.3022060362524435
313,0.861157368859284,1.3011205901114966
314,0.8671940049958368,1.3006993369397077
315,0.8676103247293921,1.29155984984945
316,0.8686511240632806,1.2860329830080741
317,0.8663613655287261,1.2964307196829141
318,0.8634471273938384,1.2859223668124653
319,0.869067443796836,1.2751692486841613
320,0.8686511240632806,1.275821714079648
321,0.86511240632806,1.2808473435766394
322,0.8694837635303914,1.2706599328837527
323,0.8755203996669442,1.264504830505727
324,0.876977518734388,1.2603169660782636
325,0.8780183180682765,1.2555041457096008
326,0.880932556203164,1.2477584301085396
327,0.8723980016652789,1.2546717513113792
328,0.876977518734388,1.2451709857292714
329,0.8786427976686095,1.2409910384463232
330,0.8780183180682765,1.2426785937356115
331,0.8807243963363863,1.2350937805009028
332,0.8751040799333888,1.236542454667135
333,0.8761448792672772,1.23009977729791
334,0.8821815154038302,1.2274997752473118
335,0.8819733555370525,1.2191357593750776
336,0.8819733555370525,1.2227658984266054
337,0.8828059950041632,1.2187528455386452
338,0.8859283930058285,1.2076122669455014
339,0.8850957535387177,1.205140939362341
340,0.8836386344712739,1.2073532494279764
341,0.880932556203164,1.2078069450456237
342,0.8838467943380516,1.204557232813077
343,0.8923813488759367,1.192622520643706
344,0.892173189009159,1.194054569531043
345,0.8905079100749376,1.1901818630002519
346,0.8919650291423813,1.1859543947851925
347,0.8861365528726062,1.1869147876021666
348,0.8890507910074937,1.1863801286778382
349,0.8938384679433805,1.1775915558193248
350,0.8880099916736053,1.1747145707859385
351,0.8938384679433805,1.171150579291716
352,0.892173189009159,1.1684069864755864
353,0.8957119067443797,1.1684915010974766
354,0.888842631140716,1.1673313323703038
355,0.8930058284762697,1.1701653677656887
356,0.8992506244796004,1.1555298680965351
357,0.8942547876769359,1.1576191673270868
358,0.8969608659450458,1.1549759616859747
359,0.8957119067443797,1.1500399680955524
360,0.8992506244796004,1.1465000961345002
361,0.9021648626144879,1.1382666527480507
362,0.9015403830141548,1.1397599205188609
363,0.9011240632805995,1.139571496985735
364,0.9046627810158201,1.126055349021232
365,0.8996669442131557,1.1312284870111973
366,0.9057035803497085,1.1180850455008577
367,0.9007077435470441,1.1278056706318154
368,0.9025811823480433,1.1184812265073727
369,0.902789342214821,1.1141539230434028
370,0.8982098251457119,1.1224519582116337
371,0.9007077435470441,1.1156961533747347
372,0.9046627810158201,1.1113790904949548
373,0.902789342214821,1.1064672733623717
374,0.9057035803497085,1.106179613108242
375,0.9013322231473772,1.1082040979205123
376,0.9096586178184846,1.096989828581417
377,0.9050791007493755,1.1006984185120348
378,0.9069525395503747,1.0906501571205038
379,0.9075770191507078,1.0894865726650407
380,0.9071606994171524,1.0896441783635047
381,0.914029975020816,1.0829104940956777
382,0.9071606994171524,1.0859965942582916
383,0.9123646960865945,1.0788512753010988
384,0.9125728559533722,1.0738026366245736
385,0.9071606994171524,1.0787470609222622
386,0.9121565362198168,1.07158528026395
387,0.9098667776852623,1.067460316801746
388,0.9104912572855953,1.0663992149645245
389,0.9169442131557036,1.056926498008112
390,0.9144462947543713,1.0583942960839188
391,0.9192339716902581,1.052111496734778
392,0.9163197335553706,1.053508077136285
393,0.9144462947543713,1.053213244125706
394,0.9184013322231473,1.0476472453709744
395,0.920691090757702,1.0437487329571173
396,0.9152789342214821,1.0435918627134668
397,0.9200666111573689,1.0425138357378463
398,0.920691090757702,1.0369730970444628
399,0.9171523730224813,1.0376891513648974
400,0.922564529558701,1.0294861503683657
401,0.9194421315570358,1.02621008067405
402,0.9200666111573689,1.0326314754629016
403,0.9221482098251457,1.0252453899701173
404,0.917985012489592,1.0281678448608773
405,0.9231890091590341,1.0232605624456985
406,0.925895087427144,1.0157709354961246
407,0.9190258118234804,1.0200045208053525
408,0.9159034138218152,1.022601379095565
409,0.9208992506244796,1.0169602787861916
410,0.9223563696919234,1.0132907411637255
411,0.9194421315570358,1.015168231889469
412,0.925895087427144,1.0038695745325208
413,0.9275603663613655,0.9965511367382555
414,0.9275603663613655,1.0040681666875262
415,0.9248542880932556,0.9983348297040529
416,0.9215237302248127,1.0035921101963192
417,0.921940049958368,0.9944631488098887
418,0.9254787676935887,0.9892232534192583
419,0.9310990840965861,0.9834647676926866
420,0.9254787676935887,0.9917889956530683
421,0.9344296419650291,0.9836520246919446
422,0.9304746044962531,0.9812840664019493
423,0.9229808492922564,0.9851563168902083
424,0.925895087427144,0.9787066724278548
425,0.9300582847626978,0.9763542220157747
426,0.9360949208992506,0.9671655663046412
427,0.9306827643630308,0.9681737615504332
428,0.9281848459616986,0.9692743379408671
429,0.9356786011656952,0.9577458253212515
430,0.9227726894254787,0.9721167611639069
431,0.9344296419650291,0.9566700747368437
432,0.9331806827643631,0.9643558886128599
433,0.9288093255620317,0.9590221792335415
434,0.9331806827643631,0.953174658163104
435,0.9319317235636969,0.9539133544567722
436,0.9315154038301415,0.9534799072962816
437,0.9323480432972523,0.9509237508888944
438,0.929225645295587,0.9515307395781804
439,0.9317235636969192,0.9456287449245945
440,0.9377601998334721,0.9385687812579661
441,0.9360949208992506,0.9377504869067202
442,0.9406744379683597,0.93381363555454
443,0.9371357202331391,0.9326781214127234
444,0.9308909242298085,0.9380780607337856
445,0.9358867610324729,0.9299863710887823
446,0.9340133222314738,0.9331323194265564
447,0.936511240632806,0.9232236769773084
448,0.9375520399666945,0.9290207829403937
449,0.9433805162364696,0.912398962305547
450,0.9358867610324729,0.9216734622539231
451,0.9390091590341382,0.9184275287871159
452,0.9392173189009159,0.9169003318787415
453,0.9388009991673605,0.9203907658317305
454,0.9421315570358035,0.9073479208322885
455,0.9392173189009159,0.9158241912089815
456,0.9388009991673605,0.9122720984594709
457,0.9442131557035803,0.9042231358655982
458,0.9419233971690258,0.9020351294077604
459,0.9402581182348043,0.9073407964146604
460,0.9400499583680266,0.9020498697704121
461,0.9412989175686928,0.8963991395639043
462,0.9431723563696919,0.8950518769685871
463,0.9396336386344712,0.8953249173100842
464,0.9435886761032473,0.8920360742063943
465,0.9427560366361366,0.8907858107012575
466,0.944421315570358,0.8900945687373413
467,0.940466278101582,0.8880965117610166
468,0.9475437135720233,0.8797882067273797
469,0.9417152373022482,0.8888500666340424
470,0.9408825978351374,0.8810374197316706
471,0.9475437135720233,0.8778360602659151
472,0.9425478767693589,0.878547441304276
473,0.9398417985012489,0.8845421013288156
474,0.9419233971690258,0.8819468671535076
475,0.9442131557035803,0.8752020295712474
476,0.9533721898417985,0.8681075137719624
477,0.9473355537052456,0.8702852535902907
478,0.9417152373022482,0.8700453623149119
479,0.9498334721065779,0.8620411501041956
480,0.9431723563696919,0.8682284352682115
481,0.947751873438801,0.8595258692817624
482,0.9467110741049126,0.8643779682180069
483,0.9460865945045795,0.861160103873746
484,0.951082431307244,0.8529885694148837
485,0.9481681931723563,0.8573697825752626
486,0.9512905911740216,0.8525006130871229
487,0.9498334721065779,0.8488261370138761
488,0.9504579517069109,0.8531274421328212
489,0.9485845129059117,0.8549892556955178
490,0.9452539550374688,0.8496452159528232
491,0.9481681931723563,0.8457830804373005
492,0.9529558701082431,0.8408799582377362
493,0.9502497918401333,0.8436354709406082
494,0.9500416319733556,0.8433334936607291
495,0.9456702747710242,0.8442656590380736
496,0.947751873438801,0.8437932476612253
497,0.9512905911740216,0.8348839721711451
498,0.9440049958368026,0.8392578176316572
499,0.9514987510407993,0.8316729483656046
