epoch,categorical_accuracy,loss
0,0.4221482098251457,5.2874450713371255
1,0.4760616153205662,4.535274953270435
2,0.4825145711906744,4.3994537771591835
3,0.4902164862614488,4.29048137879193
4,0.49396336386344714,4.1726542479985955
5,0.49396336386344714,4.131138448214948
6,0.5022897585345545,4.025238853211605
7,0.5016652789342215,3.9921562002660034
8,0.49479600333055784,3.955563962906227
9,0.5008326394671108,3.9056618338719096
10,0.5083263946711074,3.8507302990563206
11,0.5085345545378851,3.8092957978244626
12,0.5099916736053289,3.7621308071825723
13,0.5024979184013322,3.7430585238657623
14,0.49646128226477937,3.7228800305518184
15,0.5104079933388843,3.680356674845471
16,0.5108243130724396,3.6559323264002104
17,0.5033305578684429,3.640501895415396
18,0.5091590341382182,3.618580045946234
19,0.5095753538717736,3.586088232950406
20,0.5162364696086594,3.569924673966623
21,0.5049958368026645,3.5683917445405933
22,0.5120732722731057,3.5311872472771
23,0.5162364696086594,3.519153866740091
24,0.5260199833472107,3.5028952958681105
25,0.5326810990840966,3.477157102834176
26,0.5085345545378851,3.4860715238776034
27,0.5068692756036636,3.460615963661899
28,0.5124895920066611,3.4473261888775597
29,0.5233139050791007,3.4319345230464635
30,0.5114487926727727,3.4248114416343185
31,0.5168609492089925,3.4011091642038314
32,0.5299750208159867,3.394149173209312
33,0.5301831806827644,3.3862351444142744
34,0.5351790174854288,3.367482280254761
35,0.5385095753538718,3.3532579818633472
36,0.5260199833472107,3.3483255852469793
37,0.5347626977518735,3.335689606217917
38,0.5276852622814321,3.324236161107326
39,0.5383014154870941,3.3052358037724683
40,0.5353871773522065,3.3104956302912805
41,0.541631973355537,3.2949390401451115
42,0.5358034970857619,3.2876336014737295
43,0.537052456286428,3.27323909385516
44,0.5441298917568693,3.260312940357726
45,0.5372606161532056,3.2513298813647573
46,0.5349708576186512,3.2418094185567914
47,0.5439217318900916,3.2252212833306078
48,0.5630724396336386,3.213947842460588
49,0.5464196502914238,3.2110145667708982
50,0.5639050791007494,3.190249309650964
51,0.5499583680266444,3.182298601914405
52,0.5582847626977518,3.1738727668441404
53,0.556203164029975,3.16355143439065
54,0.5611990008326395,3.1505816072151127
55,0.5670274771024146,3.136374771545372
56,0.5678601165695254,3.135396044419072
57,0.5730641132389676,3.1217805229555458
58,0.559533721898418,3.114137578864181
59,0.578684429641965,3.0970078505246863
60,0.577435470441299,3.0819236186025143
61,0.5868026644462948,3.0749182986974914
62,0.575353871773522,3.0651069578779033
63,0.5884679433805162,3.050560152798668
64,0.582639467110741,3.0447393227973447
65,0.578684429641965,3.036692628058466
66,0.5870108243130724,3.022132463995166
67,0.5922148209825145,3.007633012696964
68,0.593255620316403,2.996347929813979
69,0.593255620316403,2.9874010548603525
70,0.589300582847627,2.9769758312628727
71,0.600541215653622,2.9627603406612324
72,0.5990840965861782,2.9533074150276026
73,0.5974188176519567,2.9434264855619077
74,0.6065778517901749,2.9265098569792176
75,0.6103247293921732,2.915662734335805
76,0.61240632805995,2.9069505388988843
77,0.6134471273938384,2.8955279623439765
78,0.6201082431307244,2.8839549567677594
79,0.6217735220649458,2.873356978760274
80,0.6103247293921732,2.8642307584430653
81,0.6097002497918401,2.853859302106249
82,0.6132389675270608,2.8395395342456013
83,0.6209408825978351,2.8296277060496817
84,0.6280183180682765,2.8194476317406494
85,0.6217735220649458,2.8101500565563016
86,0.6273938384679434,2.7904179364219495
87,0.6263530391340549,2.783176982134804
88,0.6319733555370525,2.773693939132754
89,0.6305162364696086,2.7626447451303244
90,0.6278101582014988,2.7530623506646075
91,0.6253122398001665,2.7400409595654667
92,0.6369691923397169,2.725130521883873
93,0.6390507910074937,2.716915134387052
94,0.6384263114071607,2.701490612450885
95,0.6390507910074937,2.69810726064925
96,0.6471690258118235,2.6814848227266666
97,0.648834304746045,2.671076699756365
98,0.6330141548709409,2.6754881428441437
99,0.6344712739383847,2.6558619750528707
100,0.6534138218151541,2.6435855808702735
101,0.6492506244796004,2.635418194914539
102,0.6554954204829309,2.6183924089363475
103,0.6592422980849292,2.611621517424381
104,0.6490424646128227,2.5979558873633164
105,0.6659034138218152,2.5898838944478793
106,0.6619483763530392,2.5775645781714753
107,0.6546627810158201,2.5708903952701005
108,0.6534138218151541,2.560595254913953
109,0.6663197335553706,2.542926950121204
110,0.671315570358035,2.534532284955002
111,0.6667360532889259,2.5261093716538023
112,0.6596586178184846,2.5186631846288954
113,0.6594504579517069,2.5123368177088374
114,0.6754787676935887,2.4973868011534957
115,0.671315570358035,2.4899306722128025
116,0.6656952539550375,2.479733562191559
117,0.6833888426311407,2.4629192731461855
118,0.6794338051623647,2.4579519322273833
119,0.6798501248959201,2.444477683003002
120,0.6844296419650291,2.432416205799252
121,0.6781848459616986,2.4276697905633373
122,0.6788093255620317,2.4209538002395314
123,0.6844296419650291,2.4117201557762913
124,0.6833888426311407,2.4001324172817995
125,0.6821398834304746,2.3918901339458687
126,0.6885928393005828,2.383832037200737
127,0.6871357202331391,2.3738076422831895
128,0.6910907577019151,2.362186823756768
129,0.694421315570358,2.3504121369068867
130,0.6940049958368026,2.3391180866266867
131,0.6873438800999168,2.3338002765506234
132,0.694421315570358,2.321952092657478
133,0.6892173189009159,2.31807711122435
134,0.6908825978351374,2.31284831544938
135,0.7046211490424646,2.295162381776465
136,0.70503746877602,2.284653920515888
137,0.693796835970025,2.2888661770896053
138,0.7125312239800167,2.269632234462195
139,0.6942131557035803,2.264188231873969
140,0.6965029142381349,2.259488486131959
141,0.7146128226477935,2.2435341482853315
142,0.7119067443796836,2.239873597068056
143,0.7173189009159034,2.225046240618386
144,0.7092006661115737,2.224314439306648
145,0.716278101582015,2.2122023177087358
146,0.7156536219816819,2.2014991880753554
147,0.7229392173189009,2.1979075566021034
148,0.7166944213155704,2.189424214315454
149,0.7216902581182348,2.178365383616693
150,0.7150291423813488,2.174377052710515
151,0.7283513738551207,2.159477029215982
152,0.7218984179850125,2.155329135534269
153,0.7231473771856786,2.1502336069110233
154,0.7264779350541216,2.136308900323339
155,0.7171107410491258,2.140559181285639
156,0.7327227310574521,2.1213123867851214
157,0.7312656119900083,2.113766706158577
158,0.7368859283930058,2.106837862437214
159,0.7221065778517902,2.1118290996075073
160,0.7375104079933389,2.090341625662271
161,0.7318900915903414,2.087665326093059
162,0.7385512073272273,2.076744910580828
163,0.734179850124896,2.071631408055359
164,0.7404246461282264,2.062664921238063
165,0.7450041631973355,2.0526583882593097
166,0.732098251457119,2.04951073903029
167,0.7410491257285595,2.0418321355792703
168,0.7464612822647794,2.0363595767580995
169,0.7418817651956703,2.029900638388158
170,0.7364696086594504,2.0279112497436116
171,0.7431307243963364,2.012820447811378
172,0.7497918401332223,2.0103301515587164
173,0.7441715237302248,2.006106948078324
174,0.7445878434637802,1.9940616532626696
175,0.7493755203996669,1.9928427737122472
176,0.7487510407993339,1.9822632329450063
177,0.7547876769358868,1.9752380527326407
178,0.7447960033305578,1.9761420951894082
179,0.7549958368026645,1.955287579692075
180,0.757910074937552,1.9572811608112026
181,0.7599916736053289,1.9445612637029897
182,0.7475020815986678,1.9434076016590458
183,0.7545795170691091,1.935354427532987
184,0.7485428809325562,1.9440455388069946
185,0.7533305578684429,1.928940399600306
186,0.7601998334721066,1.918687490499784
187,0.7601998334721066,1.909870571439014
188,0.7629059117402165,1.908738933236871
189,0.7695670274771024,1.8950916952534977
190,0.7629059117402165,1.8886976480285491
191,0.7674854288093256,1.884593709521647
192,0.7747710241465445,1.8698884399606226
193,0.7666527893422148,1.8678605838381777
194,0.7641548709408826,1.8665703241275213
195,0.7622814321398834,1.8621405227098933
196,0.7701915070774354,1.8485349719470785
197,0.7824729392173189,1.8404371494258274
198,0.7722731057452124,1.8443595834020572
199,0.7808076602830974,1.8329491222232308
200,0.7778934221482098,1.8271405488426342
201,0.7835137385512073,1.814236441520132
202,0.776436303080766,1.8166674479755336
203,0.7814321398834305,1.807816801023523
204,0.7866361365528726,1.7993125880786918
205,0.7828892589508742,1.8013389009321659
206,0.7839300582847627,1.7873688080626464
207,0.7883014154870941,1.7842934806579158
208,0.7830974188176519,1.7849869282418345
209,0.7858034970857619,1.7774094472221291
210,0.7743547044129891,1.7723175002375213
211,0.7905911740216486,1.7627124429046859
212,0.7907993338884263,1.7628231350329397
213,0.7795587010824313,1.7550282728463584
214,0.7897585345545379,1.7486013852984184
215,0.7799750208159867,1.7444509955667438
216,0.7957951706910907,1.7276955638499583
217,0.7932972522897586,1.7314780073102367
218,0.7905911740216486,1.7299974649573842
219,0.7999583680266444,1.7171060078150029
220,0.794338051623647,1.7183204336428424
221,0.7993338884263114,1.7117230962654832
222,0.8030807660283097,1.7055840693743005
223,0.7947543713572023,1.7014972478722057
224,0.7991257285595337,1.6979076628085477
225,0.7978767693588676,1.691935383012948
226,0.8101582014987511,1.6857320724379312
227,0.8030807660283097,1.6725830456100832
228,0.8107826810990841,1.669039483669894
229,0.8053705245628643,1.6692292722039774
230,0.8041215653621981,1.6649554810059457
231,0.8012073272273106,1.6659866393753928
232,0.8082847626977518,1.6566401985066816
233,0.8082847626977518,1.6517964866536543
234,0.8103663613655288,1.6415456770659487
235,0.8103663613655288,1.6389762059933537
236,0.8089092422980849,1.6350878611095343
237,0.8228559533721899,1.6253857743630897
238,0.8070358034970858,1.6326338183770668
239,0.8172356369691923,1.6161401613268824
240,0.8070358034970858,1.6204509707315082
241,0.8282681099084097,1.6047769765075697
242,0.8222314737718568,1.5993068403844333
243,0.8114071606994172,1.6018371251500914
244,0.8195253955037469,1.5929584559751093
245,0.8228559533721899,1.5915612474667042
246,0.8230641132389676,1.5789311488006237
247,0.81744379683597,1.5870785229807591
248,0.8261865112406328,1.5672410986604142
249,0.8238967527060783,1.5690070893941175
250,0.8195253955037469,1.5666951880069895
251,0.8268109908409659,1.5633178781609451
252,0.8315986677768527,1.5463903794975502
253,0.8257701915070774,1.555290973851524
254,0.8324313072439634,1.5453194191215636
255,0.8220233139050791,1.5489985738368357
256,0.824104912572856,1.541700218241975
257,0.8324313072439634,1.531037131316656
258,0.8332639467110741,1.5302316563810336
259,0.8284762697751873,1.525837054756857
260,0.828684429641965,1.5304199789684083
261,0.835345545378851,1.514187687441868
262,0.8311823480432973,1.516133474866913
263,0.8347210657785179,1.5064747371244789
264,0.8363863447127394,1.5029803007270375
265,0.8305578684429642,1.4985350408125282
266,0.8378434637801832,1.4992998805669424
267,0.8411740216486261,1.4884938088980046
268,0.8407577019150708,1.4892259277372337
269,0.8334721065778518,1.4873827745475738
270,0.8382597835137385,1.4761287527814893
271,0.8340965861781848,1.475559091587845
272,0.8434637801831807,1.4585790189477823
273,0.839300582847627,1.4642853636626498
274,0.8365945045795171,1.4631502951908668
275,0.8465861781848459,1.4575002892229778
276,0.8420066611157369,1.4547086293056148
277,0.8513738551207327,1.4415060100110741
278,0.8488759367194005,1.4408583915997901
279,0.8426311407160699,1.442872234327807
280,0.8561615320566195,1.4303181995261618
281,0.8499167360532889,1.4353618727040032
282,0.8484596169858452,1.428023855950215
283,0.8534554537885096,1.4259253338314313
284,0.8603247293921732,1.4103981725977024
285,0.851165695253955,1.4133733423623713
286,0.861781848459617,1.4043846463879182
287,0.8534554537885096,1.4050995490632388
288,0.8536636136552873,1.406647154234728
289,0.8592839300582847,1.3946046964215002
290,0.8526228143213989,1.4006907685809489
291,0.8507493755203996,1.4019368647734987
292,0.8599084096586178,1.3807843501720698
293,0.8644879267277269,1.374241758742797
294,0.8532472939217319,1.3837315375163692
295,0.8592839300582847,1.3772898775453273
296,0.8536636136552873,1.375129157657131
297,0.8615736885928393,1.3687505762741825
298,0.8626144879267277,1.3642908108422998
299,0.8603247293921732,1.3663218154399024
300,0.861157368859284,1.3547537949162658
301,0.8659450457951707,1.3497422763846696
302,0.8684429641965029,1.352419381336209
303,0.8686511240632806,1.34438976836542
304,0.8663613655287261,1.3418426016387495
305,0.8761448792672772,1.3356490561011232
306,0.8676103247293921,1.3385200576917218
307,0.8734388009991674,1.3298089929067722
308,0.8773938384679434,1.3246640807683026
309,0.8711490424646128,1.3171430922467742
310,0.8701082431307244,1.316881898737867
311,0.8703164029975021,1.3204698813745719
312,0.8757285595337219,1.3103039590246375
313,0.8678184845961698,1.3135495187837218
314,0.8740632805995004,1.3080920253963295
315,0.8780183180682765,1.2965258729150155
316,0.8761448792672772,1.2940046688003604
317,0.8765611990008326,1.2983682273726578
318,0.8776019983347211,1.288861124640599
319,0.8817651956702748,1.2887862093938975
320,0.8771856786011657,1.2825222407451378
321,0.880308076602831,1.281987565641697
322,0.8919650291423813,1.2645445289857977
323,0.8815570358034971,1.273118766320933
324,0.8857202331390508,1.2677386513756872
325,0.8771856786011657,1.2737968469241776
326,0.8828059950041632,1.266329355879092
327,0.88488759367194,1.262750838718049
328,0.8865528726061616,1.2550589533074512
329,0.8813488759367194,1.2563716134461238
330,0.8853039134054954,1.2555481845592082
331,0.8884263114071607,1.2436312042009225
332,0.8900915903413822,1.2393692721931464
333,0.8884263114071607,1.2420794293842745
334,0.8942547876769359,1.2348575854083084
335,0.8950874271440467,1.2309817120395632
336,0.8886344712739384,1.2362005617298948
337,0.8961282264779351,1.2285366700551195
338,0.888218151540383,1.2268043381288387
339,0.8902997502081599,1.2251295738672834
340,0.8942547876769359,1.215743784701993
341,0.8971690258118235,1.2063751558181546
342,0.8975853455453788,1.2076711470042538
343,0.8977935054121565,1.2099556916957097
344,0.8938384679433805,1.2106060715738085
345,0.8992506244796004,1.1993034701363232
346,0.8977935054121565,1.202476235750216
347,0.9088259783513739,1.1853789779963244
348,0.9023730224812656,1.1909998892546694
349,0.9017485428809325,1.1929558591977643
350,0.8984179850124896,1.186037120572931
351,0.9029975020815987,1.1823279154886315
352,0.899458784346378,1.1834144103437736
353,0.9021648626144879,1.1818839285792557
354,0.9094504579517069,1.170937156796356
355,0.9069525395503747,1.1676256507759188
356,0.9025811823480433,1.1724878988297753
357,0.9084096586178185,1.1635614678226442
358,0.9061199000832639,1.1622734685226046
359,0.9094504579517069,1.1569885968367921
360,0.8973771856786011,1.1627641024934958
361,0.9044546211490425,1.1590580068758187
362,0.9042464612822648,1.1561257496761541
363,0.9029975020815987,1.1485863735435606
364,0.9052872606161532,1.1503125046016176
365,0.9029975020815987,1.1502986349332938
366,0.9065362198168193,1.143676222710685
367,0.9127810158201499,1.1319795625096654
368,0.9075770191507078,1.132294943390242
369,0.914654454621149,1.1246486749379065
370,0.9042464612822648,1.1349114416838686
371,0.9086178184845962,1.1328955466900141
372,0.9096586178184846,1.1241673810297406
373,0.9169442131557036,1.1188796178982916
374,0.9192339716902581,1.1145279609988274
375,0.9148626144879267,1.1154823545413053
376,0.910699417152373,1.1149886667877311
377,0.910699417152373,1.11553259406062
378,0.9125728559533722,1.1096593134607702
379,0.9127810158201499,1.1078647809858426
380,0.914029975020816,1.1027319070004504
381,0.9202747710241466,1.1026666153479774
382,0.922564529558701,1.0916057842458713
383,0.918609492089925,1.0958030267520114
384,0.9138218151540383,1.096752679417473
385,0.9167360532889259,1.0931472428930888
386,0.9190258118234804,1.0899381770579444
387,0.9171523730224813,1.0883762950603413
388,0.9184013322231473,1.0785247119241312
389,0.9156952539550375,1.0831028185815834
390,0.9204829308909243,1.077633657225165
391,0.9211074104912573,1.0732955728144968
392,0.9231890091590341,1.0712002441349078
393,0.9177768526228143,1.0686182370293051
394,0.9211074104912573,1.0720032541876927
395,0.9263114071606994,1.0631372852190448
396,0.9215237302248127,1.0637624683626288
397,0.924646128226478,1.0600470367518193
398,0.9233971690258118,1.0550559552682628
399,0.9238134887593672,1.0575765327152662
400,0.9279766860949209,1.0478594767660225
401,0.9227726894254787,1.0488567128963613
402,0.9277685262281432,1.0487621474722642
403,0.93255620316403,1.042979091926975
404,0.9273522064945878,1.0435184874602104
405,0.929225645295587,1.039938597059766
406,0.9306827643630308,1.0361816970434514
407,0.9296419650291424,1.0360484229436424
408,0.9236053288925895,1.0407013792380206
409,0.9277685262281432,1.029270489894778
410,0.9348459616985845,1.0228858879464156
411,0.9367194004995837,1.02241077331778
412,0.9238134887593672,1.0337404952656717
413,0.9248542880932556,1.0264793488008592
414,0.9377601998334721,1.0079005085161385
415,0.9261032472939217,1.0211509472126765
416,0.9317235636969192,1.0124074025118381
417,0.9296419650291424,1.0138933881931163
418,0.9329725228975854,1.0127243996659088
419,0.9300582847626978,1.0135585344105735
420,0.9352622814321399,1.004210747052589
421,0.9371357202331391,0.9980638578075056
422,0.9367194004995837,1.004977906871894
423,0.9342214820982515,0.998575559166647
424,0.9356786011656952,0.9932974364537184
425,0.9342214820982515,0.9978178680489006
426,0.9329725228975854,0.9964067205402078
427,0.9323480432972523,0.9945568708853361
428,0.940466278101582,0.9808115407291003
429,0.9350541215653622,0.9866642737567276
430,0.9369275603663614,0.9825704057548167
431,0.9344296419650291,0.9869200604642857
432,0.9340133222314738,0.9893737473059058
433,0.9352622814321399,0.9808013062989285
434,0.9360949208992506,0.9745455281025762
435,0.9377601998334721,0.9736065187620978
436,0.944421315570358,0.9687781869422188
437,0.9329725228975854,0.9753365241716943
438,0.9415070774354705,0.9667243085038553
439,0.9333888426311407,0.973946632493247
440,0.9415070774354705,0.9640001305731806
441,0.9431723563696919,0.9575563175890666
442,0.9406744379683597,0.959956173297269
443,0.9429641965029142,0.9581391411359661
444,0.9381765195670275,0.9645854396486561
445,0.9396336386344712,0.9558523300287626
446,0.9427560366361366,0.9538584057238576
447,0.9406744379683597,0.9504325830569176
448,0.9406744379683597,0.9501894319385017
449,0.9400499583680266,0.9506100921904812
450,0.9448376353039134,0.9446451231700792
451,0.9425478767693589,0.9423956440251435
452,0.9410907577019151,0.9490717722414733
453,0.9392173189009159,0.9381801243328631
454,0.9392173189009159,0.9416464131936543
455,0.9429641965029142,0.9314799211007372
456,0.9467110741049126,0.9330455711441771
457,0.9377601998334721,0.9416162462953127
458,0.948376353039134,0.9260776317883888
459,0.943796835970025,0.9275660786303156
460,0.9427560366361366,0.9295308547254209
461,0.9435886761032473,0.9267859941815259
462,0.9429641965029142,0.9221993419252565
463,0.948376353039134,0.9206274700204499
464,0.9471273938384679,0.9202374834303654
465,0.9496253122398002,0.9145113595022349
466,0.9479600333055787,0.9134297250311738
467,0.9460865945045795,0.9086212508386616
468,0.9471273938384679,0.912140137349239
469,0.9469192339716903,0.9117900437359806
470,0.9469192339716903,0.909161788041546
471,0.9460865945045795,0.9055966093677168
472,0.9460865945045795,0.9067174412130218
473,0.9485845129059117,0.9040855755416877
474,0.9500416319733556,0.900734396302432
475,0.951082431307244,0.8977657224514601
476,0.9473355537052456,0.9000157827540897
477,0.947751873438801,0.8936290721115125
478,0.9512905911740216,0.8957980785838372
479,0.9496253122398002,0.8906858211552273
480,0.9471273938384679,0.8930067718277168
481,0.95233139050791,0.8905952233855273
482,0.9504579517069109,0.8845684619172229
483,0.9475437135720233,0.8871710145602516
484,0.9408825978351374,0.900631967631109
485,0.95233139050791,0.8831595679206912
486,0.9498334721065779,0.8803920623761827
487,0.9475437135720233,0.8812185420680304
488,0.9529558701082431,0.8768525603510359
489,0.948376353039134,0.8787112818669518
490,0.9506661115736886,0.8774746645995719
491,0.9537885095753539,0.8738203531597973
492,0.9490008326394671,0.8730083400264171
493,0.9456702747710242,0.8766711009829169
494,0.9514987510407993,0.8719055862053546
495,0.954412989175687,0.8667629663890645
496,0.9490008326394671,0.8733488665234537
497,0.9546211490424646,0.8586277747332901
498,0.9479600333055787,0.8713189720313416
499,0.9504579517069109,0.8662780216095549
