epoch,categorical_accuracy,loss
0,0.4829308909242298,4.185723175117118
1,0.4985428809325562,4.009620330018068
2,0.4985428809325562,3.9701392807432456
3,0.5135303913405496,3.8097753461254924
4,0.49396336386344714,3.7685174874520917
5,0.5037468776019983,3.687520702911555
6,0.5045795170691091,3.628021057400477
7,0.5156119900083264,3.555300728466787
8,0.5091590341382182,3.54580695523906
9,0.5154038301415487,3.449727565422344
10,0.5168609492089925,3.439187487793604
11,0.517901748542881,3.4017159692651524
12,0.515195670274771,3.3704637182840798
13,0.5137385512073273,3.369919539689025
14,0.5197751873438801,3.324705892359585
15,0.5187343880099917,3.3126788935395304
16,0.514571190674438,3.295511038476085
17,0.5122814321398834,3.2756022916646126
18,0.5077019150707743,3.2667634231065534
19,0.5074937552039966,3.2395268248876463
20,0.5141548709408826,3.2206955458301985
21,0.5154038301415487,3.229162889555233
22,0.519150707743547,3.204677916089264
23,0.5203996669442131,3.1683094021084903
24,0.5166527893422148,3.155302151752253
25,0.5172772689425479,3.139240293280469
26,0.5276852622814321,3.1135058051640545
27,0.5253955037468776,3.11420256946605
28,0.5324729392173189,3.0954402481685768
29,0.5208159866777685,3.0908203567692283
30,0.5345545378850958,3.051056944063363
31,0.5326810990840966,3.0688720517710384
32,0.5299750208159867,3.0584854347124186
33,0.5266444629475437,3.0577472886078363
34,0.541007493755204,3.0272933835292437
35,0.5276852622814321,3.0267331808631766
36,0.5380932556203164,3.0071446272256868
37,0.5372606161532056,3.0113275309188676
38,0.5387177352206495,3.000702364855662
39,0.5349708576186512,2.976185765889761
40,0.5305995004163198,2.9791317005935656
41,0.537676935886761,2.970097680969302
42,0.5395503746877602,2.957805789380546
43,0.5239383846794338,2.967794739932045
44,0.5368442964196503,2.9454322103457486
45,0.5464196502914238,2.932876040993086
46,0.5385095753538718,2.9193458902547995
47,0.5358034970857619,2.916684132035229
48,0.5414238134887593,2.913558838071672
49,0.545587010824313,2.9038584301811174
50,0.5478767693588676,2.8833246322396793
51,0.54766860949209,2.887327596805773
52,0.545587010824313,2.8771508069558505
53,0.5324729392173189,2.87692960195994
54,0.5520399666944213,2.8587916562400393
55,0.5470441298917569,2.8617746454789974
56,0.5462114904246461,2.8431875088332
57,0.5499583680266444,2.8389083811087374
58,0.5574521232306411,2.8249852419098054
59,0.5468359700249792,2.824640654207368
60,0.5716069941715237,2.810723818509803
61,0.5622398001665279,2.803515513671824
62,0.548917568692756,2.8060426543296924
63,0.5645295587010825,2.787560659284695
64,0.5678601165695254,2.7773776096070835
65,0.5572439633638634,2.7818189965596702
66,0.5628642797668609,2.7734434024975956
67,0.5661948376353039,2.7661665496381493
68,0.5549542048293089,2.757667634806764
69,0.5616153205661948,2.74264119844651
70,0.5751457119067444,2.734648045850336
71,0.5761865112406328,2.7269732840948557
72,0.571398834304746,2.7264101261103977
73,0.5782681099084097,2.7099140964876502
74,0.5728559533721899,2.713130486994163
75,0.5691090757701915,2.700342928737923
76,0.5705661948376353,2.6932432115524634
77,0.574104912572856,2.691031193951584
78,0.5732722731057452,2.6863147160294254
79,0.5811823480432973,2.668096550299067
80,0.585345545378851,2.661958297821604
81,0.5863863447127394,2.6534815527418076
82,0.5836802664446294,2.646198504175572
83,0.5803497085761865,2.6409174693216393
84,0.5703580349708576,2.6435039952633086
85,0.5836802664446294,2.6225787930246396
86,0.578684429641965,2.6216523287993088
87,0.5868026644462948,2.6074556555974295
88,0.5980432972522898,2.598047185599258
89,0.5857618651124064,2.597022557437271
90,0.5830557868442964,2.5890866695693093
91,0.5957535387177352,2.5729923341593874
92,0.6022064945878435,2.5679361065857416
93,0.6109492089925063,2.560143655583225
94,0.5920066611157369,2.5575116059861513
95,0.6047044129891757,2.543925840987651
96,0.5982514571190675,2.5406017974453308
97,0.6001248959200666,2.53305507540008
98,0.5936719400499584,2.5263257054464705
99,0.6103247293921732,2.5164346295927684
100,0.5890924229808493,2.510122071297143
101,0.6057452123230641,2.500590038736297
102,0.6076186511240633,2.4970201784923214
103,0.6065778517901749,2.489460092301571
104,0.6113655287260616,2.4806730046458885
105,0.6149042464612823,2.4695660021779537
106,0.6015820149875104,2.4701545891614876
107,0.611157368859284,2.457497221941158
108,0.6194837635303914,2.44955460098165
109,0.6223980016652789,2.439223230331764
110,0.6203164029975021,2.435821833955954
111,0.6242714404662781,2.42645547590486
112,0.6059533721898418,2.4245559883355896
113,0.6267693588676103,2.4155143031867516
114,0.6248959200666112,2.4055027122005237
115,0.6128226477935054,2.399682677854209
116,0.6213572023313905,2.3849664139410143
117,0.6290591174021649,2.3783862441902257
118,0.6282264779350542,2.3746426903536477
119,0.634263114071607,2.3663308648245223
120,0.6334304746044963,2.3583898204847933
121,0.6276019983347211,2.351166349168026
122,0.6371773522064946,2.3415046568020097
123,0.6294754371357202,2.342314510321637
124,0.6205245628642798,2.337845153157459
125,0.6371773522064946,2.321080585999056
126,0.6457119067443797,2.3164217990205054
127,0.6359283930058285,2.3084660239461856
128,0.6367610324729392,2.3067279834731433
129,0.6384263114071607,2.2901940448992852
130,0.642173189009159,2.2862655284700546
131,0.6390507910074937,2.2817620079682133
132,0.6405079100749376,2.278153388526021
133,0.6423813488759367,2.2729685260890227
134,0.6525811823480433,2.2630904133770486
135,0.6490424646128227,2.251952336888627
136,0.6536219816819318,2.2432758589767596
137,0.6286427976686095,2.2485189443821714
138,0.6430058284762697,2.237328971256126
139,0.6544546211490425,2.225409128187499
140,0.6504995836802664,2.223228318208858
141,0.6540383014154871,2.213543927441231
142,0.6486261448792673,2.2039431269023937
143,0.6573688592839301,2.1972841194130597
144,0.6573688592839301,2.191799082227988
145,0.6588259783513739,2.191938790949457
146,0.6586178184845962,2.1763506785320503
147,0.6592422980849292,2.176604766631305
148,0.6534138218151541,2.16995626236378
149,0.6563280599500416,2.1632528444015415
150,0.6600749375520399,2.15506957075578
151,0.6704829308909243,2.146149067557126
152,0.668609492089925,2.140504695692229
153,0.6623646960865945,2.1360871928816136
154,0.6636136552872606,2.131958192631565
155,0.6654870940882598,2.1232865216035233
156,0.656744379683597,2.1202539679013523
157,0.6761032472939217,2.104790943052052
158,0.6623646960865945,2.1062465186520085
159,0.6627810158201499,2.099012035414341
160,0.6659034138218152,2.0936247591769863
161,0.6748542880932556,2.0883654071131317
162,0.6860949208992506,2.07779613482168
163,0.6769358867610324,2.078879326805286
164,0.6750624479600333,2.0732880379139234
165,0.6777685262281432,2.06131128427091
166,0.6788093255620317,2.0541079211096083
167,0.6827643630308077,2.049103519700151
168,0.6754787676935887,2.042887856918608
169,0.6763114071606994,2.0460776296086753
170,0.6854704412989175,2.032594790764395
171,0.6846378018318068,2.0276469713841547
172,0.6879683597002498,2.017662814118086
173,0.6890091590341382,2.0112716090569984
174,0.6858867610324729,2.007964722123571
175,0.6846378018318068,2.000208190835386
176,0.6840133222314738,2.0019431822901463
177,0.6898417985012489,2.000361099330511
178,0.6844296419650291,1.994584541336682
179,0.6894254787676936,1.9801130261051962
180,0.6817235636969192,1.9777346985425481
181,0.6912989175686928,1.9764367982211657
182,0.6975437135720233,1.9674858219121318
183,0.6892173189009159,1.961853541700568
184,0.6929641965029142,1.955919195769927
185,0.6962947543713572,1.9450836274943484
186,0.7048293089092423,1.9449324353747721
187,0.6998334721065779,1.9412655640799834
188,0.7021232306411324,1.931265461851814
189,0.7048293089092423,1.925134348730362
190,0.7012905911740216,1.9194715821077981
191,0.6996253122398002,1.918289348247347
192,0.701706910907577,1.9074531162311195
193,0.6998334721065779,1.9043121042100715
194,0.7006661115736886,1.9045491162982213
195,0.7094088259783514,1.8919649904316211
196,0.6994171523730225,1.89258281604932
197,0.7064945878434638,1.8860967198974583
198,0.7064945878434638,1.878667669729031
199,0.7104496253122398,1.8770445262661186
200,0.7208576186511241,1.8645872482153696
201,0.7108659450457951,1.866699647744629
202,0.7033721898417985,1.8654071442987599
203,0.705661948376353,1.8615642461451165
204,0.708368026644463,1.8481409845503045
205,0.7169025811823481,1.8384577238390984
206,0.7266860949208993,1.8306199920663826
207,0.7127393838467944,1.8392203899347017
208,0.7221065778517902,1.8286963865024461
209,0.7133638634471274,1.8269307990554569
210,0.7158617818484596,1.822046985832678
211,0.7150291423813488,1.8160520272886227
212,0.7258534554537885,1.8102228379467942
213,0.7231473771856786,1.8079549422569814
214,0.7208576186511241,1.8067630915518704
215,0.7262697751873439,1.7976977159141203
216,0.7189841798501249,1.7929052907560985
217,0.7246044962531224,1.786326293643567
218,0.7277268942547876,1.7811222400990852
219,0.7221065778517902,1.779468131402847
220,0.7225228975853455,1.7850377448492503
221,0.7144046627810158,1.7744684131020412
222,0.7291840133222315,1.7667468753484366
223,0.7268942547876769,1.7622033991881156
224,0.7223147377185679,1.7625290874041288
225,0.738759367194005,1.7508970367025078
226,0.738759367194005,1.740931649291446
227,0.7302248126561199,1.7419278835079057
228,0.736053288925895,1.7355542780457687
229,0.7283513738551207,1.7398802559143498
230,0.7243963363863447,1.7362430860954559
231,0.7302248126561199,1.7263029324422767
232,0.7246044962531224,1.7327917243519195
233,0.7375104079933389,1.717283449701028
234,0.7254371357202332,1.7197441432398621
235,0.7404246461282264,1.7076254852804713
236,0.7237718567860116,1.7076292165014566
237,0.734179850124896,1.6985953351440874
238,0.7383430474604497,1.6902506274049427
239,0.7418817651956703,1.690225291510208
240,0.7377185678601166,1.6907730465824657
241,0.738134887593672,1.6880879425982651
242,0.7475020815986678,1.6748792137531912
243,0.7370940882597835,1.6755904501224934
244,0.7443796835970025,1.665650563772076
245,0.7383430474604497,1.6718118478614623
246,0.7404246461282264,1.6677126090393575
247,0.7466694421315571,1.6594894805816092
248,0.7395920066611157,1.6590062873151081
249,0.7366777685262281,1.6561268524365262
250,0.7464612822647794,1.6479799323633846
251,0.7595753538717736,1.634033994015607
252,0.7570774354704413,1.6344302792433993
253,0.7406328059950041,1.63628995090996
254,0.7520815986677769,1.626556236281383
255,0.7504163197335554,1.62918123337351
256,0.7506244796003331,1.62063447839513
257,0.7595753538717736,1.6120061892256152
258,0.7504163197335554,1.6146384651317485
259,0.7587427144046628,1.6085684643895501
260,0.7458368026644463,1.614511779603315
261,0.7514571190674438,1.6081907777960949
262,0.7570774354704413,1.593404687910056
263,0.7606161532056619,1.591502234203234
264,0.7577019150707743,1.5855474966352527
265,0.7524979184013322,1.5866405863646762
266,0.7547876769358868,1.5798899154678967
267,0.753955037468776,1.5850287841619004
268,0.7643630308076603,1.5698013397974337
269,0.7558284762697752,1.5738504859033373
270,0.7637385512073273,1.561828988676365
271,0.7535387177352206,1.5710777853251894
272,0.7656119900083264,1.5534908686152704
273,0.765820149875104,1.553565814334288
274,0.7585345545378851,1.5551498017640635
275,0.7637385512073273,1.54707891150974
276,0.7597835137385512,1.5468772042303855
277,0.7637385512073273,1.5387010280536078
278,0.7670691090757702,1.5363787825558208
279,0.7681099084096586,1.5263656092920868
280,0.7597835137385512,1.5339875905142537
281,0.7681099084096586,1.5309732524084112
282,0.7683180682764363,1.5228429920568156
283,0.77248126561199,1.5138927655454282
284,0.7662364696086594,1.5189921265339277
285,0.768526228143214,1.5124215152638838
286,0.7743547044129891,1.5045236375905593
287,0.7743547044129891,1.5091963559761332
288,0.7810158201498751,1.4951058612278756
289,0.7741465445462115,1.4994971943735382
290,0.775811823480433,1.4946581370427547
291,0.7676935886761033,1.4952872226279939
292,0.775811823480433,1.4904628266502082
293,0.7739383846794338,1.4883479385153637
294,0.7693588676103247,1.4860708019715563
295,0.7741465445462115,1.474264858168031
296,0.7855953372189842,1.4663249441824984
297,0.7703996669442131,1.472795286047568
298,0.7791423813488759,1.463591790417648
299,0.7789342214820982,1.4642731065456318
300,0.7787260616153205,1.4603430451600379
301,0.7776852622814321,1.4627345066880504
302,0.7812239800166528,1.4510317134618957
303,0.7835137385512073,1.4490377120828748
304,0.7839300582847627,1.43993417001783
305,0.7849708576186512,1.438626851864798
306,0.7830974188176519,1.4369560460266126
307,0.7841382181515404,1.4283643066634941
308,0.7868442964196503,1.435448699251599
309,0.7781015820149875,1.428396462798615
310,0.7812239800166528,1.429760219354018
311,0.787052456286428,1.4182707344264809
312,0.7847626977518735,1.4177848868921932
313,0.7887177352206495,1.4180916544797517
314,0.7745628642797668,1.4206687478995343
315,0.7895503746877602,1.4077475215870574
316,0.7920482930890924,1.3995051204314537
317,0.7883014154870941,1.3975693660413693
318,0.7872606161532056,1.3977329655551196
319,0.7951706910907577,1.3988594038103344
320,0.7922564529558701,1.3973393268529621
321,0.7970441298917569,1.3871622122296883
322,0.7968359700249792,1.381137322625153
323,0.7980849292256453,1.3774136687992613
324,0.7987094088259784,1.378598156320761
325,0.8024562864279767,1.378897017086674
326,0.7905911740216486,1.3749783592954663
327,0.7964196502914238,1.3721131353354474
328,0.7966278101582015,1.369368187692342
329,0.7997502081598667,1.3606016629939275
330,0.7966278101582015,1.3633090486931463
331,0.7974604496253123,1.3593880594223366
332,0.79496253122398,1.3539327853526004
333,0.8030807660283097,1.3501607455579963
334,0.8037052456286428,1.349146555405076
335,0.8130724396336386,1.33952912254
336,0.8026644462947544,1.3489536055915063
337,0.7993338884263114,1.3401638514592586
338,0.7972522897585346,1.3372982768194561
339,0.8028726061615321,1.3368172481792555
340,0.8020399666944213,1.3315221319389186
341,0.8032889258950874,1.328540361394096
342,0.8051623646960866,1.3241169095337142
343,0.8087010824313072,1.321040292465121
344,0.8076602830974188,1.3190809868456026
345,0.8103663613655288,1.316854540156286
346,0.8093255620316403,1.3154157635373538
347,0.8043297252289758,1.3157803495162532
348,0.805578684429642,1.3097957397479996
349,0.8126561199000832,1.299313735306809
350,0.8099500416319734,1.3041380690496034
351,0.8130724396336386,1.298159137355795
352,0.8037052456286428,1.2974227597374006
353,0.8116153205661948,1.2973400611464527
354,0.8093255620316403,1.289948960525805
355,0.8107826810990841,1.285108981779672
356,0.809533721898418,1.2874207145268475
357,0.8184845961698585,1.2814466724983362
358,0.8151540383014155,1.2840982414502884
359,0.8197335553705246,1.270201510533405
360,0.8218151540383014,1.268660883423093
361,0.8172356369691923,1.271987350556773
362,0.8182764363030808,1.270618370430952
363,0.8136969192339717,1.267970944225143
364,0.8297252289758534,1.2583277797222534
365,0.8259783513738551,1.2560141237451075
366,0.8189009159034139,1.2587625374901206
367,0.8282681099084097,1.2507671619037308
368,0.8236885928393006,1.2527379691848946
369,0.8338884263114071,1.2398376100565571
370,0.8178601165695254,1.249427696747347
371,0.8222314737718568,1.248944047884977
372,0.8270191507077436,1.2412116527557373
373,0.825353871773522,1.2341826077206348
374,0.8338884263114071,1.2332478362654369
375,0.8278517901748543,1.2377081482138463
376,0.8278517901748543,1.2317405999649773
377,0.8305578684429642,1.230251280393926
378,0.8295170691090757,1.223790983971112
379,0.8315986677768527,1.2169879805932533
380,0.8351373855120733,1.2157568350918189
381,0.8315986677768527,1.2126325266645115
382,0.8216069941715237,1.2277083996432112
383,0.8203580349708576,1.2220313365413784
384,0.835345545378851,1.2054045546759575
385,0.8309741881765196,1.2016397366218028
386,0.8299333888426311,1.2081918463321848
387,0.8328476269775187,1.2024908461836752
388,0.827435470441299,1.2015694881061234
389,0.8259783513738551,1.201622265165394
390,0.8343047460449625,1.199452442888614
391,0.8372189841798501,1.1950496285781576
392,0.835345545378851,1.1882154050218772
393,0.8384679433805162,1.1785075349871266
394,0.8376353039134055,1.1847661973336256
395,0.8395087427144047,1.1763090541420331
396,0.8297252289758534,1.1855148508784972
397,0.847210657785179,1.172090547864979
398,0.8297252289758534,1.1845707099304708
399,0.8386761032472939,1.1789249683994734
400,0.8430474604496253,1.1719599805406289
401,0.843255620316403,1.1696731964813283
402,0.8390924229808493,1.1732249477820829
403,0.8476269775187344,1.1575702590608874
404,0.8434637801831807,1.1553709637513268
405,0.8388842631140716,1.1609351063251099
406,0.8478351373855121,1.1479073881011124
407,0.8459616985845129,1.1522404258197592
408,0.8515820149875104,1.1433827509788748
409,0.8426311407160699,1.156291831045921
410,0.8461698584512906,1.1521559324391577
411,0.8503330557868443,1.147586105467378
412,0.8484596169858452,1.1390934397437789
413,0.8467943380516236,1.1331757715997053
414,0.8459616985845129,1.1357360898108406
415,0.8470024979184013,1.1334941317695661
416,0.8495004163197336,1.1369715783121583
417,0.8547044129891757,1.1273506832658797
418,0.8507493755203996,1.1241585467379853
419,0.855120732722731,1.123493284309635
420,0.8467943380516236,1.1255717643790202
421,0.8528309741881765,1.1243958318362526
422,0.850541215653622,1.1198828796065916
423,0.8488759367194005,1.1150459999049533
424,0.8490840965861782,1.1185885136272389
425,0.86240632805995,1.1038560174982515
426,0.8492922564529559,1.11129095289332
427,0.8515820149875104,1.1093765572643994
428,0.8495004163197336,1.1118524588712744
429,0.8540799333888426,1.1080792061891485
430,0.8582431307243963,1.1017912224766415
431,0.851165695253955,1.1043555591128251
432,0.8597002497918401,1.0952654059582407
433,0.8588676103247294,1.0955452578550176
434,0.8594920899250624,1.0918389893292786
435,0.858451290591174,1.0890747673009258
436,0.8628226477935054,1.0844433969700962
437,0.8609492089925063,1.0813769476300572
438,0.8615736885928393,1.0836045096855575
439,0.8530391340549542,1.0861776861719645
440,0.8642797668609492,1.0766442410654073
441,0.8661532056619484,1.0729764871652874
442,0.8665695253955037,1.075879888073987
443,0.8615736885928393,1.0756154279724743
444,0.8615736885928393,1.0739885444545825
445,0.8636552872606161,1.0661618282256973
446,0.865736885928393,1.0678586899291267
447,0.8709408825978351,1.0594648465725107
448,0.8638634471273938,1.060538985747084
449,0.8686511240632806,1.0559148102080593
450,0.8701082431307244,1.055770182192673
451,0.8669858451290591,1.0605500343935774
452,0.8649042464612823,1.0556923888505845
453,0.86511240632806,1.0555155787440165
454,0.8661532056619484,1.0505954898664298
455,0.869067443796836,1.0444464338113624
456,0.8669858451290591,1.0477376736570259
457,0.8757285595337219,1.0410057108269246
458,0.8703164029975021,1.0408754898646193
459,0.8669858451290591,1.045939010595104
460,0.8753122398001665,1.031929364907156
461,0.8757285595337219,1.0324166850384626
462,0.8796835970024979,1.0298996360772457
463,0.8776019983347211,1.0335788840953755
464,0.8786427976686095,1.0282388182603548
465,0.8759367194004996,1.0232102114592465
466,0.8728143213988343,1.0271891606638175
467,0.8680266444629475,1.0342558373221749
468,0.8763530391340549,1.0247876301693182
469,0.8738551207327228,1.0254745000010228
470,0.8736469608659451,1.0197860616926944
471,0.8765611990008326,1.0155907899116496
472,0.8732306411323897,1.0138537669360488
473,0.8728143213988343,1.0153340192559757
474,0.8796835970024979,1.011668720312857
475,0.8807243963363863,1.0099888438487628
476,0.8732306411323897,1.0110134569731084
477,0.8778101582014988,1.0126366733412857
478,0.8782264779350542,1.0064514698732108
479,0.8755203996669442,1.0053065238050576
480,0.8796835970024979,0.9978864724491161
481,0.8878018318068276,0.9894183266172798
482,0.8784346378018318,0.9971776188263587
483,0.8832223147377186,0.9947213778190073
484,0.8800999167360533,0.9958652655945333
485,0.8878018318068276,0.9868792160464563
486,0.8817651956702748,0.9902258806184964
487,0.8765611990008326,0.995019885771082
488,0.8861365528726062,0.9855187172496647
489,0.8813488759367194,0.986486765169085
490,0.8815570358034971,0.981788058959872
491,0.8790591174021649,0.9849651374983649
492,0.8832223147377186,0.9814489642150396
493,0.8886344712739384,0.9749823243889979
494,0.8840549542048293,0.9778123343119911
495,0.8869691923397169,0.9732926806542002
496,0.8871773522064946,0.9702379887149694
497,0.8867610324729392,0.966523572566805
498,0.8919650291423813,0.9655459517741779
499,0.8917568692756037,0.9587427270501777
