epoch,categorical_accuracy,loss
0,0.5401748542880933,5.140059035187657
1,0.5310158201498751,4.939825236251412
2,0.5089508742714405,4.7869345302089465
3,0.5187343880099917,4.64405242588796
4,0.5237302248126561,4.462295484979584
5,0.5253955037468776,4.388589234078159
6,0.5256036636136553,4.298689102352311
7,0.5203996669442131,4.234102184429058
8,0.5355953372189842,4.067203580886498
9,0.5106161532056619,4.131868671318772
10,0.5260199833472107,3.97709465840774
11,0.5274771024146545,3.962373140749586
12,0.5214404662781016,3.8831198300846808
13,0.5341382181515404,3.8235061075367796
14,0.5135303913405496,3.825465664676981
15,0.5147793505412157,3.8146967903759754
16,0.5231057452123231,3.7537937225846822
17,0.526436303080766,3.7005365690918985
18,0.5222731057452124,3.6731014406552025
19,0.5326810990840966,3.595384628151378
20,0.5243547044129891,3.6116558115845616
21,0.5272689425478768,3.57595466892487
22,0.5253955037468776,3.5633134345627147
23,0.5391340549542049,3.5040450288691587
24,0.5322647793505412,3.4670749308167648
25,0.5355953372189842,3.4808568684485035
26,0.5303913405495421,3.459837859119603
27,0.5351790174854288,3.443058178287859
28,0.517901748542881,3.4365444919846637
29,0.5310158201498751,3.391416147487745
30,0.5360116569525396,3.372053756999731
31,0.5399666944213156,3.3704689404648804
32,0.5276852622814321,3.356951333799529
33,0.5249791840133222,3.3416137036236995
34,0.5291423813488759,3.325855724420476
35,0.5330974188176519,3.320098257580963
36,0.5355953372189842,3.2885179339003106
37,0.5435054121565362,3.2534554671685365
38,0.551623646960866,3.255274699986924
39,0.5509991673605329,3.222095185572857
40,0.5418401332223147,3.2402308636362807
41,0.5512073272273106,3.209245721664556
42,0.541007493755204,3.2041268491625887
43,0.5528726061615321,3.1806729348077067
44,0.5512073272273106,3.171723906543233
45,0.5453788509575354,3.174463825757855
46,0.5472522897585346,3.1726774573822403
47,0.5485012489592007,3.1556247112455216
48,0.5474604496253123,3.1554399277149487
49,0.5503746877601998,3.1245817187227476
50,0.5453788509575354,3.1213238284947176
51,0.5572439633638634,3.0922568283112817
52,0.5432972522897586,3.1110596916856217
53,0.551623646960866,3.0885955610442024
54,0.5528726061615321,3.085570383826263
55,0.5420482930890924,3.0831362567873026
56,0.5651540383014155,3.058752165348901
57,0.5520399666944213,3.0626820700055455
58,0.5580766028309742,3.0462466965706323
59,0.559533721898418,3.0503295794017706
60,0.556203164029975,3.0293962671595946
61,0.5670274771024146,3.0171865531546587
62,0.5553705245628643,3.0196195903368337
63,0.5661948376353039,2.9993703873528728
64,0.5672356369691923,2.989584121378534
65,0.5509991673605329,2.9856675530750487
66,0.5628642797668609,2.983239555835327
67,0.5549542048293089,2.9813284433255287
68,0.570774354704413,2.9619887814136665
69,0.5691090757701915,2.9560935491328433
70,0.5682764363030808,2.949122994071141
71,0.5607826810990841,2.9370126815560855
72,0.5605745212323064,2.9418038700542084
73,0.571398834304746,2.921618297038527
74,0.5572439633638634,2.9264778360339823
75,0.571398834304746,2.9096105283344915
76,0.5745212323064113,2.8999365847077
77,0.5697335553705246,2.90010954458251
78,0.5730641132389676,2.887959337552124
79,0.5778517901748543,2.8805149800572964
80,0.5709825145711906,2.878815287257313
81,0.5843047460449625,2.8682878039262376
82,0.5705661948376353,2.856568815110625
83,0.5732722731057452,2.8537725435506296
84,0.5716069941715237,2.8465378657665776
85,0.585970024979184,2.8360348764208334
86,0.5861781848459617,2.8318186850472356
87,0.5863863447127394,2.816226608449474
88,0.5809741881765196,2.8152915343555382
89,0.5880516236469608,2.809386805630445
90,0.5920066611157369,2.799759142007756
91,0.581390507910075,2.7936836253792716
92,0.5965861781848459,2.7859482876367117
93,0.5878434637801832,2.7853514584375363
94,0.6107410491257286,2.760612668244666
95,0.5955453788509575,2.7594784830730226
96,0.593255620316403,2.754465472390511
97,0.6049125728559533,2.740955819893042
98,0.6003330557868443,2.734339484763483
99,0.5917985012489592,2.72854077786232
100,0.5961698584512906,2.7218771618073627
101,0.6155287260616153,2.7134928103787614
102,0.5811823480432973,2.7153166243674653
103,0.605120732722731,2.6998089304772344
104,0.6040799333888426,2.6900807824559654
105,0.5963780183180682,2.6968099798985463
106,0.6001248959200666,2.6824926966731493
107,0.6057452123230641,2.676126863239806
108,0.6171940049958368,2.6641652030214282
109,0.6069941715237303,2.658644099715945
110,0.6144879267277269,2.6480700169673668
111,0.6080349708576187,2.646743326957379
112,0.6113655287260616,2.638427305181854
113,0.6174021648626145,2.630265072720136
114,0.6019983347210658,2.6336674483789193
115,0.6130308076602831,2.6122747283494046
116,0.6142797668609492,2.603433117481394
117,0.6130308076602831,2.597657143920784
118,0.6036636136552873,2.602808651578714
119,0.6171940049958368,2.5852138406529614
120,0.6069941715237303,2.5809834315119735
121,0.6097002497918401,2.5752429584976437
122,0.6201082431307244,2.5618298768401644
123,0.6290591174021649,2.554793323902762
124,0.6130308076602831,2.552989836239398
125,0.6325978351373855,2.5413184285064623
126,0.640924229808493,2.525879161145467
127,0.6192756036636137,2.53114204700543
128,0.6292672772689425,2.518752543952046
129,0.6313488759367194,2.51193684721668
130,0.6307243963363863,2.5036589749945293
131,0.6330141548709409,2.501976795537982
132,0.6300999167360533,2.4895975853779433
133,0.6373855120732723,2.477328974440334
134,0.6290591174021649,2.482391370921012
135,0.6546627810158201,2.4601037984684444
136,0.6475853455453788,2.4588945289138553
137,0.648834304746045,2.4534097039431555
138,0.6434221482098251,2.4464466363365305
139,0.6367610324729392,2.4395355012990554
140,0.652789342214821,2.429892588019073
141,0.6461282264779351,2.4233333333942118
142,0.6484179850124896,2.4197739895734065
143,0.6463363863447127,2.4154063061214703
144,0.6423813488759367,2.4067769094271823
145,0.6332223147377186,2.406599736233536
146,0.6482098251457119,2.3912435167536548
147,0.6582014987510408,2.37755722646213
148,0.6523730224812656,2.3838837633124994
149,0.6502914238134888,2.375804773476797
150,0.6590341382181515,2.369143752829419
151,0.6619483763530392,2.3615403401663064
152,0.6615320566194838,2.3510114418080605
153,0.6504995836802664,2.344267459634341
154,0.6517485428809325,2.340984623795445
155,0.6577851790174855,2.330139931790735
156,0.667360532889259,2.3275203549990944
157,0.6661115736885929,2.3158439319397788
158,0.6688176519567027,2.3122203973409636
159,0.6648626144879267,2.312607976022509
160,0.6588259783513739,2.301084036434024
161,0.6615320566194838,2.286966776867691
162,0.6671523730224813,2.2834234148338375
163,0.6761032472939217,2.2741694517874103
164,0.678601165695254,2.271196507494416
165,0.6715237302248127,2.271437487733255
166,0.6573688592839301,2.2687391373239687
167,0.6690258118234804,2.2544305689825204
168,0.6754787676935887,2.2479462677195707
169,0.6669442131557036,2.244210425066412
170,0.68255620316403,2.227951307677905
171,0.6748542880932556,2.229833819884047
172,0.6794338051623647,2.217760687565228
173,0.6796419650291424,2.2158136056126603
174,0.6723563696919234,2.212349123005863
175,0.6773522064945878,2.2012862446504666
176,0.6781848459616986,2.1951635920137886
177,0.6794338051623647,2.192713386907268
178,0.6883846794338052,2.1839418834095494
179,0.6829725228975854,2.181276441315231
180,0.6929641965029142,2.169700456598617
181,0.6923397169025812,2.1620636740691657
182,0.6804746044962531,2.1632337742899974
183,0.6848459616985845,2.155980633855561
184,0.6863030807660283,2.154505262565454
185,0.70233139050791,2.1338924652928615
186,0.6873438800999168,2.135419243479847
187,0.6831806827643631,2.1437011519439215
188,0.7027477102414654,2.114746682947621
189,0.6921315570358035,2.1200632782998827
190,0.6954621149042465,2.1116889948451845
191,0.6942131557035803,2.102531095825564
192,0.6962947543713572,2.0947722949949927
193,0.6965029142381349,2.094675908577035
194,0.6965029142381349,2.0925698758759763
195,0.7073272273105745,2.0800310213500315
196,0.698376353039134,2.076423981703886
197,0.7075353871773522,2.067515629912098
198,0.7037885095753539,2.06483240786639
199,0.7048293089092423,2.06209038983376
200,0.7087843463780183,2.049466503946906
201,0.6979600333055787,2.055075412785183
202,0.7064945878434638,2.039877386712512
203,0.7058701082431307,2.03738297659789
204,0.7179433805162365,2.0245949731679085
205,0.7100333055786844,2.0276036200972025
206,0.7087843463780183,2.0211324407893554
207,0.7006661115736886,2.017683014087534
208,0.712323064113239,2.010249288354091
209,0.7144046627810158,1.9990405230399075
210,0.7225228975853455,1.9952890068962612
211,0.7169025811823481,1.9868695388527138
212,0.7256452955870109,1.9799014678307119
213,0.705661948376353,1.9836794956836177
214,0.7210657785179018,1.972424461482268
215,0.7173189009159034,1.970712730231432
216,0.7079517069109076,1.973232213106878
217,0.7252289758534555,1.95464875299071
218,0.7325145711906744,1.9512606777815298
219,0.7171107410491258,1.9527962013247806
220,0.7183597002497918,1.9481762385586716
221,0.7268942547876769,1.9392693870569844
222,0.7323064113238967,1.9262736087834011
223,0.7216902581182348,1.933347685946513
224,0.735428809325562,1.9146270287424003
225,0.7198168193172356,1.9227924835274957
226,0.7248126561199001,1.9140795959620354
227,0.7343880099916736,1.9021512863538743
228,0.734804329725229,1.8975114974252985
229,0.7335553705245629,1.8972425962070145
230,0.730849292256453,1.8865177627407839
231,0.7350124895920067,1.8876772451956603
232,0.7248126561199001,1.8829724013457985
233,0.7352206494587843,1.869482054896994
234,0.7283513738551207,1.874011043406446
235,0.7375104079933389,1.8624574218959633
236,0.7316819317235637,1.8661597386486426
237,0.734179850124896,1.8526951490492745
238,0.7458368026644463,1.847018279898276
239,0.7450041631973355,1.8406228557613669
240,0.7379267277268943,1.8389317686611368
241,0.7425062447960034,1.8342558096886474
242,0.735428809325562,1.831959965127791
243,0.7366777685262281,1.8267057053155447
244,0.7422980849292257,1.8185871641006597
245,0.735428809325562,1.8197446056051516
246,0.7437552039966694,1.8133206801251707
247,0.7479184013322231,1.8023771548846879
248,0.7454204829308909,1.801228632240073
249,0.7485428809325562,1.7954193207743165
250,0.7489592006661115,1.791124407298162
251,0.7462531223980017,1.7905082572608269
252,0.75,1.7805720403926955
253,0.7362614487926727,1.7804008485077818
254,0.75,1.776493858238938
255,0.7485428809325562,1.7706856358359
256,0.7456286427976686,1.7699039391335798
257,0.7479184013322231,1.7626527459496364
258,0.7527060782681099,1.7528334197950404
259,0.7649875104079933,1.7429781588388422
260,0.7560366361365529,1.7480262556639836
261,0.7581182348043297,1.73932419996476
262,0.7435470441298918,1.7460552217759855
263,0.7574937552039966,1.7351535913052905
264,0.7616569525395503,1.7280821447864758
265,0.7593671940049959,1.7268175230137415
266,0.7599916736053289,1.7214807561791807
267,0.7637385512073273,1.715115994438343
268,0.7662364696086594,1.7126078188766747
269,0.7654038301415487,1.7022227036962898
270,0.7568692756036636,1.707039869099632
271,0.7666527893422148,1.6997030901968428
272,0.7699833472106578,1.6919197502183874
273,0.7620732722731057,1.6855630318786976
274,0.767901748542881,1.6809579583627794
275,0.7745628642797668,1.6744220913895758
276,0.7631140716069942,1.681439244677681
277,0.7568692756036636,1.6798744292977847
278,0.7795587010824313,1.658468838436816
279,0.7624895920066611,1.671627277438587
280,0.7741465445462115,1.655224974109767
281,0.763946711074105,1.6570029362949306
282,0.7703996669442131,1.6434424679841129
283,0.7722731057452124,1.6409447383721802
284,0.7699833472106578,1.640351609723157
285,0.7766444629475437,1.6417898912413929
286,0.7733139050791007,1.6358883906959196
287,0.7826810990840966,1.6265537466832145
288,0.7833055786844296,1.6224376375133251
289,0.7799750208159867,1.6176078706657162
290,0.7697751873438801,1.6172591527236888
291,0.7728975853455454,1.6135572231778694
292,0.7820566194837635,1.6119962601141569
293,0.7868442964196503,1.5955843263422818
294,0.7847626977518735,1.5950530625501342
295,0.77248126561199,1.596913447487265
296,0.7833055786844296,1.5897804148290477
297,0.7789342214820982,1.5831946597111215
298,0.7812239800166528,1.5833910302655285
299,0.7839300582847627,1.5791631997574578
300,0.7905911740216486,1.5673617086839318
301,0.7853871773522065,1.575976159451506
302,0.7962114904246461,1.561644411106888
303,0.7903830141548709,1.5556336251226293
304,0.7855953372189842,1.5616417392703714
305,0.7887177352206495,1.556830809277162
306,0.7883014154870941,1.5531364338880376
307,0.7932972522897586,1.5484484250499844
308,0.7966278101582015,1.5470567886080968
309,0.7941298917568693,1.5322670921695718
310,0.7937135720233139,1.5345476941204785
311,0.7847626977518735,1.5361744225968132
312,0.7939217318900916,1.5336106049825904
313,0.7995420482930891,1.5191048678510095
314,0.7937135720233139,1.5239985484465473
315,0.7999583680266444,1.5152244038824039
316,0.7960033305578684,1.5116983095275471
317,0.8049542048293089,1.5101554763009408
318,0.8009991673605329,1.5048900153813611
319,0.8009991673605329,1.4992594005265503
320,0.8082847626977518,1.4939930417158522
321,0.7991257285595337,1.5016437188274756
322,0.8043297252289758,1.4931249582797264
323,0.8014154870940883,1.4915352888051716
324,0.8012073272273106,1.4845700433708846
325,0.8080766028309742,1.4810015394923888
326,0.8041215653621981,1.4764561200519088
327,0.8020399666944213,1.4699734536733953
328,0.8039134054954205,1.4671232775784253
329,0.8120316402997502,1.4622751110102314
330,0.8047460449625312,1.4697809877443273
331,0.8043297252289758,1.4587514541429047
332,0.8070358034970858,1.4558214529864892
333,0.8059950041631974,1.4527914544922624
334,0.8089092422980849,1.4455819383052664
335,0.8126561199000832,1.4435922311406448
336,0.8155703580349709,1.4418977202225685
337,0.8261865112406328,1.427958833089379
338,0.8203580349708576,1.4316740171002111
339,0.81744379683597,1.4251207930162288
340,0.8111990008326395,1.434084271808945
341,0.8161948376353039,1.423461578966279
342,0.8103663613655288,1.427561057398063
343,0.8120316402997502,1.4152415637469709
344,0.8199417152373022,1.4134815305992527
345,0.8128642797668609,1.4170914817908522
346,0.8238967527060783,1.4032811505113614
347,0.8141132389675271,1.4051792024077225
348,0.8232722731057452,1.4010602184179721
349,0.81744379683597,1.396612252323554
350,0.8222314737718568,1.3981096248245557
351,0.8272273105745213,1.388508366704682
352,0.8147377185678601,1.3889372678323153
353,0.8276436303080766,1.3768363270930306
354,0.8157785179017485,1.3874557331936446
355,0.8232722731057452,1.3838850538696874
356,0.820774354704413,1.375185286075646
357,0.8263946711074105,1.3716654935347647
358,0.8370108243130724,1.3619062552146373
359,0.832014987510408,1.3593717068061544
360,0.832014987510408,1.3515648147049395
361,0.8349292256452956,1.3512214846059147
362,0.8255620316402997,1.3556534276219034
363,0.835970024979184,1.343294226855263
364,0.8340965861781848,1.3470939010704288
365,0.8315986677768527,1.3454849624713197
366,0.8243130724396336,1.345904186008177
367,0.8401332223147377,1.333918090863192
368,0.8343047460449625,1.336229518986463
369,0.8336802664446294,1.3330261695394905
370,0.829308909242298,1.3331007336101166
371,0.8372189841798501,1.3290080365094417
372,0.8305578684429642,1.3254808709583712
373,0.8380516236469608,1.318704324102124
374,0.839300582847627,1.312911657072126
375,0.8261865112406328,1.3254634166736587
376,0.8343047460449625,1.3147397833402508
377,0.8405495420482931,1.30407841467639
378,0.8338884263114071,1.3085392929929975
379,0.8345129059117402,1.306847030574535
380,0.8420066611157369,1.297261695679181
381,0.8386761032472939,1.3003317544501984
382,0.8413821815154038,1.294925955312635
383,0.8484596169858452,1.2827881951812503
384,0.8426311407160699,1.2881359630182918
385,0.8415903413821815,1.2844390221976123
386,0.8459616985845129,1.2818366392367488
387,0.8465861781848459,1.2798664359427014
388,0.8438800999167361,1.2748990006291996
389,0.8474188176519567,1.2710218913946223
390,0.8467943380516236,1.2694864077532322
391,0.8426311407160699,1.2674691571879646
392,0.8497085761865112,1.26245843351731
393,0.8503330557868443,1.263472108122312
394,0.8440882597835138,1.25702701182687
395,0.8465861781848459,1.2615878144271369
396,0.8445045795170691,1.2564398323268715
397,0.8499167360532889,1.2534520173449997
398,0.8501248959200666,1.250455586687909
399,0.8517901748542881,1.2478462122163605
400,0.8522064945878435,1.2407901462766153
401,0.855120732722731,1.2370281078535552
402,0.8513738551207327,1.2423158301401893
403,0.858451290591174,1.2256817688652122
404,0.8534554537885096,1.2313389368200183
405,0.843255620316403,1.2362454122151065
406,0.8542880932556203,1.2261355209112366
407,0.8582431307243963,1.2221953204827543
408,0.8592839300582847,1.216138737882603
409,0.8588676103247294,1.2194752244528486
410,0.861781848459617,1.2126770708384265
411,0.8592839300582847,1.215565469441664
412,0.8565778517901749,1.211888364709287
413,0.8528309741881765,1.2129298460473625
414,0.8530391340549542,1.2121521137239137
415,0.8630308076602831,1.1956748405562947
416,0.8603247293921732,1.2030984252120533
417,0.8580349708576187,1.197355321702314
418,0.8582431307243963,1.1945170210759706
419,0.8619900083263947,1.1960232720386972
420,0.8694837635303914,1.1860245095006037
421,0.86240632805995,1.185950099181176
422,0.8565778517901749,1.1876148466861416
423,0.8646960865945046,1.180151470991892
424,0.8649042464612823,1.1716899151210483
425,0.8665695253955037,1.1769520654765693
426,0.8713572023313905,1.1680334135455752
427,0.8653205661948377,1.1729617497009799
428,0.869067443796836,1.1659968332088957
429,0.8732306411323897,1.154087601851464
430,0.8613655287260616,1.1693096529633478
431,0.8682348043297252,1.157554625174485
432,0.8728143213988343,1.1572664886787472
433,0.8669858451290591,1.1617455209522423
434,0.8669858451290591,1.1551685986371958
435,0.8678184845961698,1.1559395305719304
436,0.8705245628642798,1.1478060548450428
437,0.8717735220649458,1.1451105292294048
438,0.8738551207327228,1.1413023199864372
439,0.8640716069941715,1.1528945052554267
440,0.8734388009991674,1.1349676969545668
441,0.8728143213988343,1.1344520476438125
442,0.8719816819317235,1.1322327918752246
443,0.8780183180682765,1.1307709922798468
444,0.8746877601998335,1.125134962484501
445,0.8811407160699417,1.1227765707648067
446,0.8796835970024979,1.1226259479911798
447,0.8757285595337219,1.1240271213747481
448,0.8713572023313905,1.1247215532045578
449,0.8798917568692756,1.113988987561765
450,0.8751040799333888,1.1159154841743044
451,0.8726061615320566,1.1190613059576704
452,0.8794754371357202,1.1105672842159955
453,0.8817651956702748,1.10680575791644
454,0.8838467943380516,1.1014180127825963
455,0.8836386344712739,1.1000082091824597
456,0.876977518734388,1.1046913436410033
457,0.8834304746044963,1.0959868001302613
458,0.876977518734388,1.103079285550177
459,0.8840549542048293,1.0996626911314202
460,0.8817651956702748,1.1003685382681028
461,0.88488759367194,1.0910490138842401
462,0.8869691923397169,1.0889396316105877
463,0.8911323896752706,1.0763991497438417
464,0.88488759367194,1.083542985681888
465,0.8846794338051623,1.0833706037885045
466,0.8830141548709409,1.0840807514921216
467,0.8838467943380516,1.0775334172502942
468,0.8840549542048293,1.0801059439418517
469,0.8844712739383847,1.0751068692322476
470,0.8738551207327228,1.0831462541885122
471,0.8828059950041632,1.0707446661321052
472,0.888218151540383,1.0640781554056147
473,0.8863447127393839,1.064646769622085
474,0.8869691923397169,1.0678839117263774
475,0.8917568692756037,1.0561477985112098
476,0.8898834304746045,1.0597894799203103
477,0.8846794338051623,1.064540796633267
478,0.8840549542048293,1.056260639880718
479,0.8919650291423813,1.049871077198073
480,0.8900915903413822,1.0514467232034763
481,0.8907160699417153,1.0463652753710846
482,0.8919650291423813,1.0491810306025782
483,0.8946711074104913,1.041682711548849
484,0.8911323896752706,1.0476644263477946
485,0.8898834304746045,1.0480204870262115
486,0.8942547876769359,1.0406099809496527
487,0.8905079100749376,1.0401261705443028
488,0.888218151540383,1.0372726088459545
489,0.8932139883430474,1.0399080732283643
490,0.8971690258118235,1.0220101131785422
491,0.891548709408826,1.0374129335648015
492,0.8961282264779351,1.031586935279967
493,0.892173189009159,1.0283584822028204
494,0.9021648626144879,1.0195544785901371
495,0.8925895087427144,1.0293444933045615
496,0.8967527060782681,1.0155474925219863
497,0.8998751040799334,1.0115055049289574
498,0.8932139883430474,1.021628243242275
499,0.8975853455453788,1.0099491553937863
