epoch,categorical_accuracy,loss
0,0.5162364696086594,4.029241310567483
1,0.4997918401332223,3.9926240700269915
2,0.5131140716069942,3.8304026323393123
3,0.5120732722731057,3.7810445641796355
4,0.5012489592006661,3.7158199134813956
5,0.49937552039966693,3.6401886564805843
6,0.5064529558701082,3.5428035995743854
7,0.5060366361365529,3.47307183680983
8,0.511240632805995,3.442365099250228
9,0.5156119900083264,3.3969377173075173
10,0.5108243130724396,3.354702230496371
11,0.5166527893422148,3.326443599523057
12,0.5212323064113239,3.279869008917892
13,0.5122814321398834,3.247203304805327
14,0.5024979184013322,3.206154949361339
15,0.5283097418817652,3.1876778292914016
16,0.5131140716069942,3.190560728584499
17,0.5137385512073273,3.157890150290941
18,0.5228975853455454,3.1423046441995335
19,0.5293505412156536,3.1000278843729623
20,0.5206078268109908,3.099097969530028
21,0.5326810990840966,3.063456234189493
22,0.5266444629475437,3.050807749004189
23,0.515820149875104,3.0397872636955445
24,0.519150707743547,3.0314648109709195
25,0.5299750208159867,2.987799800305839
26,0.5295587010824313,2.9784393777061164
27,0.5285179017485429,2.966937855816602
28,0.5228975853455454,2.96542594434816
29,0.5172772689425479,2.957708798082147
30,0.5360116569525396,2.923163075728976
31,0.517901748542881,2.931371825422276
32,0.5312239800166528,2.918065189421921
33,0.5239383846794338,2.9158483309908574
34,0.5330974188176519,2.8874932564267706
35,0.5208159866777685,2.893009677119894
36,0.5293505412156536,2.881069543657454
37,0.5439217318900916,2.8637937608110615
38,0.5347626977518735,2.864034353545266
39,0.5293505412156536,2.8630532198007854
40,0.5391340549542049,2.851304538244014
41,0.5347626977518735,2.834450904971654
42,0.5293505412156536,2.833809316207924
43,0.5343463780183181,2.8242097526267607
44,0.5399666944213156,2.811216805598619
45,0.5428809325562032,2.8037306782010196
46,0.5341382181515404,2.8052401937711844
47,0.5339300582847627,2.7890929721177966
48,0.5380932556203164,2.784251904904495
49,0.5462114904246461,2.778325389763596
50,0.5330974188176519,2.7701183179336026
51,0.5374687760199833,2.771054647447267
52,0.5355953372189842,2.7681912758467497
53,0.5330974188176519,2.7545542256421194
54,0.5389258950874272,2.748308759049313
55,0.5283097418817652,2.7500752382334026
56,0.5401748542880933,2.739512390141483
57,0.5509991673605329,2.720167868937382
58,0.5422564529558701,2.7199486961571204
59,0.5618234804329725,2.708424719446009
60,0.5532889258950874,2.705671913717113
61,0.5509991673605329,2.703368366012764
62,0.5487094088259784,2.6898233830978433
63,0.5524562864279767,2.6901483442463743
64,0.5684845961698585,2.6702692836250095
65,0.5547460449625312,2.6748677765102213
66,0.555578684429642,2.6714577404882984
67,0.5572439633638634,2.666837126289577
68,0.5639050791007494,2.654461901352666
69,0.5641132389675271,2.6507764515729866
70,0.5718151540383014,2.643754312338976
71,0.5680682764363031,2.6363456523190134
72,0.5603663613655288,2.6411997362735566
73,0.5641132389675271,2.627982294430443
74,0.5670274771024146,2.610323034059396
75,0.5628642797668609,2.6176215744733216
76,0.5680682764363031,2.6112044744944196
77,0.5778517901748543,2.600932850428763
78,0.555578684429642,2.6042817881661193
79,0.5609908409658618,2.598440003137009
80,0.570774354704413,2.5816890556151226
81,0.5661948376353039,2.579120877581175
82,0.5705661948376353,2.5712178978296643
83,0.5797252289758534,2.565556333424348
84,0.5745212323064113,2.56073386325725
85,0.5828476269775187,2.5536344920864313
86,0.5851373855120733,2.5429968786279327
87,0.5878434637801832,2.5322511124670455
88,0.5782681099084097,2.540976625398037
89,0.5797252289758534,2.5282377763949864
90,0.5872189841798501,2.5206303255047824
91,0.5926311407160699,2.511295440294264
92,0.5909658617818485,2.5098620421880486
93,0.5907577019150708,2.4990747300512486
94,0.5986677768526228,2.494258568943986
95,0.5870108243130724,2.4927008682047695
96,0.6003330557868443,2.475719488431373
97,0.5884679433805162,2.4806230558543083
98,0.5949208992506245,2.471702503820542
99,0.6003330557868443,2.4656562364468666
100,0.5930474604496253,2.456658685137886
101,0.5992922564529559,2.4498969355193303
102,0.5999167360532889,2.442436002077012
103,0.5999167360532889,2.438833635315907
104,0.6072023313905079,2.429770568526853
105,0.6049125728559533,2.42299011565565
106,0.6115736885928393,2.4147718458945904
107,0.6019983347210658,2.413751130695645
108,0.6199000832639467,2.404251524451174
109,0.6009575353871773,2.3999598740935824
110,0.6086594504579517,2.39807767832309
111,0.6115736885928393,2.3894116842776514
112,0.6211490424646128,2.3769446131986545
113,0.61240632805995,2.3764534834322584
114,0.6192756036636137,2.3684894395410567
115,0.6182348043297252,2.3584821718519278
116,0.6253122398001665,2.3481578370315845
117,0.6278101582014988,2.3443062714394878
118,0.6130308076602831,2.3523885036487564
119,0.6182348043297252,2.3395762461408984
120,0.6169858451290591,2.3298433061245576
121,0.6186511240632806,2.329813800981698
122,0.6265611990008326,2.3219907496195846
123,0.6169858451290591,2.3131396560049575
124,0.6240632805995004,2.3055522604647725
125,0.6315570358034971,2.3023803865383505
126,0.6174021648626145,2.295371977911702
127,0.6253122398001665,2.289667295675095
128,0.6167776852622814,2.289831840426201
129,0.6121981681931724,2.278274795991197
130,0.6336386344712739,2.2706260389332766
131,0.6255203996669442,2.268844070680731
132,0.63488759367194,2.259412666443087
133,0.6246877601998335,2.2569700546010547
134,0.6311407160699417,2.2461389725055425
135,0.6282264779350542,2.241602575054375
136,0.6452955870108243,2.229614340991005
137,0.6392589508742714,2.227482904502494
138,0.6355120732722731,2.2260436924371394
139,0.6338467943380516,2.217330660649283
140,0.6442547876769359,2.211888483223768
141,0.644879267277269,2.206369395061496
142,0.6521648626144879,2.1948911083627998
143,0.6367610324729392,2.194431056984259
144,0.6430058284762697,2.1873777611468057
145,0.6346794338051623,2.1795760886456748
146,0.638218151540383,2.1778877245992745
147,0.652789342214821,2.1702093405092286
148,0.6402997502081599,2.1675270560579833
149,0.649458784346378,2.160024702896385
150,0.6517485428809325,2.148315876945667
151,0.6419650291423813,2.152115025984854
152,0.6419650291423813,2.1457201545184894
153,0.6438384679433805,2.140795417471194
154,0.6475853455453788,2.130407990067329
155,0.649458784346378,2.126173225866567
156,0.6434221482098251,2.121408945714107
157,0.6498751040799334,2.1133848251053733
158,0.6577851790174855,2.1059014443850934
159,0.6502914238134888,2.1076414344908296
160,0.6573688592839301,2.0952641769412357
161,0.672564529558701,2.081619130483178
162,0.6596586178184846,2.088152901516866
163,0.6544546211490425,2.078472880896283
164,0.6625728559533722,2.0735148047527407
165,0.6708992506244796,2.064868388029062
166,0.6644462947543713,2.0620639756954677
167,0.6717318900915903,2.0569284941929764
168,0.6573688592839301,2.053953995017783
169,0.6625728559533722,2.055413525070775
170,0.6742298084929226,2.03258388802769
171,0.6602830974188176,2.0369564660085824
172,0.6733971690258118,2.0292086819625714
173,0.6644462947543713,2.0311918028387597
174,0.6704829308909243,2.021802231036654
175,0.6602830974188176,2.0174724537565942
176,0.6754787676935887,2.015983344216232
177,0.6744379683597003,2.003952454170716
178,0.6684013322231473,1.9983380259721106
179,0.6821398834304746,1.9907672346680487
180,0.664029975020816,1.994998758778187
181,0.6777685262281432,1.9853496254731178
182,0.6729808492922564,1.982361655548947
183,0.6800582847626978,1.9707368865398245
184,0.6740216486261449,1.9723188720277505
185,0.6700666111573689,1.9661734937926711
186,0.6704829308909243,1.958275785851141
187,0.6698584512905912,1.9567731335994902
188,0.6761032472939217,1.9498735818140314
189,0.6721482098251457,1.9443486370115257
190,0.6848459616985845,1.9352965531599313
191,0.6827643630308077,1.9337643728367395
192,0.6994171523730225,1.9248769501663068
193,0.678601165695254,1.922000276258248
194,0.6867194004995837,1.9188888629806926
195,0.6885928393005828,1.9182163522602815
196,0.6871357202331391,1.9100455686909075
197,0.6856786011656952,1.908850087909079
198,0.6850541215653622,1.900985000234758
199,0.6844296419650291,1.89722859651024
200,0.6761032472939217,1.8947796166489066
201,0.6823480432972523,1.8841811401659405
202,0.6969192339716903,1.877125363068021
203,0.7008742714404663,1.8742223942309593
204,0.6906744379683597,1.87525906501265
205,0.6987926727726894,1.866421029728517
206,0.6910907577019151,1.8648742819507353
207,0.6979600333055787,1.859474152748432
208,0.6967110741049126,1.8496811264857562
209,0.70233139050791,1.842206630182703
210,0.6869275603663614,1.8468966832466664
211,0.705661948376353,1.8377187497212826
212,0.6967110741049126,1.8343813750864961
213,0.7127393838467944,1.820585035066819
214,0.7031640299750208,1.827119797493
215,0.7008742714404663,1.818322994329848
216,0.7042048293089093,1.816327656536277
217,0.6933805162364696,1.8112816632935447
218,0.7042048293089093,1.8011775863458472
219,0.7042048293089093,1.799417736032027
220,0.7071190674437968,1.7943301771602265
221,0.7014987510407993,1.7990785516568961
222,0.7110741049125728,1.7846765714720028
223,0.705661948376353,1.7802426277052652
224,0.6962947543713572,1.7887998207919702
225,0.7112822647793505,1.7732090781272996
226,0.712947543713572,1.7668734732317388
227,0.7148209825145712,1.765495855047939
228,0.7152373022481265,1.7630008312188814
229,0.7137801831806828,1.7558107294706777
230,0.7139883430474604,1.7593847239245781
231,0.7198168193172356,1.7478474389504235
232,0.7181515403830142,1.7401856593942762
233,0.712323064113239,1.7399741516422966
234,0.7014987510407993,1.743813270335392
235,0.7100333055786844,1.7323173442351432
236,0.7252289758534555,1.7188387911683018
237,0.7175270607826811,1.7233327980541766
238,0.7179433805162365,1.7192710079221702
239,0.7277268942547876,1.7128242148050759
240,0.724188176519567,1.7046698455905835
241,0.7191923397169026,1.7093034663069357
242,0.72751873438801,1.7020711175210272
243,0.7233555370524563,1.6948242096182309
244,0.7200249791840133,1.6961016618242668
245,0.724188176519567,1.6894693775637561
246,0.7302248126561199,1.679926380825281
247,0.7210657785179018,1.6819024663682187
248,0.7352206494587843,1.6769077867195072
249,0.7264779350541216,1.6762038900095855
250,0.7318900915903414,1.6647370379731419
251,0.731473771856786,1.6609195121420512
252,0.7323064113238967,1.6549981728282994
253,0.7298084929225646,1.6550411739317603
254,0.7389675270607827,1.6440637306210202
255,0.7356369691923397,1.6485750086599344
256,0.7389675270607827,1.6426222506014136
257,0.7447960033305578,1.6379931725431343
258,0.7227310574521232,1.6444031577820981
259,0.7366777685262281,1.6330380018902857
260,0.7358451290591174,1.6294756515337763
261,0.7310574521232306,1.6307066913250583
262,0.7414654454621149,1.617403691456181
263,0.7391756869275604,1.6124575740590281
264,0.7416736053288926,1.609163026924832
265,0.7375104079933389,1.6122769988843741
266,0.7447960033305578,1.6028081331523034
267,0.7468776019983348,1.596822078480113
268,0.7431307243963364,1.6035540204163297
269,0.75,1.592272995314332
270,0.7497918401332223,1.5859747324061335
271,0.7364696086594504,1.5869474826903267
272,0.7514571190674438,1.572151369099613
273,0.7506244796003331,1.5728771081077964
274,0.7497918401332223,1.5671202066438978
275,0.7452123230641132,1.5735175282036038
276,0.7483347210657785,1.5692283906706366
277,0.7495836802664446,1.5639035529042165
278,0.7570774354704413,1.5527164237286823
279,0.7472939217318901,1.5592009758175065
280,0.7468776019983348,1.5530768721228734
281,0.7468776019983348,1.5463529886750753
282,0.7583263946711074,1.5407788984781499
283,0.7574937552039966,1.539905119895141
284,0.7587427144046628,1.5330329066410748
285,0.7518734388009992,1.535447592540744
286,0.7512489592006661,1.5356948913682211
287,0.7445878434637802,1.5394832889404424
288,0.7518734388009992,1.5337561252809981
289,0.757910074937552,1.5239074289749108
290,0.7552039966694422,1.5191168152819465
291,0.7622814321398834,1.5146222078829978
292,0.7549958368026645,1.5113499202299476
293,0.7566611157368859,1.5176758884291763
294,0.7647793505412157,1.5090291444506871
295,0.7620732722731057,1.5012264710282603
296,0.7622814321398834,1.4974819843616216
297,0.7695670274771024,1.4937490600034855
298,0.7620732722731057,1.4947541124318462
299,0.7676935886761033,1.4838277598801104
300,0.7599916736053289,1.4892443011543535
301,0.7728975853455454,1.4774330330331755
302,0.7674854288093256,1.4734864745112284
303,0.7753955037468776,1.4697304565046947
304,0.7743547044129891,1.4702688112147742
305,0.765195670274771,1.472291039586762
306,0.769150707743547,1.4674667364155423
307,0.7647793505412157,1.4646333738925752
308,0.7716486261448793,1.4610228224856767
309,0.7783097418817652,1.4516834187368668
310,0.7699833472106578,1.4510689715759442
311,0.7674854288093256,1.4541840603905454
312,0.7789342214820982,1.4418590992912463
313,0.7833055786844296,1.436516171986614
314,0.7756036636136553,1.4381371771266915
315,0.7741465445462115,1.4330669874751896
316,0.779766860949209,1.4351344557229326
317,0.7760199833472107,1.4289276138332663
318,0.7781015820149875,1.4270560121059814
319,0.7812239800166528,1.4261717363559236
320,0.7743547044129891,1.4213093340545768
321,0.7841382181515404,1.4136725156928578
322,0.7847626977518735,1.410593230857341
323,0.7778934221482098,1.411153142497899
324,0.7716486261448793,1.4149350922470982
325,0.7828892589508742,1.4024167442996733
326,0.7841382181515404,1.4025277511761847
327,0.7889258950874272,1.3900539241762184
328,0.7901748542880933,1.389594259905279
329,0.7812239800166528,1.3920742716022971
330,0.7803913405495421,1.3941412749238853
331,0.7883014154870941,1.3873579712533435
332,0.791631973355537,1.3811738187327771
333,0.7889258950874272,1.388387213837197
334,0.7912156536219817,1.3704058272356197
335,0.7941298917568693,1.3723061953257958
336,0.7891340549542049,1.3744971201282854
337,0.7951706910907577,1.3733228693199
338,0.7953788509575354,1.3613291492470099
339,0.7862198168193172,1.366768156956078
340,0.7895503746877602,1.3582337763188383
341,0.798917568692756,1.3508040714422729
342,0.7855953372189842,1.3558365911567936
343,0.7968359700249792,1.3496604460065906
344,0.794338051623647,1.3519604588229888
345,0.8028726061615321,1.3470056221745195
346,0.7937135720233139,1.3420586964172885
347,0.7918401332223147,1.3429503379316752
348,0.7935054121565362,1.3430071747571006
349,0.801623646960866,1.3297455183770834
350,0.7993338884263114,1.3324612665930755
351,0.798917568692756,1.3241374461875173
352,0.7960033305578684,1.3248163687994239
353,0.8007910074937552,1.3210504952318762
354,0.8045378850957535,1.3124414969244964
355,0.8034970857618651,1.3195103561749169
356,0.8043297252289758,1.3139995299807
357,0.8072439633638634,1.3095257155206381
358,0.8028726061615321,1.3112670288395623
359,0.8053705245628643,1.3072371885838059
360,0.806203164029975,1.3060124627160192
361,0.8012073272273106,1.3101482881693718
362,0.8051623646960866,1.3036177156370545
363,0.8034970857618651,1.2987527675573078
364,0.8024562864279767,1.2961669969717529
365,0.8041215653621981,1.2948027050167594
366,0.8099500416319734,1.2843440492186915
367,0.8126561199000832,1.2819640122285791
368,0.8028726061615321,1.2895404809122777
369,0.8018318068276437,1.2836396532392225
370,0.8074521232306411,1.2807445983704084
371,0.8091174021648626,1.27891617224278
372,0.8122398001665279,1.2690253664710738
373,0.8084929225645295,1.270239072080258
374,0.821398834304746,1.2696735462876383
375,0.8101582014987511,1.2704971766690232
376,0.8184845961698585,1.2575930810590072
377,0.8097418817651957,1.265009959075572
378,0.8093255620316403,1.263911956355137
379,0.8170274771024146,1.252751952901073
380,0.821398834304746,1.247416340639748
381,0.8268109908409659,1.243418420780509
382,0.8157785179017485,1.252466873165769
383,0.8139050791007494,1.2490594407898699
384,0.8268109908409659,1.2417053722719864
385,0.8211906744379683,1.2398765336266167
386,0.8234804329725229,1.2393155784829273
387,0.8270191507077436,1.2266225526970094
388,0.8199417152373022,1.2332825375834076
389,0.8259783513738551,1.2282808687565825
390,0.8238967527060783,1.227178543930149
391,0.8218151540383014,1.229466761478675
392,0.81744379683597,1.2271398167923824
393,0.813488759367194,1.230802189797585
394,0.8284762697751873,1.214279603700058
395,0.8288925895087427,1.2151178207921545
396,0.8251457119067444,1.2176924274426317
397,0.8332639467110741,1.2073729129556217
398,0.8193172356369692,1.2128038858990189
399,0.827435470441299,1.2101557170421655
400,0.8270191507077436,1.2031947931183269
401,0.8263946711074105,1.2030845934107937
402,0.8324313072439634,1.2014292358458787
403,0.828684429641965,1.2022010467133852
404,0.8345129059117402,1.192222995821582
405,0.8291007493755204,1.1893908942768119
406,0.8276436303080766,1.1970788034967936
407,0.8259783513738551,1.1928840042847975
408,0.8370108243130724,1.1805403034057744
409,0.8315986677768527,1.1919146384128823
410,0.8301415487094088,1.185546923636596
411,0.8218151540383014,1.1897474206754508
412,0.8351373855120733,1.1740394428211087
413,0.824729392173189,1.1773976167969462
414,0.8345129059117402,1.1726391868329267
415,0.8338884263114071,1.1706160142161666
416,0.832639467110741,1.168358569637524
417,0.8330557868442964,1.1754560218464822
418,0.8463780183180682,1.1636547932120584
419,0.839300582847627,1.1635302290332803
420,0.8484596169858452,1.1497439196663632
421,0.8330557868442964,1.1618548414292285
422,0.8334721065778518,1.1604137205263658
423,0.8357618651124064,1.1619108750560103
424,0.8372189841798501,1.1533394559634715
425,0.8395087427144047,1.1486947713148385
426,0.8378434637801832,1.1496958173780418
427,0.8403413821815154,1.1482928722327594
428,0.8428393005828476,1.1428852466421262
429,0.8488759367194005,1.1354779907309145
430,0.8463780183180682,1.1357121615485288
431,0.8499167360532889,1.135983219948736
432,0.8484596169858452,1.1379140208503984
433,0.8324313072439634,1.1378957280310664
434,0.8426311407160699,1.1324438698385082
435,0.8440882597835138,1.1276311884315484
436,0.8515820149875104,1.1234153303675212
437,0.843255620316403,1.12947510501725
438,0.8559533721898418,1.1147772415194483
439,0.8582431307243963,1.1177805029879402
440,0.8405495420482931,1.1220645468796817
441,0.839300582847627,1.1243952068063638
442,0.8424229808492922,1.1171990173444661
443,0.8538717735220649,1.1108998186284558
444,0.8470024979184013,1.1184421042220778
445,0.8476269775187344,1.1058167670787522
446,0.8447127393838468,1.106642539902194
447,0.847210657785179,1.107080238993023
448,0.8495004163197336,1.1044341811133265
449,0.8522064945878435,1.1013316247584322
450,0.8542880932556203,1.0959873930997
451,0.8567860116569526,1.0954445455592439
452,0.8513738551207327,1.090847117517711
453,0.8542880932556203,1.0929150906927283
454,0.8503330557868443,1.096711647848007
455,0.8592839300582847,1.0844221857564833
456,0.8513738551207327,1.088135035806254
457,0.8542880932556203,1.0885750637463387
458,0.855120732722731,1.0836437575823064
459,0.8553288925895087,1.0784953678775886
460,0.8484596169858452,1.0847187988664784
461,0.859075770191507,1.0816151198499109
462,0.8547044129891757,1.078942456015143
463,0.8553288925895087,1.07458328997265
464,0.8501248959200666,1.078379384782491
465,0.854496253122398,1.0692549003450995
466,0.8549125728559533,1.0659481163922198
467,0.8615736885928393,1.0609365900192134
468,0.8586594504579517,1.0603842275724324
469,0.8574104912572856,1.0642289565961427
470,0.8626144879267277,1.0599295540118
471,0.8676103247293921,1.0439085514221857
472,0.8671940049958368,1.051513986226224
473,0.8603247293921732,1.0567934089258846
474,0.8638634471273938,1.051343460761935
475,0.8621981681931724,1.0528530701312495
476,0.8586594504579517,1.0515025501743542
477,0.8634471273938384,1.0545048668025236
478,0.8644879267277269,1.0456871404238883
479,0.8680266444629475,1.0406176423550049
480,0.8586594504579517,1.0459278251209625
481,0.8636552872606161,1.0393270039737075
482,0.8692756036636137,1.0397137158816303
483,0.8580349708576187,1.0369162498465387
484,0.8721898417985012,1.0311216241017072
485,0.86240632805995,1.0360804008107498
486,0.8721898417985012,1.0287129770806192
487,0.8597002497918401,1.0383191239724647
488,0.8659450457951707,1.0262657753335347
489,0.8669858451290591,1.0249852759454967
490,0.8713572023313905,1.0260535172876173
491,0.8699000832639467,1.0166626116516786
492,0.8678184845961698,1.0191404245278917
493,0.8676103247293921,1.015377832094299
494,0.8713572023313905,1.0139445253057742
495,0.8715653621981682,1.013121480449451
496,0.8736469608659451,1.0126364057903783
497,0.8765611990008326,1.016687436365863
498,0.8734388009991674,1.0096910060891302
499,0.8713572023313905,1.0059884858071855
