epoch,categorical_accuracy,loss
0,0.5445462114904246,4.8115370083014035
1,0.5491257285595337,4.316826200207306
2,0.5193588676103247,4.181365104837282
3,0.5101998334721066,4.019064653326729
4,0.5008326394671108,3.8525473783653443
5,0.5033305578684429,3.7635934485880957
6,0.5176935886761033,3.663030523146122
7,0.5095753538717736,3.597204919063876
8,0.5126977518734388,3.502862732376683
9,0.518526228143214,3.4434364010749707
10,0.518526228143214,3.4043080794821177
11,0.5124895920066611,3.3616550691320337
12,0.525811823480433,3.298133655352755
13,0.5027060782681099,3.317329508378841
14,0.5210241465445462,3.2011722535713827
15,0.5272689425478768,3.1692366232780693
16,0.5114487926727727,3.172005256744944
17,0.5289342214820982,3.1311656773636285
18,0.5251873438800999,3.0995998604907085
19,0.5156119900083264,3.0950719085363025
20,0.5220649458784347,3.041945144199114
21,0.5183180682764363,3.042897484483171
22,0.5164446294754371,3.019729050867365
23,0.5272689425478768,2.997168471473738
24,0.5239383846794338,2.954905805937158
25,0.5199833472106578,2.9375537503867424
26,0.5237302248126561,2.937362964703181
27,0.5147793505412157,2.9186700343291627
28,0.5380932556203164,2.8914799336886823
29,0.5345545378850958,2.879945344075275
30,0.5301831806827644,2.861186795389523
31,0.5262281432139884,2.8546541989792593
32,0.5253955037468776,2.847048847998906
33,0.5364279766860949,2.806193693591395
34,0.5374687760199833,2.7935306505795623
35,0.5293505412156536,2.8012170261586338
36,0.541007493755204,2.7726842086579184
37,0.5432972522897586,2.757345994048869
38,0.5439217318900916,2.7762190642503777
39,0.5305995004163198,2.768620194443854
40,0.5372606161532056,2.753476954618163
41,0.5391340549542049,2.732149027269349
42,0.5316402997502082,2.7540832123688914
43,0.5385095753538718,2.710733753159878
44,0.5424646128226478,2.6993080853026274
45,0.5308076602830974,2.705857563971679
46,0.5412156536219817,2.6762396894227853
47,0.5339300582847627,2.695837101471811
48,0.5276852622814321,2.68037086362942
49,0.5445462114904246,2.6597526218373013
50,0.5424646128226478,2.64907871853005
51,0.5457951706910907,2.6474313192026107
52,0.5570358034970858,2.626392200924177
53,0.5453788509575354,2.636409024612592
54,0.5335137385512073,2.6259099655008433
55,0.5428809325562032,2.6197915625115615
56,0.5512073272273106,2.6081094849020316
57,0.541007493755204,2.620458893930783
58,0.5378850957535387,2.6076689892069287
59,0.5420482930890924,2.6063326453289126
60,0.5432972522897586,2.581702946425477
61,0.5451706910907577,2.5806869495719003
62,0.5547460449625312,2.5630290804060176
63,0.5491257285595337,2.5733380960882157
64,0.5518318068276437,2.5524043274561037
65,0.5495420482930891,2.5565070861781467
66,0.5453788509575354,2.5481139964406236
67,0.5472522897585346,2.5482825204593555
68,0.5441298917568693,2.538395266648038
69,0.5537052456286428,2.526498572415456
70,0.5385095753538718,2.5310955738445604
71,0.5587010824313072,2.5081672914617763
72,0.5457951706910907,2.5180066251238618
73,0.5428809325562032,2.5103251558854915
74,0.5559950041631974,2.5025777376065346
75,0.5474604496253123,2.503057150519162
76,0.5545378850957535,2.4905735910385474
77,0.5541215653621981,2.479712191668279
78,0.5703580349708576,2.4811164624089503
79,0.5628642797668609,2.4636889994888875
80,0.5630724396336386,2.460564661184814
81,0.5684845961698585,2.459663181678143
82,0.5684845961698585,2.4536336351691634
83,0.5620316402997502,2.4539150602116773
84,0.5695253955037469,2.437613837427144
85,0.5649458784346378,2.44069754233666
86,0.56744379683597,2.4316247789984837
87,0.5697335553705246,2.428643098977285
88,0.5534970857618651,2.433571655089214
89,0.5622398001665279,2.4172383893240896
90,0.574729392173189,2.402784458902059
91,0.5622398001665279,2.4032706080825004
92,0.5680682764363031,2.39443170994545
93,0.5749375520399667,2.3925995040594987
94,0.5684845961698585,2.3902323551717943
95,0.5743130724396336,2.3838464344272405
96,0.5695253955037469,2.378044670765644
97,0.5757701915070774,2.3723089778353827
98,0.5720233139050791,2.3635007070562026
99,0.5734804329725229,2.365341534126212
100,0.5791007493755204,2.3601920489566113
101,0.5788925895087427,2.3442571236628678
102,0.5724396336386345,2.3454646141106243
103,0.5851373855120733,2.3342039928547447
104,0.5836802664446294,2.3339840923121926
105,0.5772273105745213,2.334055054892509
106,0.5766028309741882,2.3259988140801804
107,0.5907577019150708,2.315848003716195
108,0.5843047460449625,2.3160413919539375
109,0.5922148209825145,2.2988731474006903
110,0.582639467110741,2.3010741155610095
111,0.5882597835137385,2.29543891060263
112,0.5963780183180682,2.287678392403926
113,0.5870108243130724,2.290169371454841
114,0.5895087427144047,2.283328385476169
115,0.5882597835137385,2.2765081316902673
116,0.5836802664446294,2.282574506921633
117,0.5876353039134055,2.272272961225041
118,0.5959616985845129,2.2572978664496657
119,0.5999167360532889,2.2560233754182635
120,0.5809741881765196,2.257766379801856
121,0.589300582847627,2.242576299956399
122,0.6030391340549542,2.2395426226496
123,0.5922148209825145,2.2343752078470045
124,0.5949208992506245,2.2323633330152197
125,0.5995004163197336,2.2269415777986197
126,0.574729392173189,2.235580383589822
127,0.6092839300582847,2.2117331708896963
128,0.6067860116569526,2.2098275654321906
129,0.6067860116569526,2.2038078030182064
130,0.6099084096586178,2.196816371839112
131,0.6069941715237303,2.1932233817174374
132,0.6119900083263947,2.184171692318563
133,0.5984596169858452,2.184722527774744
134,0.6099084096586178,2.1815222862062607
135,0.600541215653622,2.1738179326553726
136,0.6169858451290591,2.159398758441185
137,0.6003330557868443,2.1681125088595627
138,0.6115736885928393,2.161960808363286
139,0.6134471273938384,2.1498730327564908
140,0.6136552872606161,2.1515262496163703
141,0.6094920899250624,2.152180917654109
142,0.6047044129891757,2.138947851949687
143,0.6128226477935054,2.1314383245923936
144,0.6080349708576187,2.135922256854055
145,0.6099084096586178,2.12777601094369
146,0.6174021648626145,2.1180433297931502
147,0.6080349708576187,2.113379637863515
148,0.6236469608659451,2.101353423581532
149,0.6201082431307244,2.1043501237746978
150,0.608451290591174,2.102669232294621
151,0.6171940049958368,2.0918250093849178
152,0.6209408825978351,2.0846171430703704
153,0.619691923397169,2.0815002777296536
154,0.6182348043297252,2.0783934613052355
155,0.6188592839300583,2.080497032398983
156,0.623022481265612,2.0695015671449735
157,0.6246877601998335,2.0643142530265
158,0.6165695253955037,2.061957555746258
159,0.6296835970024979,2.0540425967018767
160,0.6113655287260616,2.053559939331258
161,0.6338467943380516,2.0438350798386917
162,0.6257285595337219,2.041280200042693
163,0.626977518734388,2.0333779421972293
164,0.6311407160699417,2.0313878468331645
165,0.6353039134054954,2.0242854575134137
166,0.630308076602831,2.020113399979673
167,0.6278101582014988,2.0186941955210664
168,0.6251040799333888,2.014304374278733
169,0.6259367194004996,2.0081820098883307
170,0.6319733555370525,2.0026386943486805
171,0.626977518734388,2.000514618562322
172,0.6392589508742714,1.9905547226199898
173,0.626977518734388,1.9911841721856327
174,0.641548709408826,1.9808179041825167
175,0.6307243963363863,1.979539165885919
176,0.6417568692756037,1.977084653661412
177,0.6311407160699417,1.9750442677592357
178,0.6378018318068276,1.9622132639206022
179,0.6400915903413822,1.9654357038270822
180,0.6313488759367194,1.95770290412077
181,0.6463363863447127,1.948400874419772
182,0.6444629475437136,1.940527831783501
183,0.6417568692756037,1.940275614605061
184,0.6380099916736053,1.9351382690305814
185,0.6477935054121565,1.9328315138916092
186,0.6400915903413822,1.9324791996207067
187,0.6417568692756037,1.9249656558731614
188,0.6509159034138218,1.914834262925719
189,0.63759367194005,1.9163376651735329
190,0.6496669442131557,1.908408044478379
191,0.6419650291423813,1.913203546943315
192,0.6471690258118235,1.901172337881433
193,0.6569525395503747,1.898459643249607
194,0.6509159034138218,1.8945485479527966
195,0.6504995836802664,1.8918097025151057
196,0.6477935054121565,1.886078134960775
197,0.6548709408825978,1.87565919263079
198,0.6569525395503747,1.874550129452117
199,0.6490424646128227,1.8715348038248576
200,0.6540383014154871,1.8625875633026936
201,0.6550791007493755,1.8591607274064215
202,0.6611157368859284,1.8564329675393338
203,0.6652789342214821,1.8497346409353785
204,0.6552872606161532,1.8524923183638091
205,0.6480016652789342,1.8528306435585815
206,0.6575770191507078,1.8416307893621238
207,0.660699417152373,1.8345848243500569
208,0.6532056619483764,1.8372066894439139
209,0.6594504579517069,1.832149937289839
210,0.6502914238134888,1.827490887276636
211,0.6652789342214821,1.8215329686767552
212,0.6600749375520399,1.8172008131664064
213,0.6582014987510408,1.8163934124200964
214,0.6602830974188176,1.807768358874579
215,0.6661115736885929,1.8042724445201674
216,0.6656952539550375,1.8021449852148559
217,0.6702747710241466,1.79472966208049
218,0.6573688592839301,1.7975657923235484
219,0.6769358867610324,1.7877930495066012
220,0.6600749375520399,1.785368354592494
221,0.6688176519567027,1.7772507145442533
222,0.6609075770191507,1.7785749518801826
223,0.6648626144879267,1.775089794650463
224,0.6617402164862615,1.772530647241305
225,0.6723563696919234,1.7659137698633287
226,0.6754787676935887,1.7586154908959217
227,0.667985012489592,1.7597657042081707
228,0.6577851790174855,1.760226070632744
229,0.6661115736885929,1.7565626285157534
230,0.6700666111573689,1.7516253618872433
231,0.6729808492922564,1.7441556811034928
232,0.667985012489592,1.7423540012326268
233,0.6742298084929226,1.737103534777099
234,0.6702747710241466,1.7336815489420387
235,0.6838051623646961,1.727691573564655
236,0.6756869275603664,1.7250419773725942
237,0.671940049958368,1.7171316466462503
238,0.6804746044962531,1.7200767505575874
239,0.6748542880932556,1.7163616298735886
240,0.6711074104912573,1.7121233400159037
241,0.6756869275603664,1.7099708748499023
242,0.6783930058284763,1.7061279842398942
243,0.6702747710241466,1.7052714129867999
244,0.6788093255620317,1.6984750014558423
245,0.6765195670274771,1.6953911076576684
246,0.6736053288925895,1.6959130806688663
247,0.6790174854288094,1.6863068075203875
248,0.6842214820982515,1.678726533171934
249,0.679225645295587,1.6808021028869655
250,0.6779766860949209,1.675143616384114
251,0.6885928393005828,1.6768134437333932
252,0.6723563696919234,1.6718818518045442
253,0.6702747710241466,1.6730881542289981
254,0.6756869275603664,1.6695296370318093
255,0.6819317235636969,1.6638870425863528
256,0.679225645295587,1.6568434586830678
257,0.6917152373022482,1.644766411912332
258,0.6892173189009159,1.6501178610434044
259,0.6842214820982515,1.6479581655014763
260,0.6779766860949209,1.6418531179229583
261,0.6883846794338052,1.6416366150933042
262,0.6844296419650291,1.6389392952835629
263,0.697751873438801,1.6284420588530668
264,0.6873438800999168,1.6346702850629249
265,0.6888009991673605,1.6269742264338676
266,0.6900499583680266,1.6248169604388005
267,0.675895087427144,1.633131582770717
268,0.6908825978351374,1.6181715970035397
269,0.6894254787676936,1.6148579302278785
270,0.6952539550374688,1.6071590236779751
271,0.6908825978351374,1.603314085864306
272,0.6908825978351374,1.6015819587080207
273,0.6935886761032473,1.5965738624061374
274,0.7006661115736886,1.5965194042080348
275,0.6852622814321399,1.5949356939075987
276,0.6987926727726894,1.5887893111779232
277,0.6917152373022482,1.5908098598999545
278,0.6958784346378019,1.584569097260055
279,0.6954621149042465,1.5815285476022318
280,0.6931723563696919,1.5811089006292136
281,0.6923397169025812,1.5783901934222715
282,0.6962947543713572,1.5752134764819816
283,0.6998334721065779,1.5672804082462333
284,0.7042048293089093,1.560783866640928
285,0.7062864279766861,1.5648287829511072
286,0.6985845129059117,1.55969019337161
287,0.701706910907577,1.5618080313656353
288,0.6971273938384679,1.5611526779489255
289,0.6908825978351374,1.5570807262423831
290,0.7031640299750208,1.5547807629559063
291,0.6987926727726894,1.5496409488260299
292,0.7060782681099084,1.53971804518386
293,0.6979600333055787,1.5451591877417203
294,0.70233139050791,1.5358756451086637
295,0.7052456286427977,1.5346985927330863
296,0.701082431307244,1.5338792423721554
297,0.6985845129059117,1.5330887557465667
298,0.712947543713572,1.5281592428833122
299,0.7073272273105745,1.5232369784610058
300,0.6985845129059117,1.5243121500714039
301,0.7004579517069109,1.5220746368690892
302,0.7094088259783514,1.5119425275740674
303,0.7012905911740216,1.5134748780260872
304,0.705661948376353,1.509749219181337
305,0.7058701082431307,1.5092652799882658
306,0.7098251457119067,1.5024468261534527
307,0.7144046627810158,1.4951445644443775
308,0.697751873438801,1.5026392512873348
309,0.7031640299750208,1.499148033143678
310,0.708368026644463,1.4975428960404726
311,0.705661948376353,1.4935484980663392
312,0.7031640299750208,1.492813162164426
313,0.7127393838467944,1.4834445566063021
314,0.7125312239800167,1.4871143301162593
315,0.712323064113239,1.4813567490303745
316,0.7148209825145712,1.4795489972278935
317,0.7102414654454621,1.4743907262046172
318,0.708992506244796,1.4690151417086663
319,0.7158617818484596,1.4710301670007762
320,0.7110741049125728,1.469940366197089
321,0.7135720233139051,1.4644905619577604
322,0.720233139050791,1.4594183148789863
323,0.7092006661115737,1.4643581591478296
324,0.7102414654454621,1.454709590622825
325,0.7164862614487927,1.4537618006397346
326,0.7177352206494588,1.4519801927942917
327,0.7133638634471274,1.453462762896167
328,0.7094088259783514,1.4526249266583953
329,0.720233139050791,1.4462005954102413
330,0.7166944213155704,1.441973808405302
331,0.7146128226477935,1.4415845516619337
332,0.712947543713572,1.4378246189057082
333,0.7119067443796836,1.435761536686347
334,0.723563696919234,1.4283799582178844
335,0.7271024146544546,1.4307492871169345
336,0.7150291423813488,1.4320047145878445
337,0.7173189009159034,1.428711076461703
338,0.7300166527893422,1.4189323570011656
339,0.7191923397169026,1.4211639931160247
340,0.7262697751873439,1.4167177319824447
341,0.7229392173189009,1.4132980245237645
342,0.7227310574521232,1.4156038121915082
343,0.7200249791840133,1.4122881599508852
344,0.7277268942547876,1.4090407805875576
345,0.723563696919234,1.4039114794068095
346,0.7212739383846795,1.4017298650384247
347,0.7181515403830142,1.4024923566378324
348,0.7208576186511241,1.3966752675848142
349,0.7218984179850125,1.3976104284305557
350,0.7248126561199001,1.3944984801504434
351,0.7175270607826811,1.3972036355143285
352,0.723563696919234,1.3927637311838548
353,0.728143213988343,1.3890902275447543
354,0.7316819317235637,1.3822202543533415
355,0.7268942547876769,1.383859173344335
356,0.72751873438801,1.376957422688442
357,0.7304329725228976,1.3759778468039112
358,0.7337635303913406,1.3765300152006
359,0.7312656119900083,1.3696784220766167
360,0.7337635303913406,1.3691894896917796
361,0.7225228975853455,1.3720369685400933
362,0.7273105745212323,1.3697478113126795
363,0.7287676935886761,1.3658922967267573
364,0.7283513738551207,1.3673217214215903
365,0.7345961698584513,1.3584193582836535
366,0.732098251457119,1.3568980712676226
367,0.7277268942547876,1.3566097631541816
368,0.7418817651956703,1.3498669742644578
369,0.7402164862614488,1.3455774306655426
370,0.7273105745212323,1.3514768971094582
371,0.732098251457119,1.3453098137511699
372,0.7362614487926727,1.34531267169711
373,0.7358451290591174,1.3442359687287444
374,0.7422980849292257,1.3373986017098534
375,0.7343880099916736,1.3283525711293025
376,0.7433388842631141,1.3335284398656204
377,0.734804329725229,1.3341119561366097
378,0.7398001665278934,1.3267784673506573
379,0.7414654454621149,1.3275869195407675
380,0.7404246461282264,1.321617348605052
381,0.7414654454621149,1.3206132736730138
382,0.7393838467943381,1.3173119929509793
383,0.7291840133222315,1.3208043791670088
384,0.738759367194005,1.3212067126036684
385,0.7408409658617818,1.3136230913625966
386,0.7418817651956703,1.3099022415853558
387,0.7445878434637802,1.3099415328083786
388,0.7433388842631141,1.3069290248281653
389,0.7477102414654455,1.30675503197161
390,0.7462531223980017,1.3016048244989284
391,0.7452123230641132,1.3044228806880789
392,0.742089925062448,1.305992871299572
393,0.742089925062448,1.3046722968948772
394,0.7466694421315571,1.2941059560998096
395,0.7445878434637802,1.294109938146669
396,0.7412572855953372,1.290898517506208
397,0.7537468776019983,1.289052817942598
398,0.732098251457119,1.2943804698820218
399,0.7433388842631141,1.287346169116793
400,0.7529142381348876,1.283549150360514
401,0.7508326394671108,1.2805983368105733
402,0.757910074937552,1.2749019485032131
403,0.7506244796003331,1.2776228227186561
404,0.7408409658617818,1.2810467179867746
405,0.7487510407993339,1.2748355696739304
406,0.7522897585345545,1.2729577738279902
407,0.7447960033305578,1.2731363637361994
408,0.7537468776019983,1.2679278598439188
409,0.7545795170691091,1.26372331266697
410,0.7462531223980017,1.2705826880433577
411,0.7452123230641132,1.2702337591773167
412,0.7512489592006661,1.2575516492302075
413,0.7410491257285595,1.2674192067089922
414,0.7443796835970025,1.260935417222143
415,0.7529142381348876,1.2554429452881826
416,0.7570774354704413,1.2525441355748934
417,0.7520815986677769,1.2489974651606652
418,0.7393838467943381,1.2573439614361868
419,0.7527060782681099,1.2481005378408694
420,0.7518734388009992,1.2485637278679904
421,0.7520815986677769,1.2472454000770004
422,0.763946711074105,1.2379820449068386
423,0.7593671940049959,1.2424672955180287
424,0.7577019150707743,1.237533603728959
425,0.7599916736053289,1.2299694954406013
426,0.7595753538717736,1.2362352607649232
427,0.75,1.2356718876876005
428,0.7558284762697752,1.2336703536909486
429,0.7585345545378851,1.238060181285817
430,0.7516652789342215,1.2340431029750942
431,0.7487510407993339,1.2344132206223588
432,0.761865112406328,1.2239462022082592
433,0.7624895920066611,1.2183608518452766
434,0.7562447960033306,1.2186236272346567
435,0.7468776019983348,1.2264584132177843
436,0.7564529558701082,1.2178233845049298
437,0.7568692756036636,1.215242092853581
438,0.7558284762697752,1.2157502039386072
439,0.7595753538717736,1.2133359386958646
440,0.761865112406328,1.2106475888640558
441,0.7654038301415487,1.207668386629281
442,0.7656119900083264,1.2023673125051837
443,0.7577019150707743,1.2100954338672456
444,0.761240632805995,1.2037316128971376
445,0.7631140716069942,1.1983421335212396
446,0.753955037468776,1.2070156156173057
447,0.7708159866777685,1.1987176277953124
448,0.7706078268109908,1.1904510030341486
449,0.7604079933388843,1.1984240790390155
450,0.7672772689425479,1.1904043825738733
451,0.7647793505412157,1.1921862145446918
452,0.7656119900083264,1.1903856878574444
453,0.769150707743547,1.1858045697509993
454,0.7654038301415487,1.1876909059846927
455,0.776436303080766,1.1744521733227617
456,0.7687343880099917,1.185012639611091
457,0.7631140716069942,1.1834165262838485
458,0.7614487926727727,1.1847002035771481
459,0.7629059117402165,1.1791344800658468
460,0.7745628642797668,1.1774436404167068
461,0.765820149875104,1.1784122393192795
462,0.7703996669442131,1.1744740985017534
463,0.7766444629475437,1.1666886256596727
464,0.776436303080766,1.1634770409451436
465,0.7703996669442131,1.1605962137695554
466,0.7741465445462115,1.161745770884791
467,0.7712323064113239,1.1666919276875123
468,0.7670691090757702,1.168670199892106
469,0.7785179017485429,1.1608341906489579
470,0.7720649458784347,1.1541783697003627
471,0.764571190674438,1.1692524136949043
472,0.7778934221482098,1.151289142091308
473,0.7745628642797668,1.1545110979643987
474,0.7643630308076603,1.1614374955627542
475,0.7774771024146545,1.1511110241069682
476,0.7695670274771024,1.1518252299886063
477,0.7689425478767694,1.1552724961337202
478,0.7760199833472107,1.1489651429960868
479,0.7880932556203164,1.141210939018653
480,0.7770607826810991,1.140326717116255
481,0.7760199833472107,1.1443853959949883
482,0.7783097418817652,1.1357598102261481
483,0.7839300582847627,1.1388241850664773
484,0.7830974188176519,1.138769782254539
485,0.7833055786844296,1.1334176331535168
486,0.7785179017485429,1.130397820601753
487,0.7735220649458784,1.1392103669843905
488,0.787052456286428,1.1294293334144636
489,0.7753955037468776,1.1292348148225249
490,0.7670691090757702,1.1385787252978818
491,0.7814321398834305,1.130248820652672
492,0.7710241465445462,1.1326760273988201
493,0.7776852622814321,1.1301833439826172
494,0.7847626977518735,1.1190657752638158
495,0.7830974188176519,1.1210370010182225
496,0.7824729392173189,1.1257856676322435
497,0.7887177352206495,1.1134824130457703
498,0.7855953372189842,1.1124140636112967
499,0.787052456286428,1.1107110245638743
