epoch,categorical_accuracy,loss
0,0.4496253122398002,4.999571261854593
1,0.4789758534554538,4.64377475757583
2,0.4866777685262281,4.4284183155190044
3,0.507285595337219,4.208067728021957
4,0.48813488759367196,4.128695566985728
5,0.5031223980016652,4.033089905952434
6,0.4997918401332223,3.915971076061684
7,0.4995836802664446,3.7948830846346584
8,0.5097835137385512,3.644017352152625
9,0.4987510407993339,3.660313178657195
10,0.5133222314737719,3.582738295284338
11,0.5141548709408826,3.5072626362831567
12,0.5083263946711074,3.479117587643003
13,0.5122814321398834,3.377851560848341
14,0.5164446294754371,3.3738268309092145
15,0.5324729392173189,3.297158927544269
16,0.5066611157368859,3.326847328135215
17,0.5201915070774354,3.2144187509169884
18,0.5089508742714405,3.2668382184491565
19,0.5210241465445462,3.176828338740569
20,0.5210241465445462,3.1573933107866834
21,0.513946711074105,3.1536252770594615
22,0.5133222314737719,3.131587452535129
23,0.5245628642797668,3.073781955649116
24,0.5249791840133222,3.064240214628145
25,0.507285595337219,3.0584721769718803
26,0.519150707743547,3.0234585806888705
27,0.5120732722731057,3.0064275620084917
28,0.5262281432139884,2.9723652500991125
29,0.525811823480433,2.957036746530906
30,0.5291423813488759,2.9396873503104533
31,0.5260199833472107,2.9249521623940193
32,0.5268526228143214,2.9183228055603
33,0.5162364696086594,2.90884284314069
34,0.519150707743547,2.910050963680512
35,0.5131140716069942,2.8895348754155448
36,0.5214404662781016,2.8761957686310704
37,0.5268526228143214,2.854176328938569
38,0.5291423813488759,2.841900093569347
39,0.52248126561199,2.8526045212042916
40,0.5141548709408826,2.839363226187815
41,0.541007493755204,2.787472669726903
42,0.5355953372189842,2.8074116686996473
43,0.5362198168193172,2.769582032958832
44,0.5318484596169858,2.769967007101029
45,0.5314321398834305,2.7666544366339463
46,0.5414238134887593,2.7548718817724374
47,0.5281015820149875,2.7535615761413066
48,0.5308076602830974,2.752210817964349
49,0.5260199833472107,2.750004280218971
50,0.544338051623647,2.7200939804191493
51,0.533721898417985,2.716202846673208
52,0.5276852622814321,2.71572958043374
53,0.5435054121565362,2.6974912138406086
54,0.5312239800166528,2.693207374917379
55,0.5412156536219817,2.674064696778068
56,0.5305995004163198,2.6890747733755376
57,0.5407993338884263,2.670873964160408
58,0.5401748542880933,2.6631271402405066
59,0.5457951706910907,2.6500806141455504
60,0.5322647793505412,2.6527897686287325
61,0.5395503746877602,2.6348341438395098
62,0.537676935886761,2.63694346576408
63,0.5534970857618651,2.6146135941631687
64,0.5457951706910907,2.6218511043837625
65,0.5445462114904246,2.6184823868375933
66,0.5424646128226478,2.6076151661630673
67,0.5412156536219817,2.6042270819213766
68,0.5445462114904246,2.591910626270888
69,0.5460033305578684,2.586211384186439
70,0.5355953372189842,2.589795016329255
71,0.5549542048293089,2.570523669578749
72,0.5441298917568693,2.570465340999441
73,0.5493338884263114,2.5636774874249664
74,0.5480849292256453,2.5559005616209487
75,0.5632805995004163,2.536975522720248
76,0.5512073272273106,2.5490523512218517
77,0.5507910074937552,2.541353085753721
78,0.5470441298917569,2.5309929303781478
79,0.5462114904246461,2.5276230322530524
80,0.5537052456286428,2.522110803041927
81,0.5566194837635304,2.5071443770946216
82,0.5441298917568693,2.514328680665765
83,0.5405911740216486,2.5088329513702265
84,0.5549542048293089,2.500149409240926
85,0.5549542048293089,2.4867175842304214
86,0.5514154870940883,2.4802908732631024
87,0.5582847626977518,2.4809796841912823
88,0.5580766028309742,2.47204330243437
89,0.5493338884263114,2.4659003353833557
90,0.5599500416319734,2.4588399689759344
91,0.5578684429641965,2.45385548713106
92,0.5636969192339717,2.4465559680297115
93,0.5761865112406328,2.44533393523973
94,0.578684429641965,2.4299982834815186
95,0.5628642797668609,2.4260770035822325
96,0.5726477935054122,2.4133795723132945
97,0.5824313072439634,2.412813198556511
98,0.5695253955037469,2.4115814700114737
99,0.5695253955037469,2.4071875096955564
100,0.5726477935054122,2.398155970140659
101,0.5768109908409659,2.390622325185733
102,0.5768109908409659,2.386636213299436
103,0.578059950041632,2.3731442482445657
104,0.5649458784346378,2.3800589472526914
105,0.5678601165695254,2.3760289699211405
106,0.5880516236469608,2.354315426824095
107,0.5649458784346378,2.3636343568489018
108,0.5834721065778518,2.3489013315736007
109,0.5711906744379683,2.3437585824732974
110,0.5840965861781848,2.338099466176156
111,0.579308909242298,2.338550583309774
112,0.5868026644462948,2.329112969866204
113,0.5849292256452956,2.321276365370675
114,0.5868026644462948,2.315737109696438
115,0.579308909242298,2.308469138872018
116,0.5755620316402997,2.304002788243544
117,0.5868026644462948,2.2990352718359626
118,0.5843047460449625,2.2935275950102287
119,0.5990840965861782,2.2816284475080377
120,0.5882597835137385,2.2788747639382114
121,0.593255620316403,2.275187210675382
122,0.5905495420482931,2.271831726849228
123,0.5872189841798501,2.2601347763671367
124,0.5984596169858452,2.2546929364200436
125,0.5957535387177352,2.2473657240379263
126,0.5838884263114071,2.244262481708511
127,0.5967943380516236,2.236991024731994
128,0.5888842631140716,2.2385610057154266
129,0.5909658617818485,2.227763757022791
130,0.5967943380516236,2.2207571629382095
131,0.6036636136552873,2.213915872534149
132,0.6132389675270608,2.210207290990863
133,0.5995004163197336,2.20262495842107
134,0.5934637801831807,2.20082030288385
135,0.6057452123230641,2.1951137645159235
136,0.6105328892589509,2.18716277389304
137,0.6199000832639467,2.178245399714906
138,0.6036636136552873,2.173390637031701
139,0.6074104912572856,2.1683118329457103
140,0.5997085761865112,2.165040940666675
141,0.6180266444629475,2.1560028979025914
142,0.611157368859284,2.15438947828485
143,0.6082431307243963,2.1440600382100534
144,0.6113655287260616,2.1483866346567297
145,0.6057452123230641,2.1372581113883595
146,0.6024146544546212,2.130749558727509
147,0.6176103247293921,2.121105831131947
148,0.6146960865945046,2.1173831398143657
149,0.6169858451290591,2.116465771426567
150,0.6165695253955037,2.1061410871175403
151,0.626977518734388,2.097096978377343
152,0.6115736885928393,2.0978352979855375
153,0.6340549542048293,2.0888966303086103
154,0.6292672772689425,2.078740053629498
155,0.6184429641965029,2.083788136756986
156,0.6263530391340549,2.076745470795008
157,0.6419650291423813,2.0610014723302124
158,0.6240632805995004,2.0672142523512256
159,0.6300999167360533,2.0587619422972945
160,0.6194837635303914,2.0576129513517407
161,0.61511240632806,2.054810708706623
162,0.6244796003330558,2.04396981502155
163,0.6221898417985012,2.0423168277462556
164,0.6290591174021649,2.032387894655048
165,0.6273938384679434,2.0220224617125093
166,0.6313488759367194,2.0187284699288335
167,0.6369691923397169,2.01521195956412
168,0.6244796003330558,2.0133998989562607
169,0.6411323896752706,2.0010924541781487
170,0.6315570358034971,1.9995532634355544
171,0.6440466278101582,1.9889586420480059
172,0.6417568692756037,1.990587998190887
173,0.6380099916736053,1.9922196964340146
174,0.6396752706078268,1.9783190183099562
175,0.6492506244796004,1.9661213833525417
176,0.6384263114071607,1.9690616733327098
177,0.6461282264779351,1.9678245120798916
178,0.6384263114071607,1.9610904551465544
179,0.6457119067443797,1.9540778195034156
180,0.6442547876769359,1.9499562896360068
181,0.6469608659450458,1.9481106032737585
182,0.640924229808493,1.9373977067170791
183,0.6396752706078268,1.9381304427447863
184,0.6417568692756037,1.9282940506041795
185,0.6467527060782681,1.9237821489249936
186,0.6475853455453788,1.91747866105676
187,0.644879267277269,1.9214348908169483
188,0.6582014987510408,1.9070341452075281
189,0.6471690258118235,1.90459468084807
190,0.6502914238134888,1.8940546274383698
191,0.6571606994171524,1.8906307925193335
192,0.6559117402164862,1.8883398911240297
193,0.652789342214821,1.8892241381884216
194,0.656744379683597,1.877278829990676
195,0.648834304746045,1.8790539331380574
196,0.6565362198168193,1.8728830863990753
197,0.6577851790174855,1.870391784659234
198,0.6536219816819318,1.867317567062219
199,0.6588259783513739,1.859640669564621
200,0.6519567027477102,1.8614164170972711
201,0.6602830974188176,1.853687502363143
202,0.6573688592839301,1.847145462512573
203,0.6636136552872606,1.8371932270326383
204,0.6677768526228143,1.834106418214968
205,0.6592422980849292,1.8318098078758691
206,0.6704829308909243,1.8212959428909519
207,0.6677768526228143,1.8278608302291883
208,0.6677768526228143,1.8171295617442644
209,0.6773522064945878,1.8111925604539947
210,0.6671523730224813,1.8096175590820058
211,0.6661115736885929,1.8060061922676856
212,0.6765195670274771,1.7979338447021307
213,0.6767277268942548,1.7995567909386831
214,0.6559117402164862,1.798335836690034
215,0.6609075770191507,1.7919316260046407
216,0.6648626144879267,1.7891550621918892
217,0.6821398834304746,1.7748546814739854
218,0.6698584512905912,1.7759729600965133
219,0.6827643630308077,1.767203916816489
220,0.6708992506244796,1.7673818139013502
221,0.6667360532889259,1.771042250078187
222,0.6754787676935887,1.7643777311691933
223,0.672564529558701,1.758134799833401
224,0.6788093255620317,1.751448746426318
225,0.6698584512905912,1.7527875604478644
226,0.6700666111573689,1.7432000542759003
227,0.6802664446294754,1.7387345713640034
228,0.6810990840965861,1.7332140370074358
229,0.6831806827643631,1.735086293839892
230,0.6848459616985845,1.7228124093056518
231,0.6794338051623647,1.726944743346215
232,0.6869275603663614,1.7188537732250586
233,0.6896336386344712,1.712773363060201
234,0.6873438800999168,1.7059339885409925
235,0.6890091590341382,1.7023674713185586
236,0.6929641965029142,1.7008622329896137
237,0.6842214820982515,1.6980052523370786
238,0.6771440466278101,1.6952576332544904
239,0.694421315570358,1.6913464234135331
240,0.6933805162364696,1.6850143620414004
241,0.6998334721065779,1.680484946125453
242,0.6919233971690258,1.6765372229059172
243,0.6952539550374688,1.672631978293839
244,0.6979600333055787,1.6696431763861002
245,0.6973355537052456,1.6649927426932951
246,0.701082431307244,1.6623989071675285
247,0.6912989175686928,1.6633579534455998
248,0.6919233971690258,1.6564459139659542
249,0.7019150707743547,1.6578234859946168
250,0.6990008326394671,1.6435390576831903
251,0.6935886761032473,1.6422558460108545
252,0.6915070774354705,1.6463335670102743
253,0.698376353039134,1.6393681937312206
254,0.6958784346378019,1.6357171885873951
255,0.6979600333055787,1.632500808900044
256,0.7046211490424646,1.628952873735801
257,0.7106577851790175,1.6199109347833385
258,0.7046211490424646,1.6167692652749182
259,0.6996253122398002,1.6210718113218716
260,0.7054537885095754,1.6148762160991252
261,0.7058701082431307,1.6070486521542222
262,0.7048293089092423,1.608776089849321
263,0.7025395503746877,1.6016478759859325
264,0.708992506244796,1.599405130081431
265,0.7073272273105745,1.5968338647154745
266,0.7058701082431307,1.5981092522483782
267,0.7073272273105745,1.5876510193901792
268,0.7104496253122398,1.5835293233642769
269,0.694421315570358,1.5871423973231193
270,0.7102414654454621,1.581624787514851
271,0.7098251457119067,1.5705822016376936
272,0.7108659450457951,1.5762498752957677
273,0.7104496253122398,1.5653332560187474
274,0.7141965029142381,1.5606242586035812
275,0.7187760199833472,1.5560596209580853
276,0.7237718567860116,1.5532891776142868
277,0.7283513738551207,1.541884613672363
278,0.7102414654454621,1.5571432930543758
279,0.7237718567860116,1.5455686226176977
280,0.7160699417152373,1.545926595806182
281,0.7148209825145712,1.5425838196307395
282,0.7266860949208993,1.5390997641688084
283,0.7173189009159034,1.532635976829497
284,0.7198168193172356,1.5345594735070132
285,0.724188176519567,1.5277608959601383
286,0.7175270607826811,1.522177422374214
287,0.7127393838467944,1.535231936384895
288,0.7185678601165695,1.5176167872227995
289,0.7231473771856786,1.5142433495446108
290,0.716278101582015,1.510924315373169
291,0.7296003330557869,1.506378758360603
292,0.7256452955870109,1.5051061482751102
293,0.7183597002497918,1.5031924122676166
294,0.7283513738551207,1.496043977491266
295,0.7352206494587843,1.4934820633546002
296,0.723563696919234,1.495175550621217
297,0.7210657785179018,1.4919234480488608
298,0.734179850124896,1.4842307572559355
299,0.7345961698584513,1.4774007354548928
300,0.7362614487926727,1.4760335734444394
301,0.7252289758534555,1.4793236650694022
302,0.7333472106577852,1.4731059189541553
303,0.7312656119900083,1.4701440380971498
304,0.7304329725228976,1.4693126912716525
305,0.7316819317235637,1.4656130166772403
306,0.7358451290591174,1.461359526096633
307,0.7402164862614488,1.4574063000929147
308,0.7260616153205662,1.461002543903608
309,0.732098251457119,1.4638972894833746
310,0.7356369691923397,1.4470408200026552
311,0.7377185678601166,1.4520283757796593
312,0.735428809325562,1.4491192561998454
313,0.7433388842631141,1.4409539612207087
314,0.7391756869275604,1.4390991929170989
315,0.7373022481265612,1.4357898024893323
316,0.7414654454621149,1.4350607553985495
317,0.7333472106577852,1.4360745310485612
318,0.736053288925895,1.4279215832137744
319,0.7393838467943381,1.4260070757703123
320,0.7418817651956703,1.4240469043201254
321,0.7491673605328892,1.4168009036387332
322,0.7410491257285595,1.419951852314875
323,0.742714404662781,1.4176094798025343
324,0.7435470441298918,1.4066593285702746
325,0.7437552039966694,1.403818660830578
326,0.734804329725229,1.4038519882143388
327,0.7510407993338885,1.3993969959184391
328,0.7464612822647794,1.4022109655416777
329,0.7524979184013322,1.3927139136118258
330,0.7514571190674438,1.3895957013351732
331,0.7458368026644463,1.390105407005742
332,0.742714404662781,1.3888669492402343
333,0.7518734388009992,1.38074328073554
334,0.7566611157368859,1.3769033565608588
335,0.7481265611990008,1.3836875769816073
336,0.7481265611990008,1.3754983477350278
337,0.7552039966694422,1.3699637185921776
338,0.7545795170691091,1.3671301432592882
339,0.7543713572023314,1.3637227151514986
340,0.757910074937552,1.363938395724904
341,0.7483347210657785,1.3697256865251273
342,0.761865112406328,1.3618228410701767
343,0.7568692756036636,1.3603050007014152
344,0.7568692756036636,1.3572992745486028
345,0.7522897585345545,1.3544349459982434
346,0.757910074937552,1.353934875733648
347,0.7535387177352206,1.3499110741579563
348,0.7529142381348876,1.3431596892957982
349,0.7570774354704413,1.3456863883532255
350,0.7635303913405496,1.3372162108020322
351,0.767901748542881,1.3352906272175111
352,0.7637385512073273,1.3331646475565622
353,0.7624895920066611,1.3345938484237951
354,0.7599916736053289,1.3320028542678224
355,0.7566611157368859,1.328538535139543
356,0.7662364696086594,1.3201258640106672
357,0.7620732722731057,1.321053674377867
358,0.7681099084096586,1.3132217672841933
359,0.7601998334721066,1.3172437799264747
360,0.7701915070774354,1.3101927789422891
361,0.764571190674438,1.3163500497184328
362,0.763946711074105,1.3047937313583273
363,0.765820149875104,1.3067401271378567
364,0.7635303913405496,1.3078490633650883
365,0.761240632805995,1.3074421872703559
366,0.7768526228143214,1.2952337313651245
367,0.7739383846794338,1.298545769807401
368,0.7670691090757702,1.2964648511586438
369,0.7787260616153205,1.2802809461963662
370,0.7664446294754371,1.293964483755812
371,0.7649875104079933,1.2817429155235385
372,0.7674854288093256,1.284328199842391
373,0.7743547044129891,1.2849244113567966
374,0.7668609492089925,1.289441565292066
375,0.7745628642797668,1.2748054107162576
376,0.775811823480433,1.2751311439955662
377,0.7801831806827644,1.2671270866775195
378,0.7716486261448793,1.2691342297640569
379,0.776436303080766,1.2688353915297916
380,0.7778934221482098,1.2637891425975256
381,0.7741465445462115,1.262916801920739
382,0.7845545378850958,1.257432198643585
383,0.7833055786844296,1.2603586523062382
384,0.779766860949209,1.2556148082588634
385,0.7726894254787677,1.260484002015672
386,0.7774771024146545,1.2485404738677133
387,0.7795587010824313,1.2540389129660905
388,0.7793505412156536,1.2458686197330116
389,0.7799750208159867,1.247109526202244
390,0.7722731057452124,1.2478582636700581
391,0.7766444629475437,1.2494101241466704
392,0.783721898417985,1.240126319471545
393,0.7751873438800999,1.2420945605270868
394,0.7822647793505412,1.2338259941731564
395,0.7866361365528726,1.2306393886188187
396,0.7843463780183181,1.2310846485166527
397,0.7849708576186512,1.2250219534874756
398,0.7939217318900916,1.217485965042686
399,0.7928809325562032,1.2193324864655113
400,0.7839300582847627,1.2234719548991677
401,0.7903830141548709,1.212695451104373
402,0.7814321398834305,1.218381524780807
403,0.7822647793505412,1.2115618995980955
404,0.7833055786844296,1.213426358098293
405,0.7905911740216486,1.20688697370661
406,0.7941298917568693,1.2026555959032934
407,0.7864279766860949,1.2112031661898368
408,0.7860116569525396,1.2057968453007077
409,0.7887177352206495,1.2025649364941524
410,0.7941298917568693,1.1948990619351325
411,0.7895503746877602,1.1975865734308386
412,0.7920482930890924,1.1960227906356544
413,0.7920482930890924,1.1942324615537276
414,0.7945462114904246,1.1885694550237091
415,0.7937135720233139,1.1924449886310904
416,0.7922564529558701,1.1817433149193248
417,0.7920482930890924,1.1888128772167044
418,0.7974604496253123,1.173704038452447
419,0.7968359700249792,1.1818537421270174
420,0.7991257285595337,1.1720648396521385
421,0.7995420482930891,1.1701775386271926
422,0.8045378850957535,1.1681591031156313
423,0.7997502081598667,1.16966293098329
424,0.8039134054954205,1.1647326404307903
425,0.798293089092423,1.1665359012888035
426,0.7987094088259784,1.1652113686592553
427,0.7980849292256453,1.161537529725417
428,0.8053705245628643,1.1608870792746246
429,0.8014154870940883,1.1573533699176988
430,0.798293089092423,1.161434057749479
431,0.7997502081598667,1.1552512349931525
432,0.8024562864279767,1.1519802255892535
433,0.7901748542880933,1.16086218622106
434,0.8005828476269775,1.1536000083626359
435,0.798917568692756,1.154926163022663
436,0.8009991673605329,1.1464844432897512
437,0.8034970857618651,1.138896045240137
438,0.7999583680266444,1.1454958709253062
439,0.8039134054954205,1.1428918763064624
440,0.7951706910907577,1.1453180333458315
441,0.8003746877601998,1.1395589855688002
442,0.8070358034970858,1.1358179591478257
443,0.8072439633638634,1.1326366624268367
444,0.8091174021648626,1.1292264389058733
445,0.8087010824313072,1.1317723352248028
446,0.8161948376353039,1.1259687722076683
447,0.8043297252289758,1.1308871694250369
448,0.8057868442964197,1.1305158589900681
449,0.8153621981681932,1.1092832935640555
450,0.8074521232306411,1.1236930901958584
451,0.8151540383014155,1.119028992200275
452,0.8126561199000832,1.119256771474357
453,0.8047460449625312,1.1198719761254488
454,0.8093255620316403,1.1034690154581444
455,0.8172356369691923,1.1052856910834206
456,0.8093255620316403,1.1089232429477396
457,0.813488759367194,1.1068495765117483
458,0.813488759367194,1.1075593625179039
459,0.8116153205661948,1.1011820287132739
460,0.8176519567027477,1.1003606652439286
461,0.8191090757701915,1.093462892416415
462,0.8205661948376353,1.089866831935911
463,0.8203580349708576,1.0944019782850882
464,0.8195253955037469,1.0938994733618261
465,0.8166111573688593,1.0926991047509802
466,0.8157785179017485,1.0948856461554344
467,0.824729392173189,1.0910362163054557
468,0.8118234804329725,1.08842180273515
469,0.8147377185678601,1.0864977924948827
470,0.8130724396336386,1.0882360584829174
471,0.8195253955037469,1.084914486424115
472,0.8164029975020816,1.0807160423459061
473,0.81744379683597,1.0744184349399126
474,0.8261865112406328,1.0774384433284192
475,0.8268109908409659,1.070676208535003
476,0.81744379683597,1.0771589373470245
477,0.8251457119067444,1.0693650340954528
478,0.8232722731057452,1.06958697072473
479,0.8305578684429642,1.0629764709941156
480,0.8295170691090757,1.0633044436412686
481,0.8234804329725229,1.0633028781384255
482,0.8284762697751873,1.0566260836503587
483,0.8305578684429642,1.0574779081701935
484,0.828684429641965,1.0543119086016226
485,0.8203580349708576,1.0662340633478093
486,0.8251457119067444,1.050254136001339
487,0.8355537052456287,1.0495461797237793
488,0.8297252289758534,1.0465654548657726
489,0.8284762697751873,1.0540806195023256
490,0.8311823480432973,1.0408905150987624
491,0.8380516236469608,1.0462522749896848
492,0.8399250624479601,1.0354623845177426
493,0.8322231473771857,1.03639904416471
494,0.8249375520399667,1.0440172878629859
495,0.8249375520399667,1.0480145198121655
496,0.8390924229808493,1.0282833902762394
497,0.8228559533721899,1.0425745173358203
498,0.8334721065778518,1.0282760054543056
499,0.824729392173189,1.043983794469619
