epoch,categorical_accuracy,loss
0,0.47522897585345547,5.793620230256271
1,0.4866777685262281,5.38751564573785
2,0.4929225645295587,5.173341595064492
3,0.4902164862614488,4.944092166116096
4,0.5049958368026645,4.804319841081554
5,0.5066611157368859,4.701161502898484
6,0.5062447960033306,4.612997528317568
7,0.5,4.561745789128477
8,0.5101998334721066,4.505135704138992
9,0.5031223980016652,4.441836118499603
10,0.5066611157368859,4.393751289723418
11,0.5047876769358868,4.373637538865444
12,0.5083263946711074,4.342248874143399
13,0.5089508742714405,4.3058196464049425
14,0.5235220649458784,4.251635389462995
15,0.5043713572023314,4.249649081599404
16,0.5137385512073273,4.221568506623585
17,0.518526228143214,4.194409720605855
18,0.5301831806827644,4.150916684775626
19,0.5114487926727727,4.138776723590124
20,0.5193588676103247,4.136440343205677
21,0.5262281432139884,4.10898798907627
22,0.5266444629475437,4.083849888260815
23,0.5199833472106578,4.080031886088858
24,0.526436303080766,4.052192813649365
25,0.5353871773522065,4.039190870240566
26,0.5466278101582015,4.012489470911463
27,0.5460033305578684,4.008178756199312
28,0.5424646128226478,3.982889236955222
29,0.5505828476269775,3.9770853418196173
30,0.5505828476269775,3.9591646375108223
31,0.5647377185678601,3.930817821242232
32,0.5491257285595337,3.927366434187814
33,0.5589092422980849,3.9154484645214604
34,0.5684845961698585,3.8975971926261144
35,0.5682764363030808,3.8843794089372112
36,0.5682764363030808,3.868343690749906
37,0.5888842631140716,3.8540320650524738
38,0.5751457119067444,3.838232764594263
39,0.5755620316402997,3.825121491278935
40,0.5901332223147377,3.8041153386868007
41,0.5905495420482931,3.791574111290518
42,0.5967943380516236,3.768236628182226
43,0.6047044129891757,3.7533612795217546
44,0.5978351373855121,3.7511958363252713
45,0.6094920899250624,3.730405406094312
46,0.6115736885928393,3.7070469999194247
47,0.6017901748542881,3.6973658461654115
48,0.6169858451290591,3.6825939590587504
49,0.619067443796836,3.659341910796598
50,0.6257285595337219,3.6444810268583145
51,0.6119900083263947,3.6324612719133236
52,0.6226061615320566,3.6117891727339515
53,0.6367610324729392,3.5913685102645405
54,0.6402997502081599,3.5711858127635288
55,0.6253122398001665,3.565134008361537
56,0.6361365528726062,3.5394611636565982
57,0.6369691923397169,3.518393149681631
58,0.645503746877602,3.504305170934266
59,0.6417568692756037,3.486222161142951
60,0.649458784346378,3.469877062590295
61,0.6552872606161532,3.4485664844115904
62,0.649458784346378,3.4298123832944034
63,0.6604912572855953,3.4106619947657397
64,0.6588259783513739,3.3940020893932283
65,0.6509159034138218,3.380362587110089
66,0.667360532889259,3.356364485425417
67,0.6696502914238135,3.3420090808360206
68,0.671940049958368,3.320922270702581
69,0.6708992506244796,3.304743589707755
70,0.6650707743547044,3.288720717338797
71,0.6638218151540383,3.2669875578121976
72,0.6775603663613655,3.2518518050445504
73,0.6731890091590341,3.230841348212923
74,0.6798501248959201,3.211693413152385
75,0.6802664446294754,3.1972716424387757
76,0.6827643630308077,3.1815361424747057
77,0.6883846794338052,3.1636140038826186
78,0.6948376353039134,3.1412262581071686
79,0.6933805162364696,3.1244515765219507
80,0.6898417985012489,3.108359264592942
81,0.6935886761032473,3.091207777232949
82,0.6952539550374688,3.069556462576149
83,0.7054537885095754,3.060001589674239
84,0.7096169858451291,3.0358903832876316
85,0.7037885095753539,3.0270981899804617
86,0.705661948376353,3.0067985839986684
87,0.7160699417152373,2.9824110528610825
88,0.7046211490424646,2.9771357876970606
89,0.7187760199833472,2.954427139050359
90,0.7233555370524563,2.935834526519394
91,0.7212739383846795,2.9212355097565026
92,0.7250208159866778,2.9034031100515323
93,0.7293921731890092,2.8841108160153914
94,0.7156536219816819,2.8802817596384727
95,0.7260616153205662,2.859749326896509
96,0.7329308909242298,2.8392543999182
97,0.7404246461282264,2.821809232483101
98,0.7414654454621149,2.8032008630846263
99,0.731473771856786,2.7980723831675434
100,0.7485428809325562,2.774998276160222
101,0.7418817651956703,2.7632575676304216
102,0.7418817651956703,2.7492139069464283
103,0.7502081598667777,2.728350866247871
104,0.7452123230641132,2.716475956048894
105,0.7566611157368859,2.699462707195552
106,0.7585345545378851,2.6880788703842224
107,0.7535387177352206,2.6735452323233853
108,0.7587427144046628,2.6583256683778407
109,0.765195670274771,2.6381507203739747
110,0.7587427144046628,2.628856331978511
111,0.7570774354704413,2.6194680203605354
112,0.7731057452123231,2.593091143060981
113,0.765195670274771,2.5884877327181317
114,0.7766444629475437,2.5618277570786425
115,0.7735220649458784,2.554956409754503
116,0.7737302248126561,2.544473175402982
117,0.7818484596169858,2.520941573316906
118,0.7889258950874272,2.505928197173056
119,0.7835137385512073,2.498029349547044
120,0.787052456286428,2.4819202526324395
121,0.787052456286428,2.4757622322571664
122,0.7947543713572023,2.4553075388607435
123,0.7845545378850958,2.45403476241824
124,0.791631973355537,2.4333333973086546
125,0.79766860949209,2.420993291170373
126,0.8003746877601998,2.4019596221345747
127,0.7978767693588676,2.3940925201111094
128,0.801623646960866,2.387226276056256
129,0.8024562864279767,2.3618792639882438
130,0.801623646960866,2.354491253875872
131,0.809533721898418,2.3428172531175573
132,0.8103663613655288,2.327504175092457
133,0.8172356369691923,2.3120115928904004
134,0.8180682764363031,2.3004254383608065
135,0.8084929225645295,2.2984061185565223
136,0.8211906744379683,2.2786561261605067
137,0.8224396336386345,2.2688097814834682
138,0.8189009159034139,2.2629121963824956
139,0.8259783513738551,2.246793816429094
140,0.8263946711074105,2.2307876579767463
141,0.8288925895087427,2.2184664589677823
142,0.8395087427144047,2.2046233754074644
143,0.8276436303080766,2.1963808849193374
144,0.8395087427144047,2.177067123781533
145,0.8340965861781848,2.1744944277055853
146,0.8370108243130724,2.1655397268258763
147,0.8440882597835138,2.143364982144422
148,0.8386761032472939,2.1463671762877756
149,0.8424229808492922,2.1310004520972106
150,0.8474188176519567,2.117305393917773
151,0.8417985012489592,2.108104909091667
152,0.839300582847627,2.101906137204389
153,0.8457535387177352,2.0877302471148185
154,0.8547044129891757,2.0727387012589684
155,0.8476269775187344,2.0696580378240985
156,0.8507493755203996,2.052044651887498
157,0.8503330557868443,2.0466438802850933
158,0.8586594504579517,2.034184768833189
159,0.86240632805995,2.0159228894236088
160,0.8615736885928393,2.0101261785087936
161,0.8686511240632806,1.995554213122861
162,0.8734388009991674,1.9825090796226863
163,0.8659450457951707,1.9795041320524447
164,0.8680266444629475,1.9746849571636178
165,0.8638634471273938,1.9640033271886428
166,0.8605328892589509,1.9595985462226837
167,0.8680266444629475,1.9458914460190924
168,0.8757285595337219,1.9270522927959992
169,0.8715653621981682,1.92201437471709
170,0.880932556203164,1.9075916711734198
171,0.8744796003330558,1.9084290473486958
172,0.8751040799333888,1.8954433579925296
173,0.8713572023313905,1.8908803350820231
174,0.8790591174021649,1.8835779310364609
175,0.888218151540383,1.8614355818020314
176,0.8815570358034971,1.8559539347862224
177,0.8886344712739384,1.8490345501879868
178,0.8859283930058285,1.8397279451729158
179,0.8840549542048293,1.8303923446074017
180,0.8919650291423813,1.827391659389626
181,0.8857202331390508,1.8121020238067982
182,0.8817651956702748,1.815839409530411
183,0.8930058284762697,1.7963572008028117
184,0.8934221482098251,1.7898025931565589
185,0.898834304746045,1.77199593729818
186,0.8965445462114904,1.7670075192638082
187,0.891548709408826,1.7628307976790214
188,0.895503746877602,1.7549430476338739
189,0.9009159034138218,1.74349071888205
190,0.895503746877602,1.7392866343483142
191,0.8986261448792673,1.7293122957191498
192,0.902789342214821,1.7188099053976043
193,0.8990424646128227,1.7100756951513933
194,0.9034138218151541,1.7066400106701625
195,0.9079933388842631,1.6905150275544063
196,0.9096586178184846,1.6837627706083031
197,0.9092422980849292,1.6791580477721686
198,0.902789342214821,1.6769938675390492
199,0.9109075770191507,1.6616445862184854
200,0.9069525395503747,1.6645544371338907
201,0.9138218151540383,1.645777367533097
202,0.9102830974188176,1.6366959130337198
203,0.9123646960865945,1.6345266644702565
204,0.9144462947543713,1.630247931992581
205,0.9161115736885929,1.6163676474910296
206,0.9181931723563697,1.6139915560207
207,0.9204829308909243,1.6013602102725928
208,0.9138218151540383,1.6009302553189586
209,0.9138218151540383,1.5962372477306712
210,0.9148626144879267,1.5928784366650546
211,0.9192339716902581,1.5766119150992337
212,0.9215237302248127,1.566902760562055
213,0.9198584512905912,1.5625772106955191
214,0.9217318900915903,1.5518522474986132
215,0.9261032472939217,1.547814549851874
216,0.9265195670274771,1.5383338306865326
217,0.9188176519567027,1.5443093611934005
218,0.9200666111573689,1.5272006877356028
219,0.9256869275603664,1.5193589010603918
220,0.9223563696919234,1.516269546662838
221,0.9196502914238135,1.5141673095021815
222,0.9265195670274771,1.5057049745524753
223,0.9335970024979184,1.4919582955743946
224,0.9319317235636969,1.4853612977598827
225,0.9263114071606994,1.4840424531306156
226,0.9327643630308077,1.4741624851806476
227,0.925895087427144,1.4727049793033775
228,0.9360949208992506,1.457165860018067
229,0.9358867610324729,1.4559362374376397
230,0.9279766860949209,1.4551407709209052
231,0.9350541215653622,1.4442212239193182
232,0.9302664446294754,1.4450262052431193
233,0.9338051623646961,1.4335852122922226
234,0.9450457951706911,1.4185163561847187
235,0.9371357202331391,1.418192771352598
236,0.9340133222314738,1.4179822525116526
237,0.9385928393005828,1.4088654961812308
238,0.9358867610324729,1.4069984731428034
239,0.9408825978351374,1.3986486451611928
240,0.9390091590341382,1.3905514854872654
241,0.9421315570358035,1.3846579446681433
242,0.9373438800999168,1.3847591031302422
243,0.943796835970025,1.3725250610999522
244,0.9429641965029142,1.37085697871263
245,0.9408825978351374,1.3704675319887618
246,0.9396336386344712,1.3641408336450416
247,0.9371357202331391,1.3581900842779384
248,0.9448376353039134,1.3451887388014971
249,0.9458784346378019,1.3455757912152218
250,0.9429641965029142,1.3416806706580195
251,0.9450457951706911,1.3306292759985054
252,0.9450457951706911,1.3334197596050519
253,0.9433805162364696,1.3281425700199594
254,0.9479600333055787,1.317630807426351
255,0.9508742714404663,1.313783382992264
256,0.9529558701082431,1.3005197824387627
257,0.9500416319733556,1.3019118012238502
258,0.9448376353039134,1.3011679149090896
259,0.95233139050791,1.2902391051174102
260,0.9442131557035803,1.2939906229484488
261,0.9450457951706911,1.288963472614876
262,0.947751873438801,1.2796861648956603
263,0.9498334721065779,1.2755594227732865
264,0.9533721898417985,1.2678225021576703
265,0.9492089925062448,1.2653727012311886
266,0.9525395503746877,1.2554172331050075
267,0.9529558701082431,1.252534281602013
268,0.9514987510407993,1.2503398972486675
269,0.9481681931723563,1.2507423937668114
270,0.9546211490424646,1.2386547545410016
271,0.958992506244796,1.230130089609748
272,0.951706910907577,1.2331986107695212
273,0.9512905911740216,1.2325391371383159
274,0.9604496253122398,1.2225342469846676
275,0.9506661115736886,1.2246079988821064
276,0.9473355537052456,1.2240939179030583
277,0.9573272273105745,1.208232934627803
278,0.9581598667776853,1.201708626886093
279,0.955661948376353,1.2017135437481807
280,0.9587843463780183,1.192583121824622
281,0.9602414654454621,1.184048771758957
282,0.9579517069109076,1.184814939292444
283,0.958368026644463,1.1782009851724082
284,0.9606577851790175,1.1764976294411906
285,0.958992506244796,1.1739306202736821
286,0.9606577851790175,1.1661728710854282
287,0.9573272273105745,1.1685664874131634
288,0.9650291423813488,1.1530742616478749
289,0.9596169858451291,1.158688600811732
290,0.958992506244796,1.1558062485314526
291,0.958992506244796,1.1511732541353479
292,0.9621149042464613,1.1477354648806075
293,0.9625312239800167,1.138019043241909
294,0.9587843463780183,1.1362955519599185
295,0.9619067443796836,1.1335444634998966
296,0.9619067443796836,1.1301269290052187
297,0.9631557035803497,1.1254375940754848
298,0.9646128226477935,1.1235958586922294
299,0.9648209825145712,1.1172135009257422
300,0.9616985845129059,1.111200125290889
301,0.9621149042464613,1.1097344066777097
302,0.9696086594504579,1.0976948986244044
303,0.9644046627810158,1.1004575526684548
304,0.9685678601165695,1.0937949045810176
305,0.9635720233139051,1.094590163052231
306,0.9681515403830142,1.0865209054986602
307,0.9648209825145712,1.0844384853190725
308,0.9654454621149042,1.082949158750307
309,0.9646128226477935,1.074728259833826
310,0.9654454621149042,1.0771128081659989
311,0.9666944213155704,1.0700997173736535
312,0.9660699417152373,1.0643661857941664
313,0.9723147377185679,1.0587712526817703
314,0.9658617818484596,1.0587375686130953
315,0.9696086594504579,1.0482535467457512
316,0.9639883430474604,1.053733763895265
317,0.9708576186511241,1.0442593202404338
318,0.9679433805162365,1.0481006379528506
319,0.9656536219816819,1.0429200637747504
320,0.966278101582015,1.039511619459878
321,0.9687760199833472,1.0338285270082663
322,0.9673189009159034,1.0288803643926197
323,0.9687760199833472,1.027026003296429
324,0.9700249791840133,1.0204223249476716
325,0.9666944213155704,1.0248389113058556
326,0.9671107410491258,1.016738487322265
327,0.9666944213155704,1.0211285894657551
328,0.9731473771856786,1.0105631261642132
329,0.970233139050791,1.00779215615556
330,0.9679433805162365,1.0055403284089552
331,0.9718984179850125,0.9998594049013823
332,0.9679433805162365,0.9970122122645477
333,0.974188176519567,0.9891751551012711
334,0.9746044962531224,0.9876013864188469
335,0.9685678601165695,0.9882558199090823
336,0.9773105745212323,0.9762969113309418
337,0.9700249791840133,0.9781390973471483
338,0.9739800166527893,0.9801142539311011
339,0.9721065778517902,0.973322149865534
340,0.9733555370524563,0.9663115338818616
341,0.9739800166527893,0.9674302691424717
342,0.9685678601165695,0.9692983985145721
343,0.9727310574521232,0.9654258815176183
344,0.9718984179850125,0.9611688235419478
345,0.9737718567860116,0.9534897974984632
346,0.9725228975853455,0.9547427215742926
347,0.9756452955870109,0.9481463618421435
348,0.9746044962531224,0.9481375917705469
349,0.9773105745212323,0.9429774534493859
350,0.9727310574521232,0.9431698930749886
351,0.9723147377185679,0.9432366963826448
352,0.9725228975853455,0.9366055995995158
353,0.9746044962531224,0.9320915838661639
354,0.974188176519567,0.9307037919983082
355,0.97751873438801,0.9245092747213441
356,0.9725228975853455,0.9214705252131257
357,0.9721065778517902,0.9221767257591965
358,0.9739800166527893,0.9216645122765502
359,0.97751873438801,0.9162810610097016
360,0.9727310574521232,0.9151205537618944
361,0.9725228975853455,0.9129808084057531
362,0.9766860949208993,0.9060218893518853
363,0.9773105745212323,0.9023508278158284
364,0.978143213988343,0.9028841141459348
365,0.9752289758534555,0.9004063444471081
366,0.97751873438801,0.8930079783130744
367,0.9779350541215653,0.8932328358677206
368,0.9758534554537885,0.8906036203945805
369,0.9773105745212323,0.885630254443738
370,0.9758534554537885,0.8849736822336342
371,0.9731473771856786,0.887589685029531
372,0.9768942547876769,0.8821962159142506
373,0.9785595337218984,0.8760916258671401
374,0.97751873438801,0.8735342754809485
375,0.9756452955870109,0.8738014246899322
376,0.9773105745212323,0.8728482330172981
377,0.9754371357202332,0.8674093321102248
378,0.9762697751873439,0.8668040668438317
379,0.9756452955870109,0.8627730216908515
380,0.9789758534554538,0.8576099572828866
381,0.9785595337218984,0.8522192792134122
382,0.9785595337218984,0.8529347642871561
383,0.9787676935886761,0.8460889733105674
384,0.9829308909242298,0.8438942348033959
385,0.9783513738551207,0.8458864396557423
386,0.9768942547876769,0.8460463478007384
387,0.9793921731890092,0.8408450959227067
388,0.9787676935886761,0.8410923224900981
389,0.9839716902581183,0.833471420454443
390,0.9787676935886761,0.8335494431825998
391,0.978143213988343,0.8340045642495453
392,0.9777268942547876,0.8322673984411654
393,0.9787676935886761,0.8289745051993815
394,0.9787676935886761,0.823493542272185
395,0.9783513738551207,0.8272116061650545
396,0.9793921731890092,0.8176291446006864
397,0.9756452955870109,0.822831236502213
398,0.9812656119900083,0.8153277045483395
399,0.9754371357202332,0.8177532798840939
400,0.980849292256453,0.8129823993981431
401,0.97751873438801,0.8116603475327694
402,0.9802248126561199,0.8044207392386056
403,0.982098251457119,0.799620116878608
404,0.9825145711906744,0.7992953762821512
405,0.9802248126561199,0.8021651135693978
406,0.9827227310574521,0.7934914356862178
407,0.9812656119900083,0.793964440379909
408,0.9779350541215653,0.7912859958871814
409,0.9818900915903414,0.7898484893782153
410,0.9789758534554538,0.7912438009601152
411,0.980849292256453,0.7865628975813435
412,0.9798084929225646,0.7865456485629181
413,0.9818900915903414,0.7781378756355585
414,0.9812656119900083,0.7798113595635369
415,0.9766860949208993,0.7795787138009845
416,0.9810574521232306,0.772641426766544
417,0.9798084929225646,0.7732011262423589
418,0.9825145711906744,0.7693655400550137
419,0.9827227310574521,0.7644887135288896
420,0.9825145711906744,0.7646992344046314
421,0.9789758534554538,0.7663363833213032
422,0.9798084929225646,0.7621014497361512
423,0.9829308909242298,0.7573342224044863
424,0.9812656119900083,0.759916059083486
425,0.9816819317235637,0.752797429359128
426,0.9812656119900083,0.7546934342007157
427,0.984179850124896,0.752526619700369
428,0.9823064113238967,0.7456055528218304
429,0.9804329725228976,0.7506082306098779
430,0.9852206494587843,0.7404779387850448
431,0.9833472106577852,0.7441959803944126
432,0.982098251457119,0.7453415211193964
433,0.9802248126561199,0.7402847650446165
434,0.9804329725228976,0.7392370463608703
435,0.9789758534554538,0.7369681082101388
436,0.9800166527893422,0.7361404819353534
437,0.981473771856786,0.7350576707068133
438,0.9823064113238967,0.7346386509969967
439,0.9796003330557869,0.7307738375405686
440,0.9839716902581183,0.7228551807252692
441,0.9852206494587843,0.7248265774521998
442,0.9804329725228976,0.7228292460048527
443,0.9804329725228976,0.721408853771089
444,0.9812656119900083,0.7230958124680086
445,0.9816819317235637,0.721788417042344
446,0.982098251457119,0.711928137732386
447,0.9825145711906744,0.718324044463438
448,0.9818900915903414,0.7107951926450546
449,0.9843880099916736,0.7094908606301339
450,0.9850124895920067,0.7044173833432543
451,0.982098251457119,0.7104777090753941
452,0.981473771856786,0.7065399843489102
453,0.9812656119900083,0.704436120790407
454,0.9837635303913406,0.7041102112282523
455,0.9827227310574521,0.6998157555316509
456,0.9823064113238967,0.6999561291352399
457,0.9843880099916736,0.6941645321599847
458,0.982098251457119,0.6962508434657749
459,0.9818900915903414,0.6970032796970911
460,0.9825145711906744,0.6886544825135421
461,0.9835553705245629,0.690263914377068
462,0.9858451290591174,0.6878846282764438
463,0.9831390507910075,0.6865695686165637
464,0.985428809325562,0.6825521077641242
465,0.9833472106577852,0.6861227385011144
466,0.984179850124896,0.6799388734823858
467,0.9818900915903414,0.6796413010899769
468,0.984804329725229,0.6766318159238385
469,0.9816819317235637,0.6790761193764597
470,0.9833472106577852,0.6756765129762724
471,0.9827227310574521,0.6756967737414656
472,0.9845961698584513,0.675534050629399
473,0.9833472106577852,0.673716442769612
474,0.9839716902581183,0.6665456323798352
475,0.9829308909242298,0.6694993796594733
476,0.984179850124896,0.6640295684585762
477,0.9843880099916736,0.6633918484879175
478,0.9875104079933389,0.6588291061807929
479,0.9839716902581183,0.6620964994537741
480,0.984179850124896,0.6592734821333079
481,0.9852206494587843,0.6577714205681533
482,0.9829308909242298,0.6595259949527712
483,0.9858451290591174,0.6522914360306047
484,0.9810574521232306,0.6533019176927037
485,0.9833472106577852,0.6500925654475636
486,0.9845961698584513,0.6510711738112368
487,0.9829308909242298,0.6474933327485084
488,0.9879267277268943,0.6447296366902017
489,0.9866777685262281,0.6418026995400803
490,0.9825145711906744,0.6447975861837624
491,0.9845961698584513,0.6408726372984823
492,0.9845961698584513,0.6424873458356484
493,0.9835553705245629,0.6390106000074439
494,0.985428809325562,0.6382610473307245
495,0.9852206494587843,0.6362430468685522
496,0.985428809325562,0.6333257303349085
497,0.9823064113238967,0.6344958511022207
498,0.9845961698584513,0.6322893448713717
499,0.9864696086594504,0.6310374777481816
