epoch,categorical_accuracy,loss
0,0.5249791840133222,4.2099804431572245
1,0.5237302248126561,3.9648045952572217
2,0.5197751873438801,3.8068247172953584
3,0.5199833472106578,3.725968512567652
4,0.5097835137385512,3.6684244306359464
5,0.514571190674438,3.5937374094741528
6,0.5133222314737719,3.495932064882226
7,0.5141548709408826,3.454209801557161
8,0.5106161532056619,3.395836264366512
9,0.5099916736053289,3.3099883220078645
10,0.5101998334721066,3.2648830199420305
11,0.5035387177352206,3.2354311751485567
12,0.517901748542881,3.18242282990512
13,0.5029142381348876,3.182005854470843
14,0.5062447960033306,3.096844174482741
15,0.5114487926727727,3.0264694089198687
16,0.5116569525395503,3.004991279652871
17,0.511865112406328,2.9743333474285496
18,0.5101998334721066,2.936777890870017
19,0.515195670274771,2.904319299448539
20,0.5220649458784347,2.8820494146370867
21,0.5085345545378851,2.8782955212557346
22,0.515820149875104,2.857341125545454
23,0.5210241465445462,2.824794179692455
24,0.5226894254787677,2.7877093228968257
25,0.5101998334721066,2.791001639497171
26,0.5122814321398834,2.76520027367896
27,0.5210241465445462,2.7293524734185795
28,0.511865112406328,2.743829202691681
29,0.5276852622814321,2.7036897030400793
30,0.526436303080766,2.661268384331569
31,0.5168609492089925,2.6844186667697216
32,0.5203996669442131,2.6562724169049035
33,0.5237302248126561,2.645090083496259
34,0.5262281432139884,2.623411714782524
35,0.519150707743547,2.6249080752452945
36,0.5272689425478768,2.6057216438226756
37,0.5147793505412157,2.5969837331255707
38,0.5341382181515404,2.573064675239798
39,0.5235220649458784,2.5867425797880936
40,0.5203996669442131,2.5694127696241367
41,0.5389258950874272,2.5419140116161945
42,0.5308076602830974,2.5326377936545064
43,0.5243547044129891,2.5312708091179994
44,0.5074937552039966,2.5430650603860543
45,0.5241465445462115,2.5285888734606283
46,0.5283097418817652,2.5123509548784395
47,0.5333055786844296,2.4827565724009975
48,0.529766860949209,2.4900495227826425
49,0.5318484596169858,2.4731941298580886
50,0.5251873438800999,2.4870958874168045
51,0.5253955037468776,2.4611979092686105
52,0.52248126561199,2.4538708038870043
53,0.5291423813488759,2.45609759669022
54,0.5358034970857619,2.4408641544408742
55,0.5403830141548709,2.433152592450157
56,0.5372606161532056,2.433940972217811
57,0.5322647793505412,2.4224314902049118
58,0.5243547044129891,2.4299811423569295
59,0.5305995004163198,2.414266642086909
60,0.5320566194837635,2.4101744976567785
61,0.5399666944213156,2.4008094922986056
62,0.5422564529558701,2.3958868063260477
63,0.5389258950874272,2.3937682341179385
64,0.5241465445462115,2.3911931167335734
65,0.5243547044129891,2.3974126743138777
66,0.5339300582847627,2.3814669566587248
67,0.5393422148209825,2.3731592676224658
68,0.5247710241465445,2.368065353039401
69,0.5383014154870941,2.352204323013458
70,0.5397585345545379,2.35381843406493
71,0.5507910074937552,2.347371955398318
72,0.5426727726894255,2.3342112190618205
73,0.541007493755204,2.343105159135385
74,0.5501665278934221,2.326732538820405
75,0.5330974188176519,2.3346203415717413
76,0.5397585345545379,2.3285107807156247
77,0.5422564529558701,2.3170855150532463
78,0.5428809325562032,2.3107200210834917
79,0.5339300582847627,2.3157874178032793
80,0.5351790174854288,2.3112977114843387
81,0.5493338884263114,2.2917527132089885
82,0.5360116569525396,2.2997172190485946
83,0.5395503746877602,2.2916181814065086
84,0.5368442964196503,2.285759159766268
85,0.5391340549542049,2.2802292425169934
86,0.5439217318900916,2.2772573110562977
87,0.5372606161532056,2.2781992973038596
88,0.5403830141548709,2.267839381140932
89,0.5393422148209825,2.2681397405095542
90,0.5364279766860949,2.260438917677766
91,0.5528726061615321,2.2548532773811156
92,0.5451706910907577,2.251359031758241
93,0.5407993338884263,2.244388490989742
94,0.5395503746877602,2.2469169317336006
95,0.5424646128226478,2.241062155770422
96,0.5474604496253123,2.2357401988786227
97,0.5389258950874272,2.2298311190640896
98,0.5468359700249792,2.218784563348851
99,0.5474604496253123,2.2177483878663735
100,0.5420482930890924,2.220463423804379
101,0.5460033305578684,2.21096985762959
102,0.5584929225645295,2.20135383343915
103,0.5422564529558701,2.2135193872015044
104,0.5568276436303081,2.1973236343644245
105,0.5609908409658618,2.1893809764808063
106,0.5539134054954205,2.184575334774465
107,0.5545378850957535,2.1876231842890665
108,0.571398834304746,2.171508743205138
109,0.5661948376353039,2.171786401293657
110,0.5551623646960866,2.1709326059990977
111,0.5620316402997502,2.160396634986458
112,0.5499583680266444,2.1630084943414034
113,0.5493338884263114,2.1649719981924878
114,0.5557868442964197,2.147226274956474
115,0.5632805995004163,2.1472720230350286
116,0.5541215653621981,2.149888333035548
117,0.5736885928393006,2.1360460836424817
118,0.5616153205661948,2.1349995771514485
119,0.5603663613655288,2.130324120922549
120,0.5624479600333055,2.1220858565575873
121,0.5647377185678601,2.1209798170863143
122,0.559533721898418,2.1184894885746863
123,0.5618234804329725,2.111459914889562
124,0.5518318068276437,2.1102624650204014
125,0.5589092422980849,2.1096455280627935
126,0.5693172356369692,2.101026392896209
127,0.5624479600333055,2.0964957881628923
128,0.5541215653621981,2.0865163826922593
129,0.5670274771024146,2.0793041446425335
130,0.5630724396336386,2.082281468115083
131,0.5730641132389676,2.0744985472054207
132,0.5666111573688593,2.0731680722756747
133,0.5778517901748543,2.066728181386371
134,0.5703580349708576,2.061358908233198
135,0.5718151540383014,2.0612319773381
136,0.5751457119067444,2.0545047938476295
137,0.5659866777685262,2.052537397282209
138,0.5770191507077436,2.044380116919296
139,0.5686927560366362,2.0396102129867133
140,0.570774354704413,2.0414685297766693
141,0.5659866777685262,2.036894934064244
142,0.5703580349708576,2.0296903397022534
143,0.5828476269775187,2.021420949603199
144,0.5639050791007494,2.0241753350288842
145,0.5611990008326395,2.0189364867643156
146,0.5684845961698585,2.0126755600864943
147,0.5772273105745213,2.0035922536246487
148,0.5776436303080766,2.0032088095500606
149,0.5745212323064113,1.9988705425040112
150,0.579308909242298,1.9924043086446592
151,0.5847210657785179,1.9866421836103427
152,0.5855537052456287,1.9804220543018884
153,0.5749375520399667,1.9852949080121804
154,0.5772273105745213,1.9770241490410925
155,0.5749375520399667,1.975323566786951
156,0.5857618651124064,1.964261850052134
157,0.5815986677768527,1.9608791593111723
158,0.5795170691090757,1.960760861709652
159,0.593255620316403,1.9548630148643855
160,0.5797252289758534,1.9486433953468647
161,0.5797252289758534,1.9439483649724727
162,0.5791007493755204,1.9460130443580939
163,0.5682764363030808,1.9412287206673602
164,0.5886761032472939,1.9340220517064015
165,0.5868026644462948,1.928126414153697
166,0.5863863447127394,1.9245463256335675
167,0.5938800999167361,1.9186402287312492
168,0.5863863447127394,1.914077440963796
169,0.5934637801831807,1.9131999646098687
170,0.5851373855120733,1.9091154395491754
171,0.5840965861781848,1.9020799379563154
172,0.5845129059117402,1.9038302080518101
173,0.5868026644462948,1.8948221981872826
174,0.585345545378851,1.891050727937144
175,0.5961698584512906,1.8850262992884297
176,0.597210657785179,1.8831979519719386
177,0.5861781848459617,1.8820031347322423
178,0.593255620316403,1.876260836455943
179,0.5945045795170691,1.867798971097535
180,0.5901332223147377,1.8677166735103585
181,0.5940882597835138,1.8629660284787193
182,0.5836802664446294,1.8588837904298832
183,0.6040799333888426,1.8498587858468467
184,0.5965861781848459,1.848579915735148
185,0.604496253122398,1.843041148114264
186,0.5990840965861782,1.8373909733079057
187,0.5982514571190675,1.8354864208823338
188,0.5940882597835138,1.8361730344289546
189,0.5940882597835138,1.8292427746878377
190,0.6097002497918401,1.8240433690152895
191,0.5995004163197336,1.823801997797773
192,0.6067860116569526,1.8149150214921823
193,0.6032472939217319,1.8159124346994342
194,0.6069941715237303,1.8141669604700867
195,0.5992922564529559,1.8069853328050522
196,0.6063696919233972,1.8054392349710076
197,0.6053288925895087,1.8001900240344668
198,0.5974188176519567,1.7949755191802979
199,0.5995004163197336,1.7933843407801644
200,0.6171940049958368,1.7794081377645614
201,0.5938800999167361,1.785401517405895
202,0.6065778517901749,1.7783832142096971
203,0.5978351373855121,1.7779817637754023
204,0.5930474604496253,1.7747579657167916
205,0.6126144879267277,1.7662425302248215
206,0.615736885928393,1.7642164521173673
207,0.6036636136552873,1.7619239659630985
208,0.6067860116569526,1.7552327914202244
209,0.6063696919233972,1.7548252953577796
210,0.608451290591174,1.747940511131763
211,0.6128226477935054,1.741841474341711
212,0.6101165695253955,1.7449043559392823
213,0.6049125728559533,1.7405178819866005
214,0.6126144879267277,1.735837781657585
215,0.6146960865945046,1.7278131359721303
216,0.611157368859284,1.7268414659166613
217,0.6146960865945046,1.7275324399822658
218,0.6201082431307244,1.7151233343954984
219,0.6109492089925063,1.7190469463699367
220,0.6161532056619484,1.7090049619777912
221,0.6167776852622814,1.7124460503818788
222,0.6194837635303914,1.7002484704135956
223,0.6219816819317235,1.6989096913309916
224,0.6138634471273938,1.6996197412651246
225,0.6149042464612823,1.6951552447828027
226,0.6221898417985012,1.687939870565956
227,0.6182348043297252,1.687390546417554
228,0.6221898417985012,1.6855149725692458
229,0.6246877601998335,1.6810164648130672
230,0.6199000832639467,1.6782998810402063
231,0.6178184845961698,1.673331726599891
232,0.619691923397169,1.6704462080772076
233,0.615736885928393,1.6687911822337294
234,0.6259367194004996,1.6570564813161273
235,0.61511240632806,1.6595200816360143
236,0.6155287260616153,1.653635078028378
237,0.6246877601998335,1.6538836783314625
238,0.6236469608659451,1.6514877389610856
239,0.6240632805995004,1.6407171985092608
240,0.6215653621981682,1.6422772581233867
241,0.6273938384679434,1.6352724610121423
242,0.6199000832639467,1.63693311142981
243,0.6315570358034971,1.6306931144688945
244,0.6284346378018318,1.6283491331770656
245,0.6199000832639467,1.6278421239590863
246,0.6255203996669442,1.6254612424788526
247,0.6325978351373855,1.6179913679427846
248,0.6171940049958368,1.6179112060977259
249,0.619067443796836,1.6112375102571206
250,0.6290591174021649,1.6119594677203304
251,0.6265611990008326,1.6088766191126802
252,0.6325978351373855,1.5993231629253326
253,0.6244796003330558,1.5991610343212093
254,0.6400915903413822,1.5925283304956137
255,0.6344712739383847,1.5922616055168577
256,0.6323896752706079,1.5907827539308979
257,0.6332223147377186,1.5816994976937822
258,0.6276019983347211,1.5847778986336092
259,0.630932556203164,1.5807390081991661
260,0.6265611990008326,1.582146047851029
261,0.6305162364696086,1.571967343208097
262,0.6328059950041632,1.572590905958965
263,0.6417568692756037,1.566601663406048
264,0.6427976686094921,1.5644554526085261
265,0.638218151540383,1.5580083017643047
266,0.6392589508742714,1.5534345715568028
267,0.6344712739383847,1.5539053736082422
268,0.6417568692756037,1.54572799134314
269,0.6315570358034971,1.5537623703033103
270,0.6325978351373855,1.5480933413715983
271,0.6442547876769359,1.5380569425451072
272,0.6465445462114904,1.5383981891119114
273,0.6380099916736053,1.5374783629878772
274,0.6334304746044963,1.534770852917934
275,0.641548709408826,1.5234518235768009
276,0.6405079100749376,1.5306341721552992
277,0.6396752706078268,1.5296001065085074
278,0.6363447127393839,1.5193241064395635
279,0.641548709408826,1.5191615596599721
280,0.6336386344712739,1.5167367694578402
281,0.6517485428809325,1.5137167516894185
282,0.6332223147377186,1.5112515627394905
283,0.6480016652789342,1.5085609775101712
284,0.6330141548709409,1.504703372940235
285,0.6461282264779351,1.501399890767049
286,0.6344712739383847,1.5049825457113173
287,0.6473771856786011,1.4964272688072389
288,0.6430058284762697,1.4971210268713055
289,0.6467527060782681,1.48931695708228
290,0.642173189009159,1.4871827302427714
291,0.6465445462114904,1.484053857618327
292,0.6504995836802664,1.4801318488649087
293,0.6400915903413822,1.4764306373540608
294,0.6480016652789342,1.4726844522776354
295,0.6492506244796004,1.474195661096152
296,0.6517485428809325,1.4755919142428484
297,0.6461282264779351,1.4683425625992457
298,0.6536219816819318,1.4614845589733838
299,0.6407160699417153,1.4657542699580388
300,0.6511240632805995,1.4649768570479902
301,0.6396752706078268,1.4596948035055155
302,0.6509159034138218,1.4552895475883072
303,0.6532056619483764,1.4508640118979297
304,0.648834304746045,1.449523392366827
305,0.6544546211490425,1.4463228212605905
306,0.6615320566194838,1.4470462680954819
307,0.6536219816819318,1.4448903709724483
308,0.6536219816819318,1.4431105622840266
309,0.6548709408825978,1.4323442536130933
310,0.6569525395503747,1.429519807865578
311,0.652789342214821,1.4346952674589388
312,0.6642381348875936,1.4270257974643692
313,0.6629891756869276,1.4247057731701471
314,0.6486261448792673,1.428042345995907
315,0.6523730224812656,1.4242331860563737
316,0.6463363863447127,1.4234947458492726
317,0.664654454621149,1.4147979086582905
318,0.6542464612822648,1.414554321795677
319,0.6490424646128227,1.4159205477005437
320,0.6659034138218152,1.4086979185909554
321,0.652789342214821,1.4094045482805428
322,0.656744379683597,1.4029195787110595
323,0.6615320566194838,1.3999613921509297
324,0.6550791007493755,1.4003564158049748
325,0.6669442131557036,1.3913051486511612
326,0.6550791007493755,1.394408054593997
327,0.6665278934221482,1.3910882977224408
328,0.6621565362198168,1.39018715033424
329,0.6542464612822648,1.3893409787764854
330,0.6577851790174855,1.3893713479633634
331,0.6702747710241466,1.3799413814830541
332,0.6696502914238135,1.3755728900680733
333,0.6582014987510408,1.377881192545609
334,0.6582014987510408,1.3767534280994551
335,0.6663197335553706,1.373015051082608
336,0.6767277268942548,1.361283011480136
337,0.6615320566194838,1.3696226596236725
338,0.664654454621149,1.3666897520832377
339,0.6684013322231473,1.3622746498360423
340,0.6579933388842631,1.364065463695796
341,0.6619483763530392,1.358454734955501
342,0.6561199000832639,1.3586413453361772
343,0.6667360532889259,1.3554741757596958
344,0.672564529558701,1.349569256359294
345,0.6648626144879267,1.3521856383221236
346,0.671315570358035,1.3488782137061635
347,0.6765195670274771,1.3484016746208134
348,0.664029975020816,1.3408842469929259
349,0.6650707743547044,1.3434222653743926
350,0.6684013322231473,1.3406734778223983
351,0.6638218151540383,1.336536133716148
352,0.6629891756869276,1.335176093393718
353,0.6740216486261449,1.3265518748095193
354,0.6723563696919234,1.329380811700019
355,0.674646128226478,1.3243376576433967
356,0.671940049958368,1.3300613718763379
357,0.6681931723563697,1.3197088705113686
358,0.6671523730224813,1.3252446501578619
359,0.6819317235636969,1.3135137970898174
360,0.6742298084929226,1.3176484963578248
361,0.6667360532889259,1.316365287166948
362,0.6813072439633638,1.3120688254589046
363,0.6700666111573689,1.3135632944543791
364,0.6908825978351374,1.3065904097989833
365,0.6810990840965861,1.3080712240204824
366,0.674646128226478,1.3051687568351689
367,0.667360532889259,1.3010771088953519
368,0.6817235636969192,1.2971301940358946
369,0.6831806827643631,1.2975630551750317
370,0.6736053288925895,1.3016735946606042
371,0.6736053288925895,1.2924180759379111
372,0.6800582847626978,1.2965704943119338
373,0.6842214820982515,1.2903146368577816
374,0.6779766860949209,1.2874643145552485
375,0.6840133222314738,1.2835399419640026
376,0.6788093255620317,1.2850916849187173
377,0.6854704412989175,1.2837796150695076
378,0.6875520399666945,1.281511949758347
379,0.6817235636969192,1.278640230380923
380,0.6923397169025812,1.2740056522680658
381,0.6761032472939217,1.270836079051155
382,0.6829725228975854,1.278947299167973
383,0.6754787676935887,1.2723470471681504
384,0.6821398834304746,1.2730462135224418
385,0.6873438800999168,1.2656928212517604
386,0.6867194004995837,1.2629637951457828
387,0.6765195670274771,1.2598504225082143
388,0.6802664446294754,1.2616417373249076
389,0.6917152373022482,1.2542477978159248
390,0.6902581182348043,1.2602734482357842
391,0.6940049958368026,1.2516908245618694
392,0.6827643630308077,1.2578971033588635
393,0.6848459616985845,1.250286284632528
394,0.6873438800999168,1.2508395786190112
395,0.68255620316403,1.250010144700615
396,0.6848459616985845,1.2509678314369386
397,0.6840133222314738,1.2458145718193372
398,0.6885928393005828,1.239272680806677
399,0.6871357202331391,1.2389732072196535
400,0.7012905911740216,1.2341193928508138
401,0.7058701082431307,1.2279492459825234
402,0.6888009991673605,1.239585181259295
403,0.6965029142381349,1.2257067008776827
404,0.6910907577019151,1.2327764304253979
405,0.6854704412989175,1.2309740911812508
406,0.6867194004995837,1.2264100715183002
407,0.6931723563696919,1.221906277857454
408,0.690466278101582,1.2224460271474822
409,0.6931723563696919,1.2187325219925398
410,0.6950457951706911,1.2157656466534097
411,0.6971273938384679,1.219134853741807
412,0.6971273938384679,1.2140270595645826
413,0.6994171523730225,1.2126794475798404
414,0.7002497918401333,1.212722727599291
415,0.6973355537052456,1.208013251858091
416,0.6954621149042465,1.2076116296075763
417,0.6921315570358035,1.2056040007506283
418,0.6969192339716903,1.2027950413915933
419,0.6962947543713572,1.2053615259786727
420,0.6985845129059117,1.20650767813515
421,0.7048293089092423,1.199972960970781
422,0.6898417985012489,1.1995984034474743
423,0.6908825978351374,1.200966184879719
424,0.6892173189009159,1.1970401903076235
425,0.6981681931723563,1.190367973615089
426,0.6992089925062448,1.191350792567994
427,0.7064945878434638,1.1856021904925522
428,0.7058701082431307,1.1850897038012718
429,0.6979600333055787,1.188747284910661
430,0.7021232306411324,1.1847707856009146
431,0.7058701082431307,1.1829811854723788
432,0.7100333055786844,1.1784942153093718
433,0.7062864279766861,1.1818629636256324
434,0.7079517069109076,1.1765258034301935
435,0.7025395503746877,1.1783852915680477
436,0.7060782681099084,1.1781140185712675
437,0.7067027477102414,1.1775439114098147
438,0.705661948376353,1.170755347641779
439,0.7073272273105745,1.1698876330497163
440,0.7073272273105745,1.1657261467297608
441,0.708368026644463,1.1649611639440507
442,0.7029558701082431,1.1644455614336127
443,0.7177352206494588,1.1627542516968827
444,0.704412989175687,1.1593168865731118
445,0.7071190674437968,1.162718061404264
446,0.7012905911740216,1.1669804567500615
447,0.7085761865112407,1.1596112861224357
448,0.7069109075770191,1.1575368863160564
449,0.7156536219816819,1.152855610371033
450,0.7071190674437968,1.1535053752443376
451,0.7039966694421316,1.1556215853020115
452,0.7175270607826811,1.1493117105057595
453,0.712323064113239,1.147931710170965
454,0.7181515403830142,1.1439070848501494
455,0.7141965029142381,1.147083930727048
456,0.7158617818484596,1.1436386901472728
457,0.7048293089092423,1.1486038284238231
458,0.7194004995836802,1.1411463634656134
459,0.7146128226477935,1.1355351354557708
460,0.7135720233139051,1.1404360512908949
461,0.7073272273105745,1.1406174704593783
462,0.7183597002497918,1.1367705090655376
463,0.7156536219816819,1.132452318710054
464,0.7141965029142381,1.1318221482309474
465,0.7067027477102414,1.1361724126348884
466,0.7144046627810158,1.1325618034596248
467,0.7158617818484596,1.1268088679627315
468,0.7216902581182348,1.1223834266670538
469,0.7164862614487927,1.1232565985829706
470,0.712323064113239,1.1222374594082543
471,0.7135720233139051,1.1255743291157667
472,0.7250208159866778,1.1183905131016842
473,0.7266860949208993,1.1150740763229892
474,0.7181515403830142,1.1150017868569253
475,0.7077435470441299,1.118854047853087
476,0.7283513738551207,1.1147848225255295
477,0.712947543713572,1.1177990307518089
478,0.7258534554537885,1.1148770551300367
479,0.7173189009159034,1.1124837155346072
480,0.7189841798501249,1.1090307963281547
481,0.7325145711906744,1.1034898538573596
482,0.7306411323896753,1.1008584950984666
483,0.7300166527893422,1.0998029114304733
484,0.7310574521232306,1.1010518592660572
485,0.7285595337218984,1.0968476930923208
486,0.7208576186511241,1.0998747266897253
487,0.7191923397169026,1.0978530391269083
488,0.7200249791840133,1.1010186827053734
489,0.7262697751873439,1.0971938475879603
490,0.731473771856786,1.0930002743159604
491,0.7191923397169026,1.0962505262162068
492,0.720233139050791,1.0946043669234504
493,0.7214820982514571,1.0955578730961961
494,0.7345961698584513,1.0864986931652352
495,0.7256452955870109,1.0828636142733095
496,0.7262697751873439,1.0842356570654368
497,0.7304329725228976,1.0827383274440463
498,0.732098251457119,1.0807984393403294
499,0.72751873438801,1.0834724431133191
