epoch,categorical_accuracy,loss
0,0.4900083263946711,5.45231300805828
1,0.5006244796003331,5.132101852629802
2,0.49375520399666945,4.899120083061682
3,0.5149875104079933,4.670806389267895
4,0.5022897585345545,4.563991641521851
5,0.5083263946711074,4.484027962601254
6,0.5060366361365529,4.383807681383042
7,0.5087427144046628,4.30679610805845
8,0.5137385512073273,4.243838141105455
9,0.5095753538717736,4.189969879502956
10,0.515195670274771,4.1227350719366145
11,0.5330974188176519,4.0628869880943075
12,0.5160283097418817,4.044085556224026
13,0.503955037468776,4.032279528745704
14,0.5187343880099917,3.9817937899390228
15,0.5274771024146545,3.9345984506567353
16,0.526436303080766,3.914848583723286
17,0.5303913405495421,3.8879778152897795
18,0.5174854288093256,3.8899838783461087
19,0.5206078268109908,3.8644263295706462
20,0.5378850957535387,3.815668583710327
21,0.5214404662781016,3.8267896469189266
22,0.5322647793505412,3.7862908818342604
23,0.5274771024146545,3.7726142624832013
24,0.5303913405495421,3.761062626834714
25,0.5287260616153205,3.735174820484666
26,0.5320566194837635,3.727387041970157
27,0.5326810990840966,3.706720826826326
28,0.5518318068276437,3.6767414503550153
29,0.5353871773522065,3.681817485926848
30,0.5355953372189842,3.661941930912218
31,0.5491257285595337,3.6235095203965035
32,0.5439217318900916,3.623336529950119
33,0.5472522897585346,3.6068696251121986
34,0.5397585345545379,3.604661348558882
35,0.545587010824313,3.5798805571912626
36,0.548917568692756,3.5787371963783663
37,0.5451706910907577,3.5545526192051287
38,0.5439217318900916,3.5497938018357327
39,0.5589092422980849,3.543699476145189
40,0.5497502081598667,3.5376027424468486
41,0.5611990008326395,3.5124379586022063
42,0.5507910074937552,3.5180566390289254
43,0.5599500416319734,3.4941931588762905
44,0.5616153205661948,3.492451181816717
45,0.5655703580349709,3.4704675217850025
46,0.5587010824313072,3.461403971409222
47,0.5636969192339717,3.4563189352878823
48,0.555578684429642,3.444600281171457
49,0.5711906744379683,3.421178058025541
50,0.5689009159034139,3.418562611175715
51,0.5736885928393006,3.409156429281243
52,0.5776436303080766,3.387743054381219
53,0.578059950041632,3.3766193018666315
54,0.5728559533721899,3.3739208877334783
55,0.582014987510408,3.363930287905081
56,0.5868026644462948,3.3385491827743237
57,0.5736885928393006,3.3447812582233567
58,0.600541215653622,3.319085157483345
59,0.5928393005828476,3.3076874769101234
60,0.5805578684429642,3.304531459506604
61,0.6019983347210658,3.2763267369393403
62,0.6022064945878435,3.2734780113067754
63,0.6171940049958368,3.2497865177014784
64,0.6067860116569526,3.2525762828760203
65,0.61240632805995,3.2351002274305993
66,0.5995004163197336,3.2341619417331895
67,0.6201082431307244,3.2064878081004884
68,0.6076186511240633,3.199590466004625
69,0.6142797668609492,3.1983486869551556
70,0.6238551207327228,3.17501115024735
71,0.6178184845961698,3.1750326563575486
72,0.6263530391340549,3.158780824532616
73,0.626977518734388,3.1453331854817868
74,0.6286427976686095,3.126113834230231
75,0.6452955870108243,3.109779116116793
76,0.6359283930058285,3.1089553717868115
77,0.6440466278101582,3.0973779539780057
78,0.634263114071607,3.088140853537211
79,0.638842631140716,3.077509495340517
80,0.645503746877602,3.060698575123859
81,0.6294754371357202,3.0535602853458985
82,0.6554954204829309,3.032216654530572
83,0.6457119067443797,3.0250160545234777
84,0.6519567027477102,3.0143073716826683
85,0.6446711074104913,3.003022670547333
86,0.6569525395503747,2.9815668087021496
87,0.6521648626144879,2.9742811865651735
88,0.6519567027477102,2.9718662678053933
89,0.6519567027477102,2.953627149627965
90,0.664029975020816,2.941224287590516
91,0.6698584512905912,2.929628944516083
92,0.6656952539550375,2.9159784469874475
93,0.6681931723563697,2.905434882809578
94,0.6677768526228143,2.893270596973505
95,0.6721482098251457,2.883940623860673
96,0.6821398834304746,2.8808580874205627
97,0.672564529558701,2.863506126364105
98,0.6815154038301415,2.8459738464180773
99,0.6765195670274771,2.8439383540522742
100,0.6858867610324729,2.8225979705734314
101,0.6888009991673605,2.809806404463159
102,0.6852622814321399,2.803701055139229
103,0.6888009991673605,2.790575428469592
104,0.6990008326394671,2.774767841129478
105,0.6894254787676936,2.774876248131783
106,0.6912989175686928,2.755344945326336
107,0.6985845129059117,2.7467842026614426
108,0.6935886761032473,2.741559166396091
109,0.7039966694421316,2.722193440628687
110,0.6954621149042465,2.719130789012734
111,0.6962947543713572,2.7095952194795125
112,0.7094088259783514,2.6912613744838945
113,0.7116985845129059,2.6801807741439907
114,0.7150291423813488,2.671323537826538
115,0.7164862614487927,2.6589801964612922
116,0.7183597002497918,2.6470661143478407
117,0.7116985845129059,2.643897931641286
118,0.7204412989175687,2.6255793122824382
119,0.7266860949208993,2.6122395978382884
120,0.7146128226477935,2.6028617992686987
121,0.7279350541215653,2.5914537942379736
122,0.7287676935886761,2.5829567800056528
123,0.7191923397169026,2.580550145150025
124,0.7298084929225646,2.568266547986808
125,0.7325145711906744,2.556613135794418
126,0.7327227310574521,2.5416136881790985
127,0.7293921731890092,2.537787031670792
128,0.734179850124896,2.5222869409708855
129,0.7383430474604497,2.510004025712597
130,0.7398001665278934,2.5002510904968034
131,0.7410491257285595,2.496538214044309
132,0.7454204829308909,2.4856754891779103
133,0.7524979184013322,2.469190954268723
134,0.7479184013322231,2.4663404755350156
135,0.7502081598667777,2.4518390192179558
136,0.7462531223980017,2.4424244372870505
137,0.7547876769358868,2.4331061028123995
138,0.7562447960033306,2.4211097805823614
139,0.7395920066611157,2.421689577841143
140,0.7510407993338885,2.404289580503173
141,0.7643630308076603,2.394728108111468
142,0.7587427144046628,2.3824272376115276
143,0.7614487926727727,2.3774657207762173
144,0.7668609492089925,2.3694127499312785
145,0.7697751873438801,2.358605397730247
146,0.7541631973355537,2.35262150808139
147,0.7662364696086594,2.3341278094832445
148,0.7668609492089925,2.3278919792889954
149,0.764571190674438,2.325537676418155
150,0.7766444629475437,2.315183836653469
151,0.7610324729392173,2.309954989264152
152,0.771856786011657,2.2918495996905603
153,0.7787260616153205,2.279192590594391
154,0.7741465445462115,2.272552528349585
155,0.7812239800166528,2.261422868672259
156,0.7816402997502082,2.2571019099018756
157,0.779766860949209,2.250306859997091
158,0.7812239800166528,2.2395440871074337
159,0.7785179017485429,2.2400656218929753
160,0.787676935886761,2.220889376760224
161,0.7920482930890924,2.2054026581464856
162,0.7851790174854288,2.2049918863596667
163,0.7964196502914238,2.192167670700969
164,0.7824729392173189,2.1985568940689126
165,0.794338051623647,2.1780549949849277
166,0.7926727726894255,2.171183402095607
167,0.8012073272273106,2.1656001428084806
168,0.7805995004163198,2.1722233903894415
169,0.8003746877601998,2.1465702683205015
170,0.806203164029975,2.132784641156288
171,0.8005828476269775,2.1295325961537803
172,0.7995420482930891,2.1177716305809753
173,0.8007910074937552,2.1129848494517813
174,0.8089092422980849,2.102184879094933
175,0.7995420482930891,2.096784692918331
176,0.8082847626977518,2.0885274181953575
177,0.8076602830974188,2.0823067229157384
178,0.8128642797668609,2.0653165151038633
179,0.8007910074937552,2.076225893582829
180,0.8155703580349709,2.0575507479246014
181,0.8105745212323064,2.048696534818257
182,0.8203580349708576,2.0412728746765163
183,0.8107826810990841,2.0414091584882965
184,0.8161948376353039,2.0297502200867514
185,0.8149458784346378,2.0265204023064225
186,0.8170274771024146,2.0135515520316574
187,0.8251457119067444,2.00224634749407
188,0.829308909242298,1.9980631488050449
189,0.824729392173189,1.990211391131348
190,0.8263946711074105,1.9896902858367271
191,0.8243130724396336,1.977240578518819
192,0.8251457119067444,1.9740947501844013
193,0.8336802664446294,1.9545327146087061
194,0.8349292256452956,1.947081051897149
195,0.8263946711074105,1.9527743292490112
196,0.832014987510408,1.9436519219416761
197,0.8347210657785179,1.9329081456131185
198,0.8386761032472939,1.9237159428052562
199,0.828684429641965,1.9306363011279968
200,0.8263946711074105,1.919574173959864
201,0.8459616985845129,1.9031190768963688
202,0.8459616985845129,1.9037558419023526
203,0.8370108243130724,1.8993744361807563
204,0.851165695253955,1.8778536020965004
205,0.8440882597835138,1.880859225814686
206,0.8524146544546212,1.866791009902954
207,0.8519983347210658,1.8615924466361016
208,0.8482514571190675,1.8588568416860678
209,0.8465861781848459,1.8564390494960432
210,0.8482514571190675,1.8505464007117964
211,0.8470024979184013,1.8435828921995394
212,0.858451290591174,1.8296833822471117
213,0.8561615320566195,1.8254363129875444
214,0.8621981681931724,1.8125111668631992
215,0.8538717735220649,1.8130377423852608
216,0.8524146544546212,1.8138664045699133
217,0.8561615320566195,1.8018582429020331
218,0.8621981681931724,1.7954377223808105
219,0.8582431307243963,1.7946239744594552
220,0.8703164029975021,1.7814259340522887
221,0.8580349708576187,1.7782099297600522
222,0.8655287260616153,1.7627110942813577
223,0.8638634471273938,1.7630273519606514
224,0.8646960865945046,1.7558183747465466
225,0.8723980016652789,1.7526910527361919
226,0.8661532056619484,1.7443477976431359
227,0.8674021648626145,1.7425776700195326
228,0.8701082431307244,1.7374379087943619
229,0.8709408825978351,1.7248176654907785
230,0.8613655287260616,1.7323429805849315
231,0.8738551207327228,1.717734949475621
232,0.8676103247293921,1.7157936487269343
233,0.8740632805995004,1.7026874413597495
234,0.8715653621981682,1.7032403487349232
235,0.8705245628642798,1.698701143661804
236,0.8765611990008326,1.6833766707770532
237,0.8715653621981682,1.689984050519659
238,0.8800999167360533,1.6709355458331843
239,0.884263114071607,1.6636213726246982
240,0.8823896752706079,1.6600547184257286
241,0.8857202331390508,1.6523054647604491
242,0.8853039134054954,1.655752834233515
243,0.8825978351373855,1.6446539938797264
244,0.880308076602831,1.64192723820946
245,0.8830141548709409,1.6378544164041398
246,0.8927976686094921,1.6236323932128385
247,0.8896752706078268,1.6243798129266744
248,0.8894671107410491,1.618250586408858
249,0.8861365528726062,1.625463289186222
250,0.8867610324729392,1.605891055905948
251,0.8884263114071607,1.5986145497559507
252,0.8890507910074937,1.5928560489421086
253,0.8925895087427144,1.5846146987340135
254,0.8998751040799334,1.5838383977161061
255,0.8952955870108243,1.5819412469863892
256,0.8963363863447127,1.5705048022520334
257,0.8973771856786011,1.5655685760496458
258,0.9007077435470441,1.5599858722122981
259,0.8975853455453788,1.556623629685941
260,0.8925895087427144,1.5597416422547745
261,0.8980016652789342,1.5455942154923248
262,0.8938384679433805,1.5489802863774549
263,0.9032056619483764,1.5358403068498012
264,0.8944629475437136,1.539397924865513
265,0.9054954204829309,1.52556061377434
266,0.9002914238134888,1.524723362168305
267,0.9019567027477102,1.5202523085795077
268,0.8967527060782681,1.5176845097124925
269,0.9052872606161532,1.5077399421393325
270,0.899458784346378,1.5121073657328838
271,0.9073688592839301,1.498833888873371
272,0.9142381348875936,1.488386339093128
273,0.8992506244796004,1.5013688971458328
274,0.9065362198168193,1.4826254916131547
275,0.9119483763530392,1.477436516406038
276,0.9048709408825978,1.481275861011159
277,0.9094504579517069,1.4720118002133207
278,0.9167360532889259,1.4595746614851621
279,0.9136136552872606,1.459724127303353
280,0.9148626144879267,1.4579546056520334
281,0.9136136552872606,1.4492326810099898
282,0.9184013322231473,1.4456878104475912
283,0.9102830974188176,1.4482933853587738
284,0.9123646960865945,1.4350425839721908
285,0.9192339716902581,1.4290291256551242
286,0.9142381348875936,1.430717363345633
287,0.9131973355537052,1.4338726943775975
288,0.917360532889259,1.415244745473679
289,0.9250624479600333,1.4115225226555537
290,0.9134054954204829,1.4134242275573132
291,0.9152789342214821,1.4117323627678382
292,0.9221482098251457,1.3996372061109266
293,0.914029975020816,1.4059270080380595
294,0.9202747710241466,1.3942957572595562
295,0.9177768526228143,1.3930238012866514
296,0.9167360532889259,1.3855336511462655
297,0.9238134887593672,1.377403344143241
298,0.9194421315570358,1.3800748957880926
299,0.9304746044962531,1.3646433742516841
300,0.9256869275603664,1.3686501541105933
301,0.9267277268942548,1.3618219714676907
302,0.9211074104912573,1.3594453324882514
303,0.9263114071606994,1.353467254416333
304,0.925270607826811,1.353467494423046
305,0.9196502914238135,1.3546730939990574
306,0.9290174854288094,1.3414198340821724
307,0.9248542880932556,1.343610422994374
308,0.9267277268942548,1.3334508381914238
309,0.929225645295587,1.3310059491641117
310,0.9294338051623647,1.3236733407998065
311,0.925270607826811,1.3270105849098504
312,0.9356786011656952,1.3146242194132047
313,0.9261032472939217,1.3200338444642281
314,0.93255620316403,1.310378778487022
315,0.9331806827643631,1.306275184505885
316,0.9350541215653622,1.3022839582333656
317,0.9333888426311407,1.2974880096021044
318,0.9348459616985845,1.2929136911895651
319,0.9308909242298085,1.2925820212677852
320,0.9400499583680266,1.2813977235362095
321,0.9310990840965861,1.2844479540603346
322,0.9356786011656952,1.2850434388050331
323,0.9350541215653622,1.2796345843959114
324,0.9400499583680266,1.2725492718813323
325,0.9344296419650291,1.270009920261583
326,0.9373438800999168,1.2664360184157322
327,0.9369275603663614,1.2614953084154787
328,0.9379683597002498,1.2599401154387107
329,0.936511240632806,1.2566102042384786
330,0.9383846794338052,1.2487237912034312
331,0.9421315570358035,1.2431955183673957
332,0.9427560366361366,1.2374648841394176
333,0.9419233971690258,1.235920899813618
334,0.940466278101582,1.2387294911226563
335,0.9350541215653622,1.2449612476545806
336,0.9408825978351374,1.2286945766056705
337,0.936511240632806,1.2317587484626549
338,0.9394254787676936,1.2260163254185978
339,0.9392173189009159,1.2185838444842387
340,0.9450457951706911,1.2119028970264178
341,0.943796835970025,1.2071920470532331
342,0.9406744379683597,1.2078016498106703
343,0.9448376353039134,1.2061656593383103
344,0.9431723563696919,1.2031391412391947
345,0.9423397169025812,1.2022004707171259
346,0.9502497918401333,1.1885814211152177
347,0.9456702747710242,1.1880479974611713
348,0.9394254787676936,1.1951665086214192
349,0.9460865945045795,1.1826483316961474
350,0.9494171523730225,1.1793983495801217
351,0.9390091590341382,1.184943755004527
352,0.9452539550374688,1.1762130377592392
353,0.9462947543713572,1.1713645946572564
354,0.9454621149042465,1.1708839223545655
355,0.9469192339716903,1.1648770575717924
356,0.943796835970025,1.1678180540729621
357,0.9519150707743547,1.1586439559898407
358,0.9462947543713572,1.1584945098248052
359,0.9508742714404663,1.1510780721183225
360,0.9462947543713572,1.1513653742482919
361,0.9467110741049126,1.15149334085474
362,0.951082431307244,1.1415968644529655
363,0.9502497918401333,1.1405365536552385
364,0.9492089925062448,1.1368575342291103
365,0.9535803497085762,1.1240369435849535
366,0.9512905911740216,1.1286074385654916
367,0.95233139050791,1.1239963310346517
368,0.9500416319733556,1.1258304902258562
369,0.954412989175687,1.1223877454975264
370,0.9506661115736886,1.1232810062135288
371,0.9469192339716903,1.12107220041464
372,0.9475437135720233,1.1167283557932344
373,0.9552456286427977,1.1107140391395054
374,0.9529558701082431,1.1102220041368724
375,0.9525395503746877,1.1022574713982511
376,0.9490008326394671,1.1058888083989178
377,0.9527477102414654,1.0977114355137307
378,0.9558701082431307,1.0904506890601064
379,0.9571190674437968,1.087942861547875
380,0.9531640299750208,1.0875681674450661
381,0.9537885095753539,1.0840391673513694
382,0.9539966694421316,1.0832866500259737
383,0.9525395503746877,1.0832620615963138
384,0.9542048293089093,1.076125303771871
385,0.958368026644463,1.0714451659231956
386,0.9537885095753539,1.0766737265054829
387,0.9535803497085762,1.073731696575905
388,0.9539966694421316,1.0661789247832827
389,0.9569109075770191,1.0676498107370191
390,0.9564945878434638,1.061455892583512
391,0.9562864279766861,1.061116826425087
392,0.9581598667776853,1.0522768832960296
393,0.958368026644463,1.0509419170744116
394,0.9564945878434638,1.0532605521486362
395,0.9573272273105745,1.0461241791984819
396,0.9571190674437968,1.0461893653393188
397,0.9608659450457951,1.0403608301100782
398,0.9604496253122398,1.0368386337302506
399,0.9548293089092423,1.0415855380617312
400,0.9621149042464613,1.0291510782670616
401,0.9596169858451291,1.029283148065197
402,0.9600333055786844,1.0259444532942315
403,0.958368026644463,1.0258220895740213
404,0.9594088259783514,1.0213125249329058
405,0.9577435470441299,1.0201586071001698
406,0.9660699417152373,1.0126509703168465
407,0.9577435470441299,1.0157042063840918
408,0.9606577851790175,1.0109007534734613
409,0.9627393838467944,1.006060137935324
410,0.9552456286427977,1.017392687853131
411,0.9562864279766861,1.0140891504922973
412,0.9656536219816819,0.9943292482409449
413,0.962323064113239,0.998599394374247
414,0.9654454621149042,0.9959901038752705
415,0.95503746877602,1.0052457979874845
416,0.9648209825145712,0.9876405168433273
417,0.9625312239800167,0.989941490282127
418,0.9654454621149042,0.9839958575345594
419,0.9639883430474604,0.9883614068821408
420,0.9604496253122398,0.9835821231338603
421,0.9646128226477935,0.9778908444483214
422,0.9658617818484596,0.9762886629612817
423,0.9614904246461282,0.9741214298388047
424,0.9581598667776853,0.9820367812514802
425,0.9637801831806828,0.972780790108626
426,0.9691923397169026,0.964192164877273
427,0.9612822647793505,0.9687557733624702
428,0.9696086594504579,0.960490815248418
429,0.9641965029142381,0.9593060970504913
430,0.9666944213155704,0.955417999171099
431,0.9666944213155704,0.9540305891005224
432,0.9637801831806828,0.9568960007084697
433,0.9689841798501249,0.9479846175167582
434,0.9648209825145712,0.9510670438297186
435,0.9606577851790175,0.9520011115431488
436,0.9637801831806828,0.949434639264106
437,0.9681515403830142,0.9421323272310427
438,0.9650291423813488,0.936898675240843
439,0.9666944213155704,0.9348203469871185
440,0.9681515403830142,0.9361507315421284
441,0.9673189009159034,0.9325787244887277
442,0.9656536219816819,0.9329659518453104
443,0.9658617818484596,0.9322891109293446
444,0.9658617818484596,0.9261661749596798
445,0.9679433805162365,0.9248250563079173
446,0.9683597002497918,0.9238844899015561
447,0.9691923397169026,0.9183385989052568
448,0.9664862614487927,0.9212967752914047
449,0.9648209825145712,0.9215309653651407
450,0.9689841798501249,0.9106761354093845
451,0.9656536219816819,0.9156882230884129
452,0.9723147377185679,0.9008313630840165
453,0.9641965029142381,0.9116982562555858
454,0.9652373022481265,0.9073179906651341
455,0.9677352206494588,0.9020246050935502
456,0.9648209825145712,0.9049568190165701
457,0.9685678601165695,0.9000818586964889
458,0.9631557035803497,0.9040876617042548
459,0.9689841798501249,0.8937457422729733
460,0.9704412989175687,0.8881709203434228
461,0.9704412989175687,0.8914392459998024
462,0.9694004995836802,0.8890988257008726
463,0.9681515403830142,0.8909364157076383
464,0.9681515403830142,0.8904188441098679
465,0.9677352206494588,0.8874239495255171
466,0.9652373022481265,0.8829714967547408
467,0.9708576186511241,0.8783600210250169
468,0.9689841798501249,0.8764746764815916
469,0.9677352206494588,0.8756836633400358
470,0.970233139050791,0.8728674034294142
471,0.9716902581182348,0.8693355287640021
472,0.9721065778517902,0.8698187622301385
473,0.9704412989175687,0.8690315226928876
474,0.9721065778517902,0.8621866908001959
475,0.9689841798501249,0.8676575177118839
476,0.9691923397169026,0.86295668201383
477,0.9677352206494588,0.8640407240460258
478,0.9733555370524563,0.8562724586827472
479,0.9689841798501249,0.8570508816954893
480,0.9689841798501249,0.8576397956856879
481,0.9689841798501249,0.8582697962841126
482,0.9723147377185679,0.8518254517218552
483,0.9721065778517902,0.8485899669343884
484,0.9710657785179018,0.8452976178765594
485,0.970233139050791,0.847930076169928
486,0.9708576186511241,0.8438718184444132
487,0.970233139050791,0.8412468875079826
488,0.9737718567860116,0.8437677795047268
489,0.9721065778517902,0.8363243698776016
490,0.9691923397169026,0.8420908954320204
491,0.9708576186511241,0.836009212477221
492,0.9731473771856786,0.8333801345265378
493,0.9739800166527893,0.826863811077623
494,0.973563696919234,0.830755289448588
495,0.9694004995836802,0.8328497908097521
496,0.9714820982514571,0.8255219169699283
497,0.973563696919234,0.8246256735402281
498,0.9748126561199001,0.8186549287751552
499,0.9725228975853455,0.8212680052361023
