epoch,categorical_accuracy,loss
0,0.517901748542881,4.955187927376321
1,0.5206078268109908,4.65108925178585
2,0.5031223980016652,4.496894930324189
3,0.5095753538717736,4.3189197444201115
4,0.5176935886761033,4.2009865378062985
5,0.5233139050791007,4.088412256264666
6,0.5253955037468776,4.014879342022784
7,0.513946711074105,3.9448151387938055
8,0.5201915070774354,3.89492086844083
9,0.5091590341382182,3.8413416523421238
10,0.5251873438800999,3.801843626116039
11,0.5024979184013322,3.787338837100306
12,0.5347626977518735,3.7374020835739885
13,0.5256036636136553,3.7096561708617073
14,0.5085345545378851,3.6891496219206212
15,0.5314321398834305,3.644808194321657
16,0.5176935886761033,3.64154741388872
17,0.5326810990840966,3.5936917601576654
18,0.5172772689425479,3.6007541170922246
19,0.5424646128226478,3.5645739355254036
20,0.5310158201498751,3.553782832711861
21,0.5287260616153205,3.5441881298125533
22,0.5345545378850958,3.5318718137193184
23,0.52248126561199,3.512823653955642
24,0.5260199833472107,3.4931634173206643
25,0.5358034970857619,3.4863517091832095
26,0.5353871773522065,3.460658553835752
27,0.5345545378850958,3.453503201347307
28,0.5341382181515404,3.436087493396222
29,0.5414238134887593,3.423219255166288
30,0.5464196502914238,3.404428903308141
31,0.5430890924229809,3.4062041071034987
32,0.5358034970857619,3.402773444400441
33,0.5387177352206495,3.3799491550007232
34,0.5407993338884263,3.3777257211003873
35,0.5287260616153205,3.373305057705094
36,0.5493338884263114,3.3422765132291032
37,0.552248126561199,3.3457170898570903
38,0.541631973355537,3.3398734473070437
39,0.5507910074937552,3.322321343084458
40,0.5457951706910907,3.313168613837224
41,0.5497502081598667,3.3009786107558
42,0.5347626977518735,3.2985468210526845
43,0.552248126561199,3.2854196213365694
44,0.5551623646960866,3.2683259073046225
45,0.5403830141548709,3.2693481201136936
46,0.5582847626977518,3.251516012426816
47,0.5568276436303081,3.2385355737386
48,0.5470441298917569,3.2361164482110345
49,0.5626561199000832,3.217796644501444
50,0.5570358034970858,3.21117213266676
51,0.5530807660283097,3.2003363302407117
52,0.5497502081598667,3.1957833614079383
53,0.5572439633638634,3.1756322050372527
54,0.5537052456286428,3.1713448470081516
55,0.556203164029975,3.1530062677858273
56,0.5680682764363031,3.141233026733208
57,0.575353871773522,3.1333637515472232
58,0.5632805995004163,3.1222882171554627
59,0.5759783513738551,3.1116267751396745
60,0.5759783513738551,3.0946829203860546
61,0.5701498751040799,3.091715659229682
62,0.578059950041632,3.0803084357592785
63,0.5782681099084097,3.064954755308229
64,0.5818068276436303,3.048600020555533
65,0.5751457119067444,3.0442062361254285
66,0.5857618651124064,3.0272942433051524
67,0.600541215653622,3.0086756987337466
68,0.5901332223147377,3.003256038861112
69,0.5911740216486261,2.9953793838161116
70,0.5988759367194005,2.9827089625333967
71,0.5934637801831807,2.967683686900397
72,0.5965861781848459,2.9546849848725816
73,0.5936719400499584,2.946246124921889
74,0.5980432972522898,2.939380386290602
75,0.6022064945878435,2.915765161418994
76,0.6007493755203996,2.9098499321520674
77,0.6019983347210658,2.8941268936779774
78,0.6036636136552873,2.8878321744917237
79,0.5990840965861782,2.8758128928105897
80,0.6155287260616153,2.859378752363016
81,0.6049125728559533,2.8534984775228764
82,0.6169858451290591,2.833702825884537
83,0.6097002497918401,2.825543991830526
84,0.6201082431307244,2.8114272505913447
85,0.6186511240632806,2.7989391780316484
86,0.6163613655287261,2.7940024466042117
87,0.6121981681931724,2.7839630235740285
88,0.6323896752706079,2.7632538249947247
89,0.6219816819317235,2.7562501224054086
90,0.6305162364696086,2.7428012995993862
91,0.6307243963363863,2.7278791061547474
92,0.6432139883430474,2.7139946012870158
93,0.6317651956702748,2.707239020178459
94,0.63759367194005,2.695952442861616
95,0.6367610324729392,2.6824792007125486
96,0.6444629475437136,2.6662582384358835
97,0.6394671107410491,2.6585899493180145
98,0.6461282264779351,2.6453644238741174
99,0.6386344712739384,2.638657918480612
100,0.6444629475437136,2.6247152740214887
101,0.6450874271440467,2.6153493064527806
102,0.6446711074104913,2.6019432429568554
103,0.6536219816819318,2.5907790718428
104,0.6542464612822648,2.576659382233314
105,0.6548709408825978,2.5696633713727786
106,0.6661115736885929,2.5491563747764925
107,0.6529975020815987,2.5442437136997094
108,0.6588259783513739,2.5351269586596463
109,0.6654870940882598,2.5245213873876717
110,0.671315570358035,2.509844961809576
111,0.6659034138218152,2.50435565790467
112,0.670691090757702,2.4902002626811335
113,0.670691090757702,2.483446706443107
114,0.6642381348875936,2.474362545466046
115,0.671315570358035,2.461212019042905
116,0.6771440466278101,2.4478115404178262
117,0.6831806827643631,2.43883125390935
118,0.679225645295587,2.428582272660623
119,0.6761032472939217,2.4172304853809368
120,0.6804746044962531,2.4084239037805157
121,0.6788093255620317,2.3968251380793357
122,0.6950457951706911,2.384603223236872
123,0.6765195670274771,2.382340597768906
124,0.6927560366361366,2.361975615665776
125,0.6833888426311407,2.3549315256441163
126,0.6894254787676936,2.3419331874974465
127,0.6979600333055787,2.3399008064841746
128,0.7008742714404663,2.321758478904743
129,0.6923397169025812,2.318634541207408
130,0.7021232306411324,2.3058905651130646
131,0.6979600333055787,2.3006058209742437
132,0.7025395503746877,2.288841396446133
133,0.7019150707743547,2.2774540036048223
134,0.6996253122398002,2.2721043407271844
135,0.7094088259783514,2.2571559821834772
136,0.708368026644463,2.252830660412651
137,0.7104496253122398,2.2334720431319086
138,0.7106577851790175,2.2278729469750345
139,0.7094088259783514,2.2192721168365606
140,0.7181515403830142,2.2091728163996307
141,0.7181515403830142,2.2015631367622266
142,0.7150291423813488,2.195587197707952
143,0.7198168193172356,2.187516109631719
144,0.7194004995836802,2.1805647118303995
145,0.7221065778517902,2.1660170347664773
146,0.7204412989175687,2.1633251232469606
147,0.7262697751873439,2.1440878857383123
148,0.7323064113238967,2.138139659816478
149,0.7258534554537885,2.136488290154666
150,0.724188176519567,2.123610413342491
151,0.7364696086594504,2.1128438825313496
152,0.738759367194005,2.103263857561186
153,0.7339716902581183,2.0934648268625797
154,0.7364696086594504,2.0851467159963666
155,0.7400083263946711,2.078333126515969
156,0.7493755203996669,2.061608578342879
157,0.7337635303913406,2.0684455722495976
158,0.7391756869275604,2.0636737006192996
159,0.7400083263946711,2.0506474227333547
160,0.7410491257285595,2.0415257706828758
161,0.7514571190674438,2.0259892369785675
162,0.7562447960033306,2.021106077173568
163,0.7535387177352206,2.0148523201255575
164,0.7568692756036636,2.0059123964333514
165,0.7472939217318901,1.9998618258127663
166,0.7541631973355537,1.990148502225979
167,0.7443796835970025,1.9889556251894327
168,0.7562447960033306,1.9728144200814952
169,0.769150707743547,1.9582485815170505
170,0.7599916736053289,1.9657736894590074
171,0.7597835137385512,1.9491235218278375
172,0.7647793505412157,1.9417403192940996
173,0.761240632805995,1.943017217737749
174,0.7660283097418817,1.9260828922829163
175,0.7676935886761033,1.9233839913867694
176,0.7722731057452124,1.9108274556715026
177,0.7739383846794338,1.9026164161871117
178,0.776436303080766,1.8972221785639842
179,0.7822647793505412,1.889305935811242
180,0.7714404662781016,1.887919004314845
181,0.7835137385512073,1.878445658755243
182,0.7749791840133222,1.8725828401849827
183,0.7756036636136553,1.8632635529293406
184,0.7828892589508742,1.8541495240201165
185,0.7774771024146545,1.8499399539731523
186,0.7795587010824313,1.8452469317938862
187,0.7835137385512073,1.8384066893595838
188,0.7922564529558701,1.8273174498698594
189,0.7778934221482098,1.8329420695197671
190,0.7880932556203164,1.817055476892997
191,0.7887177352206495,1.8089035755390925
192,0.7862198168193172,1.8041283086773556
193,0.7918401332223147,1.7923204645725412
194,0.7987094088259784,1.7840440353684184
195,0.802248126561199,1.7806425218677442
196,0.7978767693588676,1.7723250049635533
197,0.7932972522897586,1.7677775701813456
198,0.801623646960866,1.763634988807024
199,0.8012073272273106,1.755253782677313
200,0.8003746877601998,1.7457287807845752
201,0.8030807660283097,1.7414196188701976
202,0.8076602830974188,1.7330166686087425
203,0.8059950041631974,1.7346949951535557
204,0.8020399666944213,1.7289420181666684
205,0.806203164029975,1.7186410274235633
206,0.8082847626977518,1.713062151782618
207,0.813488759367194,1.7040814778687654
208,0.8143213988343048,1.6955562686046692
209,0.8109908409658618,1.6914198212976956
210,0.8107826810990841,1.6897030844477987
211,0.8111990008326395,1.6842414772977043
212,0.8103663613655288,1.675111404664312
213,0.8128642797668609,1.6769200996197233
214,0.8151540383014155,1.665758958267828
215,0.8218151540383014,1.6566365980089555
216,0.824104912572856,1.6475699322110509
217,0.8278517901748543,1.6488214123755272
218,0.8257701915070774,1.639507719420275
219,0.8236885928393006,1.6378562872256963
220,0.8220233139050791,1.630764249460981
221,0.8211906744379683,1.6243009286359584
222,0.8249375520399667,1.612618955843256
223,0.8220233139050791,1.6149734830379883
224,0.8243130724396336,1.6123153001045207
225,0.8426311407160699,1.5939509775318967
226,0.8303497085761865,1.591092643987924
227,0.8357618651124064,1.5845479679345886
228,0.832014987510408,1.5833070202731372
229,0.8388842631140716,1.5729506311567498
230,0.8332639467110741,1.5728589864098759
231,0.8349292256452956,1.5652047066168424
232,0.8403413821815154,1.5527830726399607
233,0.8347210657785179,1.561479167874707
234,0.8397169025811824,1.5461257373562065
235,0.8361781848459617,1.5445234478760719
236,0.8363863447127394,1.5432747500226658
237,0.8420066611157369,1.536609948525123
238,0.8451290591174022,1.5281388666310178
239,0.8459616985845129,1.518971601294836
240,0.8440882597835138,1.522255570564937
241,0.8415903413821815,1.5141155339597563
242,0.8542880932556203,1.5063986081465595
243,0.8453372189841799,1.5071490570270052
244,0.8455453788509575,1.497632361371551
245,0.8534554537885096,1.4879046461167285
246,0.8470024979184013,1.4873630745424815
247,0.8507493755203996,1.4856893247013585
248,0.8532472939217319,1.4759236913636562
249,0.8530391340549542,1.472918084817167
250,0.8569941715237303,1.4653024794557112
251,0.8553288925895087,1.465248606981187
252,0.8530391340549542,1.460841238846092
253,0.8628226477935054,1.447839579316202
254,0.854496253122398,1.4482101663562479
255,0.8597002497918401,1.4461729933479048
256,0.8576186511240633,1.4378331457943245
257,0.859075770191507,1.4288554876472035
258,0.8563696919233972,1.4366735108786082
259,0.8655287260616153,1.423085073051008
260,0.8686511240632806,1.415742145489892
261,0.8688592839300583,1.4145692859859291
262,0.8707327227310575,1.4050510977825257
263,0.8757285595337219,1.403349861912088
264,0.8649042464612823,1.398499171303075
265,0.8634471273938384,1.4078961530394796
266,0.8667776852622814,1.397566868800307
267,0.8738551207327228,1.3859530894782124
268,0.8640716069941715,1.3888477020517773
269,0.8734388009991674,1.3798067121084883
270,0.8734388009991674,1.3698265978339113
271,0.8703164029975021,1.3673804276789554
272,0.8748959200666112,1.3631414880760504
273,0.8773938384679434,1.3558560337849601
274,0.8757285595337219,1.357266941832861
275,0.8786427976686095,1.34720801334397
276,0.8805162364696086,1.3458611140342478
277,0.8782264779350542,1.3400081605538043
278,0.8819733555370525,1.3364416222885982
279,0.8815570358034971,1.3366244170786836
280,0.8778101582014988,1.3303664037329668
281,0.8828059950041632,1.325026156007003
282,0.8790591174021649,1.3244879543533135
283,0.8778101582014988,1.3188953163423307
284,0.8800999167360533,1.3169413627335471
285,0.8867610324729392,1.3052423467842567
286,0.8798917568692756,1.3149291379167873
287,0.8880099916736053,1.3049010696458776
288,0.8805162364696086,1.3034773413882863
289,0.8961282264779351,1.283701708969923
290,0.8894671107410491,1.2944216329191844
291,0.884263114071607,1.2889880408454597
292,0.8898834304746045,1.2840068798875133
293,0.8913405495420483,1.273668166699755
294,0.8884263114071607,1.2798969991796718
295,0.8961282264779351,1.268320023070565
296,0.8925895087427144,1.2664239263653656
297,0.8944629475437136,1.2584645786849187
298,0.8894671107410491,1.2602503672924565
299,0.8959200666111574,1.2538527263193504
300,0.8984179850124896,1.2493170174234216
301,0.8892589508742714,1.252209985087456
302,0.894879267277269,1.2442210079926832
303,0.9073688592839301,1.230806888291282
304,0.8957119067443797,1.2354470702829607
305,0.8984179850124896,1.2338976365739758
306,0.8967527060782681,1.2209101975907097
307,0.8950874271440467,1.2258914412308692
308,0.9025811823480433,1.2190027103932275
309,0.8967527060782681,1.2161973706887823
310,0.9040383014154871,1.2116281434360094
311,0.9025811823480433,1.2030034843432118
312,0.9002914238134888,1.2079972585571697
313,0.9029975020815987,1.2078744117465245
314,0.8992506244796004,1.2045380001163404
315,0.8980016652789342,1.2023663824543567
316,0.9061199000832639,1.1922566405343176
317,0.9052872606161532,1.191897128940522
318,0.9034138218151541,1.1910720274509934
319,0.9025811823480433,1.1850040858234594
320,0.9042464612822648,1.1757666016498474
321,0.9046627810158201,1.1758685139791851
322,0.9100749375520399,1.166927927638172
323,0.8992506244796004,1.1747143539560525
324,0.9113238967527061,1.1592726326306397
325,0.9079933388842631,1.1634095533999873
326,0.9057035803497085,1.1629282593429338
327,0.9102830974188176,1.1550850905943275
328,0.9121565362198168,1.1446812463541214
329,0.9063280599500416,1.1523441647014252
330,0.9090341382181515,1.1511338071759594
331,0.9046627810158201,1.1502805637578781
332,0.9161115736885929,1.1394435622908492
333,0.9129891756869276,1.1401329570566983
334,0.9115320566194838,1.137836699581067
335,0.9092422980849292,1.1405380940457168
336,0.9152789342214821,1.1274544601138685
337,0.914029975020816,1.1278504781381573
338,0.9117402164862615,1.1262112275249854
339,0.9088259783513739,1.126373517225426
340,0.917985012489592,1.115415780768605
341,0.9163197335553706,1.1093253939475347
342,0.9215237302248127,1.1097326278686523
343,0.9200666111573689,1.100045630477251
344,0.9123646960865945,1.1058572181357036
345,0.918609492089925,1.097177036695933
346,0.9152789342214821,1.0994864523559684
347,0.9119483763530392,1.1011449971068015
348,0.9221482098251457,1.0938945976919576
349,0.9233971690258118,1.082943040465038
350,0.9148626144879267,1.086811323050754
351,0.9169442131557036,1.0862701100969592
352,0.9177768526228143,1.0879932896084432
353,0.9184013322231473,1.0780760610133384
354,0.921315570358035,1.074065144463046
355,0.9227726894254787,1.0672852465949587
356,0.922564529558701,1.071481560191743
357,0.9236053288925895,1.0684026833080829
358,0.9215237302248127,1.0638471955959248
359,0.925895087427144,1.0609724190114043
360,0.9233971690258118,1.0599305151304932
361,0.9294338051623647,1.0459613981195335
362,0.9267277268942548,1.046282090215659
363,0.9242298084929226,1.0456138726178057
364,0.9281848459616986,1.0440746225187125
365,0.9294338051623647,1.0346490153662866
366,0.9310990840965861,1.035258299405132
367,0.9313072439633638,1.0284156909493185
368,0.93255620316403,1.0314776754498383
369,0.9238134887593672,1.03816267383982
370,0.9256869275603664,1.0303153328653378
371,0.9267277268942548,1.0307872115722008
372,0.9308909242298085,1.0287819938993177
373,0.9315154038301415,1.0200474573908798
374,0.9265195670274771,1.0209753707386273
375,0.9250624479600333,1.0154098614764948
376,0.9283930058284763,1.0163297849729793
377,0.9269358867610324,1.0162530559782779
378,0.9244379683597003,1.0116411766144358
379,0.9327643630308077,1.0024510885059188
380,0.929225645295587,1.0041793566957105
381,0.9269358867610324,1.0041308110202978
382,0.9367194004995837,0.9976177252798056
383,0.9335970024979184,0.9959571496533117
384,0.9350541215653622,0.9956913659912064
385,0.9329725228975854,0.9947494243602768
386,0.9304746044962531,0.9929202648126315
387,0.9338051623646961,0.9863845485632465
388,0.9348459616985845,0.9881389365406655
389,0.9296419650291424,0.9870893843565058
390,0.9313072439633638,0.9848918508828233
391,0.9323480432972523,0.9805074897932073
392,0.9373438800999168,0.9714527291918079
393,0.9379683597002498,0.9715791805697718
394,0.9377601998334721,0.9695013139666765
395,0.9340133222314738,0.9719315362314102
396,0.9396336386344712,0.9645668757547446
397,0.93255620316403,0.9644586185333036
398,0.9321398834304746,0.9699954936943086
399,0.936511240632806,0.9581191491127808
400,0.9346378018318068,0.9615946729713236
401,0.9406744379683597,0.9503726743837876
402,0.9377601998334721,0.955274351629786
403,0.9340133222314738,0.9522596519257405
404,0.9373438800999168,0.9552958085078384
405,0.9417152373022482,0.9464957923019657
406,0.9379683597002498,0.9446204383605525
407,0.9392173189009159,0.9448373475539297
408,0.9358867610324729,0.9458113356891222
409,0.9429641965029142,0.937082823468287
410,0.9394254787676936,0.9392161181725431
411,0.9400499583680266,0.9341118253835731
412,0.9377601998334721,0.9331923263654621
413,0.9369275603663614,0.9315508124631807
414,0.9392173189009159,0.9334329745850892
415,0.944421315570358,0.9255353101683497
416,0.9479600333055787,0.9177163741570726
417,0.9398417985012489,0.920366385497221
418,0.9400499583680266,0.9208367249054475
419,0.9421315570358035,0.9181248462269646
420,0.9423397169025812,0.9178388222965174
421,0.9435886761032473,0.9115570844162711
422,0.9448376353039134,0.9091834920232837
423,0.9415070774354705,0.9128421732130694
424,0.9442131557035803,0.9035805328799524
425,0.9433805162364696,0.9071260844539544
426,0.9465029142381349,0.9077283591652393
427,0.9448376353039134,0.9030822164113079
428,0.9452539550374688,0.9010674793654735
429,0.9475437135720233,0.8965995135057181
430,0.9442131557035803,0.8951315498669677
431,0.944421315570358,0.8953869591942437
432,0.9448376353039134,0.8931858203095461
433,0.9475437135720233,0.8881865504083785
434,0.9421315570358035,0.8947204096331187
435,0.9471273938384679,0.8851945261276334
436,0.9487926727726894,0.8812250602155999
437,0.9496253122398002,0.8836960337938218
438,0.947751873438801,0.8767069654599713
439,0.9454621149042465,0.8806174608392581
440,0.9415070774354705,0.8831408772242257
441,0.9500416319733556,0.8713269809402098
442,0.9465029142381349,0.8752620921940927
443,0.9431723563696919,0.873752125891718
444,0.9446294754371357,0.8734748984852202
445,0.9500416319733556,0.8699037540365913
446,0.9487926727726894,0.8646296656300484
447,0.9450457951706911,0.8662824826276273
448,0.9564945878434638,0.8565964503252536
449,0.9504579517069109,0.85766825588617
450,0.9454621149042465,0.8636278987030106
451,0.9535803497085762,0.8540887580525369
452,0.9508742714404663,0.8558398449450706
453,0.9519150707743547,0.8507348853384427
454,0.9504579517069109,0.8536329453037145
455,0.9502497918401333,0.8527040097437533
456,0.9512905911740216,0.8471948720334869
457,0.9525395503746877,0.8471636871414121
458,0.9502497918401333,0.8438471425681389
459,0.95233139050791,0.8444233142664589
460,0.9500416319733556,0.8445310041271181
461,0.9531640299750208,0.838766893875986
462,0.9481681931723563,0.8431936764002442
463,0.9498334721065779,0.8397492643796236
464,0.9577435470441299,0.8310495156431873
465,0.9494171523730225,0.8364916679563371
466,0.9469192339716903,0.8408175507354101
467,0.9533721898417985,0.831276942053802
468,0.948376353039134,0.8348607934583335
469,0.95233139050791,0.8316142640443368
470,0.9481681931723563,0.8315967111960736
471,0.9525395503746877,0.8245472716947678
472,0.9539966694421316,0.8214141384052496
473,0.9521232306411324,0.8210968362798698
474,0.9496253122398002,0.8265225512598278
475,0.9506661115736886,0.8209432090053352
476,0.9562864279766861,0.8129112568127921
477,0.9529558701082431,0.815936575374635
478,0.9539966694421316,0.8158025804606207
479,0.9554537885095754,0.81222383024095
480,0.9554537885095754,0.8084465303984808
481,0.9521232306411324,0.8127142599381376
482,0.9533721898417985,0.810055137772445
483,0.9564945878434638,0.8035503318168837
484,0.9525395503746877,0.8029135296386446
485,0.9554537885095754,0.8024942899226746
486,0.9560782681099084,0.8020679707531131
487,0.9562864279766861,0.8003401059492938
488,0.9600333055786844,0.7931592485787569
489,0.9571190674437968,0.7941802622972182
490,0.958368026644463,0.7962440881602075
491,0.9525395503746877,0.8001133106233278
492,0.9529558701082431,0.7989737988014602
493,0.9592006661115737,0.7857237490984323
494,0.9610741049125728,0.7849194791592924
495,0.9552456286427977,0.7882848548253907
496,0.9533721898417985,0.7889320584359911
497,0.9596169858451291,0.7843150168433971
498,0.9519150707743547,0.7919281534509397
499,0.9575353871773522,0.7829441316022563
