epoch,categorical_accuracy,loss
0,0.593255620316403,5.234498369405907
1,0.5512073272273106,4.416746729518055
2,0.5439217318900916,4.066595551572573
3,0.5164446294754371,3.9538448958670864
4,0.5008326394671108,3.9190446159226213
5,0.5164446294754371,3.8025941306804243
6,0.5135303913405496,3.755220157915508
7,0.5183180682764363,3.6781903603591095
8,0.525811823480433,3.615437409959169
9,0.5241465445462115,3.561984838196677
10,0.5251873438800999,3.5523671639352714
11,0.5199833472106578,3.5163978281664314
12,0.5295587010824313,3.465739819132021
13,0.5318484596169858,3.44484613916459
14,0.5154038301415487,3.4336072302777803
15,0.5299750208159867,3.4038176278488326
16,0.5447543713572023,3.3424816752949127
17,0.5243547044129891,3.363516028973582
18,0.5328892589508742,3.342965919111889
19,0.5362198168193172,3.317957185090928
20,0.5256036636136553,3.3025977006065754
21,0.5295587010824313,3.280641781499642
22,0.5272689425478768,3.275912045836945
23,0.5320566194837635,3.2512628009773907
24,0.5339300582847627,3.231228394472629
25,0.5491257285595337,3.213984890841723
26,0.5310158201498751,3.2292249659316723
27,0.5368442964196503,3.204051268090813
28,0.5464196502914238,3.18196558138413
29,0.5428809325562032,3.1775714187796766
30,0.5420482930890924,3.1529392513208445
31,0.54496253122398,3.150235377183862
32,0.5503746877601998,3.1298226095258346
33,0.5328892589508742,3.1347444525964057
34,0.5383014154870941,3.119057688288248
35,0.5401748542880933,3.116558019167974
36,0.5566194837635304,3.0836148178646905
37,0.5551623646960866,3.0845433407083935
38,0.551623646960866,3.080848732558416
39,0.5568276436303081,3.0751887725652205
40,0.5447543713572023,3.069858233398641
41,0.5474604496253123,3.0570526788077883
42,0.5524562864279767,3.0493786170222577
43,0.5485012489592007,3.040114131200125
44,0.5589092422980849,3.0246109356987385
45,0.5372606161532056,3.0291740709697077
46,0.5570358034970858,3.000854679984316
47,0.5576602830974188,2.9966350475219166
48,0.5530807660283097,2.9921435511777243
49,0.5568276436303081,2.9864547341987553
50,0.5580766028309742,2.9727742824824426
51,0.5537052456286428,2.9676615979451126
52,0.5661948376353039,2.946647362546262
53,0.5547460449625312,2.943919302918929
54,0.5703580349708576,2.936701136564434
55,0.5682764363030808,2.9239703141878683
56,0.5672356369691923,2.9229684592682954
57,0.5761865112406328,2.909829959980554
58,0.5589092422980849,2.9023839688916486
59,0.56744379683597,2.8927767318452426
60,0.563488759367194,2.885980399026164
61,0.570774354704413,2.875128955269336
62,0.5670274771024146,2.867488982774733
63,0.5730641132389676,2.8550781800685376
64,0.5666111573688593,2.853563787141112
65,0.5680682764363031,2.846681198609262
66,0.5639050791007494,2.8344721083438564
67,0.575353871773522,2.820768431164045
68,0.5884679433805162,2.804989789943711
69,0.5755620316402997,2.8115133617839447
70,0.5659866777685262,2.8019527305075766
71,0.5840965861781848,2.78607783686807
72,0.5822231473771857,2.7845395993035003
73,0.5845129059117402,2.7651233595674185
74,0.5782681099084097,2.764543413421097
75,0.5872189841798501,2.7484099444104273
76,0.5761865112406328,2.750113867204652
77,0.5849292256452956,2.7312578748008987
78,0.5736885928393006,2.7260661966893993
79,0.5855537052456287,2.7129944115256786
80,0.5957535387177352,2.706960467275831
81,0.5878434637801832,2.702935828455878
82,0.5874271440466278,2.699360823254105
83,0.5942964196502915,2.6800425529082945
84,0.6065778517901749,2.664604224332862
85,0.5980432972522898,2.6616215826966783
86,0.5938800999167361,2.650913014598532
87,0.6094920899250624,2.640288285073591
88,0.5915903413821815,2.6375232124010988
89,0.5959616985845129,2.6307308650036636
90,0.6076186511240633,2.6116946883046754
91,0.6028309741881765,2.6065272312180188
92,0.6132389675270608,2.594026151644399
93,0.6063696919233972,2.5894472223832943
94,0.6132389675270608,2.5802117779689664
95,0.6121981681931724,2.569049493756322
96,0.619067443796836,2.565490307756308
97,0.6226061615320566,2.5524782274883058
98,0.605120732722731,2.5520180065764873
99,0.6063696919233972,2.538220446473057
100,0.6119900083263947,2.527572947676037
101,0.6296835970024979,2.51581221754406
102,0.6132389675270608,2.514434798174754
103,0.6363447127393839,2.4944512915551713
104,0.6221898417985012,2.49318040558738
105,0.6215653621981682,2.486553107173516
106,0.6169858451290591,2.4808346909547625
107,0.6251040799333888,2.4714322649966074
108,0.6315570358034971,2.4556144427300293
109,0.6325978351373855,2.4527860444153875
110,0.63759367194005,2.4348152436185737
111,0.6223980016652789,2.43968988179565
112,0.6290591174021649,2.425836017387892
113,0.6457119067443797,2.4096662170384744
114,0.634263114071607,2.411050565236812
115,0.6380099916736053,2.3924825374133185
116,0.6363447127393839,2.38931516922086
117,0.6398834304746045,2.3816275685951176
118,0.630932556203164,2.379484050577626
119,0.6511240632805995,2.36219660685918
120,0.6490424646128227,2.3560426249095143
121,0.6369691923397169,2.3482619860487914
122,0.6473771856786011,2.3383494551036876
123,0.6552872606161532,2.3301414820077913
124,0.6436303080766028,2.3275658879847847
125,0.6504995836802664,2.31759178350609
126,0.6609075770191507,2.3053268308345722
127,0.6532056619483764,2.302563592655077
128,0.6586178184845962,2.2892068609607708
129,0.6613238967527061,2.2759336571610045
130,0.6554954204829309,2.2771004911862645
131,0.6490424646128227,2.2719435566767965
132,0.6609075770191507,2.2598038110804497
133,0.6611157368859284,2.251054798335854
134,0.6600749375520399,2.2442943075118116
135,0.6692339716902581,2.237057997523299
136,0.6586178184845962,2.2313946264173268
137,0.6536219816819318,2.228458747379389
138,0.6667360532889259,2.2127994903418347
139,0.6638218151540383,2.2067367571974477
140,0.6648626144879267,2.200709484895997
141,0.6771440466278101,2.1833767454193396
142,0.6740216486261449,2.178326520197199
143,0.6700666111573689,2.175632498246446
144,0.6781848459616986,2.1693747524020077
145,0.6831806827643631,2.1581314013065844
146,0.6763114071606994,2.153605154610792
147,0.6796419650291424,2.147236231363981
148,0.6885928393005828,2.1359489404787926
149,0.6894254787676936,2.126870701850999
150,0.6860949208992506,2.1269250128489547
151,0.6854704412989175,2.1247588684914214
152,0.6854704412989175,2.1106700612345306
153,0.6788093255620317,2.1014606853408875
154,0.690466278101582,2.098668326545417
155,0.6856786011656952,2.091216325362854
156,0.6908825978351374,2.0806099138688685
157,0.701082431307244,2.076375555535538
158,0.697751873438801,2.0629515894048915
159,0.6950457951706911,2.0556636883952435
160,0.6919233971690258,2.05444272352595
161,0.7000416319733556,2.049918551726901
162,0.6971273938384679,2.041225007332731
163,0.701082431307244,2.033380137593621
164,0.7025395503746877,2.0249462657725186
165,0.6958784346378019,2.0223723222175107
166,0.6954621149042465,2.0237601773129414
167,0.6996253122398002,2.008843486453969
168,0.7019150707743547,2.003695441523162
169,0.7106577851790175,1.9994926942973015
170,0.7156536219816819,1.9818483135483842
171,0.7064945878434638,1.9830553003592257
172,0.7054537885095754,1.9772076130310363
173,0.7096169858451291,1.9713173801952555
174,0.7135720233139051,1.9649044289179984
175,0.7048293089092423,1.9586080879494114
176,0.7169025811823481,1.9500264376029683
177,0.7250208159866778,1.9391231484258304
178,0.7144046627810158,1.9386583756249116
179,0.7189841798501249,1.9322400015657093
180,0.7114904246461282,1.9266834546882445
181,0.7179433805162365,1.925757875549704
182,0.7187760199833472,1.9150996881162594
183,0.7214820982514571,1.9071284965313444
184,0.7194004995836802,1.903645388788228
185,0.7223147377185679,1.8931673174595258
186,0.7227310574521232,1.8900884176471846
187,0.7246044962531224,1.8813620343196402
188,0.723563696919234,1.8781347181477415
189,0.7291840133222315,1.8696770893346262
190,0.7375104079933389,1.8592682061445505
191,0.7273105745212323,1.8607240037854564
192,0.7310574521232306,1.854983331361083
193,0.7425062447960034,1.8443738014672222
194,0.735428809325562,1.8464009677440698
195,0.7379267277268943,1.8371225969678258
196,0.7350124895920067,1.8342079913784919
197,0.7408409658617818,1.8224480058827268
198,0.7393838467943381,1.8155479605847056
199,0.7412572855953372,1.8122095175329394
200,0.7304329725228976,1.8112576712577368
201,0.7470857618651124,1.802765585401473
202,0.7481265611990008,1.805254056987715
203,0.7431307243963364,1.7885783709256873
204,0.7447960033305578,1.785134617236135
205,0.7495836802664446,1.7831011616518655
206,0.7475020815986678,1.772845800373576
207,0.7581182348043297,1.7660936916202035
208,0.7481265611990008,1.7650145668471287
209,0.7564529558701082,1.7587918556302315
210,0.7549958368026645,1.7597336068339986
211,0.7477102414654455,1.7556153345266845
212,0.7570774354704413,1.7431627138766719
213,0.7531223980016652,1.7380953044518146
214,0.7595753538717736,1.736510347069352
215,0.7537468776019983,1.7320512554032121
216,0.7574937552039966,1.7250613789078
217,0.7587427144046628,1.721914196093811
218,0.7649875104079933,1.7120275967921146
219,0.7577019150707743,1.7132027958156069
220,0.7581182348043297,1.7049099907688456
221,0.7606161532056619,1.7005796269711408
222,0.7583263946711074,1.7017953897098221
223,0.7647793505412157,1.6910222389616636
224,0.7643630308076603,1.6832202245154846
225,0.7693588676103247,1.6805257333704673
226,0.7716486261448793,1.6767495403083337
227,0.77248126561199,1.6652405621308668
228,0.7597835137385512,1.6793242709821308
229,0.7745628642797668,1.6604437171966209
230,0.771856786011657,1.6592194684637676
231,0.7722731057452124,1.6540351537343962
232,0.7749791840133222,1.6445086743809798
233,0.7710241465445462,1.64720460278704
234,0.7785179017485429,1.639528115722758
235,0.7739383846794338,1.6329898886835446
236,0.7791423813488759,1.6254825167215237
237,0.7776852622814321,1.6290444603172767
238,0.7785179017485429,1.6247687824163508
239,0.7814321398834305,1.6149424655947657
240,0.7885095753538718,1.6018609113240618
241,0.7772689425478768,1.6055264194045435
242,0.7762281432139884,1.6031772457094216
243,0.7830974188176519,1.5975357358600575
244,0.7845545378850958,1.5901070603919367
245,0.7814321398834305,1.588018895684432
246,0.7957951706910907,1.5726816374296748
247,0.7899666944213156,1.5790593090105016
248,0.7987094088259784,1.5693004247449418
249,0.795587010824313,1.565839217564744
250,0.791631973355537,1.563552407400495
251,0.7957951706910907,1.5615760232884124
252,0.7991257285595337,1.5520294623807704
253,0.7972522897585346,1.556150589954049
254,0.7920482930890924,1.5497393023461525
255,0.8018318068276437,1.5347937975795343
256,0.795587010824313,1.540371203501953
257,0.7957951706910907,1.5379063295980575
258,0.8043297252289758,1.5308467533864347
259,0.7928809325562032,1.5315448006027248
260,0.8030807660283097,1.521800655707233
261,0.795587010824313,1.5169020794908967
262,0.8107826810990841,1.509435656068724
263,0.805578684429642,1.507192924953718
264,0.8034970857618651,1.4988966080469455
265,0.805578684429642,1.5042112332200328
266,0.8172356369691923,1.4897810809320455
267,0.8043297252289758,1.4913339592038741
268,0.7991257285595337,1.4909016407101876
269,0.8043297252289758,1.487719477066688
270,0.8093255620316403,1.482420308206798
271,0.8111990008326395,1.4750401277923266
272,0.8170274771024146,1.4666414540772832
273,0.8147377185678601,1.4632982651855824
274,0.8151540383014155,1.457869693202639
275,0.8172356369691923,1.4556857664122569
276,0.8141132389675271,1.454022932012909
277,0.8153621981681932,1.4507079428181262
278,0.8191090757701915,1.4456103426729214
279,0.8189009159034139,1.4402925114548275
280,0.8236885928393006,1.4373707650206071
281,0.8270191507077436,1.4345695110880068
282,0.8243130724396336,1.430947363029213
283,0.8224396336386345,1.4262392195337121
284,0.8243130724396336,1.4254284915479394
285,0.8284762697751873,1.4142321197317602
286,0.8189009159034139,1.419994795947746
287,0.8301415487094088,1.4092251794919881
288,0.8295170691090757,1.401410717054966
289,0.8257701915070774,1.4058815002639924
290,0.8305578684429642,1.4035350017801709
291,0.8305578684429642,1.397268937291154
292,0.8370108243130724,1.3868939437834449
293,0.8324313072439634,1.388156294326401
294,0.8270191507077436,1.38836980461578
295,0.8305578684429642,1.38904392888008
296,0.8376353039134055,1.3766202607023825
297,0.8388842631140716,1.3738888505098723
298,0.8361781848459617,1.3710108144793482
299,0.8420066611157369,1.3638294573926013
300,0.8334721065778518,1.3676896815891568
301,0.839300582847627,1.357279247586475
302,0.8370108243130724,1.3548107348711267
303,0.8372189841798501,1.355380781981272
304,0.8378434637801832,1.3522040084637175
305,0.8451290591174022,1.3466602712745572
306,0.8428393005828476,1.340931783707116
307,0.8449208992506245,1.3344789807941395
308,0.8390924229808493,1.3338749480187944
309,0.8490840965861782,1.3287308954577164
310,0.8388842631140716,1.3254077764077548
311,0.8442964196502915,1.3245241109973485
312,0.8503330557868443,1.3176422131051628
313,0.8528309741881765,1.3149584321356336
314,0.8509575353871773,1.315330717585466
315,0.8430474604496253,1.3140071742639852
316,0.8522064945878435,1.3071457398721915
317,0.8449208992506245,1.3120413415140157
318,0.8559533721898418,1.2951709940272704
319,0.8542880932556203,1.296542752692344
320,0.850541215653622,1.2965740375375867
321,0.8528309741881765,1.2954955520876044
322,0.8542880932556203,1.2868912038358422
323,0.8482514571190675,1.2882411763828858
324,0.8536636136552873,1.2836658312418776
325,0.8619900083263947,1.274741852511772
326,0.8555370524562864,1.2815611096444872
327,0.8574104912572856,1.2724651540943626
328,0.865736885928393,1.267821237506914
329,0.8607410491257286,1.2626691763843725
330,0.8661532056619484,1.2561368174001042
331,0.8586594504579517,1.2632606300485818
332,0.8576186511240633,1.2569716625864757
333,0.861157368859284,1.2502343522122659
334,0.8678184845961698,1.247269171362217
335,0.865736885928393,1.2408954479811491
336,0.8649042464612823,1.245192383846375
337,0.8701082431307244,1.2372222924411147
338,0.8705245628642798,1.238452711371359
339,0.8680266444629475,1.232847653459649
340,0.8682348043297252,1.2312844978780373
341,0.8665695253955037,1.2315180522019817
342,0.8626144879267277,1.2287136183293237
343,0.8642797668609492,1.2318075217374853
344,0.8782264779350542,1.212404093674875
345,0.8751040799333888,1.2158539218767597
346,0.8684429641965029,1.2200845074991105
347,0.8688592839300583,1.2123297425630586
348,0.8755203996669442,1.2067964618946492
349,0.8726061615320566,1.208291058040082
350,0.8780183180682765,1.198907390125189
351,0.8713572023313905,1.2023298749320215
352,0.8790591174021649,1.1935791535540285
353,0.8715653621981682,1.19457242808473
354,0.8744796003330558,1.195364701460045
355,0.8711490424646128,1.194615823442394
356,0.876977518734388,1.1841468039797705
357,0.8871773522064946,1.1777821480483437
358,0.8857202331390508,1.176813070720479
359,0.8836386344712739,1.171876430610733
360,0.88488759367194,1.1666759904675639
361,0.8782264779350542,1.1736996361456942
362,0.8759367194004996,1.1720829699855364
363,0.8917568692756037,1.1643296832546008
364,0.8896752706078268,1.1601679758366499
365,0.88488759367194,1.1564027307234042
366,0.8828059950041632,1.1571808527351717
367,0.8857202331390508,1.1566039066727611
368,0.8857202331390508,1.1506756280085924
369,0.8886344712739384,1.1480724621970488
370,0.8967527060782681,1.1404828429718399
371,0.8919650291423813,1.143842656348369
372,0.8936303080766028,1.137205358349612
373,0.8836386344712739,1.149993961399342
374,0.8982098251457119,1.135155528014546
375,0.8838467943380516,1.1393044746289345
376,0.888842631140716,1.1364028447871404
377,0.8930058284762697,1.129658445033503
378,0.8898834304746045,1.1221495394305723
379,0.8952955870108243,1.1228879783473147
380,0.8934221482098251,1.1179154868129886
381,0.8936303080766028,1.114482634669041
382,0.8950874271440467,1.1165063378713609
383,0.8884263114071607,1.121776509543045
384,0.8998751040799334,1.1078791772197625
385,0.9034138218151541,1.1062600706439532
386,0.8957119067443797,1.1065737933143787
387,0.8982098251457119,1.1046200013974623
388,0.8950874271440467,1.103641549911626
389,0.8961282264779351,1.1001523926692838
390,0.9004995836802664,1.0915308467156684
391,0.9000832639467111,1.0893627795251979
392,0.8923813488759367,1.0972545258111501
393,0.8984179850124896,1.089515313617792
394,0.9023730224812656,1.0890014683773477
395,0.8990424646128227,1.086215513036412
396,0.8996669442131557,1.0835959262196766
397,0.9079933388842631,1.0746636995169443
398,0.9034138218151541,1.074774820093906
399,0.9011240632805995,1.076734934073503
400,0.9061199000832639,1.0667810914518434
401,0.8986261448792673,1.074610177523687
402,0.9117402164862615,1.0631402366663594
403,0.9113238967527061,1.0565245883053884
404,0.8996669442131557,1.0679066823384447
405,0.9046627810158201,1.0627129317124022
406,0.9063280599500416,1.0538958286266342
407,0.9111157368859284,1.051296012486943
408,0.9088259783513739,1.0549534221771457
409,0.9052872606161532,1.0564297075374836
410,0.9148626144879267,1.0383564003004222
411,0.9079933388842631,1.0462000589386609
412,0.9121565362198168,1.0408389930621869
413,0.9088259783513739,1.0394935247602313
414,0.9075770191507078,1.0382455450410548
415,0.9023730224812656,1.0440549845500948
416,0.9048709408825978,1.047562578734907
417,0.9136136552872606,1.0310327144189242
418,0.9131973355537052,1.026117106460711
419,0.9086178184845962,1.0324164645856464
420,0.9063280599500416,1.0325942372997834
421,0.9121565362198168,1.0291260232734838
422,0.9129891756869276,1.0244577805465902
423,0.9104912572855953,1.0273677450135585
424,0.9148626144879267,1.0190240697598676
425,0.9136136552872606,1.0217757073667624
426,0.9165278934221482,1.008827465459965
427,0.9117402164862615,1.0186951323214617
428,0.9169442131557036,1.007091519189417
429,0.9167360532889259,1.0060186243176361
430,0.9159034138218152,1.0092207243996396
431,0.9163197335553706,1.00749685797068
432,0.9196502914238135,1.0005166139531194
433,0.9152789342214821,1.0078645455251625
434,0.9204829308909243,0.9965923852864947
435,0.9184013322231473,0.999733811959339
436,0.9194421315570358,0.9950473191438368
437,0.9165278934221482,0.995677614886993
438,0.9165278934221482,0.9948084267549571
439,0.918609492089925,0.9868776807181543
440,0.9275603663613655,0.9800339796263213
441,0.9161115736885929,0.9879792660698109
442,0.9208992506244796,0.9831639729272714
443,0.9198584512905912,0.9798211735750019
444,0.9163197335553706,0.9865549262318385
445,0.9194421315570358,0.9766229731554195
446,0.9192339716902581,0.9777723794972073
447,0.9177768526228143,0.9786661334279971
448,0.9233971690258118,0.9716539650435849
449,0.9154870940882598,0.9752755150211344
450,0.924646128226478,0.9667780508506705
451,0.9231890091590341,0.9683273028175996
452,0.9169442131557036,0.9740626677486124
453,0.9279766860949209,0.9570859616046941
454,0.9269358867610324,0.9543275405822645
455,0.9294338051623647,0.9597941103029212
456,0.9171523730224813,0.9613247378283397
457,0.925270607826811,0.9512697505911224
458,0.9296419650291424,0.9509905883910554
459,0.925895087427144,0.9492656934469764
460,0.9223563696919234,0.9525523388713325
461,0.9279766860949209,0.948442207635392
462,0.9267277268942548,0.9461857418434308
463,0.9229808492922564,0.9506086304126234
464,0.9279766860949209,0.940581030690799
465,0.9283930058284763,0.9335610479439029
466,0.9275603663613655,0.9373391112320429
467,0.9296419650291424,0.9397993235167218
468,0.9377601998334721,0.924797491318578
469,0.93255620316403,0.9329389924808505
470,0.9263114071606994,0.9345484565040849
471,0.9250624479600333,0.9316700678086102
472,0.928601165695254,0.9306826476352003
473,0.9290174854288094,0.9276401922168779
474,0.928601165695254,0.9261557627081574
475,0.928601165695254,0.9266050328422247
476,0.9321398834304746,0.9180526671858255
477,0.9298501248959201,0.9223403077042173
478,0.9279766860949209,0.9248912307642382
479,0.9333888426311407,0.9156091381965529
480,0.9350541215653622,0.9118114640373275
481,0.9277685262281432,0.918698436314617
482,0.9331806827643631,0.91090417280483
483,0.9367194004995837,0.9070664034298715
484,0.9321398834304746,0.9146419179925911
485,0.9388009991673605,0.9042260655257028
486,0.9346378018318068,0.9038235838466838
487,0.9331806827643631,0.9073757118825412
488,0.9335970024979184,0.906510803076151
489,0.9331806827643631,0.9006334815196054
490,0.9300582847626978,0.9031034773037296
491,0.9408825978351374,0.8925269171657609
492,0.9308909242298085,0.8986916950501371
493,0.9381765195670275,0.8934322409983182
494,0.9317235636969192,0.8982768694030355
495,0.9392173189009159,0.8916310110655951
496,0.9352622814321399,0.8927799440442672
497,0.9367194004995837,0.8885705825887453
498,0.936511240632806,0.888273842130275
499,0.9352622814321399,0.8861347344098341
