epoch,categorical_accuracy,loss
0,0.4756452955870108,5.420149308854992
1,0.5018734388009992,5.111250665761549
2,0.5066611157368859,4.916171497945285
3,0.5066611157368859,4.680566693622802
4,0.5056203164029975,4.551578384354946
5,0.5172772689425479,4.350351084281165
6,0.5216486261448793,4.293242241718886
7,0.507285595337219,4.15815914679725
8,0.5330974188176519,4.051680989309116
9,0.5214404662781016,4.025103293092522
10,0.515195670274771,3.9752274345696517
11,0.5276852622814321,3.9169889034379235
12,0.5293505412156536,3.841254385385188
13,0.5364279766860949,3.78616352700671
14,0.5245628642797668,3.756297449783719
15,0.5233139050791007,3.7240688612220887
16,0.537052456286428,3.676289949687097
17,0.5397585345545379,3.6437177491327013
18,0.5270607826810991,3.6324442381862796
19,0.5378850957535387,3.5883230392780034
20,0.5320566194837635,3.568618003375127
21,0.5395503746877602,3.5477262392925484
22,0.5341382181515404,3.525917545941152
23,0.5364279766860949,3.5098016740479734
24,0.5428809325562032,3.4941261608733623
25,0.5374687760199833,3.4701579254334614
26,0.5428809325562032,3.4463660923467887
27,0.5314321398834305,3.450149635986722
28,0.5487094088259784,3.4232969347582967
29,0.5445462114904246,3.4153577808932796
30,0.5289342214820982,3.419736004788909
31,0.5366361365528726,3.3908412543859807
32,0.5480849292256453,3.367115036434774
33,0.5430890924229809,3.3578008031170135
34,0.5541215653621981,3.3497754910109343
35,0.5378850957535387,3.357371003105678
36,0.5451706910907577,3.326572271707552
37,0.559533721898418,3.310930256442563
38,0.54496253122398,3.319261363503538
39,0.5589092422980849,3.2919796402507977
40,0.5395503746877602,3.2843067685729954
41,0.5512073272273106,3.2710623528737015
42,0.5547460449625312,3.2692712135457875
43,0.5505828476269775,3.2680492726690464
44,0.5537052456286428,3.2510063544995185
45,0.5487094088259784,3.2490552847431067
46,0.5574521232306411,3.2356552899032707
47,0.5603663613655288,3.2282116957052263
48,0.5680682764363031,3.2144463197277746
49,0.5607826810990841,3.2056860377846115
50,0.563488759367194,3.200109964604183
51,0.5559950041631974,3.1889073114212505
52,0.5639050791007494,3.1782902118863907
53,0.5836802664446294,3.1632584135895665
54,0.5672356369691923,3.162647763060888
55,0.5882597835137385,3.1472271137888685
56,0.5890924229808493,3.136428625954875
57,0.5755620316402997,3.1321008953821847
58,0.5805578684429642,3.12643589763022
59,0.5718151540383014,3.1196327316671684
60,0.5743130724396336,3.111780809224595
61,0.5880516236469608,3.096607781171203
62,0.579308909242298,3.094354587431057
63,0.5811823480432973,3.0855253727410257
64,0.5876353039134055,3.0760773607932164
65,0.5897169025811824,3.065427305299376
66,0.5959616985845129,3.0559755127991766
67,0.5957535387177352,3.0417406249304397
68,0.6072023313905079,3.0267242902919316
69,0.6099084096586178,3.0204502760023995
70,0.6024146544546212,3.0141956929263225
71,0.6101165695253955,3.002574942292619
72,0.6119900083263947,2.992478743083868
73,0.6061615320566195,2.991247425269922
74,0.6226061615320566,2.9748085148626324
75,0.611157368859284,2.97129574504919
76,0.6076186511240633,2.9629771318364204
77,0.6115736885928393,2.9491688865706087
78,0.6138634471273938,2.9447240948577806
79,0.6074104912572856,2.942356716087716
80,0.6236469608659451,2.914748889619762
81,0.6132389675270608,2.9131689698968106
82,0.6180266444629475,2.908251627200251
83,0.6055370524562864,2.900522263222789
84,0.6213572023313905,2.8846559409396435
85,0.6317651956702748,2.8752123477754745
86,0.6336386344712739,2.8646802340419364
87,0.6267693588676103,2.859256245115218
88,0.6280183180682765,2.849902967926267
89,0.6315570358034971,2.842516592599073
90,0.6396752706078268,2.828801382391975
91,0.6365528726061616,2.8141891005434263
92,0.6373855120732723,2.8132236954770815
93,0.6430058284762697,2.7965434826383184
94,0.6332223147377186,2.7984365301267196
95,0.6390507910074937,2.784269201070641
96,0.6423813488759367,2.7752728267672855
97,0.6467527060782681,2.7588855376549306
98,0.6465445462114904,2.756736449655347
99,0.6504995836802664,2.746880278599252
100,0.6446711074104913,2.7323425570495123
101,0.660699417152373,2.726097354285425
102,0.6490424646128227,2.7183908671761037
103,0.6546627810158201,2.7116752643569324
104,0.6521648626144879,2.7015802107881646
105,0.6513322231473772,2.6887258869920743
106,0.6565362198168193,2.678336549460342
107,0.6609075770191507,2.667998509045743
108,0.6532056619483764,2.66771647475542
109,0.6665278934221482,2.6516275153767555
110,0.667360532889259,2.635833326525533
111,0.6700666111573689,2.631281200594747
112,0.6575770191507078,2.6354032414441897
113,0.6783930058284763,2.6122118761696287
114,0.6631973355537052,2.6101915854200732
115,0.6717318900915903,2.5962219968822775
116,0.6692339716902581,2.5919109478679725
117,0.6690258118234804,2.5870285973163765
118,0.675270607826811,2.5710255490254603
119,0.6777685262281432,2.5573776625872253
120,0.674646128226478,2.5521026477527857
121,0.6848459616985845,2.5443601461373997
122,0.6708992506244796,2.5379128579196086
123,0.6688176519567027,2.5411374910387967
124,0.6881765195670275,2.5176330111008896
125,0.6860949208992506,2.507477159206317
126,0.6900499583680266,2.503284655641656
127,0.690466278101582,2.4930606245696794
128,0.6869275603663614,2.492016166572666
129,0.6790174854288094,2.483586918007424
130,0.6906744379683597,2.4719456991089275
131,0.6823480432972523,2.463073088465682
132,0.6948376353039134,2.449690098170932
133,0.6888009991673605,2.442673328218611
134,0.7008742714404663,2.4354048269575186
135,0.6902581182348043,2.4293498097609523
136,0.6946294754371357,2.423889804144485
137,0.7037885095753539,2.4132214509676535
138,0.6998334721065779,2.4045465056048543
139,0.6917152373022482,2.3991736476367755
140,0.6973355537052456,2.387389249150501
141,0.6996253122398002,2.38098372368888
142,0.7067027477102414,2.3730239888015734
143,0.7002497918401333,2.3681232297946573
144,0.698376353039134,2.360212288530145
145,0.70503746877602,2.3472075732324047
146,0.7064945878434638,2.33972188415972
147,0.7019150707743547,2.333265398662354
148,0.7075353871773522,2.3241648098312746
149,0.7135720233139051,2.3179251210675647
150,0.7108659450457951,2.3118008084340853
151,0.7064945878434638,2.3057961088731624
152,0.7096169858451291,2.297013900758424
153,0.7071190674437968,2.290471889097228
154,0.7214820982514571,2.279863773436471
155,0.7158617818484596,2.275331100953012
156,0.7156536219816819,2.265906557453165
157,0.7171107410491258,2.2581961597630027
158,0.7189841798501249,2.2540366536473155
159,0.7158617818484596,2.2510978055933335
160,0.7218984179850125,2.233716859904852
161,0.7183597002497918,2.231017705701372
162,0.7183597002497918,2.2227688387569837
163,0.7337635303913406,2.212984410253393
164,0.7227310574521232,2.212139586624158
165,0.7329308909242298,2.199185346385819
166,0.7277268942547876,2.1901182878225867
167,0.7273105745212323,2.1865172384184266
168,0.7414654454621149,2.1672192149912686
169,0.736053288925895,2.1711227435255727
170,0.7389675270607827,2.162054251870148
171,0.7393838467943381,2.155336653759438
172,0.7425062447960034,2.146269252556349
173,0.734804329725229,2.1445386717460435
174,0.7458368026644463,2.134154806327661
175,0.731473771856786,2.1321901995176877
176,0.7425062447960034,2.1220040676695024
177,0.7466694421315571,2.113729781850391
178,0.7447960033305578,2.108391456262555
179,0.7410491257285595,2.1060907709707726
180,0.746044962531224,2.0964501686239125
181,0.7456286427976686,2.091160883613669
182,0.7502081598667777,2.080437834514964
183,0.742089925062448,2.077373292523558
184,0.7541631973355537,2.0655530833086306
185,0.7552039966694422,2.060017253238891
186,0.7533305578684429,2.0545337398681514
187,0.7570774354704413,2.0486469207258646
188,0.7568692756036636,2.0417910443059015
189,0.7647793505412157,2.0318814698702887
190,0.7624895920066611,2.029230049706617
191,0.7574937552039966,2.0270935809185464
192,0.7683180682764363,2.009984467448442
193,0.7647793505412157,2.00755183782109
194,0.7676935886761033,2.0005472685077805
195,0.7714404662781016,1.9889766553557982
196,0.7560366361365529,1.9935621550239988
197,0.7670691090757702,1.9745617389281922
198,0.7714404662781016,1.9679630001220576
199,0.765820149875104,1.9686728488594964
200,0.7826810990840966,1.9562333037116744
201,0.7774771024146545,1.9490379487148033
202,0.775811823480433,1.9529544086281605
203,0.7693588676103247,1.9422538289420312
204,0.7714404662781016,1.9431659073555698
205,0.776436303080766,1.9337068892438445
206,0.7781015820149875,1.929799984734223
207,0.7833055786844296,1.9169441319623657
208,0.7799750208159867,1.9138200672143306
209,0.7939217318900916,1.9005916665535385
210,0.7893422148209825,1.9020384574909195
211,0.7818484596169858,1.8987179404988475
212,0.7801831806827644,1.8891388504431705
213,0.7907993338884263,1.8801263980722547
214,0.7891340549542049,1.876567501112583
215,0.798917568692756,1.8687047049167451
216,0.7830974188176519,1.8675021902905415
217,0.7887177352206495,1.8648389916336605
218,0.794338051623647,1.8599762517546337
219,0.7935054121565362,1.8479242155097306
220,0.7918401332223147,1.8493862843930373
221,0.7887177352206495,1.840737881608847
222,0.8045378850957535,1.8255771131539325
223,0.8034970857618651,1.8245335095728763
224,0.805578684429642,1.8164590821476603
225,0.7978767693588676,1.8167672238679453
226,0.8020399666944213,1.8085361723101805
227,0.7964196502914238,1.8018187518719333
228,0.8026644462947544,1.7999536882927774
229,0.8066194837635304,1.7903079823788557
230,0.7962114904246461,1.791627273472223
231,0.8005828476269775,1.7919461053178074
232,0.8078684429641965,1.781707267578595
233,0.8007910074937552,1.7692114709318925
234,0.8101582014987511,1.771927066190753
235,0.8089092422980849,1.7633292553923112
236,0.8041215653621981,1.7574539828757065
237,0.8145295587010825,1.751214778989082
238,0.8145295587010825,1.7483538205577969
239,0.8184845961698585,1.7444565387490787
240,0.8186927560366362,1.7352358909768923
241,0.8182764363030808,1.726694278871884
242,0.8166111573688593,1.7192977491167563
243,0.8149458784346378,1.7259485137948982
244,0.8230641132389676,1.712361224882807
245,0.8189009159034139,1.7098145130571973
246,0.8284762697751873,1.6979843563680148
247,0.828059950041632,1.6934147931256958
248,0.8268109908409659,1.693207094016222
249,0.8266028309741882,1.6935048232368386
250,0.8232722731057452,1.6860035063325118
251,0.8236885928393006,1.6770148914521381
252,0.828684429641965,1.6706637334664796
253,0.828059950041632,1.6702156416283955
254,0.8318068276436303,1.6623582385362534
255,0.8365945045795171,1.6502844826764211
256,0.8343047460449625,1.652741060864419
257,0.8349292256452956,1.6452107726286889
258,0.8301415487094088,1.6475059525555715
259,0.831390507910075,1.6367287739031917
260,0.8370108243130724,1.632976736156867
261,0.8322231473771857,1.6335210847814912
262,0.8403413821815154,1.6204320861338377
263,0.8405495420482931,1.6225841770958245
264,0.8395087427144047,1.6188164140461485
265,0.8453372189841799,1.6091552805046951
266,0.8399250624479601,1.6024962367860602
267,0.8470024979184013,1.5948613171374966
268,0.8470024979184013,1.5914327406466355
269,0.8455453788509575,1.5924698400259216
270,0.8497085761865112,1.5850788644708067
271,0.8397169025811824,1.5836642686770819
272,0.8440882597835138,1.5833660138834524
273,0.8459616985845129,1.570596342479855
274,0.8488759367194005,1.5734378952070835
275,0.851165695253955,1.5614272383825665
276,0.8526228143213989,1.5598307889665195
277,0.8445045795170691,1.5553977181770522
278,0.8536636136552873,1.5504686519764146
279,0.8455453788509575,1.5484168332978947
280,0.8555370524562864,1.5381823232231489
281,0.8569941715237303,1.5306104952647823
282,0.8538717735220649,1.5371700376396273
283,0.8442964196502915,1.5374494307642674
284,0.8572023313905079,1.5249889211591137
285,0.8607410491257286,1.5154557795846195
286,0.8646960865945046,1.5118221056451409
287,0.8607410491257286,1.5070829096682166
288,0.8557452123230641,1.5111665924224726
289,0.865736885928393,1.5027161728432534
290,0.8659450457951707,1.4912791762324198
291,0.8640716069941715,1.4868174166008397
292,0.8621981681931724,1.4907679141907768
293,0.8669858451290591,1.4858241490182234
294,0.8701082431307244,1.4747117723056815
295,0.8601165695253955,1.4844951705075025
296,0.8701082431307244,1.4674276821222234
297,0.8713572023313905,1.4635366631189453
298,0.86511240632806,1.4629393299850795
299,0.8655287260616153,1.466483113569185
300,0.8719816819317235,1.4534364221098024
301,0.8649042464612823,1.4584732177751845
302,0.8661532056619484,1.4559200684494222
303,0.8759367194004996,1.4430053677785208
304,0.8721898417985012,1.4374839401959778
305,0.8765611990008326,1.4326434911637382
306,0.8732306411323897,1.4345635055602342
307,0.8676103247293921,1.4334959295965253
308,0.8815570358034971,1.418134127528741
309,0.8742714404662781,1.4252591215502115
310,0.880308076602831,1.4096015860496414
311,0.8763530391340549,1.415580193267873
312,0.880932556203164,1.4126289578699054
313,0.8757285595337219,1.4064600972906933
314,0.8786427976686095,1.4032909025459068
315,0.8798917568692756,1.393226571821551
316,0.884263114071607,1.3896490425789585
317,0.8790591174021649,1.390019537507247
318,0.8853039134054954,1.3831970117967591
319,0.8786427976686095,1.379981366124975
320,0.8855120732722731,1.3690429650972924
321,0.8796835970024979,1.3795668454491825
322,0.8807243963363863,1.3698942391302662
323,0.884263114071607,1.3648856116969024
324,0.890924229808493,1.3602665931755658
325,0.8853039134054954,1.3569173949842748
326,0.88759367194005,1.3557743046504076
327,0.8865528726061616,1.3546200946010618
328,0.8853039134054954,1.3500263348507147
329,0.8878018318068276,1.346508499883196
330,0.8892589508742714,1.3412473437986605
331,0.8907160699417153,1.3364096401533814
332,0.8896752706078268,1.3350789378227341
333,0.8925895087427144,1.3259952114980287
334,0.8884263114071607,1.3270980905831407
335,0.8911323896752706,1.3268244770742474
336,0.8900915903413822,1.3226809364671412
337,0.8971690258118235,1.3124590356780725
338,0.8923813488759367,1.307320485206369
339,0.894879267277269,1.3062244332104698
340,0.8867610324729392,1.308486347492291
341,0.8961282264779351,1.299171256780823
342,0.9011240632805995,1.2960849307558122
343,0.8965445462114904,1.295411906174875
344,0.9000832639467111,1.2906191471117323
345,0.9002914238134888,1.2845889302117939
346,0.8967527060782681,1.2876354748760035
347,0.8940466278101582,1.2835564329463378
348,0.8940466278101582,1.28260757077445
349,0.8930058284762697,1.280574958191426
350,0.8936303080766028,1.2766600409514899
351,0.9007077435470441,1.2710242126506135
352,0.9019567027477102,1.2655901036393533
353,0.9011240632805995,1.2612952470382386
354,0.8996669442131557,1.256151842634247
355,0.9082014987510408,1.2488560399643884
356,0.9071606994171524,1.2493462880187785
357,0.8990424646128227,1.2557473092353115
358,0.9063280599500416,1.2445644935302989
359,0.9065362198168193,1.2379785692761285
360,0.9021648626144879,1.2387421498389963
361,0.9063280599500416,1.234361046855396
362,0.9094504579517069,1.2331364727536407
363,0.9073688592839301,1.2297100929495297
364,0.9054954204829309,1.225956665983208
365,0.9086178184845962,1.2203829992224433
366,0.9071606994171524,1.2242355555122242
367,0.9050791007493755,1.2222742770335557
368,0.9136136552872606,1.2110092957549845
369,0.9100749375520399,1.2106773763969478
370,0.8996669442131557,1.2187147026355816
371,0.9127810158201499,1.202209057458533
372,0.9127810158201499,1.2011320683283175
373,0.9059117402164862,1.204834662508111
374,0.9102830974188176,1.199427794457276
375,0.9121565362198168,1.1948133687194837
376,0.9144462947543713,1.1867951080265093
377,0.9084096586178185,1.1939014505585663
378,0.9150707743547044,1.1854965973654754
379,0.9150707743547044,1.1833904989553827
380,0.9111157368859284,1.1809299811038447
381,0.917985012489592,1.176624346434524
382,0.9152789342214821,1.1764209766769091
383,0.9113238967527061,1.1823205335451898
384,0.9161115736885929,1.1688214674480353
385,0.9184013322231473,1.1632502130624356
386,0.921315570358035,1.1587868133849843
387,0.9167360532889259,1.1585415783869435
388,0.9223563696919234,1.150229173834179
389,0.9152789342214821,1.1562398947049537
390,0.9154870940882598,1.153774154474098
391,0.925270607826811,1.1428767331533884
392,0.9184013322231473,1.1432138608953142
393,0.9184013322231473,1.1512711472952
394,0.9200666111573689,1.1461433295306318
395,0.9223563696919234,1.1343441330125985
396,0.9190258118234804,1.135787291094028
397,0.9177768526228143,1.13707215581508
398,0.918609492089925,1.1336186890995175
399,0.9192339716902581,1.1322215358780188
400,0.928601165695254,1.113435553025445
401,0.925270607826811,1.1221566023576468
402,0.9265195670274771,1.1142012226293725
403,0.9248542880932556,1.1154386791758097
404,0.925270607826811,1.1110277409160465
405,0.9236053288925895,1.111516856779961
406,0.9275603663613655,1.1050498930242636
407,0.9229808492922564,1.1054757923805942
408,0.9263114071606994,1.105410993744392
409,0.9267277268942548,1.0968316697161165
410,0.9265195670274771,1.098846924195778
411,0.9290174854288094,1.0933637357472779
412,0.9294338051623647,1.0880837370017287
413,0.9317235636969192,1.086820343848966
414,0.9279766860949209,1.0838973877531206
415,0.9281848459616986,1.0811569549757476
416,0.9317235636969192,1.0850590669940057
417,0.9300582847626978,1.08222524520261
418,0.9304746044962531,1.0764451910812194
419,0.9298501248959201,1.0732797815043364
420,0.9288093255620317,1.0715707326114028
421,0.9342214820982515,1.0640366460560362
422,0.9315154038301415,1.065352862522465
423,0.9304746044962531,1.065588030985849
424,0.9344296419650291,1.0565250512463762
425,0.9323480432972523,1.0582464473829183
426,0.9304746044962531,1.0582476483098078
427,0.9342214820982515,1.0556254903045323
428,0.9302664446294754,1.0593126141756997
429,0.9333888426311407,1.0482278729259322
430,0.9321398834304746,1.0492037021548026
431,0.9348459616985845,1.0486941525183748
432,0.9358867610324729,1.0389152232256658
433,0.9377601998334721,1.035573105232404
434,0.9331806827643631,1.0403366096807856
435,0.9310990840965861,1.0398712635635834
436,0.9354704412989175,1.0343768293911173
437,0.9346378018318068,1.0302690822417095
438,0.9383846794338052,1.02966096002196
439,0.9367194004995837,1.0288292227140772
440,0.9358867610324729,1.02401675530814
441,0.9352622814321399,1.025431520932918
442,0.9363030807660283,1.025370694119964
443,0.9375520399666945,1.0174095858939978
444,0.9356786011656952,1.0177103004090295
445,0.9310990840965861,1.022386942775323
446,0.9329725228975854,1.0179069100271951
447,0.9396336386344712,1.0085589152192393
448,0.9394254787676936,1.0089578818123506
449,0.9390091590341382,1.0083096112736456
450,0.9373438800999168,1.0038175028031513
451,0.9379683597002498,1.0065369928607735
452,0.9431723563696919,0.9949502637741667
453,0.9373438800999168,1.0018951747935578
454,0.9385928393005828,1.0014583245602178
455,0.9373438800999168,0.9951156015003055
456,0.9421315570358035,0.9890081057143549
457,0.9385928393005828,0.9880627219027822
458,0.9383846794338052,0.9894866408356818
459,0.9435886761032473,0.9811978052299684
460,0.9481681931723563,0.9785755692076227
461,0.9383846794338052,0.987297739365218
462,0.9410907577019151,0.9822072225446804
463,0.9412989175686928,0.980011857568374
464,0.9421315570358035,0.9771906081881749
465,0.9400499583680266,0.9815850504530558
466,0.9475437135720233,0.96828247337516
467,0.9469192339716903,0.9669097201413258
468,0.9440049958368026,0.9639052203751722
469,0.943796835970025,0.96694236006169
470,0.9402581182348043,0.9672594039168187
471,0.9448376353039134,0.9612977900771078
472,0.9427560366361366,0.9623478644098667
473,0.9431723563696919,0.9594067143560151
474,0.9385928393005828,0.9575444889207565
475,0.9427560366361366,0.9544339420197905
476,0.9440049958368026,0.9559472186380779
477,0.940466278101582,0.952971541415047
478,0.9425478767693589,0.9499602561489331
479,0.9427560366361366,0.9500663775289981
480,0.947751873438801,0.9428114293020631
481,0.9454621149042465,0.9450318645577347
482,0.9433805162364696,0.9410645848606946
483,0.9450457951706911,0.940857448744635
484,0.9469192339716903,0.9394292397661869
485,0.9456702747710242,0.9363910770733886
486,0.9456702747710242,0.9366710244070778
487,0.9521232306411324,0.9297341454237525
488,0.9406744379683597,0.9366074796024707
489,0.9494171523730225,0.9284926154135069
490,0.9479600333055787,0.9250554783854457
491,0.9500416319733556,0.921273932667398
492,0.9506661115736886,0.9218214780067425
493,0.9471273938384679,0.9257246298555728
494,0.9521232306411324,0.9173186228336839
495,0.9423397169025812,0.9247484841414236
496,0.9473355537052456,0.9150668169239181
497,0.9471273938384679,0.9185716521730034
498,0.9469192339716903,0.9150624397295302
499,0.9514987510407993,0.909645101758066
