epoch,acc,loss,val_acc,val_loss
0,0.5295477902778987,0.7178202554476347,0.5262076053749253,0.7205667303988035
1,0.6562178828365879,0.6652064974604506,0.5395683454156289,0.714534945686454
2,0.7160842753755348,0.6116926708667398,0.552929085395074,0.7117623674538741
3,0.7415210687366811,0.5700698203320126,0.5662898254357777,0.7074804613548584
4,0.7754367932998877,0.5324159427512464,0.5601233299993905,0.709680814537213
5,0.806012332868233,0.49768750983666543,0.5704008222300126,0.7101313712540536
6,0.8150051386848873,0.475093674837379,0.5519013361046272,0.7134044423990358
7,0.8350462487765721,0.4461152380809019,0.5570400823118262,0.7166567525050133
8,0.8435251799173737,0.42618556015905595,0.5632065776869547,0.7195573929402468
9,0.8604830421377184,0.3887808038972755,0.5693730730008246,0.7229790191978737
10,0.8573997945114128,0.38367910749008083,0.5642343268548842,0.7327630125973967
11,0.8545734841311455,0.37390487678617024,0.5704008222300126,0.742697057780357
12,0.8622816032275389,0.34982915297686623,0.5714285714592008,0.7517228726247844
13,0.8656217884061761,0.33657592486012017,0.5652620760840723,0.7604864280123382
14,0.8707605345521164,0.3236404970701772,0.5673175745424485,0.7713137639022192
15,0.8843782118388585,0.31315083098803614,0.5827338129802696,0.775246379064264
16,0.8923432681200315,0.29577016585409827,0.5796505652927054,0.7925308122541774
17,0.8951695785002988,0.28742159321092503,0.5817060640267453,0.8028382132134236
18,0.8995375127243481,0.2782866374377969,0.5868448098970219,0.8219429164481677
19,0.8895169579235402,0.2788428803264543,0.5878725594631324,0.8370982437315114
20,0.9000513875839766,0.26908959900119933,0.5837615622094576,0.8596556616099006
21,0.895169578622816,0.2663633178494572,0.5724563206883888,0.8797970122570614
22,0.8985097635564187,0.2558353921706728,0.5868448098970219,0.8944244060707485
23,0.9062178827753292,0.25053439679089456,0.5765673176051411,0.9152067072099919
24,0.9190647481401802,0.23041100861296013,0.5765673176051411,0.9372187569844637
25,0.9033915724563206,0.24254284773064053,0.5662898253132603,0.953130923525525
26,0.9072456320045174,0.2404837924585068,0.5775950671099931,0.9640397254266573
27,0.9080164441101842,0.23601201026559734,0.5806783147975573,0.9859986449807178
28,0.8992805754783098,0.23849533116952243,0.5734840701932408,1.0068117692561214
29,0.9116135662898253,0.222186474016612,0.5724563210253113,1.0211173660463566
30,0.9134121273796458,0.22131524885117335,0.5734840702544993,1.035778254791252
31,0.903905447009656,0.22889858329590154,0.581706064088004,1.054290446139803
32,0.9105858169993786,0.22147976978464706,0.5827338133171921,1.0780330331573016
33,0.9080164441101842,0.21502296860882092,0.5858170610047563,1.0963713920618745
34,0.904419321808026,0.22267062197853826,0.581706064088004,1.1053938293506038
35,0.9139260019942398,0.2099559538043415,0.5827338133171921,1.119223660212259
36,0.9100719423847845,0.21876156657842302,0.5673175748793708,1.1455917696546063
37,0.911099691552714,0.21148634894166185,0.5704008225669351,1.1681143806257572
38,0.9226618703810798,0.19748416345447822,0.5704008225669351,1.1782123101578466
39,0.9064748200826263,0.21233083177568488,0.5714285717961232,1.1922788318602668
40,0.9146968140999068,0.21064980326551572,0.5662898256501828,1.2104163684433313
41,0.9103288797533402,0.20955662338976258,0.5724563210253113,1.2321162767792533
42,0.9218910587042233,0.19731283331823987,0.5775950671712516,1.2460848475286674
43,0.9116135662285667,0.20537816346426785,0.5662898256501828,1.272950530909806
44,0.9198355601233299,0.19302291645144878,0.5601233302750543,1.2905950677358111
45,0.921377183967112,0.1962296747184241,0.5580678318166782,1.3090405437218566
46,0.9090441930943378,0.207325429704427,0.5652620764209947,1.3194238784256844
47,0.9110996916139726,0.2023494435973917,0.5652620764209947,1.3511508358958324
48,0.9154676260217979,0.20056102687506366,0.5662898256501828,1.364956417529703
49,0.9131551901336074,0.20323794014284813,0.5590955807089438,1.3801415764170586
50,0.9180369989109921,0.19110140290191704,0.5662898253132603,1.3820703418012268
51,0.9182939362182891,0.1906500945876583,0.5570400822505677,1.3910272473053966
52,0.9162384379436889,0.19480538322281127,0.5632065776869547,1.4013418014346022
53,0.91649537506721,0.19365040118684504,0.5590955807702024,1.4181298387503942
54,0.9218910585817061,0.18980743078264156,0.5539568345630034,1.436277430202096
55,0.9105858169381199,0.19477897597608929,0.5560123330826382,1.4497587183396594
56,0.9262589927444967,0.18093393239185965,0.5601233299381319,1.4644864807393543
57,0.91649537506721,0.1891326506422088,0.5560123330213795,1.4880944081225107
58,0.9154676257767633,0.1987320335710159,0.5477903391878749,1.5090110604589055
59,0.9242034943473793,0.18614740371091515,0.5529290853338154,1.517685273935959
60,0.921120246659815,0.1876327899597654,0.5601233302750543,1.5269610552234003
61,0.9260020554371997,0.1832116472267786,0.5519013361046272,1.5396579322687522
62,0.9226618704423385,0.18047439391970757,0.5539568345630034,1.5608588907971044
63,0.9167523125582829,0.18884494960430592,0.5539568345630034,1.5642107401697878
64,0.9265159301130524,0.1829823698745112,0.5580678318166782,1.5912713760707262
65,0.9249743062692704,0.1818278513672663,0.5611510795042424,1.6139642761030522
66,0.9224049331350415,0.18368528717468355,0.5590955807089438,1.6294776871417556
67,0.9293422403708024,0.17909659737795744,0.5570400822505677,1.6445504498016186
68,0.923946556917565,0.18018154521211446,0.5621788284577667,1.6434762448470615
69,0.9239465569788236,0.17993198321387555,0.5590955807702024,1.6778758910062501
70,0.9239465570400822,0.18376924622830726,0.562178828396508,1.6747145143099214
71,0.9306269270298048,0.1704974983189971,0.5673175748793708,1.6906706370405646
72,0.9283144913866488,0.17444383093411484,0.5652620760840723,1.718235489888402
73,0.9239465571625994,0.17783774037339092,0.5601233299993905,1.737019206245046
74,0.9206063719839623,0.1881078007072976,0.5549845837921915,1.7652362458874975
75,0.9247173689619733,0.18120383311212368,0.5498458376462511,1.7870463241898633
76,0.9231757451181911,0.18139680017088325,0.5529290853338154,1.7788830553272401
77,0.9170092497430626,0.188610678111784,0.56115107916732,1.7847317877433282
78,0.9242034944698965,0.17926068153741548,0.5611510792285785,1.8196863544930657
79,0.9303699897225077,0.1711756637260578,0.5601233299993905,1.8415249640012938
80,0.9195786228160329,0.18970911324269235,0.562178828396508,1.856728313148083
81,0.9272867419124262,0.17426791975517802,0.56115107916732,1.8895129481175452
82,0.9275436792809819,0.1792191029330074,0.5560123330213795,1.9057279909747478
83,0.9290853030635053,0.1742101693171759,0.5590955807089438,1.911322588053171
84,0.9221479958277444,0.18442833870802483,0.5580678315410144,1.9189087085096588
85,0.9280575538955759,0.17616070505281392,0.567317574603707,1.9119355159085187
86,0.9270298046663878,0.17097247282439365,0.5570400823118262,1.9180179860094468
87,0.9311408015218815,0.1697256125257047,0.5570400823118262,1.9255406697264432
88,0.9311408016443987,0.17313420003756713,0.5632065776869547,1.9355787287513129
89,0.9344809865780014,0.16742718477043317,0.567317574603707,1.9482843260848388
90,0.9231757451181911,0.17740772742651717,0.5704008222912713,1.9605128593582044
91,0.931911613688807,0.1661330317238007,0.5683453238328952,1.96022518271655
92,0.9344809867617773,0.16909269665397572,0.5652620761453309,1.966189459686044
93,0.9308838642145845,0.17658825577040493,0.566289825374519,1.9931016049184143
94,0.9344809867617773,0.17397787741252355,0.5724563207496475,2.022403603099968
95,0.9293422403708024,0.16922981239173787,0.5693730730620832,2.036228161799087
96,0.9249743062692704,0.17910822709105365,0.5621788284577667,2.053519546679333
97,0.9242034942861206,0.17960062246283426,0.5632065776869547,2.0462580736715035
98,0.9295991777393581,0.16859129754269356,0.567317574603707,2.0641673630580137
99,0.9357656730532279,0.16479382533024908,0.5642343268548842,2.0593885804496836
100,0.9362795479128564,0.1645068650776166,0.5632065776869547,2.0871822446860366
101,0.9355087358071895,0.1693570418292915,0.5652620761453309,2.091291695925094
102,0.9360226104830421,0.16348659082527395,0.5632065777482134,2.1104766815318845
103,0.9365364851588948,0.16772248226104022,0.5601233299993905,2.138979954930273
104,0.9357656731144864,0.16572966063653577,0.5570400823118262,2.1566949557179904
105,0.9355087358684481,0.16067058702534542,0.5590955807702024,2.1608035003293575
106,0.9334532374100719,0.1684417160264267,0.5611510792285785,2.172233169149887
107,0.9439876669479911,0.1542172530725338,0.553956834624262,2.195250794919397
108,0.9380781090639355,0.16132237854866427,0.5621788285190253,2.204177380343258
109,0.9334532374100719,0.16991210204356744,0.5642343269774015,2.2103470638624074
110,0.9416752313660938,0.15334786705956063,0.5683453238941537,2.2139932212457136
111,0.9409044192604269,0.16124114509047854,0.559095580831461,2.2135175835314413
112,0.9396197327852004,0.16261275790302507,0.5642343269774015,2.235642808804409
113,0.9360226103605249,0.16111866357943994,0.5611510792898372,2.254671794905079
114,0.9378211716341213,0.1591851387061906,0.5621788284577667,2.291316842003692
115,0.9331963000415163,0.16505312747326809,0.5611510792898372,2.3042650401653515
116,0.9388489208020507,0.16226149341981677,0.5611510792285785,2.321703024292776
117,0.9409044191991682,0.15923350695654642,0.5570400823118262,2.3437660411842556
118,0.9370503596509716,0.1634310139812154,0.5560123330826382,2.379265354446615
119,0.9409044193216856,0.1591117166955204,0.5570400822505677,2.3805771231773822
120,0.9447584788086235,0.15210390726500644,0.5508735868754392,2.4219604298120165
121,0.9388489208633094,0.1630633152094799,0.5580678314797557,2.4307920827404934
122,0.9424460432879849,0.15888671143571986,0.5570400822505677,2.4505184059397904
123,0.9457862281603289,0.15698679796930207,0.5642343268548842,2.4522762102556377
124,0.9357656731144864,0.16710323426118245,0.5632065776256961,2.477438636330882
125,0.9439876669479911,0.15806232530619846,0.562178828396508,2.4821814498332886
126,0.942702980411506,0.15893459594200718,0.5539568345630034,2.4875234748942265
127,0.9434737923946557,0.15614420675575916,0.5621788284577667,2.519305884899363
128,0.9416752311823179,0.15233085565613574,0.5611510792285785,2.528768545309539
129,0.9414182940587968,0.16429117906987972,0.5601233299993905,2.520238637189091
130,0.9463001028974402,0.15626681552393953,0.5611510795042424,2.5380840647012333
131,0.9411613566289825,0.15945171547971307,0.5621788287334305,2.5549131951621233
132,0.9452723534844762,0.1587986539425242,0.5652620760840723,2.5686296429197935
133,0.942189105796912,0.15380935041656965,0.5673175748181123,2.595278715425748
134,0.9463001027136643,0.15286730652539116,0.5621788287334305,2.6139090899205772
135,0.9398766700312388,0.16320206220323968,0.5621788287334305,2.620938318483876
136,0.9409044191991682,0.15591080171292512,0.5693730732764885,2.6187771341906054
137,0.9414182940587968,0.15891007440430777,0.5673175748181123,2.6107185467664165
138,0.942702980411506,0.15912992257590405,0.5673175748793708,2.6083796075779757
139,0.9465570400209613,0.14858512928803191,0.5673175748793708,2.6126611980112826
140,0.9409044193216856,0.15465914415155382,0.5611510795042424,2.6422328326586952
141,0.9452723534232176,0.15686929564375549,0.5673175748793708,2.6533720691794604
142,0.9416752312435765,0.15713467236841816,0.5734840702544993,2.651140693770406
143,0.9398766700312388,0.15344931293979577,0.5714285717961232,2.659281690221161
144,0.9452723534844762,0.15624994672030854,0.5642343271918067,2.664319606136075
145,0.9421891058581706,0.15438662824687097,0.5611510795042424,2.673420773993293
146,0.9429599177800617,0.15855248877347924,0.5580678318166782,2.682257981854132
147,0.9409044193216856,0.1611633827643735,0.569373073337747,2.6630165432364454
148,0.9419321685508736,0.15425356317460842,0.5734840702544993,2.675300154877101
149,0.9391058581706063,0.1519535735540498,0.5632065779626185,2.6923828017184817
150,0.9460431654676259,0.15211344563152415,0.5601233302750543,2.7196855103981825
151,0.9393627953553861,0.1570067185016477,0.5580678314797557,2.7410166704642442
152,0.9460431654676259,0.1512939720074785,0.5601233302750543,2.7587483019892507
153,0.9442446041940296,0.15072246536015238,0.5590955810458662,2.7635492575254372
154,0.9416752311210593,0.1549395375635249,0.562178828396508,2.7840918362569465
155,0.9455292907917733,0.15140892377645848,0.5560123330826382,2.7979597373954563
156,0.9427029803502474,0.158308139287188,0.5590955807702024,2.7861036181082337
157,0.9463001026524057,0.15201429613815182,0.5590955807702024,2.794244411670414
158,0.946813977389517,0.14899538288166686,0.552929085395074,2.79396711028002
159,0.9511819115523077,0.14421354006795942,0.5560123330826382,2.8293163746993564
160,0.9375642343268242,0.16209867979492704,0.5549845838534502,2.8387585808537357
161,0.9455292907917733,0.1526358964386849,0.5549845837921915,2.8580079933844758
162,0.9480986638647434,0.1495031311204475,0.5580678318166782,2.8771115770565396
163,0.9452723534844762,0.1554320913730888,0.5549845837921915,2.8879246194708137
164,0.9457862280990702,0.15261087567379883,0.5560123332970434,2.919153942233612
165,0.9452723534232176,0.15662829172084414,0.556012333358302,2.9210592007220466
166,0.9465570400209613,0.1514011478436324,0.5447070918372332,2.9624816040831012
167,0.947327852004111,0.14908475699123352,0.5457348410664212,2.958958210459961
168,0.9486125385405961,0.1464345495600372,0.5529290853338154,2.981294983582531
169,0.9445015415625851,0.15239799590848332,0.5426515930419346,2.976454616450577
170,0.9452723534844762,0.15120499597178946,0.5477903391878749,3.019851814928672
171,0.9455292907917733,0.15251974646626126,0.5508735868754392,3.03316166099517
172,0.9470709145742967,0.15589109844196003,0.548818088417063,3.0333263567760818
173,0.9445015416238438,0.14797703257904513,0.5519013361046272,3.008862672827349
174,0.9455292907917733,0.15033141813812373,0.5477903392491336,3.0093223786427576
175,0.94655704008222,0.1508968580372532,0.5467625900199455,3.00450628879504
176,0.9519527236579746,0.14541651274844283,0.5529290853338154,3.034070413869797
177,0.9457862280990702,0.15219823173788077,0.5498458377075097,3.0269429240172836
178,0.9478417264961878,0.14413519408879275,0.5570400823118262,3.0316208790899672
179,0.9452723536682521,0.15349407373082355,0.5508735869366979,3.0628250390138065
180,0.9524665980275341,0.1444590571819817,0.5519013361658859,3.0725993882225326
181,0.9442446042552881,0.15081482508505972,0.5560123330213795,3.081679461303742
182,0.9501541623231196,0.14466949713867222,0.5601233299993905,3.078962537759622
183,0.9501541623843782,0.14509586626156507,0.5621788284577667,3.094419298044579
184,0.950668036876455,0.14610860356630304,0.5560123330826382,3.1310663245319708
185,0.9527235354573484,0.15234681498355024,0.5549845838534502,3.137400972144822
186,0.9514388489208633,0.1475194792501544,0.553956834624262,3.1461871231447636
187,0.9488694757866345,0.14705331312666695,0.5590955807702024,3.158441003768074
188,0.9498972250158225,0.15202654915778513,0.5621788284577667,3.17107017312241
189,0.9547790338544659,0.1418726623732164,0.5601233299993905,3.1760787449294714
190,0.9532374100106838,0.14333261610731438,0.5590955807089438,3.20703981689657
191,0.9493833504012286,0.14849342361383547,0.5549845838534502,3.2218301529016915
192,0.9534943473179809,0.1405217651228008,0.5601233299381319,3.229782844251376
193,0.9509249742450107,0.13875695490273518,0.5508735868754392,3.2332403027631518
194,0.9532374100719424,0.13814483675627154,0.5549845837921915,3.248833816073536
195,0.947327852004111,0.14886348863789872,0.5662898256501828,3.2405922393269555
196,0.9498972250770812,0.1409945864257195,0.5642343268548842,3.2906349800596013
197,0.9522096607202372,0.13611004747381436,0.553956834624262,3.302306154404
198,0.9493833503399699,0.14342579703475564,0.5539568348999259,3.3123024102962764
199,0.9509249742450107,0.14513186857732202,0.5529290856094792,3.317729545644229
200,0.9501541623231196,0.1448382324896148,0.5508735872123617,3.3260658015205093
201,0.9547790339157246,0.13933656495619653,0.5498458379831735,3.3001347320787953
202,0.9532374100719424,0.14360655025643165,0.5549845837921915,3.30031666554748
203,0.9527235353348311,0.13949217909960437,0.5498458376462511,3.334357889926201
204,0.9491264130939315,0.14423808614739655,0.5529290853338154,3.3480334835699384
205,0.947584789311408,0.14354690151310162,0.55704008258749,3.368710280199825
206,0.9522096609652716,0.13620094082032053,0.5529290856707378,3.3757069319149697
207,0.9511819116135662,0.13607436433082248,0.5560123330213795,3.3929685909235956
208,0.9463001027136643,0.14761983653011695,0.5519013364415497,3.423273771664344
209,0.9483556012332991,0.13983424354769589,0.5580678314797557,3.4241360123331477
210,0.9501541623231196,0.14230429573331072,0.5529290856707378,3.4062968427573788
211,0.9594039053858123,0.13316229939889565,0.5488180887539855,3.409227385917891
212,0.9519527235354573,0.13734164811816268,0.5508735868754392,3.4033135519978446
213,0.9493833504012286,0.1423669315162445,0.5508735868754392,3.430840711799457
214,0.9504110996916753,0.14216190411920782,0.5529290853338154,3.4377970960132878
215,0.9506680371214895,0.14037501426051846,0.5549845837921915,3.46970806092422
216,0.9534943473792394,0.14581587303426014,0.5601233299381319,3.4939708359317447
217,0.9514388489208633,0.14308839773745846,0.5570400822505677,3.4982750258979913
218,0.9493833504624871,0.14162443484058115,0.5529290853338154,3.5055076022309857
219,0.947327852004111,0.15188024278044823,0.556012333358302,3.5201594699691037
220,0.9516957862281603,0.14549606951970112,0.5539568348999259,3.5136645602297807
221,0.9550359712230215,0.14142956553296954,0.5611510794429838,3.5000481701093245
222,0.9498972250770812,0.1403745452338353,0.5580678318166782,3.5088050512468705
223,0.9493833503399699,0.1420914729997776,0.556012333358302,3.509213221158913
224,0.9560637204522097,0.13319876137642306,0.5590955810458662,3.5071651570475972
225,0.9522096607202372,0.1414468306952366,0.5601233302750543,3.5124126291716085
226,0.955549845776357,0.13818548927571767,0.5632065779626185,3.5294695405283787
227,0.9527235354573484,0.14253458088954943,0.5642343271918067,3.5594172102819366
228,0.9568345323128421,0.13765456300048887,0.5601233302750543,3.569535852581232
229,0.9519527235354573,0.14027554184229007,0.5580678318166782,3.5719945200423173
230,0.9583761561566242,0.13728462542500058,0.5508735872123617,3.621322016309246
231,0.9537512846252778,0.14164499995152238,0.5477903395247974,3.6388527136544897
232,0.9550359712230215,0.13912041064156536,0.5519013361046272,3.6439584039098065
233,0.9578622814807716,0.13424954038852288,0.5498458379831735,3.6308582777354603
234,0.9480986640485193,0.14623550073705988,0.5519013364415497,3.6542891365651116
235,0.9568345323128421,0.134702008435807,0.556012333358302,3.635247122959635
236,0.9493833504624871,0.14226216165863842,0.5529290856707378,3.647109916496865
237,0.9491264131551901,0.14118705150065416,0.5436793426080451,3.635939185935449
238,0.9555498457150984,0.13487634070424356,0.5519013364415497,3.629293653237244
239,0.9540082219938335,0.1408421431513999,0.5539568348999259,3.627935206902358
240,0.9519527235354573,0.14518872917249784,0.556012333358302,3.634656911518689
241,0.956063720390951,0.13367339267270048,0.5601233302750543,3.65614934668389
242,0.9527235354573484,0.1396567538334679,0.5580678318166782,3.621859545575384
243,0.9516957862281603,0.13817315514966125,0.5580678318166782,3.627595680468129
244,0.9594039053858123,0.13534778064042177,0.5621788287334305,3.617499112347782
245,0.9529804727033868,0.14176919619875356,0.5621788287334305,3.6530255864605015
246,0.9511819115523077,0.14302658282779349,0.5621788287334305,3.6614153463573396
247,0.9542651593011305,0.14170937787622734,0.5529290856707378,3.6602878359826962
248,0.9532374101944597,0.14041214887309295,0.5508735872123617,3.6552233034390706
249,0.9545220966084276,0.14147111360760903,0.5611510794429838,3.641464140530358
