epoch,acc,loss,val_acc,val_loss
0,0.5197841726312412,0.7175191261662976,0.5262076054208693,0.7149090371788589
1,0.6197327853229283,0.6776488413546092,0.5405960946448171,0.709849261919004
2,0.6659815003913574,0.6459187609808785,0.5673175745424485,0.7060605789872627
3,0.7032374101332011,0.6109191704261953,0.569373073337747,0.7037709185667911
4,0.7222507707506632,0.5831678774962077,0.5652620764209947,0.7047007330152506
5,0.7376670091272258,0.5518703782913741,0.562178828396508,0.7066356056395685
6,0.7471736895584742,0.5287735958996191,0.5704008222300126,0.7070874449282977
7,0.7597636176772867,0.5057445343694853,0.55704008258749,0.7110999825679508
8,0.7672147996501589,0.4813448383960057,0.5642343271918067,0.7153468486093911
9,0.7738951696398815,0.46184843242597234,0.5632065776256961,0.7176026026244521
10,0.7667009249743063,0.4634321367507848,0.562178828396508,0.7232835798812427
11,0.7867420348209565,0.4332475083337413,0.5601233299381319,0.7300661364905268
12,0.7900822198770764,0.4243760535920389,0.562178828396508,0.7342822671794206
13,0.7967625899893162,0.4054182635855699,0.5652620760840723,0.7391975773201694
14,0.7998458376768804,0.39274496082044213,0.562178828396508,0.7479838162262418
15,0.7949640288994957,0.39271978407577524,0.5652620760840723,0.7541364128151018
16,0.7977903392185043,0.38547399517566056,0.5601233299381319,0.7633608477333712
17,0.81269270310299,0.3649379501056083,0.5529290853338154,0.7707847611632156
18,0.8150051388074045,0.3624518603729687,0.5560123330213795,0.7785120411007402
19,0.825282631160544,0.35434094668659866,0.5498458376462511,0.7897536135283428
20,0.8155190134219986,0.34927954154906515,0.5436793422711226,0.800102213610113
21,0.8265673174519945,0.33570928406066053,0.5539568345630034,0.8077714946752707
22,0.8293936278322618,0.3287293082457285,0.5436793422711226,0.8205520890477015
23,0.8239979445628003,0.3374505719325035,0.5467625899586869,0.8244092267806826
24,0.8314491264744138,0.325764636402875,0.548818088417063,0.8324023898066867
25,0.8409558066606276,0.318357917320324,0.5395683456912928,0.8457415261959613
26,0.8424974307494443,0.3142980724910058,0.5385405964621047,0.8519533052963931
27,0.8432682426713354,0.31334437266038107,0.5385405961251822,0.863013133054402
28,0.8442959917167475,0.31072300929817365,0.5416238441496689,0.8738249004928573
29,0.8489208634318698,0.3076519976386308,0.5426515933175984,0.885383986434368
30,0.845580678191974,0.301563066483034,0.5385405964008461,0.9025226982744967
31,0.8455806782532327,0.30801166635378047,0.5488180887539855,0.9152841308256583
32,0.8604830421377184,0.2910401406109272,0.5467625899586869,0.9263320117423125
33,0.8568859199580774,0.2974095090626445,0.5477903391878749,0.9364726973462081
34,0.8656217882836588,0.2813043268770745,0.5508735868754392,0.9417965758251139
35,0.8710174717368961,0.2694006820438087,0.5539568345630034,0.9510087824186343
36,0.859712230277086,0.2795628923061328,0.5601233302750543,0.9573845960743503
37,0.8712744091054518,0.2673673432507961,0.5570400822505677,0.965169890811485
38,0.8756423432682425,0.26025040440054614,0.5519013361046272,0.9767326911698877
39,0.8625385406573531,0.2760623487024611,0.5477903391878749,1.0023233219138887
40,0.873072970256531,0.2604652484237596,0.5477903391878749,1.016036436957176
41,0.8717882837813045,0.2592422828951205,0.548818088417063,1.0445944553534026
42,0.8833504626096704,0.25171611147941325,0.5508735868754392,1.061079412423082
43,0.8789825282018452,0.2506771839902433,0.5539568345630034,1.072648989945987
44,0.8784686535872511,0.24394056825819144,0.5508735868754392,1.0941538002116094
45,0.8764131551901336,0.24603641559996806,0.5580678314797557,1.101589006975768
46,0.8738437821171634,0.2507917903371362,0.5632065776256961,1.1095121879616843
47,0.8872045220966084,0.23780069407554227,0.5570400822505677,1.1273768979745926
48,0.8830935251798561,0.23763740502244277,0.5560123330213795,1.1520264119308017
49,0.8887461458178733,0.23802386320752206,0.5498458376462511,1.162173590459167
50,0.8815519013973326,0.23729875855308644,0.5632065776256961,1.1798461029977985
51,0.8820657760731853,0.23891448836777462,0.5570400822505677,1.196234117431484
52,0.8892600206162432,0.2279450061509935,0.5580678314797557,1.2133354302668007
53,0.8846351489011209,0.22806637751786585,0.5498458379831735,1.2316764131234337
54,0.8851490237607496,0.22417945724903374,0.5447070918372332,1.2498765691333782
55,0.8869475846667941,0.2271529847156842,0.5354573487745404,1.278848625038045
56,0.8895169577397644,0.22667433748754912,0.5364850980037286,1.303977834112475
57,0.8782117162799541,0.2283438139069607,0.5344295995453524,1.3218519873878816
58,0.8854059610680466,0.21692789819968322,0.5334018503161643,1.3315241012151784
59,0.8913155189521021,0.21639013918306207,0.5364850980037286,1.3427408443570505
60,0.8913155188908435,0.21888147914764938,0.5447070918372332,1.3654057310639525
61,0.8905447069689524,0.21704886463171164,0.5334018503161643,1.384724779339758
62,0.8828365877500418,0.2226889223503552,0.5354573487745404,1.3954443042104314
63,0.8936279546565167,0.2134274234200798,0.5385405964621047,1.4157183503565538
64,0.8913155188908435,0.21621053250083452,0.5344295992084299,1.4302470837198082
65,0.8961973279745213,0.20862827289998837,0.5364850980037286,1.4497985238284026
66,0.8902877699066899,0.20795392833902804,0.5405960945835584,1.457043348333941
67,0.8920863309352518,0.20440576452176104,0.5405960945835584,1.4794507117335132
68,0.8969681398964124,0.20344316683717278,0.5416238438127465,1.4892241354468916
69,0.8967112024053395,0.20978774439700462,0.5405960945835584,1.5138461274943886
70,0.8979958890030832,0.20073430694999578,0.5426515930419346,1.5313411633745373
71,0.8951695785615574,0.20569540293770483,0.5416238441496689,1.5466307315895025
72,0.8869475846667941,0.2101332501786831,0.542651593378857,1.557313938792661
73,0.8956834533599273,0.2062639701127516,0.5405960949204809,1.5809326375253645
74,0.9003083247074978,0.20513640861012586,0.5334018503161643,1.6270901637356672
75,0.908016443987667,0.20364680079951927,0.5508735872123617,1.6355784159892632
76,0.9062178829591051,0.20055845902059208,0.5416238441496689,1.6633827524587037
77,0.9031346350265064,0.20739930198898296,0.5447070915003107,1.6515373367689863
78,0.9100719425685604,0.2027005101463165,0.5508735868754392,1.6755806836170382
79,0.903134635087765,0.20163304962883996,0.5416238438127465,1.6898174758805278
80,0.9069886946359617,0.1983637267461416,0.5426515930419346,1.6968449771955594
81,0.911356628860011,0.18986106482463652,0.5467625902956094,1.7172838375967796
82,0.9116135662285667,0.19548261259038305,0.542651593378857,1.7451295910244242
83,0.9105858170606372,0.19739968103776856,0.5385405964621047,1.751932381971032
84,0.9113566289212697,0.19601676609263757,0.5354573487745404,1.7577615614907716
85,0.9082733814174813,0.19715774091456434,0.5395683456912928,1.7997261737870534
86,0.9116135664123426,0.19301286848206436,0.5364850980037286,1.8247409605661375
87,0.9170092496818041,0.18272066943324483,0.5334018503161643,1.8517370748372877
88,0.9126413155190134,0.1891741788154516,0.5354573487745404,1.858477535130186
89,0.9118705034746051,0.19171134778370225,0.542651593378857,1.8560147198474175
90,0.9110996917364899,0.19031814579973486,0.5416238441496689,1.8748364964345008
91,0.9080164438651498,0.18732922731727392,0.542651593378857,1.8868948326571504
92,0.9105858169993786,0.19381429055918156,0.5395683456912928,1.9183119535446167
93,0.9180369988497336,0.18513482772311596,0.5385405964008461,1.9268199552122391
94,0.9198355601233299,0.18473315034501966,0.537512847171658,1.964630669827084
95,0.91649537506721,0.1839585607949901,0.5405960948592222,1.9935836559209401
96,0.915210688530725,0.18163294425542406,0.5385405964621047,2.007145763056129
97,0.9200924974306269,0.18173243641424522,0.5354573487745404,2.02666618865661
98,0.9157245630840604,0.18397504114234803,0.5313463518577881,2.038174712278125
99,0.9177800616649537,0.18192782005695252,0.5416238441496689,2.0573908307446973
100,0.9113566289212697,0.18118499398599058,0.542651593378857,2.0750942769300535
101,0.9200924973693683,0.17522121480410538,0.5457348407294987,2.099820972101539
102,0.9275436793422405,0.17851485979704057,0.5508735868754392,2.129956385827138
103,0.9311408016443987,0.17992641825807057,0.5426515930419346,2.1424070154407655
104,0.93448098663926,0.17132355061427662,0.542651593378857,2.1874718817998056
105,0.9270298047276464,0.17775303952372945,0.548818088417063,2.201580690332944
106,0.9355087358071895,0.1723405188916276,0.5416238438127465,2.238842486845136
107,0.9229188077496355,0.18619094785965237,0.529290853399412,2.264288283080506
108,0.9355087357459309,0.1678250675364364,0.5313463518577881,2.287646843497579
109,0.929599177923134,0.17808007005552348,0.5354573487745404,2.3310886850582486
110,0.9298561152304309,0.1693686429422659,0.5354573487745404,2.33916117378031
111,0.9342240492707043,0.1665842257600894,0.5323741010869762,2.3388756960783565
112,0.9285714285101699,0.17308410744872882,0.5385405964621047,2.335125842785419
113,0.9308838643371018,0.16436215432672804,0.5405960949204809,2.343136945216776
114,0.9311408016443987,0.1656056211424756,0.5405960949204809,2.37027882819063
115,0.9344809865780014,0.1607950814336324,0.5457348410664212,2.3878325467732067
116,0.9355087357459309,0.1661646424621374,0.542651593378857,2.3995322923866107
117,0.934224049331963,0.16432047031919367,0.5447070915003107,2.4046255824254694
118,0.9391058581706063,0.15678083699077888,0.5426515930419346,2.4045824075896842
119,0.9349948613763713,0.16513621690706995,0.5436793426080451,2.4421987109659633
120,0.9316546761977342,0.17130018599170574,0.5467625902956094,2.4086068742444313
121,0.9347379239465571,0.1640911447410716,0.5395683456912928,2.417727892347377
122,0.9316546762589928,0.1632960250511199,0.5354573487745404,2.455719147287194
123,0.9326824254269223,0.16782960764305688,0.5334018503161643,2.4588221369152325
124,0.9329393627342193,0.1608141791554051,0.5416238438127465,2.471525299585858
125,0.9367934222824159,0.16042423715388052,0.5405960945835584,2.491089918140517
126,0.9321685507510696,0.15916082047056196,0.535457348437618,2.5119519843839546
127,0.9311408015831402,0.16045514750701184,0.5385405961251822,2.552976388480411
128,0.9324254881808839,0.16500363271503507,0.5385405961251822,2.60028525565168
129,0.9339671119634073,0.15592674707337248,0.5405960949204809,2.610648571281002
130,0.9347379238852984,0.15875934300233993,0.5416238441496689,2.6627129731663453
131,0.9334532373488134,0.15933036364668565,0.542651593378857,2.6859044386696107
132,0.9275436792809819,0.16800169217929567,0.5364850980037286,2.7058690302418533
133,0.9308838642758431,0.16241194269517464,0.5477903395247974,2.687377542778007
134,0.9311408015218815,0.164575856121569,0.5529290856707378,2.689666454495531
135,0.93448098663926,0.15765271704157724,0.5508735872123617,2.698584578632696
136,0.93448098663926,0.1595884155432281,0.5498458379831735,2.735166011096762
137,0.934224049331963,0.1615515710883616,0.5457348410664212,2.755099565617717
138,0.9388489207407921,0.1508979334094909,0.556012333358302,2.7673178282695585
139,0.9380781088801596,0.15685121203559277,0.5436793426080451,2.780622598936232
140,0.9339671121471832,0.15742244486451026,0.5488180887539855,2.789794313699344
141,0.938591983433495,0.15158557293042618,0.5488180887539855,2.8263598992915218
142,0.9378211715728626,0.15652409669122863,0.5405960949204809,2.8331824549668125
143,0.93448098663926,0.15696390697546878,0.5488180887539855,2.8157147586897002
144,0.9403905445845742,0.1577906772142079,0.55704008258749,2.8225322529321337
145,0.9439876669479911,0.15135806579935343,0.5529290856707378,2.812500359220593
146,0.9396197326626832,0.15590073126928167,0.556012333358302,2.830401644554805
147,0.9388489208020507,0.15494932375182105,0.5477903395247974,2.860354984651979
148,0.9339671119021488,0.16223145486884594,0.5467625902956094,2.907381732074232
149,0.9406474819531299,0.14976975655629235,0.5447070918372332,2.94258867285357
150,0.9427029803502474,0.14860208520908885,0.5395683456912928,2.9477118950831067
151,0.9460431655901431,0.14734876134412753,0.5405960949204809,2.9760069940220046
152,0.9403905448296087,0.14705438359055711,0.5385405964621047,2.994619866926893
153,0.9403905447070915,0.15392600075712184,0.5467625902956094,3.004893490123847
154,0.9378211715728626,0.14969293090140587,0.5436793426080451,3.0065606466177677
155,0.9406474821369057,0.1515730168107602,0.5385405964621047,3.0328275169890073
156,0.9403905447070915,0.15282724220363111,0.5447070918372332,3.036863256456428
157,0.9370503596509716,0.15730871898787363,0.5405960949204809,3.056915259679812
158,0.942189105796912,0.15431358695857203,0.5467625902956094,3.0418364072997672
159,0.9442446042552881,0.14717107923952183,0.5477903395247974,3.0443936555750692
160,0.941418293875021,0.16502315521178976,0.5436793426080451,3.0666106450471946
161,0.9406474819531299,0.1593091179983344,0.5457348410664212,3.0909177186187713
162,0.947584789311408,0.14674526668954851,0.5364850980037286,3.1184604371316875
163,0.9406474820143885,0.1515533506242369,0.5364850980037286,3.131451173039404
164,0.9403905447070915,0.15790140972628747,0.5375128472329166,3.118751167638451
165,0.9437307297019527,0.15344718962004225,0.5354573487745404,3.1498081093579375
166,0.9445015416238438,0.1505952159216568,0.5323741010869762,3.16147083809785
167,0.9411613566289825,0.1507801689353043,0.5364850980037286,3.1679167203520944
168,0.9447584788698822,0.1432872069396561,0.5354573487745404,3.1755935677766556
169,0.9468139774507756,0.14429235410898586,0.5364850980037286,3.1844690103325055
170,0.9416752311823179,0.15224206530300466,0.5467625902956094,3.1877275772722014
171,0.9419321685508736,0.14775122731985316,0.5447070918372332,3.196277481188877
172,0.9401336073997945,0.15246422562024575,0.5344295995453524,3.225115374205414
173,0.9398766699699802,0.15497988641629606,0.5364850980037286,3.252342416718219
174,0.942446043104209,0.15502114630737873,0.5395683456912928,3.2326969938680055
175,0.9375642342655657,0.16071297131853995,0.5436793426080451,3.2426702914968177
176,0.9414182940587968,0.15417607143934806,0.5488180887539855,3.2499405899126264
177,0.9403905445845742,0.1553334928398142,0.5395683456912928,3.295111931117686
178,0.9414182938137623,0.15259798730265078,0.5447070918372332,3.3127244084859067
179,0.9450154162384378,0.1546852367433345,0.5457348410664212,3.325303326652817
180,0.943730729640694,0.14693267294277512,0.5467625902956094,3.327984896127636
181,0.9439876668867325,0.14840037956879784,0.5477903395247974,3.3540138311278294
182,0.9445015415625851,0.14421479809811033,0.5539568348999259,3.3447402315051558
183,0.9470709147580726,0.1448013314485305,0.5395683456912928,3.3870206991668104
184,0.9457862281603289,0.14939443113517786,0.542651593378857,3.384641977645388
185,0.9393627956004207,0.15183280941332478,0.5447070918372332,3.3882374008782477
186,0.9491264132777074,0.14348682208333208,0.5375128472329166,3.421512829191516
187,0.9442446042552881,0.15224086382222446,0.5436793426080451,3.4435871649621568
188,0.9445015416238438,0.14423246468050752,0.5416238441496689,3.477130864899058
189,0.9403905446458328,0.15124202028820474,0.5477903395247974,3.4668539009015826
190,0.9460431654063672,0.13992979622542676,0.5590955810458662,3.4903621404046024
191,0.9493833504012286,0.14182729504520086,0.554984584129114,3.5003636312141695
192,0.9432168549648414,0.14804115926680314,0.5467625902956094,3.511880375253456
193,0.9463001027136643,0.14332644800671815,0.5416238441496689,3.532253619700762
194,0.9501541623843782,0.13968079090730995,0.5467625902956094,3.5064141267617708
195,0.9457862280990702,0.14621011259652605,0.5498458379831735,3.516328168674951
196,0.943730729640694,0.14843605879889485,0.5539568348999259,3.5449189399766285
197,0.9486125385405961,0.14482829526817198,0.5498458379831735,3.544932134104902
198,0.947841726618705,0.1394955117144418,0.55704008258749,3.5698849559442847
199,0.9480986638647434,0.14383395598150353,0.5580678318166782,3.5808225065194077
200,0.9504110995691579,0.14417109185904417,0.554984584129114,3.5724591365943588
201,0.9470709146968139,0.14216408085265606,0.5621788287334305,3.5737451443569266
202,0.9468139772669997,0.1450713613632404,0.5662898256501828,3.558815285701301
203,0.9480986638647434,0.1438042298801634,0.5580678318166782,3.5728789194269757
204,0.9447584789311408,0.1476980703294216,0.5642343271918067,3.5821862387387626
205,0.9421891057356534,0.15062155437493985,0.5601233302750543,3.6035856671348014
206,0.9475847892501494,0.14117557933709113,0.55704008258749,3.5969991409521307
207,0.943730729640694,0.1476187512722682,0.5539568348999259,3.573325144913802
208,0.9455292907305146,0.1456469517327531,0.5498458379831735,3.5827041480916133
209,0.9388489208633094,0.15721282101057293,0.5508735872123617,3.602496394640618
210,0.9393627954166448,0.15011333293623205,0.5488180887539855,3.618277765864091
211,0.9424460432879849,0.14822909539184492,0.5498458379831735,3.6618640783021776
212,0.9470709146355554,0.14547339219596134,0.5539568348999259,3.6747186294194973
213,0.9480986638647434,0.14287193572839754,0.556012333358302,3.6744095742518708
214,0.9457862280378116,0.1464433096969483,0.5508735872123617,3.6821499174692405
215,0.9488694758478932,0.1397991184708026,0.5508735872123617,3.6991860839592836
216,0.9432168549648414,0.14921640337493658,0.5488180887539855,3.701264108930315
217,0.9483556011720404,0.14357719407297234,0.5519013364415497,3.699632076663324
218,0.9483556012945576,0.14097702273484491,0.5488180887539855,3.712432860347987
219,0.9460431654676259,0.14524398537358424,0.5436793426080451,3.7181963489332523
220,0.9427029804727647,0.1427358059482486,0.5467625902956094,3.7142333180661806
221,0.9429599177800617,0.14689875292263443,0.5467625902956094,3.7338787026910105
222,0.9488694757866345,0.13994273528808926,0.5519013364415497,3.740233072886609
223,0.9473278520653696,0.14031050623014554,0.5539568348999259,3.7608420292618097
224,0.94655704008222,0.14130233529905376,0.5477903395247974,3.736560455451644
225,0.9442446042552881,0.15017065934201307,0.5519013364415497,3.7086245143768846
226,0.9432168549648414,0.14459765257595256,0.554984584129114,3.7082306228708264
227,0.9450154162384378,0.13725090804074308,0.5539568348999259,3.712193896322064
228,0.9483556011107818,0.1443989431257728,0.5519013364415497,3.735610477725869
229,0.9455292907305146,0.14245067052887744,0.5580678317554195,3.721262474099264
230,0.9488694758478932,0.14041636042672095,0.5560123332970434,3.7479727657823867
231,0.9493833504012286,0.13557846065446014,0.5529290856707378,3.7233216853205495
232,0.9480986640485193,0.14303679159341834,0.5529290856707378,3.720772144360753
233,0.9419321684896149,0.1499227092267308,0.5508735872123617,3.7185408507932247
234,0.9439876668867325,0.1441640069771401,0.5477903395247974,3.7139681230958663
235,0.9442446041940296,0.14365564413820484,0.542651593378857,3.7104647005204674
236,0.9473278518815937,0.14414646402231102,0.5436793426080451,3.701627814144907
237,0.9509249743675279,0.1347029240378863,0.5519013364415497,3.6975249558043997
238,0.9460431654676259,0.14256774108064382,0.5447070918372332,3.681076535953157
239,0.9555498458376156,0.13324881080855813,0.5467625902956094,3.683138229864107
240,0.9514388487983461,0.13995775949489422,0.550873587151103,3.710297784481852
241,0.9416752311823179,0.1480363981773405,0.5447070917759745,3.708897952308145
242,0.9552929085303186,0.13292345049324897,0.5457348410051626,3.711067894134835
243,0.9455292907917733,0.14400897520419137,0.5529290856707378,3.7094982447139038
244,0.9516957861056431,0.14036530799941682,0.5539568348999259,3.698188733221448
245,0.9511819115523077,0.13912911739923972,0.5519013364415497,3.6758563089713774
246,0.9437307297019527,0.14481388985390897,0.556012333358302,3.6903582271054494
247,0.9532374100106838,0.13166909027013848,0.5529290856707378,3.6926441614086314
248,0.9429599177800617,0.14379251709271065,0.5519013364415497,3.73527948559862
249,0.950154162261861,0.1389272645621236,0.5508735872123617,3.741631976869589
