epoch,acc,loss,val_acc,val_loss
0,0.5578108942643466,0.704643643404695,0.5734840701932408,0.7048223827872713
1,0.6305241520456273,0.6736236566262279,0.5796505656296278,0.7006488665402364
2,0.6479958889418246,0.6441391825920999,0.5878725594631324,0.69769178767366
3,0.6842240492707043,0.6085940471410997,0.5765673178195463,0.6981178761018634
4,0.6916752311823179,0.5802448950593052,0.5786228162779224,0.7001941236538117
5,0.7160842754367934,0.5472537814835727,0.5817060639654867,0.70330594934883
6,0.7422918807198308,0.5066444521266412,0.5745118192999116,0.711252848205194
7,0.7646454263934128,0.4797680035524476,0.5734840700094649,0.7176951781941342
8,0.7857142855917685,0.45177415714724584,0.5611510792592079,0.7275721579024382
9,0.8016443987054424,0.42572828726067696,0.5601233300300198,0.740619823658209
10,0.8070400823424556,0.40041706158960466,0.5601233300300198,0.7541786029797051
11,0.8191161357854155,0.37822149021652474,0.5642343269467721,0.7729576031571179
12,0.8553442959305194,0.3534023099543502,0.5570400823424556,0.7851373292926894
13,0.8532887975946605,0.3392944356765433,0.549845837738139,0.8033385252290982
14,0.860483042198977,0.32804068019431765,0.5395683455075169,0.8208028599390146
15,0.8687050359099644,0.31405768607037654,0.5477903392797628,0.8399106367028875
16,0.8751284685311312,0.29673465219578055,0.5426515931338225,0.8606794171441128
17,0.8895169577397644,0.2791265844992474,0.5436793423630105,0.8843599304878454
18,0.8864337101134587,0.2840341745214374,0.5467625900505748,0.9075101854132234
19,0.8933710173492196,0.2722714679336744,0.5426515931950812,0.9254377846360085
20,0.8913155189521021,0.2660275206260789,0.5405960946754463,0.9472030295252433
21,0.8967112025891154,0.2593095491870947,0.5292908532156361,0.9733818009847972
22,0.898766700802457,0.2503638160467638,0.5426515931338225,0.9891963165563522
23,0.9026207605956882,0.24222393461023548,0.5467625900505748,1.0108290292008686
24,0.9126413154577547,0.23267215266747196,0.548818088508951,1.0411136986540377
25,0.911613566167308,0.22849696905247843,0.5477903392797628,1.0614002778865819
26,0.8995375129693827,0.2321843408423362,0.5498458377993977,1.0731516295444805
27,0.9059609454067736,0.2290010600516387,0.5549845838840795,1.0930751818792181
28,0.9116135662285667,0.21891899794370762,0.5467625900505748,1.1244432084484433
29,0.9098150052000048,0.21435742017421547,0.5436793423630105,1.1490968672859216
30,0.9154676257767633,0.20780068286766373,0.5467625900505748,1.177657035737464
31,0.9185508735868448,0.20052674224357075,0.5354573485907645,1.2035891621355408
32,0.9141829394853127,0.2011272915833288,0.5467625900505748,1.2328793468970312
33,0.9144398767926097,0.2032150908278537,0.5416238439046345,1.266564642047588
34,0.9144398767313511,0.20412251840269946,0.5467625900505748,1.296427734402934
35,0.9167523124357657,0.1957013970901395,0.5385405962170702,1.3220163264598044
36,0.9121274409044193,0.2005500852265314,0.5457348408213867,1.3346049078076863
37,0.9172661869891011,0.1946851671630285,0.5344295993003179,1.370218971405343
38,0.9229188077496355,0.18874609634999995,0.5334018500711298,1.4078358468759464
39,0.9221479958277444,0.18239681168487112,0.5385405962170702,1.4418296926680718
40,0.9195786228160329,0.185683504344258,0.5344295993003179,1.4666866661955862
41,0.9254881808226058,0.17993538729455955,0.536485097758694,1.4938555066411565
42,0.9244604315934176,0.18084745130521787,0.5405960946754463,1.5154727465814823
43,0.9252312435153087,0.18251712644761783,0.5395683454462583,1.526901688323359
44,0.9231757451181911,0.17762794260620948,0.5385405962170702,1.5537071469998924
45,0.9311408015831402,0.17260537562242884,0.5426515931338225,1.5841824427047957
46,0.9321685508735869,0.1711020454197724,0.5405960946754463,1.6033337458677184
47,0.9254881808226058,0.17425158290615553,0.5519013361965152,1.6214040880458083
48,0.9301130524152107,0.16954288245748272,0.5447070915921987,1.6484608378219212
49,0.9301130524764694,0.17136886578057065,0.5467625900505748,1.6786646474179605
50,0.9234326823029709,0.1775745927583032,0.5457348408826453,1.690189693594028
51,0.9260020554984584,0.1818780059038919,0.5539568346548913,1.7180715583088708
52,0.9218910585204474,0.18899759607349367,0.549845837738139,1.7414226519730696
53,0.9285714285101699,0.17573871000268845,0.540596094736705,1.7709141984995442
54,0.9388489207407921,0.16947394561975856,0.5354573485907645,1.8042736902511378
55,0.9380781090639355,0.1638001162493707,0.5426515931950812,1.8240530947864606
56,0.9349948611925955,0.1704665156883424,0.5395683455075169,1.854402613664335
57,0.9347379239465571,0.16511349493344787,0.5426515931950812,1.8822369826048275
58,0.9326824254269223,0.1668723369551342,0.5457348408826453,1.924504267409796
59,0.9416752312435765,0.15865504829727978,0.5457348408826453,1.9437018541000852
60,0.9409044194442028,0.16082209599838962,0.540596094736705,1.9765975393224717
61,0.9457862280990702,0.1556580576658984,0.5364850978199527,1.9992094521409807
62,0.9445015416238438,0.15537077571358243,0.5364850978199527,2.018153304431323
63,0.9424460431654677,0.15806934366123282,0.5385405962783288,2.037488246380609
64,0.9457862280990702,0.15375271554412234,0.540596094736705,2.0716619888533057
65,0.9432168550261001,0.15670324100864877,0.5375128470491407,2.1057085902693338
66,0.9463001027749229,0.1527996107644927,0.5344295993615765,2.1109920849167922
67,0.9414182939362795,0.1593013762018786,0.540596094736705,2.1292042024089035
68,0.9496402877085256,0.15160428156036757,0.5395683455075169,2.1479624400771042
69,0.9439876668867325,0.1598398718994421,0.5416238439046345,2.1606172328127617
70,0.9401336073997945,0.1580935974757571,0.5426515931338225,2.165875313460888
71,0.9403905448296087,0.15787254321366886,0.5436793423630105,2.187567463024057
72,0.9437307297019527,0.15187632053983297,0.536485097758694,2.214693283005584
73,0.9367934224049332,0.16238354855549175,0.5405960946754463,2.2479013153117338
74,0.9429599176575444,0.15536208727989512,0.535457348529506,2.2701063961678885
75,0.9439876669479911,0.14980371657831695,0.5416238439046345,2.279990982359997
76,0.9475847892501494,0.14966090821411235,0.5457348408213867,2.286053226761068
77,0.9486125386631133,0.1508532844614027,0.5436793423630105,2.312022658131963
78,0.9442446041940296,0.15803251880290942,0.5447070915921987,2.328956786738393
79,0.9493833503399699,0.14958670072234548,0.5405960946754463,2.3556837974937457
80,0.9496402877085256,0.1477733311709495,0.5395683454462583,2.384020728663085
81,0.9470709146968139,0.14994314975293788,0.549845837738139,2.388323149970232
82,0.9411613566289825,0.15356126130546108,0.5477903392797628,2.4192379900509873
83,0.9463001027749229,0.14928384032579023,0.5416238439046345,2.4362818989577297
84,0.9434737923946557,0.14842696615780981,0.5426515931338225,2.4775285079447364
85,0.9437307297019527,0.14964437570120423,0.536485097758694,2.493240123049941
86,0.9509249742450107,0.14741626032699906,0.5405960946754463,2.5128350670756685
87,0.9450154161771792,0.1505314345258113,0.5395683454462583,2.5315159752827143
88,0.947584789311408,0.153452875550151,0.5488180885702096,2.527365479905461
89,0.9416752311210593,0.15595637990845193,0.5477903393410215,2.5253847889517953
90,0.9519527234741987,0.14284883166174236,0.5467625900505748,2.55318435453805
91,0.9486125385405961,0.14571619046448067,0.5519013361965152,2.580882026137208
92,0.9439876668867325,0.1532145262622147,0.5549845838840795,2.594473904475401
93,0.9480986639260021,0.14661008977586784,0.5549845838840795,2.5953608089703817
94,0.9447584788698822,0.1521149573106805,0.5642343269467721,2.608070805530999
95,0.9465570400209613,0.14828847351752963,0.5508735869673271,2.643317767919519
96,0.9496402876472669,0.15898285657626873,0.5508735869673271,2.6337825706781857
97,0.9473278519428524,0.1597634922226801,0.5529290854257033,2.631641728904975
98,0.9491264131551901,0.1569015706247073,0.5508735869673271,2.6573675280362212
99,0.9491264130939315,0.14947061179414436,0.549845837738139,2.65859304523174
100,0.9475847892501494,0.14612866434261954,0.5529290854257033,2.6876586533523903
101,0.946813977389517,0.14806615096447034,0.5539568346548913,2.696575562853485
102,0.9516957861669016,0.14409039219322578,0.5508735869673271,2.7093106039013914
103,0.955806783083654,0.13564693736331682,0.549845837738139,2.731393794851705
104,0.9524665980887927,0.14252662504013372,0.5436793423630105,2.7352468258062834
105,0.9486125385405961,0.14602845340568998,0.5477903392797628,2.740729303301177
106,0.9514388489208633,0.13916480495285277,0.549845837738139,2.7296267569003834
107,0.9455292907305146,0.14782909745731432,0.5549845838840795,2.7459687255514367
108,0.9509249742450107,0.1409679936649008,0.5570400823424556,2.7550532834992993
109,0.9493833504012286,0.14089845666874348,0.5601233300300198,2.769334513383926
110,0.9491264130326729,0.14256808965755025,0.5580678315716436,2.760886737033495
111,0.956320657698248,0.13361123907174016,0.5457348408213867,2.7918084323222443
112,0.9527235353960898,0.138748615413506,0.5529290854257033,2.812606369971249
113,0.9540082219938335,0.14054014891355404,0.5477903392797628,2.811761870658655
114,0.9493833504012286,0.14872989073809226,0.5467625901118335,2.79815516515969
115,0.951181911491049,0.1416937935511598,0.5467625901118335,2.8193844458794666
116,0.9488694757866345,0.14354065834005714,0.5539568346548913,2.851227201758774
117,0.9558067831449126,0.13837236179783557,0.5508735869673271,2.846874963710389
118,0.9522096609652716,0.13880608364832486,0.5436793424242692,2.844944353461388
119,0.9480986640485193,0.14255305637681104,0.5488180885702096,2.878400487742958
120,0.95529290846906,0.1359879897346477,0.5519013362577738,2.87415832176973
121,0.9450154162384378,0.14598703575832625,0.5498458377993977,2.8906078578756866
122,0.9522096607814957,0.1410551475167642,0.5488180885702096,2.928686975207628
123,0.9506680369989723,0.14733488051429436,0.5519013362577738,2.9720651931899913
124,0.9550359712230215,0.1354661429835003,0.5549845839453381,2.995118786472701
125,0.9498972250770812,0.14173075295257298,0.5508735870285858,3.0173004200377664
126,0.9511819116135662,0.13828008144879514,0.5488180885702096,3.028001895053781
127,0.955549845776357,0.1347973558665057,0.5447070916534573,3.0542862233988184
128,0.9540082219938335,0.1386518629396072,0.5498458377993977,3.053693727868679
129,0.960174717368962,0.13461241863461218,0.55395683471615,3.075252449402216
130,0.9506680369989723,0.1421623798766827,0.5549845839453381,3.0840403150311477
131,0.9514388489208633,0.14163772273667058,0.5560123332357848,3.111796214303647
132,0.9509249742450107,0.1427543273718237,0.5498458378606563,3.1057060007446227
133,0.955806783083654,0.1388032858825661,0.5519013363190325,3.1052344045070557
134,0.9568345323741008,0.1337370021538646,0.5580678316329023,3.0816226248138365
135,0.9568345323741008,0.13877177279048197,0.5467625901118335,3.1196337204430358
136,0.9516957861056431,0.14255381201729866,0.5498458377993977,3.126381380339933
137,0.9522096607814957,0.1396584226256897,0.5519013362577738,3.136346835516707
138,0.9506680369377136,0.14151935100187868,0.5488180885702096,3.142156245774625
139,0.9524665980887927,0.137628097894993,0.541623843965893,3.1367893527737625
140,0.9555498458376156,0.1388038634059363,0.5447070916534573,3.143064827370129
141,0.955549845776357,0.13415127833357574,0.5467625901118335,3.1480182915282766
142,0.9570914696813977,0.13278944381079105,0.5323741009032004,3.15525808976341
143,0.9547790339157246,0.1308237243700248,0.5344295993615765,3.1647701106605646
144,0.9537512846252778,0.1382603364760192,0.5354573485907645,3.1617929648764944
145,0.9552929084078013,0.13570155621432572,0.5375128470491407,3.168124856953753
146,0.9565775950668037,0.1337482583922509,0.5354573485907645,3.1804357906774774
147,0.9547790339157246,0.1348982978562412,0.5354573485907645,3.1858028365798745
148,0.9532374099494252,0.14076308039268756,0.5303186024448242,3.21234913132051
149,0.9586330935251799,0.1329426509227684,0.5303186024448242,3.1976274212732343
150,0.9552929085303186,0.1367763204907832,0.5323741009032004,3.2281267814499013
151,0.9514388489208633,0.1403008132851381,0.5395683455075169,3.2311301790062963
152,0.960174717368962,0.13230913706728759,0.5303186024448242,3.237103185942827
153,0.9581192189105858,0.13487574921390624,0.5334018501323884,3.2294615632093455
154,0.9534943473179809,0.13812079063912458,0.5303186024448242,3.2488808143053123
155,0.9542651594236478,0.13519112707593336,0.5344295993615765,3.2484141758510043
156,0.9558067830223954,0.13349565696679552,0.5395683455075169,3.2783762041368316
157,0.955806783083654,0.13488858371574858,0.5498458377993977,3.310557916132544
158,0.9570914696813977,0.1331651894048331,0.5467625901118335,3.340969025047318
159,0.9578622814807716,0.13094248863861715,0.541623843965893,3.358709723094262
160,0.9578622815420301,0.12829645206234805,0.540596094736705,3.3520421934029794
161,0.9588900308324769,0.1282229906202649,0.5426515931950812,3.344653109117255
162,0.9578622816032888,0.13468758434149122,0.5395683455075169,3.3643332723478374
163,0.955806783083654,0.13490974168003156,0.541623843965893,3.3722097567394607
164,0.9558067831449126,0.1338058848772485,0.5426515931950812,3.383041428024943
165,0.96120246659815,0.12739136233879875,0.5395683455075169,3.381541240864643
166,0.9617163410902269,0.12973086071896528,0.5498458377993977,3.36584348644284
167,0.9588900308324769,0.13157420356557892,0.541623843965893,3.366457141928168
168,0.9504110996304166,0.1414930926442514,0.5498458377993977,3.377698529170939
169,0.959917780061665,0.12772875755473986,0.5436793424242692,3.4063576643660527
170,0.9532374099494252,0.1383689905670907,0.5508735870285858,3.3693517681751075
171,0.9547790339157246,0.13589503142488824,0.5477903393410215,3.381313280603501
172,0.9532374100719424,0.14024950456705024,0.55395683471615,3.3570597160756894
173,0.9576053442347332,0.1336570365118956,0.5560123331745261,3.3652372501124335
174,0.9568345322515834,0.1331150817234004,0.5549845839453381,3.384490149606781
175,0.9570914696813977,0.13739224427589286,0.5570400824037142,3.4037407501873473
176,0.9578622816032888,0.13240525269649256,0.5488180885702096,3.3821629691344492
177,0.949897224954564,0.13915504418688712,0.5519013362577738,3.4046737578030357
178,0.9576053442347332,0.13165282760531416,0.5467625901118335,3.425541345409107
179,0.9565775950055451,0.1341989632439393,0.5508735870285858,3.449786692704596
180,0.9586330935251799,0.13272002190045193,0.5447070916534573,3.4706193231972735
181,0.9537512846252778,0.1351668827641537,0.541623843965893,3.508144684465179
182,0.9596608426931094,0.13160175743597996,0.5467625901118335,3.51746830886339
183,0.9563206576369895,0.13687393939139786,0.541623843965893,3.5076130534247527
184,0.9601747173077033,0.12818218596118816,0.5426515931950812,3.5452248170466487
185,0.9563206576369895,0.13340571464517012,0.540596094736705,3.5422080822618254
186,0.9586330936476971,0.1317003736883126,0.541623843965893,3.5288204539103964
187,0.95529290846906,0.13466478286948502,0.5457348408826453,3.5359180703805135
188,0.9542651592398719,0.13779872127512865,0.5447070916534573,3.58020180592434
189,0.9609455291683358,0.12829840443607224,0.5375128470491407,3.5805430265271774
190,0.9573484069886947,0.13313806992701857,0.541623843965893,3.5832102261981396
191,0.9545220965471689,0.1374173856590169,0.5457348408826453,3.574281908380287
192,0.9532374100719424,0.13444134648908446,0.55395683471615,3.553496078499052
193,0.9578622816032888,0.12894181951589476,0.5488180885702096,3.5614609933953125
194,0.9568345323741008,0.13140164156810966,0.5519013362577738,3.5640944797480585
195,0.9604316546150004,0.12768444562864942,0.5477903393410215,3.5690252861775695
196,0.9645426515930113,0.12296262948571839,0.541623843965893,3.573052998559448
197,0.961459403905447,0.12894214989898875,0.545734840943904,3.569193749119052
198,0.9555498458376156,0.1340334556330635,0.5488180885702096,3.584615640258005
199,0.9570914695588805,0.13046784230334663,0.5447070916534573,3.5493714569283905
200,0.9558067831449126,0.1387262858856251,0.5457348408826453,3.552148491113551
201,0.9586330935251799,0.13296111259620946,0.540596094736705,3.584941214182149
202,0.9581192189105858,0.13223003269099504,0.5375128471103994,3.596297732237554
203,0.9606885919222974,0.12954201427540088,0.5467625901118335,3.562753009159053
204,0.9604316546150004,0.12972165034645508,0.5436793424242692,3.5994325811301815
205,0.9550359713455389,0.13281317574392243,0.5447070916534573,3.6223134397847803
206,0.9596608426318507,0.12799849098534893,0.5457348408826453,3.616414247901932
207,0.9617163411514854,0.1259788949528799,0.541623843965893,3.6173184242669993
208,0.9578622816032888,0.13399172849179786,0.5457348408826453,3.6152840289158052
209,0.955549845776357,0.1362570440750818,0.5426515931950812,3.6244596176745345
210,0.9594039054470709,0.12993093464381894,0.5436793424242692,3.6283394329839473
211,0.9604316546150004,0.1337686750467365,0.5385405962783288,3.6534149580599715
212,0.9609455292908531,0.12904975813682376,0.5323741009032004,3.69830423464878
213,0.9573484069274362,0.13217368877405744,0.5334018501323884,3.7318855265551703
214,0.9591469681397738,0.13599613008739278,0.5344295993615765,3.7252465464473383
215,0.9568345322515834,0.1335171232304372,0.5364850978199527,3.7075855631499963
216,0.9632579649952676,0.12447240364422901,0.5385405962783288,3.6908442921408158
217,0.9640287769171586,0.12196101628833537,0.5364850978199527,3.6878794820066103
218,0.9576053444185091,0.13218418328820863,0.5313463516740122,3.6920125806686936
219,0.9614594038441885,0.1328980149155653,0.5354573485907645,3.675780051046138
220,0.9630010277492291,0.12536916358804165,0.5375128470491407,3.6703972723354172
221,0.9627440904419322,0.1242841293294469,0.5395683455075169,3.681723553744764
222,0.9594039053858123,0.12816231353983726,0.5344295993615765,3.695725504197908
223,0.9647995889003084,0.12004994077250009,0.5385405962783288,3.7348281384004474
224,0.9622302157660795,0.1269482274339721,0.5344295993615765,3.7099568216553207
225,0.9558067831449126,0.1350019357233229,0.5313463516740122,3.7407792442749117
226,0.9591469682622912,0.13246377974840498,0.5323741009032004,3.7501875839645056
227,0.960688591983556,0.12993678619811372,0.5334018501323884,3.755258423451407
228,0.9578622816032888,0.1314822080691574,0.5385405962783288,3.7561863620381684
229,0.9568345323741008,0.13366528505503458,0.5375128470491407,3.7490443048839825
230,0.9601747173077033,0.12806024063160337,0.5375128471103994,3.7420117784012015
231,0.9622302158273381,0.1262086581779531,0.5447070916534573,3.7266163879896363
232,0.9606885918610387,0.12875861254159862,0.540596094736705,3.743847343683978
233,0.9594039055695882,0.13569616401550827,0.5447070916534573,3.772113640776396
234,0.9622302157660795,0.12758793734695537,0.5457348408826453,3.7728085798447815
235,0.956063720390951,0.1344887009244661,0.5467625901118335,3.787942306355852
236,0.9632579650565262,0.12630607445034192,0.5447070916534573,3.7894647767095377
237,0.9591469680172566,0.12892595154040887,0.5426515931950812,3.779396430071432
238,0.9591469680785153,0.13080195559596478,0.5436793424242692,3.768270016941725
239,0.9619732783975239,0.12826199838767194,0.5508735870285858,3.7508684962773495
240,0.956320657698248,0.13372331026095402,0.5498458377993977,3.7775617023166137
241,0.9640287768559,0.12546431543525666,0.5457348408826453,3.7736327377399705
242,0.959917780061665,0.12910850452142408,0.5560123331745261,3.783407634723346
243,0.9622302157660795,0.12431398861087238,0.552929085486962,3.774910757254966
244,0.960688591983556,0.1293444731191398,0.5477903393410215,3.785871770129542
245,0.9632579650565262,0.12734345628478913,0.55395683471615,3.780766537598691
246,0.9596608426931094,0.12786957442392916,0.5519013362577738,3.776936861863484
247,0.9645426515317527,0.1259611564298818,0.5488180885702096,3.7752284930151756
248,0.9647995889003084,0.12464167675403505,0.5519013362577738,3.760798173230084
249,0.9606885919222974,0.1318160040650559,0.5508735870285858,3.78273479568505
