epoch,acc,loss,val_acc,val_loss
0,0.456834532496618,0.7275956200793737,0.46248715316526445,0.7202573634860204
1,0.5804213772452257,0.6988555507204148,0.49640287800413485,0.719432875713121
2,0.6662384379436889,0.6764268853068964,0.5262076053749253,0.7171056984262378
3,0.7230215826112957,0.6561785440160707,0.5231243576873611,0.7168894070760564
4,0.7682425488180884,0.6310069455639798,0.5262076053749253,0.7194674225162259
5,0.7918807811506728,0.6068442778131578,0.5447070915615694,0.720565008602554
6,0.810894141768135,0.5852863558272297,0.5385405961251822,0.723051271298929
7,0.8265673176970291,0.5574906476967626,0.5457348407294987,0.7247897896222686
8,0.8360739978832429,0.5365902988540673,0.5426515931031932,0.7278271467565632
9,0.8489208632480939,0.5098211640627999,0.5457348407907574,0.7339953215369708
10,0.8512332990137671,0.48458598402519265,0.5519013361658859,0.7382984655734078
11,0.8663926002055499,0.4645505502192114,0.5611510792285785,0.7428332669516874
12,0.8697327852616697,0.4387894006941816,0.5447070915615694,0.7560368192526689
13,0.8761562180053538,0.42749781684542243,0.5436793422711226,0.764710685393303
14,0.8789825283856211,0.4070819538519292,0.552929085395074,0.7706910991717708
15,0.8851490237607496,0.3894293973833047,0.5621788284577667,0.7788336885918816
16,0.8872045222191257,0.37856306795716166,0.5447070915615694,0.7932374498214408
17,0.8964542650367838,0.36320062997039765,0.5570400823118262,0.8087861018460186
18,0.9003083248300151,0.34973961310911034,0.5529290854563326,0.8216203379484022
19,0.9023638231658739,0.34062082295182555,0.5519013362271445,0.8386161191980493
20,0.9069886948197375,0.3254423618990495,0.5477903393103922,0.8523638068343238
21,0.9098150050774875,0.3169324777231677,0.5354573485601353,0.867174270709274
22,0.9121274407819021,0.31362405887978173,0.5334018500405004,0.8835945585158721
23,0.9200924975531442,0.2999847746336448,0.5334018500405004,0.9010966609462805
24,0.9244604317771935,0.28756920590552615,0.5395683454156289,0.9146926573344639
25,0.9242034943473793,0.28133885845741047,0.5375128469572528,0.9315491577826693
26,0.9308838642758431,0.26879873982068814,0.5426515931031932,0.9414110754646231
27,0.9313977390742131,0.2678495984895869,0.5436793423323812,0.9676669816441551
28,0.9311408016443987,0.26470608787203376,0.5364850977893233,0.9889144425769504
29,0.9298561151079137,0.2600835420091743,0.5385405961098676,1.0091055393954098
30,0.9308838643371018,0.25585442315882795,0.5477903391725603,1.0228067760232296
31,0.9367934224049332,0.24516776746248048,0.5364850976514914,1.045772927393036
32,0.9401336072772772,0.23828869273949257,0.5395683453390556,1.0692699288782823
33,0.9355087358684481,0.23956175388927206,0.5323741007347391,1.0883032524573473
34,0.9439876669479911,0.23176805970602635,0.516957862296918,1.1096328209017432
35,0.9442446043778054,0.2246296100111684,0.5262076053596106,1.1317962960618617
36,0.9493833503399699,0.21291485392054943,0.5292908530471749,1.157653438346604
37,0.9483556012332991,0.2101949651448969,0.5210688592136703,1.1821177199345085
38,0.9516957861669016,0.20546113715754996,0.531346351505551,1.2026730527123102
39,0.9501541623231196,0.20848987854151907,0.5344295993309471,1.2323327734683547
40,0.9473278518815937,0.20800141823255022,0.5303186024141949,1.2680569582093288
41,0.9468139773282583,0.20534631539469264,0.5282631039558188,1.2885318644122745
42,0.9506680371214895,0.19997637180605748,0.5282631038179868,1.315199507103672
43,0.9532374099494252,0.19783900678157806,0.5231243576720465,1.342040329773404
44,0.9506680369989723,0.19617120100746174,0.5251798561304226,1.3623262277487493
45,0.9542651594236478,0.1884348080373864,0.5200411099844822,1.3936123536767597
46,0.956320657698248,0.1841432536585603,0.5251798561304226,1.4213209681496224
47,0.9537512846252778,0.18331549490466026,0.5210688592136703,1.4511070538155222
48,0.960431654676259,0.17559258577022377,0.5210688592136703,1.4843964140559762
49,0.9519527234741987,0.18796281305209706,0.5077081193720572,1.532498205308434
50,0.9558067831449126,0.17684741260030165,0.5220966085806903,1.551008372365632
51,0.9568345323741008,0.17628193078495616,0.5077081192342252,1.5690117732593971
52,0.9586330935251799,0.17034319135813158,0.519013360893126,1.605422012239909
53,0.9601747173077033,0.16814849440693733,0.513874614685927,1.6296035870986265
54,0.9522096607814957,0.18044804696678993,0.5169578624347498,1.6544139502839954
55,0.9599177800004063,0.16846899254839076,0.5035971224553049,1.6953079107486455
56,0.9658273381294964,0.1584081423735937,0.5077081192342252,1.7122219848730826
57,0.9601747173077033,0.16570278818413753,0.5077081192342252,1.7315164754226544
58,0.9591469681397738,0.1633776659863826,0.5035971223174729,1.7584216143832545
59,0.9560637204522097,0.16807895193579017,0.5128468653801657,1.783692291069619
60,0.9619732783975239,0.16278972377941273,0.5210688593515022,1.8047420179733638
61,0.9606885918610387,0.15992238541791276,0.5118191161509775,1.8531892608395584
62,0.9586330934639212,0.16936630652288984,0.5128468655179975,1.8783869696790612
63,0.959917780061665,0.16503574559800058,0.519013360893126,1.9031211452640953
64,0.9632579650565262,0.1533693728886185,0.519013360893126,1.9204613128399433
65,0.9645426515930113,0.1577495096934785,0.5210688592136703,1.919740445812339
66,0.9637718396098616,0.1545480646552922,0.5272353545887988,1.9385032144136811
67,0.9660842754367934,0.1481040097535698,0.5241521070390665,1.9767300952742792
68,0.9678828365266139,0.1473929225203925,0.5241521069778078,2.0095069856829904
69,0.9663412126828318,0.14733069968186815,0.5251798562682545,2.026032358867414
70,0.9653134634536438,0.14930059271505655,0.5292908531850068,2.057231885433687
71,0.9660842753755348,0.14882612344784948,0.527235354665372,2.071283420825421
72,0.9655704007609408,0.15053255090304293,0.5303186023529363,2.1043552992155226
73,0.963771839548603,0.14977308424746757,0.5282631038179868,2.1240886634814897
74,0.9691675230630991,0.1414959400524706,0.5200411101223141,2.1462034622909845
75,0.967625899219317,0.14559269409324258,0.516957862296918,2.207160538049053
76,0.9601747173077033,0.15540973266312913,0.519013360893126,2.2404880410965764
77,0.9686536485097637,0.1445022647987902,0.5262076054974426,2.254510230910251
78,0.9658273381294964,0.14734650476005806,0.5272353547266306,2.2767284999525925
79,0.9642857141631971,0.15393949323788453,0.5231243578098783,2.291410859050143
80,0.9722507707506632,0.134212646047601,0.5169578623734913,2.3174508656896764
81,0.9655704008221994,0.14272412320049546,0.5190133607706088,2.3273900037924284
82,0.9673689619120199,0.13983450078033102,0.5200411099997968,2.363719742197662
83,0.9699383350462487,0.13727768358199227,0.5179856115414206,2.4128610230178285
84,0.9663412126828318,0.13956666974406326,0.522096608458173,2.4254985710822297
85,0.968653648448505,0.1425930952762406,0.5169578623122326,2.4512797580593535
86,0.9676258991580583,0.1367452393026538,0.5149023638538565,2.4564467794726097
87,0.968910585755802,0.13841957396005433,0.5169578623734913,2.477850893418566
88,0.9655704006996821,0.1423287964430767,0.5159301131443031,2.5032178696478504
89,0.9663412126828318,0.14258720709694375,0.5087358685399866,2.524398317562468
90,0.9686536485097637,0.13943137068450756,0.513874614685927,2.548195192527183
91,0.9665981500513875,0.13788301205187883,0.509763617707916,2.5430304055836315
92,0.9637718396711202,0.1433333200034049,0.5097636177691747,2.5850567638812794
93,0.9660842753755348,0.14376601252134388,0.5169578623734913,2.5801437920436094
94,0.9686536485097637,0.14248236362943914,0.5118191162275508,2.57499656868373
95,0.9707091469681398,0.1361893175776669,0.512846865456739,2.5939324174118434
96,0.9681397738339109,0.14210601401384174,0.5087358685399866,2.614207763466046
97,0.9696813977389517,0.13957192372810193,0.5179856116026793,2.6134923014096834
98,0.9660842754367934,0.14692747655716118,0.5159301131443031,2.6270113339282015
99,0.9665981499901288,0.1385612170166984,0.5149023639151151,2.66781168581893
100,0.9686536485097637,0.13450283522718612,0.5149023639763737,2.701247054038288
101,0.9640287769784173,0.14905709830732042,0.517985611663938,2.7138209575739327
102,0.9676258992805755,0.1425440375753444,0.5159301132055618,2.710925362705572
103,0.9622302158273381,0.15331049514637698,0.5159301131443031,2.7245941889861873
104,0.9681397738339109,0.14435709450864842,0.5056526208524224,2.729137457164439
105,0.9696813977389517,0.13104092758550917,0.5107913669983628,2.7391127525596186
106,0.9735354572871484,0.12589768532430035,0.5107913669983628,2.7573216821527433
107,0.9681397738951696,0.13725653698884202,0.5190133608318673,2.760894596515432
108,0.9748201438848921,0.12631065258325555,0.5190133608318673,2.782774099955701
109,0.9683967110799493,0.1362157496647624,0.5149023639151151,2.7999149608710074
110,0.9712230215214752,0.13158716985770144,0.519013360893126,2.8277883605623786
111,0.9671120246659815,0.13824801132435177,0.5149023639763737,2.8587938295974027
112,0.9707091469681398,0.13192407803692283,0.5149023639763737,2.8715190534601476
113,0.9735354572871484,0.12746628016264072,0.5097636178304333,2.8815417199071116
114,0.9686536485097637,0.13621720651744693,0.517985611663938,2.895719610529838
115,0.9701952722922871,0.13184260507281736,0.5200411101223141,2.9206293981832445
116,0.9704522096608428,0.13474755311137848,0.5200411100610555,2.939698324664156
117,0.968653648448505,0.13262828576540286,0.5210688592902435,2.9581884218021877
118,0.9704522095995841,0.1356992875929359,0.5220966085194316,2.962343568056975
119,0.9761048303601185,0.11665900073034301,0.5149023639151151,2.997126876266495
120,0.9671120246047229,0.1402207674862547,0.5159301131443031,3.0314729130402864
121,0.9717368961973278,0.13362655243458263,0.5179856116026793,3.0344631742965524
122,0.9681397738951696,0.1339976453745904,0.5149023639151151,3.0505700513245757
123,0.973792394655704,0.12283040693399228,0.5190133608318673,3.056798569345033
124,0.9709660842754368,0.1290910740144635,0.5149023639151151,3.077304112580428
125,0.9699383349237315,0.1327798916955401,0.513874614685927,3.1294934742252236
126,0.9761048304213772,0.11830120637078692,0.5210688592902435,3.165173227225889
127,0.9701952723535457,0.13336770887365076,0.5169578623734913,3.1776656790848015
128,0.9694244604316546,0.13993902459265883,0.5118191162275508,3.186096853734533
129,0.9725077081192189,0.13153855488056515,0.5097636177691747,3.1878825549844114
130,0.9753340184994861,0.12372310497900442,0.50154162393567,3.2007762128745663
131,0.9717368961973278,0.13042168341431565,0.5107913669983628,3.2150247070061586
132,0.96993833498499,0.1330318789534799,0.5066803700816105,3.1881931222600044
133,0.9694244604316546,0.13751313784078362,0.5056526208524224,3.1966391251731627
134,0.973535457348407,0.12631653803654344,0.4974306270801764,3.1886829810421857
135,0.9719938335046249,0.13293869417440243,0.5046248716844929,3.2172193799209987
136,0.9766187050359713,0.11887353649487353,0.505652620913681,3.2326050368266874
137,0.96993833498499,0.13396442859966734,0.5046248716844929,3.2305697480796667
138,0.9722507707506632,0.12847610301924878,0.5015416239969287,3.265046892773823
139,0.9732785199798514,0.1258908675146985,0.5025693732261167,3.276869764553435
140,0.9768756423432683,0.11784537753735393,0.49948612553855254,3.2960069578941167
141,0.9725077081192189,0.12752257706358155,0.506680370142869,3.306100611819025
142,0.9725077080579603,0.13095307561500957,0.5087358686012452,3.3061324393516456
143,0.9722507707506632,0.12738484459692748,0.5128468655179975,3.311683005933771
144,0.9691675231243576,0.13890237063322625,0.5056526208524224,3.34240018280045
145,0.9694244604929133,0.1328987892705637,0.5046248716232343,3.38661179709165
146,0.9745632065163364,0.12272833358163333,0.4974306269576591,3.4076116834858095
147,0.9676258991580583,0.1398866312293085,0.508735868478728,3.390337360358557
148,0.973792394655704,0.12173605393254622,0.5118191162888095,3.4004233596503797
149,0.9743062692702981,0.12021459594277047,0.5087358685399866,3.407932097473223
150,0.9755909557455246,0.11744173613873685,0.512846865456739,3.437798162403479
151,0.9717368961973278,0.12735046754148,0.5118191162275508,3.4363269418753677
152,0.9758478931140802,0.12197891914525968,0.5210688592902435,3.4279999032172492
153,0.9748201438848921,0.11734388395761047,0.5200411100610555,3.43062099008864
154,0.9732785200411099,0.1187386543768528,0.5128468655179975,3.416654705143661
155,0.9740493319017424,0.12282701309881378,0.5077081193720572,3.4115304358816587
156,0.9719938334433662,0.1270596184226984,0.5169578624347498,3.419557659623557
157,0.9732785200411099,0.12441048961044705,0.5169578624347498,3.4437752784462408
158,0.9732785199798514,0.12214745096441162,0.5149023639763737,3.4204678248771048
159,0.9717368961360692,0.13069571029368066,0.5118191162888095,3.4264636706227756
160,0.9722507707506632,0.12452826430716715,0.5118191162888095,3.4567341613377476
161,0.9758478931140802,0.1188292357944266,0.5169578624347498,3.475668400679193
162,0.9771325796505652,0.1175678480466309,0.5149023639151151,3.4799284702214774
163,0.9732785199798514,0.12306938267562764,0.5159301132055618,3.4914423963638885
164,0.9755909558067831,0.11868088167516815,0.519013360893126,3.5275125591752463
165,0.9766187049134539,0.11230274116025064,0.5179856116026793,3.5017223669348128
166,0.9748201438848921,0.12115810631189537,0.5107913669983628,3.4964103414490437
167,0.9781603288797533,0.11456596970037468,0.5159301132055618,3.494589106029499
168,0.9758478930528215,0.11866720389854259,0.5179856116026793,3.5115342120594994
169,0.9725077081192189,0.12466319596810306,0.5159301131443031,3.5364264091754376
170,0.9768756423432683,0.12048359621097961,0.5200411100610555,3.549114037883245
171,0.9740493319017424,0.12551774038624053,0.5159301131443031,3.5731573788504685
172,0.968396711141208,0.13686369154276853,0.5200411100610555,3.5633978819185512
173,0.9763617677286742,0.12212111795548912,0.5231243577486197,3.5825836908412985
174,0.9763617676674156,0.1238533824314684,0.5179856116026793,3.6025647122225317
175,0.973535457348407,0.1276616978613164,0.5118191162275508,3.611223131387599
176,0.9758478930528215,0.11435662326379033,0.5056526208524224,3.622752944342524
177,0.9748201438236335,0.12294324079312131,0.5087358685399866,3.647277551956804
178,0.9773895169578622,0.11871672182402287,0.5066803700816105,3.655108539810651
179,0.9758478931140802,0.11746817707387541,0.5056526208524224,3.672672097508978
180,0.9784172661257917,0.11676729818899854,0.5087358685399866,3.6846900846338224
181,0.9768756423432683,0.11904244656307969,0.5159301131443031,3.705718972087519
182,0.9743062692090394,0.1260990835841121,0.5066803700816105,3.7066350377720894
183,0.973792394655704,0.1271449242587386,0.49845837624810585,3.7292210163829997
184,0.9776464542651593,0.1190731179195036,0.4974306269576591,3.730915879174102
185,0.9802158273381295,0.11476230295901431,0.4974306269576591,3.7360072434867395
186,0.9758478930528215,0.12183724971677637,0.49331963010216545,3.738100834765145
187,0.9786742033718301,0.11564436740216101,0.49743062701891777,3.7615103184993073
188,0.9745632065775951,0.12294445611835139,0.4953751286218002,3.7655093780156887
189,0.9791880781089414,0.11296655717023475,0.49434737933135353,3.7727396032425506
190,0.9786742034943474,0.11228044378549197,0.49948612553855254,3.7876304916095638
191,0.9791880781089414,0.11402744704901498,0.4964028778509883,3.803677332732072
192,0.9768756423432683,0.11895150803833557,0.49948612547729393,3.8232195487615384
193,0.9704522096608428,0.133776753957078,0.50154162393567,3.8228373877926205
194,0.9781603288184947,0.11491117376033963,0.50154162393567,3.83672987005816
195,0.9781603287572361,0.11360408045650142,0.5035971224553049,3.8268966459174316
196,0.9791880781089414,0.11431915042701753,0.49948612553855254,3.8287644004037666
197,0.9804727645841679,0.11127087204331362,0.5015416239969287,3.8717526571111103
198,0.9779033915724563,0.11661523509337993,0.49948612553855254,3.860090914880139
199,0.9768756423432683,0.12199449726023384,0.48818088401748366,3.8652893475123813
200,0.9776464542039007,0.1157104470532575,0.5077081193720572,3.8422691613772666
201,0.9794450153549799,0.11427729572997432,0.505652620913681,3.8583904263417006
202,0.9761048303601185,0.11713137161388672,0.5025693732261167,3.8505143741909547
203,0.9786742034330888,0.11603624743523358,0.506680370142869,3.8692868361125132
204,0.9799588900308325,0.11485628112155144,0.5035971223940462,3.886536925571673
205,0.9748201438848921,0.12048548352804116,0.5066803700816105,3.905335035745556
206,0.977132579528048,0.1198052278157986,0.5056526208524224,3.8826580851320616
207,0.9797019526622768,0.11431547235180638,0.5056526208524224,3.8861264859049562
208,0.9804727645229092,0.11132963830250998,0.5097636177691747,3.880439501014545
209,0.9802158272156123,0.11248810244733726,0.5046248716844929,3.888346816628467
210,0.9791880781089414,0.11901838541459694,0.5005138747677406,3.9037167937758035
211,0.9791880781089414,0.11630267028879654,0.5025693731648582,3.9106087233767846
212,0.9750770811309305,0.122145789239904,0.5087358686012452,3.9258791559891737
213,0.9797019526622768,0.11399193993268988,0.49948612553855254,3.9437382451554366
214,0.9773895168966037,0.11796581725238652,0.5077081193107985,3.969909103899306
215,0.9786742034943474,0.11752715501225987,0.5066803700816105,3.9627943075695606
216,0.9779033915111977,0.11517109647622946,0.5077081193107985,3.970289943642141
217,0.9755909557455246,0.12244220742647596,0.49948612547729393,3.959253901690398
218,0.9799588899695738,0.11099838159924788,0.49948612547729393,3.9667755241629274
219,0.9820143883666914,0.10712603546242552,0.49948612547729393,3.964758242267009
220,0.9802158273381295,0.1162313039721835,0.5035971224553049,3.9670775537010576
221,0.9781603288797533,0.11641351326166786,0.50154162393567,3.9818516640109367
222,0.9766187050359713,0.11877693926565204,0.5025693731648582,3.988469356133048
223,0.9832990749644351,0.101151124355053,0.5077081193720572,3.98043299946486
224,0.9804727646454265,0.1107804257908926,0.506680370142869,3.990077157917395
225,0.9789311408016445,0.11109949512845566,0.5035971223940462,4.012750532007169
226,0.9761048304213772,0.12093693640117532,0.49743062694234447,4.0375363353835105
227,0.9804727646454265,0.1111109277266025,0.5005138747677406,4.035712417081106
228,0.9817574511206529,0.10746419982638168,0.49743062701891777,4.060723501756282
229,0.9781603287572361,0.11897729755305558,0.49845837630936446,4.065038440896453
230,0.9753340184382275,0.12116019786139309,0.5097636176926014,4.095221966413162
231,0.981243576506059,0.10711330513853698,0.5035971224553049,4.112862768790705
232,0.9802158272156123,0.10653919918809128,0.5005138747677406,4.113817457549986
233,0.9815005138746146,0.11125379847506213,0.5035971224553049,4.1192236569042935
234,0.9779033915111977,0.11647054292682754,0.5087358685399866,4.100525039073007
235,0.9845837615621789,0.10257414859343408,0.5066803700816105,4.088844469860426
236,0.9773895169578622,0.12072704877907302,0.508735868478728,4.089421530054137
237,0.9799588900308325,0.11239599410486613,0.5066803700816105,4.105241012475228
238,0.9768756423432683,0.12144672745821532,0.5097636177691747,4.094658550231086
239,0.9822713257965057,0.10497177260921156,0.5005138747677406,4.090592006005094
240,0.9832990750256937,0.10373431235888757,0.5035971224553049,4.065035724443865
241,0.9779033915724563,0.11991237050337757,0.49845837630936446,4.065010225172523
242,0.9807297019527236,0.10559777083891882,0.49948612547729393,4.07805500246148
243,0.9804727646454265,0.11094043944854164,0.48920863324667174,4.129029221059362
244,0.9804727646454265,0.11327781021702203,0.4902363824146012,4.139845928944885
245,0.9802158273381295,0.11053327926628881,0.49331963010216545,4.129035276842265
246,0.9853545734840699,0.09848709575226962,0.49948612541603526,4.138971648260354
247,0.9807297019527236,0.10786142064696838,0.5015416242113339,4.145578575526333
248,0.9768756423432683,0.11796106444049592,0.5025693731035995,4.172497550360591
249,0.9799588900308325,0.11354495694081683,0.508735868478728,4.181191523298085
