epoch,acc,loss,val_acc,val_loss
0,0.6035457349632162,0.704018429212678,0.6032887979009536,0.691414310716529
1,0.6035457348713282,0.6353851343597929,0.6032887979009536,0.696125357332357
2,0.617934224049332,0.5724648129413209,0.5940390548382609,0.7007790685067564
3,0.7356115109138842,0.5360705322621415,0.5930113056090728,0.7120908896332532
4,0.7826310379042042,0.5065462676251168,0.5930113056090728,0.7236971464333529
5,0.8193730729701952,0.47529010274059846,0.5930113056090728,0.7367581781478482
6,0.8538026720254787,0.4524736984844443,0.5971223021889027,0.755176452056477
7,0.8743576568542747,0.43221348916148844,0.5909558071506967,0.7716839670644879
8,0.906731757451182,0.40491256950938076,0.5981500517550132,0.7876890463427184
9,0.9128982529488276,0.3909021645998783,0.5868448098970219,0.8110770583152771
10,0.9213771839058534,0.37835595311878395,0.5868448098970219,0.8305407555473304
11,0.9401336072772772,0.3611480699658761,0.5827338129802696,0.8558784030446781
12,0.9427029804727647,0.3544261845447054,0.5899280575845861,0.8722440711273319
13,0.9488694757866345,0.343206276782125,0.5899280575845861,0.9026537023614881
14,0.950668036876455,0.33231573332127906,0.5991778006472789,0.9257078207531544
15,0.9527235353960898,0.3271143821748653,0.5889003083553981,0.952719246985856
16,0.9586330935251799,0.3155315996502801,0.5858170606678338,0.9732988620711011
17,0.9529804727033868,0.31451366291996874,0.5868448098970219,0.9923578036407282
18,0.9596608427543679,0.30041122661648895,0.5827338129802696,1.0207215699483043
19,0.9612024665368915,0.2967342579965111,0.5827338130415283,1.0481366253585267
20,0.9635149023638232,0.28778269447439864,0.5868448099582806,1.076087679549332
21,0.9650565262076053,0.2830055383285785,0.58787255912621,1.103480365023951
22,0.9617163412127441,0.28081824164167585,0.5858170606678338,1.1248345397114141
23,0.9645426515317527,0.2731171321097038,0.5868448102339444,1.1577688126010248
24,0.9676258991580583,0.26885166399770505,0.5878725594631324,1.1843693713367536
25,0.9704522096608428,0.25801693204740583,0.6012332994425774,1.2136613389080868
26,0.9624871531346352,0.2628388465492233,0.5858170610047563,1.241127971387473
27,0.9701952722310285,0.25133645251194225,0.5899280575845861,1.2748907011802493
28,0.9732785200411099,0.24542661956133358,0.5837615625463801,1.309199980204544
29,0.9665981499901288,0.24876992816425178,0.5755395687128755,1.3295657596754757
30,0.9722507708119219,0.24009724933834017,0.5827338133171921,1.360455154637516
31,0.972764645426516,0.23635103754921294,0.5745118194836875,1.389493645278915
32,0.9714799588287722,0.2332806225333895,0.5724563210253113,1.4216849345710025
33,0.9709660842754368,0.23010047403415942,0.5734840702544993,1.4436374641763465
34,0.9686536485097637,0.22966152227427217,0.5714285717961232,1.4734847165820288
35,0.9704522096608428,0.22291228910266803,0.5734840702544993,1.5038932175945035
36,0.967625899219317,0.2232392294464474,0.5673175748793708,1.523156836981151
37,0.9707091469681398,0.2196575827429498,0.5642343271918067,1.5499612736187394
38,0.9768756422820096,0.20812474979893644,0.5734840702544993,1.5866026417692054
39,0.9740493319017424,0.2105167167833628,0.5796505656296278,1.6246442267975607
40,0.9717368961973278,0.20904184780624396,0.5704008225669351,1.6443264555465527
41,0.9791880781089414,0.1978581038677925,0.5673175748793708,1.6724979946081586
42,0.9701952722922871,0.20664059541514573,0.5724563210253113,1.7041420684198927
43,0.9737923945944453,0.1997060730578598,0.5724563210253113,1.7268998833623967
44,0.9755909557455246,0.19568101485917405,0.5642343271918067,1.757189351265134
45,0.9727646453652573,0.19762446392109312,0.569373073337747,1.7837425415219408
46,0.9750770811309305,0.19244894468036977,0.5786228164004398,1.811520198633835
47,0.9758478931140802,0.18918656720899482,0.5745118194836875,1.8399970293780148
48,0.9745632065775951,0.18777087682289553,0.5745118194836875,1.8670963214333232
49,0.9758478930528215,0.18447475299193214,0.5673175748181123,1.8983746996151336
50,0.9714799588287722,0.1890837012159371,0.5693730732764885,1.9398482977915152
51,0.9771325796505652,0.1792194966115785,0.5704008225669351,1.9722132511276136
52,0.9743062692090394,0.1808044620677599,0.5704008222300126,1.9949252821068602
53,0.9735354574709243,0.17987632270584616,0.5724563206883888,2.062727886015685
54,0.9743062692702981,0.1767013600404314,0.5611510795042424,2.0914996775424246
55,0.9701952723535457,0.1807253213268145,0.5529290853338154,2.1301091097119165
56,0.9773895169578622,0.17025016108862787,0.568345324108559,2.156702186686407
57,0.9773895169578622,0.168379172912482,0.5662898253132603,2.15183919429289
58,0.9794450154162384,0.16435356360055192,0.5601233302750543,2.1898551055853317
59,0.9773895168966037,0.16531148908194634,0.5529290853338154,2.222039402082547
60,0.9802158272768708,0.15941010597798463,0.5601233299381319,2.252730170844883
61,0.9776464542651593,0.16329896243294856,0.5683453237716365,2.2684638318888086
62,0.975077081192189,0.16202489415304266,0.5477903391878749,2.294140371487295
63,0.9791880780476828,0.15631247568351025,0.5508735868754392,2.339009004653664
64,0.9807297019527236,0.15361803203423002,0.5508735868754392,2.3560671669116124
65,0.9763617677286742,0.15654293277740233,0.548818088417063,2.380847231579709
66,0.9761048304213772,0.15529243968128545,0.562178828396508,2.3981792248042737
67,0.9789311408016445,0.1496004069650896,0.56115107916732,2.4349490802310108
68,0.9815005138746146,0.14569146918919693,0.5632065776256961,2.486909498536207
69,0.9781603288797533,0.14879294255899622,0.5590955807089438,2.4912591661725725
70,0.9755909558067831,0.14984580462478783,0.568345324108559,2.509884084728982
71,0.9799588900308325,0.1462785796494915,0.5652620764209947,2.5242638565898554
72,0.9768756423432683,0.14908465436771742,0.5734840699175769,2.528368861187644
73,0.9743062693928153,0.15074788452052384,0.5683453237716365,2.5434865490873206
74,0.9786742034943474,0.14441477995890384,0.574511819146765,2.557664395848869
75,0.9755909558067831,0.14574053785538746,0.5765673177276583,2.5842294803258694
76,0.9771325795893067,0.14494149464987532,0.5704008223525299,2.6118712885896813
77,0.9815005138746146,0.1367647779640289,0.578622816124776,2.6402008136521875
78,0.9748201438848921,0.14501733269316563,0.5693730730008246,2.644184486961561
79,0.9797019527235354,0.13477017144688844,0.5693730730620832,2.6819259649925584
80,0.9779033915111977,0.13796809978806102,0.567317574603707,2.7102068377178226
81,0.9820143884892086,0.12947372184015374,0.5683453237716365,2.7431133425615553
82,0.9781603288797533,0.13580967867239652,0.567317574603707,2.7772164702537983
83,0.9797019527235354,0.13261342292913797,0.5714285715204593,2.8279899428584225
84,0.9815005138746146,0.12866186666065962,0.5693730730620832,2.847996778380344
85,0.9786742034943474,0.13171539804060683,0.5642343269161428,2.875230992073145
86,0.9789311407403858,0.13368368830305943,0.5662898256501828,2.899896790287845
87,0.9817574511819116,0.12459680534524026,0.5683453240473003,2.896756534831252
88,0.9781603288797533,0.1320108206443037,0.5652620764209947,2.914419920079387
89,0.9807297019527236,0.12550925106606528,0.5642343271918067,2.947612352998504
90,0.9789311408016445,0.12805550294293652,0.56320657790136,2.980489858742976
91,0.9820143884892086,0.12223347893629878,0.5704008225056765,2.976015107849764
92,0.9822713256739884,0.12029312246259903,0.5642343270692894,2.977661999009496
93,0.9807297019527236,0.12318605114873364,0.568345324108559,2.99375568975035
94,0.9838129496402878,0.11653764448669439,0.5827338132559334,2.9962304393164545
95,0.9817574511819116,0.118566300861637,0.5755395686516169,3.008941056181936
96,0.9755909557455246,0.13213717373890108,0.5755395685903583,3.019438839154768
97,0.9825282629812854,0.11775148319193418,0.5724563209640526,3.041557163520805
98,0.9791880780476828,0.12286351310263435,0.5714285717348646,3.0371093585826876
99,0.9804727645229092,0.11877043911266424,0.5755395685903583,3.046619373137267
100,0.9807297019527236,0.11826469176444096,0.5765673179420636,3.066651595949759
101,0.9822713257965057,0.11478900498225289,0.5724563209640526,3.1011363553363767
102,0.9766187049747126,0.1254341666187559,0.5704008224444178,3.1150855165346307
103,0.9802158273381295,0.1172193199595224,0.572456320902794,3.1431292024692796
104,0.9797019526622768,0.11861677181438944,0.5714285717961232,3.1749819763395304
105,0.9799588899695738,0.11786714943560397,0.5745118194836875,3.1846584002013563
106,0.9779033915111977,0.11916294200814885,0.5724563209640526,3.189827212081784
107,0.9799588899695738,0.11644140884418036,0.5714285717348646,3.1972921164160764
108,0.986382322713258,0.10205893682551409,0.5755395687128755,3.2350063032383543
109,0.9804727646454265,0.11271440259201064,0.574511819146765,3.2454492862031
110,0.98201438842795,0.11155916012264597,0.5662898253132603,3.27485744289112
111,0.9799588900308325,0.1135225975838129,0.5724563206883888,3.3081109648740794
112,0.9789311408016445,0.11564406136171423,0.5642343268548842,3.3089089226992257
113,0.9815005138746146,0.10909570595067672,0.5662898253132603,3.3586043120655713
114,0.9807297019527236,0.11058243267230483,0.56115107916732,3.3727927864639264
115,0.9799588900308325,0.11559976250668347,0.562178828396508,3.3824234949721586
116,0.9812435765673175,0.10895349024072336,0.567317574603707,3.402165257060883
117,0.9840698869475848,0.10538882041256205,0.5662898253132603,3.405031031229268
118,0.9784172661870504,0.11723313293776802,0.562178828396508,3.4025012763161575
119,0.9820143884892086,0.10964517423620818,0.5632065776256961,3.4110635289920443
120,0.9853545734840699,0.09908695269724448,0.5611510792285785,3.438209866448272
121,0.9807297018914649,0.10884076530709173,0.5549845837921915,3.4368169153337
122,0.9802158273381295,0.11123630785424442,0.5601233299381319,3.452794548908951
123,0.9843268242548818,0.1016388591551217,0.5662898253132603,3.4918358499932753
124,0.9825282629812854,0.10431739130466104,0.5652620764209947,3.5006513330943783
125,0.9815005138746146,0.10649772303108077,0.5662898255889242,3.496926521838385
126,0.9797019526622768,0.11139590787066708,0.556012333358302,3.5031136995964403
127,0.9815005138746146,0.10609893409299825,0.5529290853338154,3.5216548538404036
128,0.9827852004110997,0.10366912498564784,0.5549845837921915,3.5475070861236166
129,0.9812435765673175,0.10530412619031836,0.55704008258749,3.560740079811151
130,0.9776464542651593,0.11511163029126739,0.5570400822505677,3.5609755628768123
131,0.9845837615621789,0.09906699518000234,0.5601233302750543,3.5898277453258864
132,0.9843268241936232,0.09822695626506825,0.562178828396508,3.5936607481396825
133,0.9809866392600206,0.10737397505653848,0.56115107916732,3.587623585409888
134,0.9820143884892086,0.10285193551205413,0.5632065776256961,3.5997023508948143
135,0.9807297019527236,0.10535624690683136,0.552929085395074,3.642232602816324
136,0.9840698868863261,0.09998406422346494,0.5580678314797557,3.651914140793427
137,0.9797019527235354,0.10733727839337959,0.5590955810458662,3.6462599905274753
138,0.9858684480986639,0.09453994522726916,0.5529290856094792,3.63791060129148
139,0.9843268242548818,0.09758543187918912,0.5580678317554195,3.633908495751094
140,0.9832990750256937,0.10071364813173173,0.5611510794429838,3.655093148947987
141,0.9850976361767728,0.09629413829341087,0.55704008258749,3.670484455124325
142,0.9817574511206529,0.10268065703981091,0.55704008258749,3.6928717102568296
143,0.9832990750256937,0.09887114397699026,0.5508735872123617,3.708994857086307
144,0.9817574511819116,0.10166746663563297,0.5519013364415497,3.7344892738044324
145,0.9838129496402878,0.09415710175300795,0.5549845840678553,3.7421216753992
146,0.9825282631038027,0.10120656659476314,0.5652620763597361,3.732455590278492
147,0.9809866391375033,0.103034693529525,0.5560123332970434,3.7701196641128085
148,0.9794450153549799,0.10579152661016764,0.5519013364415497,3.7915500045925348
149,0.9815005138746146,0.10120456213589073,0.5508735868754392,3.823626730939467
150,0.9799588900308325,0.10660294497735943,0.556012333358302,3.8145337148903575
151,0.9830421377183967,0.09905950512970585,0.5549845837921915,3.8145964515662514
152,0.9804727645841679,0.1036083734032429,0.5590955807089438,3.80827388537996
153,0.9835560123329907,0.09898954166246833,0.5683453237716365,3.833945016086653
154,0.9840698868863261,0.09595625361337691,0.5734840702544993,3.830532666958126
155,0.9820143884892086,0.1005193970040758,0.5724563209640526,3.841624136941406
156,0.9807297020752408,0.10456016423890917,0.5724563210253113,3.8446019433385175
157,0.9804727646454265,0.1048385544363237,0.5642343268548842,3.8910714440576095
158,0.9820143884892086,0.09989449059071913,0.5673175745424485,3.888056038094939
159,0.9804727646454265,0.10526220521143995,0.569373073337747,3.914341947157606
160,0.9815005138746146,0.09919910148199636,0.562178828396508,3.937831419957505
161,0.9856115107301083,0.09292840861159263,0.5601233302750543,3.9587970799311827
162,0.9822713257965057,0.0984504253269467,0.564234327130548,3.9583339397120696
163,0.9822713257965057,0.10129810641122501,0.569373073337747,3.963752269744873
164,0.9815005138746146,0.10457049069767253,0.568345324108559,3.968288052608886
165,0.9840698869475848,0.09595916950874192,0.5714285717961232,3.972547828109757
166,0.9797019527235354,0.10517148083154369,0.5652620764209947,3.9732820455976525
167,0.9825282631038027,0.0979918385535203,0.5611510795042424,4.005483518033944
168,0.9840698868863261,0.09499358406476102,0.55704008258749,3.9913685476179603
169,0.9838129496402878,0.09508539988962744,0.5580678318166782,4.015735941825153
170,0.9797019526622768,0.10737752330940283,0.5580678318166782,4.00091588803455
171,0.9827852003498411,0.09645246666112392,0.5632065779626185,4.025995117787344
172,0.9835560123329907,0.09603241864373603,0.5601233302750543,4.014801278756309
173,0.9830421376571381,0.09759795955187983,0.5590955809846077,4.03414504452085
174,0.9832990750256937,0.09619315539439804,0.556012333358302,4.052952087672862
175,0.9876670091884845,0.08643558999678581,0.5508735872123617,4.087879561691833
176,0.986125385405961,0.08712204545736313,0.5529290856707378,4.0878233939011075
177,0.9809866392600206,0.10138325997363136,0.55704008258749,4.102495572794868
178,0.9817574511819116,0.10190373956238255,0.55704008258749,4.112467656032645
179,0.98201438842795,0.09544873951272877,0.5539568348999259,4.109930612813042
180,0.9840698869475848,0.09557555483430165,0.554984584129114,4.102864923114522
181,0.9843268242548818,0.09551409032781592,0.5601233302750543,4.099563112974412
182,0.9838129495790291,0.09492271715911049,0.556012333358302,4.096029173310957
183,0.9856115107913669,0.09052155462054408,0.5580678318166782,4.113765797414123
184,0.986382322713258,0.08566260554531985,0.554984584129114,4.105262186887453
185,0.9817574511819116,0.10351017429153574,0.55704008258749,4.1076009594524265
186,0.9832990750256937,0.09237309898664257,0.5549845840678553,4.122279430832426
187,0.9815005138746146,0.10032962015298753,0.5570400825262315,4.13435804292575
188,0.98201438842795,0.09931686142304451,0.5642343270692894,4.162586772307095
189,0.9797019526622768,0.10450691765773455,0.5621788286109133,4.158136110021546
190,0.9838129496402878,0.09391975186129636,0.559095580923349,4.147332612436575
191,0.9840698868863261,0.0951267026311202,0.5539568348386672,4.165633149651804
192,0.9822713257965057,0.09728088474546283,0.5601233302750543,4.163404405423328
193,0.9845837615621789,0.08994219055110235,0.5611510794429838,4.182127488970389
194,0.9843268242548818,0.09239956666117215,0.5580678318166782,4.1926956730535805
195,0.9840698868863261,0.0924075426417044,0.5621788287334305,4.196812501301624
196,0.9843268241936232,0.09345000473837936,0.5601233302750543,4.189713569241217
197,0.9830421376571381,0.09750351645167293,0.5662898256501828,4.174734772293075
198,0.9863823226519993,0.0866727335847539,0.5632065779626185,4.178803042542163
199,0.9853545734228113,0.08767788749253272,0.5621788287334305,4.174200005546013
200,0.987410071942446,0.0862777125040588,0.5611510795042424,4.187963571969921
201,0.9879239465570401,0.08246657800959291,0.5621788287334305,4.196198743269353
202,0.9832990749031765,0.096997157673429,0.5621788287334305,4.209055952521047
203,0.986125385405961,0.09019073399448076,0.568345324108559,4.207124253338679
204,0.9827852004110997,0.09604455388217153,0.5632065779626185,4.227078959238615
205,0.9835560122717322,0.0930169608677524,0.5673175748793708,4.201712382905653
206,0.9840698869475848,0.09462799243667265,0.5714285717961232,4.193118929005355
207,0.9856115107913669,0.08944025956561362,0.5724563210253113,4.192316390995131
208,0.986639260020555,0.08530766173109856,0.5724563210253113,4.196778318007215
209,0.9825282631038027,0.09527493904575414,0.5745118194836875,4.218497965343197
210,0.986382322713258,0.08829067056311365,0.5724563209640526,4.229544672422027
211,0.9863823225907407,0.08719124630445811,0.5806783147975573,4.244113712859669
212,0.9838129496402878,0.09643371352296082,0.5724563210253113,4.253613758185172
213,0.9853545734840699,0.09036663631005988,0.5704008225669351,4.2499446373926775
214,0.987410071942446,0.08224579016127664,0.5652620763597361,4.279664084208098
215,0.9858684480986639,0.0877398175263025,0.5590955809846077,4.2614979572433365
216,0.9886947584176725,0.08110270332947052,0.5673175748793708,4.243993611154429
217,0.9804727646454265,0.10247477196455615,0.5755395687128755,4.247405272716119
218,0.9840698869475848,0.09560605739640553,0.5714285717961232,4.248613894169524
219,0.980986639198762,0.1024516556270321,0.5673175745424485,4.270998217219072
220,0.986382322713258,0.08614952269202636,0.5714285717348646,4.266729645959398
221,0.9843268242548818,0.09079140588595223,0.5693730732764885,4.268547367829091
222,0.9874100718811875,0.08485078139332068,0.5601233302137957,4.303149070426102
223,0.9827852004110997,0.09590286433788635,0.5662898256501828,4.292932359924787
224,0.986382322713258,0.0887158345641666,0.572456320902794,4.295634204045107
225,0.986382322713258,0.08708028498757535,0.5755395685903583,4.309687572785051
226,0.986896197327852,0.08584551752486552,0.5775950670487344,4.313852994807087
227,0.9822713257965057,0.09936115283515201,0.5693730732764885,4.309275250763222
228,0.9838129495790291,0.09377273983051206,0.5693730732764885,4.319989788569012
229,0.987153134635149,0.08638574653530047,0.5662898255276656,4.326878694199094
230,0.9822713257965057,0.10081520781901121,0.5683453240473003,4.312359781451485
231,0.9830421376571381,0.09652752820536387,0.5673175748181123,4.311241478248588
232,0.9881808838643371,0.08135693567782977,0.5704008225056765,4.32409910944971
233,0.9832990750256937,0.09747067933475248,0.5683453240473003,4.340095947849787
234,0.9856115107301083,0.0888692505986938,0.5724563209640526,4.355141687246168
235,0.9830421377183967,0.09787740102774806,0.5683453240473003,4.3669843467877065
236,0.9850976361767728,0.09124885318381568,0.5704008224444178,4.383949703204791
237,0.987153134635149,0.08556525630135575,0.572456320902794,4.364617539824342
238,0.9843268241936232,0.09408080069403732,0.5693730732764885,4.384233804057828
239,0.9886947584789312,0.07920054488366457,0.5662898255889242,4.377915013853349
240,0.9856115107913669,0.08941222648045387,0.569373073337747,4.367889443992466
241,0.9876670091884845,0.08131166462540504,0.5570400825262315,4.398132525147049
242,0.9822713257965057,0.09483742688659039,0.556012333358302,4.434938054903193
243,0.9817574511206529,0.09924592969045119,0.564234327130548,4.4262477315097035
244,0.9856115107913669,0.08967768792579868,0.5611510795042424,4.415572195847012
245,0.9843268242548818,0.09206362870758264,0.5621788287334305,4.4377635189342595
246,0.9830421377183967,0.09751819159533112,0.5621788286721718,4.4305575636405985
247,0.9866392599592964,0.08715892331205684,0.5673175748793708,4.426540780533009
248,0.9853545734840699,0.09087682517297099,0.5652620763597361,4.417171947757607
249,0.9848406988694759,0.09152136800498659,0.5590955809846077,4.4274840232402175
