epoch,acc,loss,val_acc,val_loss
0,0.5691161356628982,0.6991211055239083,0.6043165467932192,0.6977431219136238
1,0.6112538541821267,0.6729760702320385,0.6115107913975358,0.6963477682356721
2,0.626670092436172,0.6471079233861533,0.6053442963593297,0.6946455378694133
3,0.6451695785002988,0.619797042131669,0.5981500514180907,0.6961859304147782
4,0.6646968138548722,0.5916637652089393,0.5940390545013384,0.6984073077419434
5,0.6952723535457348,0.5645743935595804,0.5858170606678338,0.704487331724608
6,0.7194244604929133,0.5333849396269466,0.5858170609434976,0.7125536954415175
7,0.7464028776365831,0.5061483236770591,0.5858170609434976,0.7215915188759964
8,0.7715827338742083,0.48559228495483164,0.5940390547770023,0.7310426120032755
9,0.7834018498260953,0.4518624883210181,0.5755395683759531,0.7449133890505807
10,0.7952209662067927,0.42930587464589376,0.581706064088004,0.7600832751206479
11,0.8011305242746242,0.4095429061373116,0.5724563207496475,0.7741478940688327
12,0.8031860225492244,0.39105774463754517,0.5683453237716365,0.7898702745814975
13,0.8204008221381247,0.377248886126531,0.5662898253132603,0.8076832096598744
14,0.8368448097438753,0.36196011479442436,0.5652620761453309,0.8283148758948033
15,0.836844809805134,0.346230395773822,0.5642343268548842,0.8490317490828613
16,0.8512332990137671,0.33252989696022905,0.5662898253132603,0.8656259856023132
17,0.8617677287967207,0.31524065890390607,0.562178828396508,0.885767339863733
18,0.8748715314688688,0.3004904120762326,0.5601233299381319,0.9104791777352023
19,0.8707605345521164,0.2916481717578676,0.5632065776256961,0.9351121941916376
20,0.8823227131967064,0.28057241044701187,0.5570400822505677,0.9639262889664073
21,0.8936279546565167,0.27132844620165086,0.55704008258749,0.991669615579411
22,0.8900308325993929,0.2595529760878231,0.5498458379831735,1.0170375815643435
23,0.8987667008637157,0.2503118358498855,0.5529290856707378,1.0480238435692313
24,0.8979958889418246,0.24568180430523537,0.5519013364415497,1.0686986277306803
25,0.9098150050774875,0.23123541874054893,0.556012333358302,1.0945052450631898
26,0.9090441930943378,0.22425984463368265,0.5477903391878749,1.1172863675045943
27,0.903648509886135,0.23047519287617085,0.5405960945835584,1.1479736980651902
28,0.9206063719227037,0.22034596969571657,0.5405960949204809,1.1810377695332572
29,0.9167523123132484,0.21575594531852688,0.5385405964621047,1.2139526535771243
30,0.9110996916139726,0.21563456549796392,0.5529290856707378,1.2384655527073702
31,0.9175231244189154,0.2108708458348634,0.5477903395247974,1.2686053110173647
32,0.9185508735255862,0.20260960879024476,0.542651593378857,1.2813580099872304
33,0.9203494346154066,0.19964438385855623,0.5395683456912928,1.3126205760920526
34,0.9180369989722508,0.19739339579536147,0.5436793425467864,1.3390288339489411
35,0.9190647481401802,0.20227733380012866,0.5508735870898444,1.3695012683858607
36,0.9159815003913574,0.19766710690947256,0.537512847171658,1.4089088138548957
37,0.9254881808838643,0.19013110519925713,0.5477903391878749,1.4352095898964423
38,0.9316546762589928,0.18453709742883248,0.5447070915003107,1.474028238289648
39,0.924717368839456,0.18995407658637734,0.5488180887539855,1.4943530492155304
40,0.9283144912028729,0.18794783246909236,0.5436793425467864,1.519889855678868
41,0.9283144912028729,0.18215335579349717,0.545734840943904,1.5461219012553498
42,0.9360226104217835,0.1749158493508293,0.5498458379219149,1.5579479002879066
43,0.9326824254881809,0.17462806826321464,0.5447070917759745,1.5805578192606002
44,0.9393627953553861,0.1690745429199989,0.5498458379219149,1.6101400782368533
45,0.936279547667822,0.17130395230997014,0.5354573487132819,1.6553428177965877
46,0.9326824254269223,0.17714502562875004,0.5426515932563397,1.677970585573124
47,0.9352517984386338,0.17513332438615953,0.5405960947979636,1.7098090459974549
48,0.9398766702150146,0.16579656301397458,0.5436793424855279,1.7304628773803947
49,0.9383350462487153,0.16335557099481526,0.5323741009644589,1.763726827664586
50,0.9388489208633094,0.1659025297579638,0.5364850978812112,1.792268148429102
51,0.9434737922721385,0.15991775588901044,0.5426515932563397,1.8062716655103912
52,0.9367934223436746,0.16864715910153913,0.5477903394022802,1.8316397676732532
53,0.9342240492707043,0.16440582047202237,0.5405960948592222,1.8437795580229803
54,0.9403905446458328,0.15397134003634322,0.5354573486520232,1.8675297082144335
55,0.9455292908530318,0.15278678405015345,0.5405960949204809,1.9044691337710906
56,0.9434737923333971,0.15674853470379377,0.5457348410664212,1.9424274791058878
57,0.9452723534844762,0.15445986970539327,0.5395683456912928,1.9584046944072289
58,0.9419321684896149,0.15401352889920064,0.5313463518577881,1.9867565095240876
59,0.9419321684283564,0.15695599824159512,0.545734840943904,2.011829348409286
60,0.9393627953553861,0.1682078809403687,0.5436793424855279,2.0370240033836797
61,0.9460431653451087,0.15517888609453928,0.5467625902343507,2.075079955520512
62,0.9455292907917733,0.14759164979683287,0.5416238440884104,2.1068081520076647
63,0.9403905446458328,0.15852475206904643,0.5416238440884104,2.148418500881646
64,0.9414182940587968,0.15725826273719185,0.5426515933175984,2.1710905187054013
65,0.9403905447070915,0.15826145171322778,0.5395683456300342,2.1924426727157704
66,0.9419321684896149,0.15712553121815728,0.5323741010869762,2.221135201214029
67,0.9511819116135662,0.14387671602746321,0.5364850979424699,2.235214370372729
68,0.9468139773282583,0.1453486151020794,0.5282631041702239,2.2392107517844235
69,0.9442446041940296,0.1498792597225734,0.5385405964621047,2.2560585736003222
70,0.9475847892501494,0.15213703155088767,0.5477903395247974,2.2748338987501406
71,0.9427029803502474,0.15538342621747905,0.5426515933175984,2.283144784855818
72,0.9506680369377136,0.14863809620059895,0.5477903395247974,2.3035348836344047
73,0.9445015415013265,0.14743650386843138,0.5519013364415497,2.328149654269831
74,0.9414182939362795,0.15542088208561197,0.5529290856707378,2.339736702385811
75,0.9480986639260021,0.1469819869727417,0.551901336380291,2.3677460535947246
76,0.9403905448296087,0.15244301185701023,0.5405960948592222,2.382902395198426
77,0.9460431654676259,0.150043775594553,0.542651593378857,2.4085253408486893
78,0.9473278519428524,0.142054718726708,0.5447070918372332,2.423315799126032
79,0.9501541623231196,0.14216697517732677,0.5477903395247974,2.4428776120355415
80,0.947327852004111,0.14730798048785632,0.5457348407294987,2.447800864173599
81,0.9447584790536581,0.14692541705741177,0.5405960945835584,2.481154348720382
82,0.9473278519428524,0.1434753929233257,0.5416238438127465,2.49023322015235
83,0.9475847892501494,0.14322867304974934,0.5395683453543704,2.5109544920161717
84,0.9478417265574464,0.13964423024979059,0.5375128468959942,2.517669717429966
85,0.9480986639260021,0.13948864378762516,0.5436793422711226,2.544560928383932
86,0.9532374100719424,0.13689814301213404,0.5508735868754392,2.5688301632362673
87,0.9465570399597026,0.14207028013339146,0.542651593378857,2.59792939915809
88,0.9516957862281603,0.1374373592796208,0.5385405964621047,2.633180726713904
89,0.9496402877697842,0.13982069439504521,0.5477903394635387,2.6293372902081167
90,0.949897224954564,0.13912019158071262,0.5549845840678553,2.660744423488919
91,0.9486125385405961,0.14200026706580882,0.5519013364415497,2.696656883069202
92,0.9460431654676259,0.14543485936286638,0.5498458379831735,2.714996371460353
93,0.9519527234129401,0.13583271093628266,0.5508735868754392,2.7152743560069634
94,0.9504110996304166,0.13580398465232027,0.5498458376462511,2.733726085396244
95,0.9509249743062693,0.1410748153687565,0.5539568348999259,2.746145543924706
96,0.9480986638034848,0.13998687360722875,0.548818088417063,2.7683447164474755
97,0.9465570400209613,0.1450358417884419,0.5416238441496689,2.7811311930571163
98,0.9514388489208633,0.13604830992613887,0.5447070917759745,2.8020639372999105
99,0.9491264130939315,0.14545411412113127,0.5498458379219149,2.781437974549516
100,0.9475847891888908,0.1410859974765459,0.5416238441496689,2.812957525253296
101,0.9504110996916753,0.13722867535509528,0.5447070918372332,2.8422462180609083
102,0.9542651592398719,0.13497251529487775,0.5364850980037286,2.8604784857209884
103,0.9514388490433806,0.13212778628301278,0.5375128468959942,2.851158247822235
104,0.9447584789311408,0.14457207514243037,0.5447070915003107,2.852329060083058
105,0.9493833504012286,0.14051689457948505,0.5477903392491336,2.8641165045280497
106,0.9493833504012286,0.14223098647680213,0.5426515931031932,2.855447366818372
107,0.9547790339157246,0.13558681040450946,0.5549845838534502,2.8568218333870634
108,0.950668036876455,0.13500104121718354,0.5539568345630034,2.871271888006628
109,0.9547790339157246,0.13141298718283378,0.5560123330213795,2.896485708232774
110,0.9532374100106838,0.13044441989857516,0.5560123330213795,2.9159734717130905
111,0.9506680369989723,0.13648407665088022,0.553956834624262,2.9192852478968274
112,0.9463001027749229,0.14637093412912885,0.5560123330213795,2.9437597354171454
113,0.950154162261861,0.13756585274301356,0.5580678318166782,2.946770443823208
114,0.9581192188493272,0.1276521682279818,0.5539568348999259,2.944668668637173
115,0.9496402876472669,0.13832314459478745,0.5488180886927269,2.9462657124263534
116,0.9542651593011305,0.13208729071582823,0.5477903394635387,2.974494938247618
117,0.9583761562178829,0.12412641430991526,0.550873587151103,2.9755824892518454
118,0.950668036876455,0.13577200412627727,0.556012333358302,2.9965671787281565
119,0.9493833504012286,0.13772589153584328,0.5560123332970434,3.0409359008165695
120,0.9506680369377136,0.14052492196366329,0.5570400825262315,3.058764858824131
121,0.9542651592398719,0.14102889150993675,0.5570400825262315,3.0611624492280654
122,0.9522096607202372,0.14308686317054733,0.5570400825262315,3.067728764964277
123,0.9578622815420301,0.13096303960647268,0.5570400825262315,3.0629226477761184
124,0.9565775950668037,0.13019141890223446,0.5467625902343507,3.077351294220535
125,0.9532374101944597,0.13026055470032413,0.5570400825262315,3.077642508180389
126,0.9529804727646455,0.13207794284832808,0.5601233302137957,3.0855535779680525
127,0.9578622815420301,0.12392863709353225,0.5539568348386672,3.09899622538842
128,0.9491264130939315,0.13769588081160405,0.5539568348386672,3.0983592581773465
129,0.9583761560953655,0.1254264904379477,0.5498458379219149,3.1004951061472252
130,0.9480986638647434,0.13875482405965645,0.5498458379219149,3.101426282865048
131,0.9540082219938335,0.13220386872525572,0.5416238440884104,3.1291225745523574
132,0.949897224954564,0.13389527125385536,0.550873587151103,3.129759664525721
133,0.9545220967309448,0.12999938269129516,0.5488180886927269,3.1441405596247924
134,0.9522096607814957,0.1349880085360232,0.5447070917759745,3.1428919977911454
135,0.9542651593011305,0.1366014039375554,0.5436793425467864,3.1488477142349667
136,0.9552929085303186,0.1345207042846626,0.5436793425467864,3.1766595999726532
137,0.9581192187880686,0.12742570005854992,0.5405960948592222,3.1887728930254755
138,0.9534943473792394,0.14407569429581604,0.5395683456300342,3.216431362900925
139,0.9532374100106838,0.14289385548966027,0.5405960945835584,3.216392393347416
140,0.9578622816032888,0.13885447503146997,0.5436793426080451,3.2158555425818385
141,0.9563206577595067,0.13772288719067716,0.548818088417063,3.2389449362642107
142,0.9560637203296924,0.13492734220265606,0.5519013364415497,3.2292524322576415
143,0.9565775950055451,0.1297883116175925,0.5508735872123617,3.2394934202882273
144,0.9568345323128421,0.13403039040447876,0.5457348410664212,3.2587002678740795
145,0.9514388488596047,0.145185861748022,0.5508735872123617,3.2450153058258873
146,0.9545220965471689,0.13759991795375928,0.5477903395247974,3.2638122013636996
147,0.955806783083654,0.129328020843548,0.5519013364415497,3.2555379181457083
148,0.9542651593623892,0.1301227841537756,0.5385405964621047,3.298029300487789
149,0.9576053441734745,0.12981225485853154,0.5405960949204809,3.305266155123343
150,0.9594039054470709,0.1256960610507816,0.5498458379219149,3.3020451855438955
151,0.9534943475017568,0.13102438350620643,0.5467625902343507,3.3043485650790805
152,0.9545220964859102,0.12925024255574177,0.5416238440884104,3.332069809610773
153,0.955035971161763,0.1288681564601818,0.5395683456300342,3.355356803043283
154,0.9537512846252778,0.13138820279967747,0.5436793425467864,3.375125057773257
155,0.956063720390951,0.12983829433142466,0.551901336380291,3.3540633305493754
156,0.960431654676259,0.12381484379794713,0.551901336380291,3.3672714980753695
157,0.9560637204522097,0.12624868955788607,0.5457348410051626,3.3759358198767697
158,0.9570914696201391,0.12281894609561804,0.5447070917759745,3.399623457231355
159,0.9519527235354573,0.13535135495117487,0.5477903394635387,3.3833563646334173
160,0.9516957861669016,0.13376864797042307,0.5477903394635387,3.3799528416479725
161,0.955806783083654,0.12655266127017883,0.5457348410051626,3.4038337401716463
162,0.9555498457150984,0.12578585647421775,0.5447070917759745,3.417984641223135
163,0.9565775950668037,0.12622382055359288,0.5467625902343507,3.415393584801261
164,0.9524665981500514,0.130013284961648,0.5447070917759745,3.419817195521842
165,0.9619732784587824,0.12010538918784563,0.5539568348386672,3.425260819977136
166,0.959917780061665,0.12203843499565419,0.5508735870898444,3.427086869344682
167,0.9545220966084276,0.13362442168339184,0.5519013363190325,3.4337490180781054
168,0.9558067832674298,0.13034416840843405,0.545734840943904,3.4579633823524154
169,0.9501541623843782,0.1348640095722026,0.5519013363190325,3.4270417467295693
170,0.9527235353960898,0.13143281724384362,0.5570400825262315,3.4059548948921132
171,0.9532374100719424,0.13328948798843057,0.545734840943904,3.4101629117532477
172,0.9594039053858123,0.12383085797097676,0.5436793424855279,3.419023279050884
173,0.9542651592398719,0.12947449999318705,0.5447070917147159,3.440735911293853
174,0.9537512846252778,0.12742859207836477,0.552929085486962,3.4306305513352555
175,0.960174717368962,0.1222461546060054,0.5519013363190325,3.434561941631039
176,0.9537512846252778,0.12778507258057717,0.546762590173092,3.458523777749041
177,0.9542651593011305,0.1281653636758276,0.5498458379219149,3.467472957560117
178,0.9547790337932073,0.13069124521356448,0.550873587151103,3.471665035171352
179,0.9555498458376156,0.12790642656914256,0.5488180886927269,3.482287748009426
180,0.9596608426318507,0.12316774905401781,0.5549845840065967,3.5084085491431334
181,0.955549845776357,0.12491830275274377,0.5508735870898444,3.4986617842044025
182,0.9550359712230215,0.12609366728002463,0.5508735870898444,3.4972935046345945
183,0.9568345323128421,0.12666517120899914,0.5508735870898444,3.5106272739104596
184,0.9534943472567222,0.12855352383233293,0.546762590173092,3.518488422572184
185,0.9540082219938335,0.13057732428945715,0.5601233301525371,3.489843034548235
186,0.9542651593011305,0.1274371700857183,0.5519013363190325,3.510188861103979
187,0.9563206576369895,0.12253068304809245,0.5632065778401013,3.509954538276727
188,0.9570914696813977,0.12279500646893804,0.5560123332970434,3.517706441242183
189,0.9537512846252778,0.1305862922692348,0.5621788286109133,3.545431306403808
190,0.9594039053858123,0.12113448514967759,0.559095580923349,3.537789867201175
191,0.9576053442959918,0.12579612101582313,0.5498458378606563,3.5487910483380873
192,0.9565775950055451,0.12676541007220563,0.5560123332357848,3.5593482154246345
193,0.9617163412127441,0.11824360928610197,0.5477903394022802,3.586799419918629
194,0.9578622816032888,0.12627095952706616,0.5539568347774086,3.5842898727565973
195,0.9578622815420301,0.12403007362416935,0.5519013363190325,3.5902235008094685
196,0.9586330935251799,0.12422579982512288,0.5549845840065967,3.6058443116994705
197,0.9591469680785153,0.1242205852686685,0.5529290855482205,3.63984432568408
198,0.9583761561566242,0.12530358691622273,0.5477903394022802,3.662460417566172
199,0.9591469681397738,0.12579095404966517,0.5498458378606563,3.680406078650307
200,0.9542651593011305,0.1278719160885752,0.5539568347774086,3.7212863647190417
201,0.960688591983556,0.11913646689452469,0.5477903394022802,3.7195130935798324
202,0.9573484069274362,0.12358374493952767,0.5529290855482205,3.7350297412793902
203,0.9560637204522097,0.12829691119193418,0.5488180886314682,3.7402859513340605
204,0.9540082221163507,0.12661657000739676,0.5477903394022802,3.738962202130952
205,0.9632579649952676,0.11973345947412646,0.5436793424855279,3.7347314173981685
206,0.9527235353960898,0.13266569267257758,0.5426515932563397,3.722790283387391
207,0.9565775950668037,0.12695167029902477,0.546762590173092,3.7267756565011663
208,0.9642857142244556,0.11431063511021214,0.546762590173092,3.7317951698342426
209,0.960431654676259,0.12687938194817655,0.5395683455687755,3.721931856925784
210,0.9581192189105858,0.12578882225324906,0.5385405963395874,3.7289729860801737
211,0.9637718396711202,0.12209147496679214,0.5436793424855279,3.7483480574538257
212,0.9619732785200411,0.12791936760356712,0.5416238440271517,3.7570057214225305
213,0.9560637204522097,0.13190359577827562,0.5477903394022802,3.763583850272513
214,0.9594039053245537,0.12393015116177507,0.5570400824649728,3.7637448599992775
215,0.9550359712230215,0.13717979422836485,0.5529290855482205,3.7800259198093706
216,0.9591469680785153,0.12945998001380424,0.5508735870898444,3.7962124781397852
217,0.9588900307712183,0.13223916904776828,0.5549845840065967,3.8030431447024213
218,0.9565775950668037,0.13496252553267568,0.5539568348386672,3.781223854327618
219,0.9509249744287865,0.14120987987285527,0.546762590173092,3.776707460799418
220,0.9578622814807716,0.13875137566601262,0.550873587151103,3.759872500722479
221,0.9522096608427544,0.14409366117949232,0.5549845840678553,3.750056075412715
222,0.9606885919222974,0.12514042592428448,0.5488180886927269,3.7661576783179256
223,0.9578622815420301,0.13764484953384115,0.5539568347774086,3.7753935144469524
224,0.96120246659815,0.12762667852830054,0.5498458378606563,3.774647579163711
225,0.9606885919222974,0.12060615590334184,0.5488180886314682,3.750796470955734
226,0.9588900307099596,0.120913882907346,0.5529290855482205,3.750657788038499
227,0.9573484069886947,0.12672982142447567,0.5549845840065967,3.7567496419810564
228,0.9573484069886947,0.1241358001998799,0.5519013363190325,3.7666060079160966
229,0.9606885920448146,0.12088087832082335,0.5508735870898444,3.7828852583913615
230,0.9558067831449126,0.12971206529320572,0.546762590173092,3.7683494728123663
231,0.9622302157048209,0.11655925779401459,0.5498458378606563,3.799414277934342
232,0.9594039054470709,0.12142606846459846,0.546762590173092,3.811200109072114
233,0.9581192188493272,0.1222227164462806,0.545734840943904,3.794944432387004
234,0.9568345323128421,0.1264635678706164,0.5477903394022802,3.7989849189080047
235,0.9583761561566242,0.1255709455029815,0.5519013363190325,3.811071149124271
236,0.955549845776357,0.1277476143616444,0.5477903394022802,3.8316344146493284
237,0.9619732784587824,0.11905636502868225,0.545734840943904,3.846759973547564
238,0.9601747172464448,0.12465986055068343,0.5426515932563397,3.825066919071946
239,0.96120246659815,0.12157322016122529,0.545734840943904,3.821315140297822
240,0.9576053442959918,0.1288901745109127,0.5447070917147159,3.8624866430217906
241,0.956063720390951,0.12801370427456568,0.546762590173092,3.85670069530836
242,0.9542651591786133,0.12473650533947156,0.5436793424855279,3.8845517282495763
243,0.96120246659815,0.12229734281688653,0.5416238440884104,3.904787969246185
244,0.9576053442959918,0.12347519719726258,0.5416238440884104,3.9055234533174676
245,0.9599177799391477,0.12121767291123428,0.5385405964008461,3.911140712167597
246,0.9594039054470709,0.12195254946921982,0.5344295994840937,3.9243090647710193
247,0.9588900307712183,0.12057897241791865,0.533401850193647,3.9316994871902073
248,0.9624871530733765,0.1160118972072866,0.5334018502549057,3.9469749464405526
249,0.9601747172464448,0.12036545196393043,0.5364850979424699,3.943530958946048
