epoch,acc,loss,val_acc,val_loss
0,0.5590955807395731,0.7014100433376073,0.5991778009842013,0.694328233369943
1,0.6241007194857191,0.6717448389542433,0.5960945532966371,0.6914763143716833
2,0.6443987667621836,0.6481210400119715,0.6022610486717656,0.6909634113801837
3,0.6595580678314491,0.6204336404432863,0.6063720455272592,0.6891960261537017
4,0.6646968139773896,0.5976734819907201,0.5971223025258251,0.6890325994677803
5,0.6960431654063672,0.5684808789764867,0.5909558070894381,0.6906685865305188
6,0.7094039053245537,0.5444180629726304,0.6002055501521307,0.6949370247364535
7,0.723535457348407,0.5163151887374694,0.5919835563186261,0.7008910348824582
8,0.7412641314906427,0.4888121446198329,0.5827338133171921,0.7049630449095096
9,0.753340184872344,0.47144192922764666,0.5796505652927054,0.7112076174686036
10,0.7595066804312484,0.45340793917505,0.5806783145218934,0.7192134338929744
11,0.7857142857142857,0.4235719201621147,0.5755395683759531,0.7281670185669353
12,0.8013874614594039,0.4080605334147642,0.5683453237716365,0.7432941279210388
13,0.80960945523165,0.39561214013922985,0.5508735868754392,0.7571388147350205
14,0.8245118189936184,0.3771725180889083,0.5416238438127465,0.7678782653833097
15,0.8419835559510743,0.3567627932711716,0.5426515930419346,0.7827106009161852
16,0.8530318601035876,0.34117436418185376,0.5508735868754392,0.7943829552242714
17,0.8648509764230263,0.32609636406246706,0.5570400822505677,0.8079565000803596
18,0.8591983557237506,0.3148340108399523,0.5580678314797557,0.8212526903123062
19,0.8643371016246564,0.30458910299229597,0.5519013361046272,0.838361638851793
20,0.8720452209048256,0.2946952484310715,0.5508735868754392,0.8547933308095628
21,0.8607399793837568,0.29630390526334405,0.5549845837921915,0.8775438805400774
22,0.8543165467013313,0.2953803511862887,0.5529290853338154,0.9003405657971139
23,0.8589414184164536,0.279399526572546,0.5570400822505677,0.9166869505826395
24,0.8717882836587872,0.26739165041392776,0.5508735868754392,0.9325495872566169
25,0.8746145941003131,0.26490285747587866,0.5601233299381319,0.9535160954785127
26,0.8666495375128469,0.2641870555566492,0.5519013361046272,0.9733636198528992
27,0.8717882837813045,0.258021276999353,0.5549845837921915,0.9906029693269288
28,0.8723021582733813,0.24951943889918823,0.5632065779626185,1.012581917328065
29,0.8805241519843686,0.24202383140375777,0.5621788287334305,1.0300474788645189
30,0.8753854060222042,0.24118727532895962,0.5611510795042424,1.049029716546097
31,0.8830935253023734,0.23850682840317886,0.5580678314797557,1.0590649109337582
32,0.8723021583958985,0.24155890577131037,0.5580678314797557,1.0702414932868463
33,0.881808838643371,0.236106255531066,0.5467625899586869,1.0986720874890272
34,0.8812949641512943,0.22535680249746878,0.548818088417063,1.1104019961156189
35,0.8902877696616555,0.22179805169615202,0.5549845837921915,1.1267338215630933
36,0.8710174716756376,0.2336483073687872,0.5519013361658859,1.148813521996799
37,0.8782117162186955,0.22385531130944591,0.5477903392491336,1.1727622129934296
38,0.8884892086330936,0.21508680162271762,0.553956834624262,1.198509494667798
39,0.8910585816448051,0.21445470258118804,0.5498458377075097,1.217695430028353
40,0.8820657758281508,0.22239847430712395,0.5436793423323812,1.249093993104619
41,0.8848920864534525,0.21240486129582356,0.548818088417063,1.2697684795491375
42,0.8846351490236383,0.2146522074723415,0.5467625899586869,1.2909309884872122
43,0.8848920863309353,0.21531272919241717,0.5436793422711226,1.3137902173329479
44,0.8969681397126366,0.2029233763007809,0.5447070915615694,1.3368748785412936
45,0.8846351489011209,0.21126512045237902,0.5436793422711226,1.3568640936315366
46,0.8931140801031813,0.20675771923128894,0.5467625899586869,1.371360670993409
47,0.8848920862696766,0.21285810833844718,0.5467625899586869,1.378014149058147
48,0.8892600206162432,0.20268175195814528,0.553956834624262,1.3969794199376042
49,0.8812949639675184,0.20567064322646084,0.5662898253132603,1.4217868232285988
50,0.8933710174717369,0.19697464471118178,0.553956834624262,1.44730545339947
51,0.8895169578622816,0.1975808219576421,0.5570400823118262,1.4547371618059164
52,0.88977389510832,0.20057647547398416,0.5549845837921915,1.4821966496915513
53,0.8928571427346256,0.19828494148901285,0.5477903392491336,1.4984396540493783
54,0.8877183967112025,0.19789799061610544,0.5457348407907574,1.5254242158009605
55,0.8854059608842707,0.2003009253146102,0.5457348407907574,1.5415449774645094
56,0.8892600206162432,0.1951994315509561,0.5570400823118262,1.554688701404207
57,0.8959403904834484,0.1877119569959768,0.5590955807702024,1.5697570258764912
58,0.9000513874614594,0.18849193075823023,0.5570400823118262,1.5850237116661738
59,0.8936279548402926,0.19428055320712304,0.5560123330826382,1.6033628214790054
60,0.8825796506265207,0.20905611372312563,0.5580678315410144,1.6124530454823807
61,0.8943987665784077,0.19213086069549098,0.5519013361658859,1.6191784883452098
62,0.8931140802869572,0.18710223371727738,0.5590955807702024,1.6453780256832
63,0.8928571429184015,0.18988524332933535,0.5519013361658859,1.673905703661253
64,0.8915724562593992,0.1927134989926406,0.5498458377075097,1.6863798124817146
65,0.8910585817060637,0.18814430381616487,0.5519013361658859,1.7093583875912923
66,0.8961973279132628,0.1863268595590866,0.5488180884783217,1.7206401597069076
67,0.8900308325993929,0.18926416018945216,0.5570400823118262,1.7325953007479489
68,0.897738951573269,0.18597422575411546,0.5580678314797557,1.7518165115217266
69,0.8943987667621836,0.18681832091291295,0.5560123330213795,1.7842036983092053
70,0.8941418293323693,0.18551489183983602,0.5519013361658859,1.8143959762136102
71,0.89850976349516,0.17812020258110817,0.5457348407907574,1.8457713266805902
72,0.8882322714483137,0.18756271321383924,0.5498458376462511,1.8677544229934786
73,0.9010791368131648,0.18342329106865046,0.5477903392491336,1.8982745302421828
74,0.8877183967724611,0.19007594730295355,0.548818088417063,1.9224911043602295
75,0.8954265160526304,0.18801850947299695,0.5529290853338154,1.926962504651539
76,0.8979958890030832,0.17997364560477166,0.5498458376462511,1.9398308719172384
77,0.8918293935054376,0.18553894894524933,0.552929085395074,1.9570342352554462
78,0.8915724564431751,0.1846897282311262,0.552929085395074,1.9660518725631415
79,0.89568345323741,0.18051922379515276,0.5519013361658859,2.000326134073036
80,0.8992805754783098,0.18216986912862615,0.5560123330826382,2.0187978448015076
81,0.8936279549015512,0.18098957905543916,0.5570400823730849,2.037354095376653
82,0.8977389517570449,0.17696558076884494,0.5560123331438969,2.06766136577171
83,0.8951695785002988,0.18617808017860582,0.5539568346855207,2.0713719243503426
84,0.902877697780468,0.16462541074479595,0.5498458377687684,2.0822708645925494
85,0.9062178827753292,0.16979977626349674,0.5498458377687684,2.093853123999083
86,0.899280575600827,0.17104764541521103,0.5508735869979564,2.109140818557661
87,0.8882322712645379,0.18188998587084942,0.5529290854563326,2.1159133239738255
88,0.8864337101747174,0.18172699660215935,0.5549845838534502,2.112581854121413
89,0.8967112025278567,0.17981010245088438,0.5519013361658859,2.131604396059481
90,0.8972250769586749,0.17478712970526833,0.5519013361658859,2.1618852855490265
91,0.9003083247687564,0.17650232830861123,0.5519013361658859,2.1789190047568923
92,0.8990236383547886,0.1747613525341618,0.5477903392491336,2.190289802933523
93,0.8951695785615574,0.17399643203827483,0.5560123331438969,2.1967160802215857
94,0.9059609454067736,0.16480001378402437,0.5508735869979564,2.22031542429086
95,0.9057040080994766,0.1659316033553734,0.5549845839147087,2.2432850404486504
96,0.8995375127856068,0.17029975520069773,0.5498458377075097,2.2720182049801267
97,0.897995888880566,0.1755888557476963,0.5395683454768876,2.3136466791793966
98,0.9100719424460432,0.16810114423668765,0.5354573484988766,2.337508307944099
99,0.908016443987667,0.16935884603370988,0.5467625899586869,2.3593660878498044
100,0.9039054471321734,0.17066565722625276,0.5508735869366979,2.386018179425968
101,0.9003083248912737,0.17599539029941286,0.5447070915003107,2.4026059359465206
102,0.9033915723338034,0.16611854192960668,0.5508735869366979,2.394607361394602
103,0.8997944500929037,0.17049241084356592,0.5498458377075097,2.4296257640450487
104,0.9075025694955903,0.16877445814420852,0.5508735869366979,2.46015500213725
105,0.9077595066191113,0.16698965969335627,0.5467625900199455,2.4669719764164517
106,0.9134121273796458,0.16671965431272678,0.5488180884783217,2.4770928703378674
107,0.9087872557870408,0.16121467617929042,0.5560123330826382,2.504829775025151
108,0.9167523124357657,0.16009944925067482,0.5498458377075097,2.5294088070096117
109,0.9095580677701905,0.16357100020638474,0.5447070915615694,2.537669939470438
110,0.9031346352715409,0.1647011500162064,0.5467625900199455,2.544911529152881
111,0.9023638231658739,0.16602049530593857,0.5436793423323812,2.5553736449023066
112,0.9116135662898253,0.15921904433821113,0.5477903391878749,2.571044109830631
113,0.9033915723950621,0.16072288284964575,0.5477903392491336,2.595100389355133
114,0.9126413156415306,0.16016895013869972,0.5447070916228279,2.6092774157411394
115,0.9095580677701905,0.16115545171704468,0.5467625900812041,2.629704875299154
116,0.9195786226935156,0.15087246931591602,0.5549845839147087,2.6365689182575536
117,0.9000513874002007,0.16790132032360838,0.5519013362271445,2.647716208572623
118,0.9087872558482994,0.16221906998235913,0.5570400823730849,2.6433786623034425
119,0.9110996916752312,0.1591523585215073,0.5519013361658859,2.684671346844774
120,0.9167523124357657,0.15604248030335172,0.5447070916228279,2.690606337779595
121,0.9054470707921796,0.165576060408801,0.5498458377687684,2.7158766449539167
122,0.9072456321882932,0.1589892135065849,0.5508735869366979,2.7273398501777453
123,0.9049331962388442,0.1650308356041286,0.5426515931031932,2.735321373513154
124,0.9108427543679343,0.15490675496295447,0.552929085395074,2.75100845031111
125,0.9154676257767633,0.1526956083473174,0.5467625900199455,2.7649789028030507
126,0.9121274410269365,0.16024028440173582,0.5416238438740051,2.788248037630338
127,0.9051901337299171,0.1607949903267383,0.5436793423323812,2.7950706004116297
128,0.9080164441101842,0.16323253193837642,0.5426515931031932,2.80353282191403
129,0.915467625838022,0.15843648780501024,0.5426515931644518,2.8124100005393897
130,0.9069886946359617,0.1615893581512653,0.5426515931031932,2.8085836729557396
131,0.9103288796920815,0.1578925203413292,0.5364850977893233,2.808982833928954
132,0.9075025693730729,0.16027861338526103,0.5405960947060756,2.8474276457881635
133,0.9149537512234279,0.15693789899716765,0.5405960946448171,2.839428264092566
134,0.9113566289212697,0.15983407819626388,0.5395683454156289,2.8564140039504737
135,0.9041623842556945,0.15998099385956943,0.5385405961864409,2.8664966989519174
136,0.9085303187247783,0.1588759351548531,0.5447070915003107,2.8813890420888213
137,0.910328879630823,0.16045777147438642,0.5426515930419346,2.88565878093794
138,0.9080164438651498,0.15666356247841148,0.5426515930419346,2.8969479849502706
139,0.9198355600008127,0.14728202189166648,0.5354573484988766,2.9195241793331603
140,0.9098150050774875,0.15829088115434853,0.5426515931031932,2.936344942110538
141,0.9087872558482994,0.15527111945821226,0.5395683454156289,2.9516604333840317
142,0.9136690648707186,0.1538700769365385,0.5416238438127465,2.9586767736221264
143,0.911613566167308,0.15783227168460054,0.5436793422711226,2.9518972793316425
144,0.9123843783342336,0.1568495691098265,0.5436793423323812,2.9536827286860436
145,0.9100719423847845,0.15500763761605169,0.5477903392491336,2.95584112448658
146,0.9216341211518918,0.14127961358578084,0.5519013361658859,2.9848558848832885
147,0.9172661869278425,0.15223026555892988,0.552929085395074,2.999949633891389
148,0.9141829393015368,0.1464277418274796,0.5580678314797557,3.0290635798474868
149,0.9157245630840604,0.14476685990164972,0.5570400822505677,3.0479510634188047
150,0.9118705034746051,0.1557661111314397,0.5498458376462511,3.0388909180142285
151,0.9062178827140707,0.1552126474395195,0.5467625899586869,3.0476164364496214
152,0.9170092496205454,0.14821579393845546,0.5436793422711226,3.066592137835621
153,0.9172661869278425,0.14549775228654738,0.5519013361046272,3.0722818511853114
154,0.916238437759913,0.14746934254361815,0.5560123330213795,3.068084480828641
155,0.9149537511621693,0.14786561184159777,0.5580678314797557,3.0711358777053066
156,0.920349434737924,0.14052968408686528,0.5519013361046272,3.1039656335746395
157,0.911356628860011,0.1527658539449936,0.5447070916228279,3.1418034518242863
158,0.9195786228160329,0.14363490934852216,0.5498458377075097,3.1299370383922267
159,0.9275436792809819,0.14011433109533872,0.5508735869366979,3.1315836874578618
160,0.9141829392402783,0.1513904432659894,0.5477903392491336,3.138150536144135
161,0.9108427543066756,0.15063112404461632,0.5519013361658859,3.1513746586022373
162,0.9159815003913574,0.14821990148259093,0.548818088417063,3.1750855813413583
163,0.9146968139773896,0.1468080795252311,0.5457348407294987,3.1667130998080215
164,0.9144398765475752,0.1506181933743858,0.5426515931031932,3.1908943300256993
165,0.9164953750059514,0.14412388058507553,0.5436793423323812,3.199234096756452
166,0.9139260019329812,0.14760096510537238,0.5426515931031932,3.200979430530936
167,0.9257451180686441,0.1410173283849689,0.5426515931031932,3.1993381362044677
168,0.9077595068028872,0.15625994071318458,0.5447070915003107,3.1822154789029757
169,0.9182939362182891,0.14277156425557672,0.5447070915003107,3.19509622420951
170,0.912384378089199,0.14940578903225685,0.5416238438127465,3.2218533314511806
171,0.9188078110166591,0.1454801396959732,0.5498458376462511,3.2271009978875593
172,0.9152106884694663,0.14583465002117274,0.5570400822505677,3.238450343415279
173,0.9154676258992805,0.144167625658283,0.5539568348999259,3.2604064738027607
174,0.9193216855087358,0.14330993095012756,0.5601233299381319,3.2674892723009004
175,0.9177800615424365,0.14847452008956996,0.5529290856707378,3.2799789020973513
176,0.9180369989722508,0.1453435569159296,0.554984584129114,3.2948959621104037
177,0.9226618706261144,0.13866216657953173,0.5519013361046272,3.292988878114863
178,0.9131551901336074,0.15146969724350817,0.5508735868754392,3.285048142244
179,0.9188078108328832,0.14668893273479525,0.5447070915615694,3.301885843031943
180,0.9175231243576567,0.147077725646981,0.5477903392491336,3.340001569132398
181,0.9224049333188173,0.14224725148476897,0.5447070915615694,3.3534097227996322
182,0.9182939362182891,0.14303035061626493,0.5508735868754392,3.3424018235515347
183,0.9198355601845886,0.13891081807547215,0.5508735868754392,3.3287826444482755
184,0.9175231242963982,0.1444662713272476,0.5508735869366979,3.3425764665084166
185,0.9242034942861206,0.13883744336411985,0.5519013361658859,3.3304813170359533
186,0.9200924973081097,0.1442006442309161,0.5549845838534502,3.338718173192682
187,0.9134121274409044,0.14769010712131322,0.5519013361658859,3.3486775045894768
188,0.9193216856312532,0.1428231067978466,0.5570400822505677,3.356544883988744
189,0.9198355600620712,0.14494204272316025,0.5529290853338154,3.387734584426096
190,0.9175231242351395,0.15023715331583817,0.5560123330213795,3.3867532403226503
191,0.9231757451181911,0.1400535278642533,0.5601233299381319,3.4115505492944513
192,0.9229188077496355,0.14136202771212802,0.5570400823118262,3.4121054120568552
193,0.9218910585204474,0.14027801986098412,0.5570400823118262,3.412057325504299
194,0.9229188077496355,0.13963823487555257,0.5601233299993905,3.4174649695820825
195,0.9177800616036951,0.1456468414672232,0.559095580831461,3.4186524428419562
196,0.9262589927444967,0.13998480580693526,0.559095580831461,3.4406149914183817
197,0.9275436792809819,0.14168891875802675,0.5560123330060649,3.44640107806638
198,0.9226618705035972,0.1450248348535271,0.558067831464441,3.4635253616619206
199,0.9226618705035972,0.13599051908807175,0.5529290853185007,3.4667088069014045
200,0.9211202467823323,0.13841558133710447,0.558067831464441,3.4796656888410955
201,0.925488180945123,0.1419639758313915,0.5621788285190253,3.4940479306498387
202,0.9231757450569326,0.13735987997986185,0.5693730730620832,3.5041638709535823
203,0.9244604317771935,0.13561954199961498,0.5611510792285785,3.5018215978255864
204,0.9280575540793518,0.13505992141742745,0.5601233299228172,3.513254462631241
205,0.9252312434540501,0.1414254279721065,0.5560123331438969,3.5283893526886865
206,0.9177800616036951,0.14415365949135278,0.5560123331438969,3.526688340266464
207,0.9234326823029709,0.13869244183384014,0.5590955807089438,3.530517532548581
208,0.9254881808838643,0.1390036455559461,0.5580678314797557,3.5292786221342487
209,0.9211202465985564,0.14158958193577084,0.5508735868754392,3.550971683470833
210,0.9226618703810798,0.14666511740187088,0.5436793422711226,3.5807727400102447
211,0.9175231243576567,0.14886176122882752,0.552929085395074,3.5644998993927506
212,0.9180369988497336,0.14060971583455095,0.5508735869366979,3.5616989456737396
213,0.9244604316546763,0.140066452454565,0.5570400823118262,3.591904996968002
214,0.9278006167720547,0.13422909302432148,0.5560123330826382,3.6000703106436185
215,0.9231757450569326,0.14334975907393374,0.5549845838534502,3.639252374743141
216,0.9262589926832382,0.14094840428138194,0.5519013361658859,3.6398482535872896
217,0.923946556917565,0.14545541206893547,0.5498458379831735,3.6530168850399853
218,0.9190647481401802,0.1505418793362434,0.5519013361046272,3.6474924658454824
219,0.9206063719839623,0.14623077183134878,0.5405960949204809,3.670084221144987
220,0.9247173690232319,0.1445711549268107,0.5375128472329166,3.6883960689082054
221,0.9231757451181911,0.14355077212417972,0.542651593378857,3.6936881309423026
222,0.9221479958890031,0.1400504806763344,0.5436793426080451,3.6707974876921323
223,0.9180369990335094,0.14789967079630614,0.5447070918372332,3.6635195611069653
224,0.9283144912641316,0.13648036598607913,0.5477903395247974,3.6682043004501517
225,0.9244604315934176,0.1430301191045961,0.5457348410664212,3.6619940286795134
226,0.928828365817467,0.13635874871176046,0.5457348407294987,3.6838982627178636
227,0.9177800616036951,0.1444476190016424,0.5436793423323812,3.679490526803106
228,0.9200924975531442,0.1393885954923522,0.548818088417063,3.6702098660209317
229,0.9231757450569326,0.1416661345762682,0.5426515931644518,3.6779916097791934
230,0.9170092496205454,0.14528280917750355,0.5477903392491336,3.6702009247116294
231,0.9262589926832382,0.13434521167827168,0.5447070915615694,3.6808724555302743
232,0.9298561151079137,0.1339839486996782,0.5436793423323812,3.6976528839119167
233,0.9180369989722508,0.14412058593527263,0.5426515931031932,3.714284557232754
234,0.9218910584591888,0.13942716599184588,0.5416238439352637,3.736092764451594
235,0.9288283657562083,0.13435601202612177,0.5447070915615694,3.7481262438833896
236,0.9283144912028729,0.13162262915401027,0.5457348408520161,3.7524328231811523
237,0.9221479958277444,0.13685416692881275,0.5467625900199455,3.7549982872185703
238,0.9244604315934176,0.14203123808029622,0.5436793423323812,3.7716909219402694
239,0.9260020554371997,0.13402727526542707,0.5498458376462511,3.750449138212057
240,0.9206063719839623,0.1389044887268531,0.5498458377075097,3.74457690135058
241,0.9254881810063816,0.14219242727952527,0.5447070915615694,3.7506709044908324
242,0.9272867420349434,0.13733059958098237,0.5477903392491336,3.754151680241631
243,0.9216341212131505,0.14402808281157514,0.5477903392491336,3.773329714464382
244,0.9272867420349434,0.13790375222083476,0.5447070915615694,3.7984145354146457
245,0.9272867421574608,0.13396847877509793,0.5519013361658859,3.808491083970418
246,0.918293936402065,0.14068957667066528,0.5488180884783217,3.821376347468299
247,0.9257451181299027,0.13670564460484858,0.5519013361658859,3.8124459507776556
248,0.9280575540793518,0.1303590347134687,0.5457348407907574,3.811929886289638
249,0.9290853031860226,0.1323511073823333,0.5457348407907574,3.785416533253543
