epoch,acc,loss,val_acc,val_loss
0,0.5894141828168455,0.7062862846246114,0.6032887979009536,0.7040829203356697
1,0.609198355478716,0.656363560692747,0.6012332994425774,0.7038800348235794
2,0.6210174716143789,0.6098487626489363,0.5991778009842013,0.707931084047241
3,0.6508221994446091,0.5779332035247003,0.5991778009842013,0.7088430939205872
4,0.6562178828978465,0.5436245754958424,0.5930113055478142,0.7126787235043399
5,0.6919321686733908,0.5178152264573469,0.5817060639654867,0.7167988640676421
6,0.7368961974503693,0.4933136729762831,0.571428571673606,0.7238409072007574
7,0.8024152108111092,0.4675274803729121,0.5642343270692894,0.7317656794407875
8,0.8168036999584837,0.4501725769116479,0.5621788286721718,0.7404581672853703
9,0.8353031859000932,0.43779543232084667,0.5498458378606563,0.7536024587249952
10,0.8520041108743995,0.40873993628439165,0.550873587151103,0.7638845678958717
11,0.8643371017471737,0.394979661868508,0.5519013364415497,0.7699569120681543
12,0.8717882837813045,0.37998986921109495,0.5508735870898444,0.7843007073495518
13,0.8807810894754415,0.36347479596044885,0.5529290855482205,0.7971330498864937
14,0.8838643370404885,0.35213634279869566,0.5436793425467864,0.8164375387629894
15,0.8961973279132628,0.3394459826605661,0.5498458379219149,0.8293475304086064
16,0.9008221995058677,0.33459888314416697,0.5488180886314682,0.8503975889665617
17,0.9039054471321734,0.3225234718141428,0.5416238440884104,0.8732430816676854
18,0.9116135662285667,0.3149304098056252,0.5488180886927269,0.8862843401385481
19,0.9087872559095581,0.3105589444198687,0.5519013363190325,0.9057295927653455
20,0.9224049331963001,0.29797263445001465,0.5447070916534573,0.929321631498229
21,0.9154676258992805,0.2990448931873396,0.5477903394022802,0.9473095899495657
22,0.9236896196715265,0.28949561200553564,0.5436793424242692,0.968220524405649
23,0.9213771838445948,0.280364181712377,0.5436793424855279,0.987061962194335
24,0.9193216854474773,0.2837114565970351,0.5426515932563397,1.0131990535898787
25,0.9329393626729606,0.26623117712394306,0.5364850979424699,1.0472375109163854
26,0.924717368839456,0.2707796395437568,0.545734840943904,1.0656636958254573
27,0.9326824254881809,0.26204127208056943,0.5395683456912928,1.0912192224353583
28,0.930883864459619,0.2654959385159817,0.5447070918372332,1.109859162526165
29,0.9280575540180932,0.2682889278170261,0.5539568348386672,1.136677902501999
30,0.9349948612538541,0.25036625049525885,0.5508735872123617,1.1592972140763058
31,0.9357656731757451,0.24632486944514703,0.5488180887539855,1.171070701845626
32,0.9357656731144864,0.24253515595951158,0.554984584129114,1.1990271116332185
33,0.9434737923333971,0.23854386356237123,0.5529290856707378,1.227524863178904
34,0.947327852004111,0.2258041529530489,0.5498458379831735,1.2374548195934982
35,0.9416752311823179,0.2361072474001368,0.5436793426080451,1.253117846009175
36,0.9398766700312388,0.23292411173112837,0.5488180887539855,1.287253038917514
37,0.9393627954166448,0.23368284600917996,0.5467625902956094,1.3048072283339034
38,0.9419321685508736,0.2249424160598851,0.5580678318166782,1.3270828770464027
39,0.9424460431654677,0.224751748596409,0.5601233302750543,1.3593622386026725
40,0.9483556012332991,0.21738368928248689,0.5621788287334305,1.3854171537544353
41,0.9504110996916753,0.21439835360275633,0.554984584129114,1.4144877336865707
42,0.9509249743062693,0.2137895382534931,0.5539568348999259,1.460347273734466
43,0.9506680369377136,0.2094053871707583,0.5601233302750543,1.4833038085411165
44,0.9496402878923015,0.21316876468408513,0.5539568348999259,1.5095037708302073
45,0.9432168550261001,0.21947985852303756,0.55704008258749,1.5306692231228272
46,0.9493833504624871,0.20972427531295787,0.548818088417063,1.5769101495855513
47,0.9532374100719424,0.20185040176404834,0.5498458376462511,1.6010654133123337
48,0.9470709146355554,0.20401716961277475,0.5498458379831735,1.626319426365526
49,0.9493833505850044,0.20071757616205305,0.5539568345630034,1.6460942626612036
50,0.9542651594236478,0.19948745502842416,0.5590955807089438,1.6687423314244505
51,0.9463001027136643,0.20640228711688874,0.5529290853338154,1.7013493586419666
52,0.9519527234741987,0.19645125194541718,0.5519013361046272,1.7306082671372276
53,0.9568345323741008,0.1919421506672332,0.5519013361046272,1.7607180889684397
54,0.9563206577595067,0.188711562158515,0.5590955810458662,1.763915291915572
55,0.9573484069886947,0.1874551672453993,0.5549845837921915,1.7920318528290031
56,0.9540082219938335,0.19116380583314954,0.5539568345630034,1.816528606635326
57,0.957091469803915,0.18463797746312335,0.5477903391878749,1.8564730711120496
58,0.9617163410902269,0.17691630979603634,0.5498458376462511,1.879987214599092
59,0.9606885919222974,0.18071310791854134,0.5457348410664212,1.9040429423058756
60,0.9586330934639212,0.18050447092578198,0.5508735872123617,1.9301065651265348
61,0.9596608427543679,0.17994380472773516,0.5488180887539855,1.958018050899486
62,0.9673689619732785,0.16715464020436985,0.5498458379831735,1.994304649386352
63,0.9588900308324769,0.17630487522694213,0.5508735872123617,2.0159430115465513
64,0.9627440903806735,0.17366731130084423,0.5467625902956094,2.027925010697815
65,0.9627440904419322,0.17259642700037756,0.55704008258749,2.042931953780085
66,0.9642857142244556,0.16945512782694258,0.5508735872123617,2.095932823413445
67,0.9573484069886947,0.17937256790934952,0.556012333358302,2.1040496949914305
68,0.9689105858170607,0.16204879463545954,0.5539568348386672,2.1446145954259497
69,0.9635149023638232,0.16652228049972198,0.5601233302750543,2.1654484444752504
70,0.9671120246659815,0.1623405068347045,0.5590955810458662,2.2071236695439573
71,0.968910585755802,0.15947963119717076,0.5498458376462511,2.2339050062881345
72,0.9617163411514854,0.16958437346971048,0.5539568345630034,2.2675099193988575
73,0.9689105858170607,0.15865741296454056,0.55704008258749,2.2893627647995825
74,0.9624871531346352,0.16898980006223346,0.5529290856707378,2.3036343504934123
75,0.9655704007609408,0.16085789275316392,0.5601233299381319,2.320999937581869
76,0.9635149023638232,0.16169066677388771,0.56115107916732,2.333938759988038
77,0.96993833498499,0.15400130242752513,0.5549845837921915,2.380888480199204
78,0.9660842753142762,0.16021271872373427,0.5662898253132603,2.404615422437027
79,0.9681397738951696,0.15947572958922704,0.5652620764209947,2.419113142517341
80,0.9681397738951696,0.15420544513511755,0.5745118194836875,2.4217744121081046
81,0.9691675231243576,0.15165180130981346,0.5683453237716365,2.4272863516949674
82,0.9683967110799493,0.15907485077094444,0.5621788287334305,2.4747286427302817
83,0.969681397677693,0.15142371521579276,0.5621788287334305,2.499617039483473
84,0.968653648448505,0.1519880265855103,0.5642343271918067,2.5294229735573417
85,0.9668550872974259,0.15778385061399297,0.5632065779626185,2.5452390318661773
86,0.9709660842754368,0.14721450508253425,0.5632065779626185,2.5758500942100846
87,0.9642857141631971,0.1593939446961892,0.5693730732764885,2.610559585038094
88,0.964799588777791,0.16511538315407417,0.5724563209640526,2.5919496598983716
89,0.9719938335046249,0.14916888388583985,0.5683453240473003,2.6160833983847684
90,0.9681397738951696,0.1502627082636153,0.5755395686516169,2.6231233129030875
91,0.9678828365878726,0.15167874699690115,0.5621788286721718,2.6369749296605893
92,0.9712230215827338,0.14629427928626842,0.5560123332970434,2.6506665951178965
93,0.9719938335046249,0.14415504778031824,0.5621788286721718,2.673537050342266
94,0.9709660842754368,0.14479040634748502,0.564234327130548,2.669808503902706
95,0.9722507706894047,0.14360349638366504,0.5714285717961232,2.667172251110332
96,0.96993833498499,0.147068412658612,0.5621788287334305,2.7027270270766115
97,0.9663412126828318,0.15303995506981538,0.5704008222300126,2.708961330729423
98,0.9707091469068811,0.1451639507620577,0.56115107916732,2.7253797807771893
99,0.9707091469681398,0.14542049682581412,0.5549845837921915,2.7496495648743804
100,0.9676258992805755,0.14959238547705428,0.5621788287334305,2.7570307788966493
101,0.9732785200411099,0.14029205544542556,0.5662898256501828,2.756624882292282
102,0.968910585755802,0.147331572961893,0.5662898256501828,2.795174356599751
103,0.9722507708119219,0.14006934710850083,0.5673175748181123,2.812926832230461
104,0.9714799588900308,0.1435948363663236,0.5632065779626185,2.8315520796231843
105,0.9707091469681398,0.14215960525137059,0.5601233302750543,2.84166785599884
106,0.9701952722922871,0.14665316357703273,0.5652620760840723,2.8825784614127805
107,0.9717368961360692,0.1448374132396996,0.562178828396508,2.8970080948562074
108,0.973535457348407,0.13508771454871374,0.5560123330213795,2.9134474266224752
109,0.9691675230630991,0.14773998846743114,0.5549845838534502,2.9330825394006084
110,0.9694244604316546,0.14441531917265973,0.5652620764209947,2.9498599901228744
111,0.9748201438848921,0.13600840012926727,0.5601233302750543,2.9721667636702755
112,0.9709660841529195,0.14062039563307904,0.5621788287334305,3.001580085195716
113,0.9681397738951696,0.14843293090273396,0.5560123332970434,3.0231773534757136
114,0.9704522095995841,0.14130183904291058,0.5704008225056765,3.019456036411846
115,0.9740493319017424,0.13546706420605867,0.5714285717961232,3.0119425615818383
116,0.9748201438848921,0.13643744362772797,0.5601233302750543,3.031836545234594
117,0.9725077081192189,0.1383043330044075,0.5673175748793708,3.0267465756583922
118,0.9732785200411099,0.13769970228560538,0.5652620763597361,3.0087580992041
119,0.9745632065775951,0.13351881251366998,0.5693730732764885,3.014995091253047
120,0.9768756423432683,0.1318436494941334,0.5693730732764885,3.039536527837536
121,0.9771325796505652,0.1287183396112392,0.5662898255889242,3.0376543261164386
122,0.9712230215827338,0.14149249678157952,0.5683453240473003,3.042356429585205
123,0.9758478931140802,0.1299069196307402,0.5621788286721718,3.0401120815590743
124,0.975077081192189,0.13403749879055255,0.5601233302137957,3.052193370899463
125,0.9722507708119219,0.13899260758587906,0.5652620763597361,3.081952065137528
126,0.9732785200411099,0.13435992936987548,0.5621788286721718,3.0993124560241463
127,0.9737923945944453,0.13323416403913058,0.5662898255889242,3.1113983384139248
128,0.9722507708119219,0.1364249138875586,0.5601233302137957,3.1309181384412996
129,0.9673689619120199,0.16025647691011674,0.564234327130548,3.135733597570186
130,0.9707091468456225,0.14736248777924682,0.5611510794429838,3.1439624402407875
131,0.9758478931140802,0.13339563253941542,0.5590955809846077,3.1566218551849414
132,0.9707091469681398,0.1497756783129745,0.5662898255889242,3.1954010530218926
133,0.974049331963001,0.14732163776964224,0.56320657790136,3.202710748086363
134,0.9755909558067831,0.13915258482910256,0.56320657790136,3.1997155401959083
135,0.9763617677286742,0.14026008604548082,0.56320657790136,3.2017713396791807
136,0.975077081192189,0.1390008853876701,0.5673175748181123,3.2176070685009304
137,0.9771325796505652,0.1347305201767405,0.56320657790136,3.216480531648399
138,0.9758478929915629,0.13822198952457276,0.5590955809846077,3.227344111817959
139,0.9737923945944453,0.13894502682283996,0.5611510794429838,3.221862669716391
140,0.9768756422820096,0.13223476393984865,0.5621788286721718,3.2346330046776264
141,0.973792394655704,0.1440491962178638,0.5662898255889242,3.232898554355978
142,0.974049331963001,0.14608107996915007,0.5714285714592008,3.239206693032785
143,0.9784172661870504,0.12799325210921933,0.569373073337747,3.25673967814274
144,0.9714799587675136,0.1427783658546142,0.569373073337747,3.2636647313863865
145,0.975077081192189,0.14022605400628202,0.5724563210253113,3.2785789374824907
146,0.9766187049134539,0.13429538227181273,0.5724563206883888,3.2800971317389274
147,0.9789311407403858,0.12849674464987337,0.5724563206883888,3.2744847841155003
148,0.9771325796505652,0.13299039040691193,0.5693730730008246,3.289439670228517
149,0.9755909558067831,0.13619514893192916,0.5724563206883888,3.3136503891244087
150,0.9743062692090394,0.1310843100880425,0.5642343268548842,3.3284956813471167
151,0.9771325796505652,0.12634921225528678,0.56115107916732,3.318774618078234
152,0.9745632065775951,0.13223787348905056,0.5765673176051411,3.34459359819818
153,0.9768756422820096,0.12464320175694292,0.5714285714592008,3.355573141807642
154,0.9768756422820096,0.12808170262245577,0.5652620760840723,3.3581026776599003
155,0.9748201438848921,0.13162793169316872,0.5724563206883888,3.356997878798968
156,0.9761048303601185,0.1296861765624808,0.5662898253132603,3.3671387743974392
157,0.9807297019527236,0.1204212754811682,0.5734840702544993,3.3617977096267495
158,0.9776464542651593,0.1246676664696078,0.5724563209640526,3.354274254051044
159,0.9773895168966037,0.12723720505573277,0.5683453240473003,3.3603525224226964
160,0.9791880780476828,0.12088233822112461,0.5704008225056765,3.39251866921369
161,0.9755909557455246,0.1294046781903548,0.564234327130548,3.388213754190325
162,0.9794450154162384,0.12080154799208244,0.5693730732764885,3.3708548749216045
163,0.9779033915724563,0.12413291405706464,0.5693730732764885,3.383635939331486
164,0.9766187050359713,0.13127857966603135,0.5714285717348646,3.411381413610719
165,0.9755909558067831,0.13206812481320285,0.5662898256501828,3.426457812582724
166,0.9789311407403858,0.1238283504103095,0.569373073337747,3.4502112787036956
167,0.9815005138746146,0.1164030321363555,0.5642343271918067,3.4437644027119916
168,0.9771325795893067,0.12454772710738912,0.5652620763597361,3.4512778572041354
169,0.9761048303601185,0.13187755373252014,0.5601233302137957,3.4488549936957127
170,0.9745632065163364,0.1332334861817855,0.5601233302137957,3.448311007280144
171,0.9743062692702981,0.132762160492948,0.5621788286721718,3.478845903831788
172,0.9761048304213772,0.1294529973112912,0.5632065779626185,3.4868094219088186
173,0.9825282629812854,0.11301199440965917,0.5662898256501828,3.5027277807782635
174,0.9758478931140802,0.12988872496068538,0.556012333358302,3.507116067078719
175,0.9766187050359713,0.12889236866478318,0.5601233302750543,3.509652244836429
176,0.9766187050359713,0.12746637639228756,0.5601233302750543,3.500258026975767
177,0.9773895169578622,0.12500359778812217,0.5529290856094792,3.50699378334116
178,0.980986639198762,0.11749732808304715,0.556012333358302,3.50093608769949
179,0.9799588900308325,0.12077652986514605,0.5498458379831735,3.5063619581792973
180,0.9794450153549799,0.1199754269339933,0.5488180887539855,3.508731490171458
181,0.9799588900308325,0.119021537699349,0.5519013364415497,3.529045643811358
182,0.9727646453039986,0.13386930366030456,0.5580678318166782,3.5177834100125382
183,0.9709660842141782,0.13725295843592897,0.5529290856707378,3.527640293215431
184,0.9789311408016445,0.12177397206594127,0.55704008258749,3.5210647531550565
185,0.9755909558067831,0.1318487056357765,0.556012333358302,3.52619949494702
186,0.973792394655704,0.13396573636416664,0.5539568348999259,3.5385936477814033
187,0.9804727645229092,0.11826595483311401,0.5498458379831735,3.5336353710229447
188,0.9776464542651593,0.12471272336952732,0.5611510795042424,3.5144575346655613
189,0.9791880781089414,0.12060759696661508,0.5580678317554195,3.531849562080399
190,0.9779033915724563,0.12443645074886997,0.5642343270692894,3.5178953616249107
191,0.9773895169578622,0.12538008028134046,0.56320657790136,3.5277129366366005
192,0.9804727645841679,0.12013315993676082,0.5642343270692894,3.539711345258989
193,0.9755909558067831,0.12871246000049294,0.564234327130548,3.5460731966032397
194,0.9789311407403858,0.1212306338738562,0.5714285717348646,3.5343723777386784
195,0.9755909557455246,0.13227983650666225,0.558067831694161,3.515552445036289
196,0.9763617676061569,0.12874823860739879,0.5539568347774086,3.512856352120975
197,0.9786742034943474,0.1241235183312616,0.5632065777788426,3.5250051331544583
198,0.9807297018914649,0.11862903404578888,0.5621788285496546,3.5208843888873798
199,0.9761048304213772,0.12705284095573155,0.5621788286109133,3.5239534902425613
200,0.9717368961360692,0.1384847642277642,0.5642343270692894,3.541806041765556
201,0.9794450154162384,0.1215980204409955,0.5662898254051483,3.5655357494628688
202,0.9791880781089414,0.12282655745714076,0.5601233301525371,3.5891122248287926
203,0.976875642220751,0.1272705762138837,0.56320657790136,3.6099674699240327
204,0.9784172661870504,0.12322662655888211,0.5601233301525371,3.6450715949577024
205,0.9802158273381295,0.11999135577758317,0.5652620762984775,3.651445181984818
206,0.9786742034330888,0.1227905005063452,0.5632065777175841,3.654618249400179
207,0.9779033915111977,0.12481114977371534,0.5621788285496546,3.6606411756248907
208,0.9789311407403858,0.1232111914062304,0.5642343270692894,3.6848314005693945
209,0.9776464542039007,0.12653665042425843,0.571428571673606,3.67704682899036
210,0.9776464542039007,0.12388866645152866,0.5642343270692894,3.6674048727854918
211,0.9804727646454265,0.12038419839044515,0.5673175747568536,3.6629947226682154
212,0.9804727646454265,0.11892122256149368,0.5662898254664069,3.662062462040234
213,0.9832990750256937,0.11330050712055072,0.5611510793204665,3.678665833262476
214,0.9843268241323646,0.1088673233802125,0.5642343270080308,3.700819786381501
215,0.9773895169578622,0.12603707320582339,0.5662898254664069,3.69523529036072
216,0.9791880780476828,0.12119248483372126,0.5734840700094649,3.692935466031254
217,0.9758478931140802,0.12934788746064393,0.5632065777788426,3.6897260525243745
218,0.9784172661870504,0.12034315601343486,0.5704008223219006,3.6672066768663885
219,0.9804727645841679,0.12030938426980257,0.5683453238635244,3.6661037122112874
220,0.9758478929915629,0.12707835792698816,0.5611510792592079,3.688906576993654
221,0.9766187050359713,0.12659348852220323,0.5704008223219006,3.6937902494422703
222,0.9794450153549799,0.12251111145254764,0.5745118192386529,3.694812564051041
223,0.9832990749644351,0.11336539388621822,0.5724563208415354,3.7142141074830435
224,0.980986639198762,0.11710006157883883,0.5662898254051483,3.7145848804730672
225,0.9776464542651593,0.12411690623578898,0.5683453238635244,3.73242638902576
226,0.9804727646454265,0.11861242895289291,0.5652620761759602,3.7257660283091623
227,0.982271325735247,0.1150821437264763,0.5673175746343364,3.7444849161302933
228,0.9779033914499391,0.12262336004674741,0.5611510792592079,3.7282536441473653
229,0.9812435765673175,0.1174753771870869,0.562178828488396,3.750560431906768
230,0.9817574511819116,0.1159914778765647,0.5652620761759602,3.748870840053029
231,0.9797019527235354,0.12169120707314648,0.5724563207802768,3.75279820614704
232,0.9781603288797533,0.12368763475568786,0.562178828488396,3.807854935297128
233,0.9807297018914649,0.11798298286938348,0.562178828488396,3.8246574478428754
234,0.9797019527235354,0.12180488269473641,0.5683453238635244,3.7695710771742976
235,0.9789311408016445,0.12318515988164423,0.5693730730927126,3.778738336903708
236,0.9794450154162384,0.12218582351430715,0.5652620761759602,3.783590210917552
237,0.9797019526622768,0.12258223451115,0.5683453238635244,3.7592162273648095
238,0.9804727646454265,0.11991969652986968,0.5745118192386529,3.7629730537886
239,0.9797019527235354,0.12216290225871175,0.5662898254051483,3.7556096056872503
240,0.9791880781089414,0.12320091357916012,0.5652620761759602,3.772262077659889
241,0.9786742034943474,0.12431108245562919,0.5704008223219006,3.764970100857126
242,0.9804727645841679,0.11971707135163255,0.5683453238635244,3.770391214727008
243,0.9809866392600206,0.11724441505409586,0.5662898254664069,3.7806958379750384
244,0.9799588899083153,0.118234676453462,0.5611510793817251,3.795698181637022
245,0.982528263042544,0.11397798265974667,0.5632065778401013,3.792539115432355
246,0.9817574510593944,0.11528333436548403,0.5632065778401013,3.8120481543403737
247,0.9794450153549799,0.12168891772336853,0.5652620762984775,3.827476570870869
248,0.9802158272156123,0.11958342318912205,0.5632065778401013,3.8256835652647383
249,0.9789311408016445,0.12411355595549478,0.5642343270692894,3.85276940216876
