epoch,acc,loss,val_acc,val_loss
0,0.5285200411099692,0.7109235498790015,0.537512847171658,0.7064499868518402
1,0.6127954780259088,0.6838650556409469,0.5519013364415497,0.7019134358046356
2,0.6490236382935299,0.6579190242082218,0.5734840702544993,0.6981221071740216
3,0.6693216856312532,0.6421610047123782,0.5755395687128755,0.697255764259954
4,0.7122302157048209,0.6124618730956702,0.5796505656296278,0.6967792712527213
5,0.7248201440074094,0.5845758244165536,0.581706064088004,0.696872810849428
6,0.7453751284686536,0.5603915185869537,0.5806783148588159,0.6978690101700966
7,0.7569373071745022,0.5405552438694796,0.5796505656296278,0.7008030216103345
8,0.775950668036999,0.5029173964157869,0.5734840702544993,0.7065507611537396
9,0.7957348406988695,0.4753645298904897,0.5724563210253113,0.7135477686589938
10,0.7995889003695834,0.45571094184715727,0.568345324108559,0.7244196720995614
11,0.8103802670922823,0.4324747038524663,0.5714285717348646,0.7324988870802053
12,0.8175745118191161,0.40816161946182017,0.5704008225056765,0.7445427200777067
13,0.8291366907699993,0.3910788677762983,0.5704008225669351,0.7591212495380414
14,0.8301644398766701,0.37581672310400355,0.5632065779626185,0.7719956465517261
15,0.8358170606984632,0.35752551148876255,0.568345324108559,0.7891383028348941
16,0.8424974306881856,0.34191367118968746,0.5590955810458662,0.8088453124140419
17,0.84506680357738,0.3305220063948068,0.5632065779626185,0.8243122463481154
18,0.8419835561348502,0.31577973378648005,0.5611510794429838,0.8426240803894012
19,0.8445529289627859,0.3107913850757838,0.5693730732764885,0.8594286422200218
20,0.8491778007391668,0.2954622311986608,0.5693730732764885,0.8856756538918428
21,0.8527749228575492,0.28735204970603856,0.5714285717961232,0.9036791611305857
22,0.8496916752925022,0.2842691288945119,0.5652620764209947,0.9237306552947732
23,0.8599691676456416,0.26759921812202553,0.5724563210253113,0.9480682056462287
24,0.8584275435568249,0.2589906780441643,0.5673175748793708,0.974861622101724
25,0.8625385404735773,0.2531663943292671,0.5662898256501828,0.9893786273781834
26,0.8699897224464495,0.246619058614032,0.5632065779626185,1.0164162909261736
27,0.8854059610067879,0.2361979801877797,0.5662898256501828,1.038073692390387
28,0.8694758480156314,0.2445032281106202,0.556012333358302,1.0548878670473874
29,0.8851490237607496,0.2339224998225656,0.5621788287334305,1.0775123939974824
30,0.8967112024053395,0.2242184352562337,0.5590955809846077,1.1048975691643428
31,0.8938848919638137,0.2204807257817681,0.5611510794429838,1.1323046027572647
32,0.8959403905447071,0.2235917209476263,0.56320657790136,1.147395282218047
33,0.8990236381710127,0.21189819855226888,0.5704008225056765,1.1662372494037938
34,0.9021068860423528,0.20384269116593778,0.5662898255889242,1.1900439310171866
35,0.9031346350265064,0.20461290112992353,0.564234327130548,1.2148046157832995
36,0.9031346350265064,0.20312032235244562,0.56320657790136,1.240546764229699
37,0.9008221995058677,0.20060790271210155,0.564234327130548,1.2678565513438336
38,0.9090441932781137,0.1945405707054246,0.5621788286721718,1.2877603322114386
39,0.9036485096411004,0.20012836801491196,0.5601233302137957,1.3205414673529818
40,0.9015930111827243,0.1962209998305508,0.5673175748181123,1.3434645981362274
41,0.9041623842556945,0.1879914783071516,0.5714285717348646,1.3627978091617283
42,0.8997944500316452,0.19751822583966974,0.5837615624851215,1.3866071642241522
43,0.9075025692505557,0.18711712559778915,0.5796505655683692,1.4194172237294307
44,0.9126413153964961,0.18550635440866603,0.5775950671099931,1.4511991300661298
45,0.9069886946972203,0.1789006368704102,0.5775950671099931,1.475262358769361
46,0.9128982527650518,0.17934524103279348,0.5734840702544993,1.4970608389757398
47,0.9152106884694663,0.17585390121632954,0.5796505655683692,1.5278562885639233
48,0.9031346351490236,0.18284141511980823,0.5714285717961232,1.5613679156886588
49,0.916238437759913,0.16741225092776144,0.5632065779626185,1.5914240435975673
50,0.9206063721677382,0.17051627919583257,0.5775950671712516,1.6095090412284954
51,0.9100719424460432,0.17491273764226076,0.5734840701932408,1.6246429686678645
52,0.9062178827140707,0.1762082300475298,0.5755395686516169,1.6580743637751454
53,0.9149537512234279,0.17051751787591446,0.564234327130548,1.6968027925442326
54,0.9175231243576567,0.16615802077203223,0.564234327130548,1.725085307980858
55,0.9128982527650518,0.16643193546387788,0.5673175748181123,1.749069024210476
56,0.9157245630840604,0.16621035541133058,0.5693730732764885,1.7834849404161537
57,0.9162384376986544,0.17146643077359291,0.5693730732764885,1.7934736019538338
58,0.915981500452616,0.16835703194631457,0.5693730732764885,1.8194541955655794
59,0.917780061787471,0.1651546825852938,0.56320657790136,1.8677638057324526
60,0.9249743062080117,0.16167136977779903,0.564234327130548,1.8928433461890068
61,0.9180369989109921,0.16929770286318455,0.5693730732764885,1.9004436938392664
62,0.9226618703810798,0.1648505876819007,0.5714285717961232,1.9180709801131872
63,0.9290853031860226,0.1589522885976078,0.569373073337747,1.9466672088234913
64,0.9234326825480055,0.1625750404682091,0.569373073337747,1.9626351828932884
65,0.924974306146753,0.16228183492910947,0.569373073337747,1.9831252784180127
66,0.9213771838445948,0.1693915767941666,0.5734840702544993,2.00463896248593
67,0.929856115046655,0.15523331501317295,0.5714285717961232,2.0389420295178216
68,0.9278006165270203,0.1607564174228435,0.5662898256501828,2.0704851140711313
69,0.9272867419124262,0.16405058847424428,0.569373073337747,2.1008932693399114
70,0.9226618705035972,0.1625528418193863,0.569373073337747,2.105739562631511
71,0.9244604315934176,0.1624178136148531,0.569373073337747,2.1300600305245565
72,0.9339671119021488,0.15523444529611308,0.5662898255889242,2.1319705045725557
73,0.9272867420349434,0.16027961062594773,0.5714285717348646,2.1535242481074865
74,0.9313977388904372,0.1538903009211539,0.5662898255889242,2.179381900554081
75,0.9324254881196252,0.1509954239962525,0.5693730732152298,2.222586774630022
76,0.9316546761364756,0.15702228428832307,0.5775950671099931,2.239893954434841
77,0.9265159301130524,0.16017226768391474,0.5745118194224288,2.256965514689776
78,0.9324254881808839,0.15427299832421731,0.5693730732152298,2.2895023572849222
79,0.9313977390129544,0.1490739590401272,0.5755395685903583,2.3152874403107693
80,0.923946556917565,0.15215223839263387,0.5775950670487344,2.332132075575371
81,0.929342240432061,0.15590453411300284,0.5806783147362986,2.3503314988096107
82,0.9362795477290805,0.14708523319044436,0.5745118194224288,2.3744164659945106
83,0.929342240432061,0.15088375820897956,0.5755395686516169,2.386525475844082
84,0.9283144912641316,0.15377354499752818,0.5775950671099931,2.405060622086873
85,0.9306269270298048,0.15281734630879004,0.5714285717348646,2.417746173392097
86,0.9331963002252922,0.14477477528208452,0.5755395687128755,2.436662164523447
87,0.9324254881196252,0.1526307395802005,0.5786228163391811,2.458327530344368
88,0.9380781089414183,0.14491091620364635,0.5755395686516169,2.4752064652947703
89,0.9260020554371997,0.1594346147815468,0.5745118194224288,2.512025605492822
90,0.9360226104217835,0.14604153648738627,0.5755395685903583,2.5468738645100766
91,0.9365364850363775,0.1438803809090974,0.5714285717348646,2.5792671159017
92,0.9380781089414183,0.142552413582373,0.5734840702544993,2.5873215063747863
93,0.9401336072772772,0.14014916763643812,0.5724563210253113,2.6173816959757477
94,0.9380781088189011,0.14155123303936296,0.5621788287334305,2.6267846380451356
95,0.9344809865780014,0.14703238557139747,0.5775950671712516,2.669424805832301
96,0.9367934224049332,0.14394884816498207,0.5745118194836875,2.6780826268681275
97,0.930113052353952,0.1508437215072033,0.569373073337747,2.686164835864201
98,0.9403905447070915,0.13913507835378627,0.5704008225669351,2.7030461954310887
99,0.932939362795478,0.14154192454967446,0.5714285717348646,2.7287274117582503
100,0.9393627954779034,0.14065418475118963,0.5714285717348646,2.7342106837775453
101,0.9360226104830421,0.14185876896239258,0.5734840701932408,2.7475180821943135
102,0.9319116135050312,0.14497405754637743,0.5745118194224288,2.7595083902208066
103,0.9370503597122302,0.13942994359585878,0.5878725594631324,2.7803919785804396
104,0.9347379238852984,0.14399122193317865,0.5806783148588159,2.7973445946731648
105,0.9398766700924974,0.13770078098878097,0.5775950668343293,2.8166290647814476
106,0.9403905447070915,0.13671482183644118,0.5755395687128755,2.8322790460498335
107,0.937821171511604,0.14098082845772159,0.5786228163391811,2.8321061234802527
108,0.9398766700312388,0.1368095839026653,0.5775950671099931,2.8475648604586095
109,0.9447584788086235,0.12894456900219756,0.5745118194224288,2.8698098779582293
110,0.9357656731144864,0.1443291535602934,0.5724563209640526,2.8713366237965787
111,0.9383350463099739,0.13734148484094783,0.5817060640267453,2.8892615439345386
112,0.9434737923946557,0.12963535530992304,0.5889003086310619,2.8990655972068136
113,0.9398766700924974,0.13823750221533251,0.5827338133171921,2.8999108241493876
114,0.9401336073385358,0.13724811375906876,0.5837615624851215,2.9210100347924697
115,0.9403905446458328,0.13656437400066104,0.5827338132559334,2.9345413391293627
116,0.939362795539162,0.13530624727551027,0.5775950671099931,2.944442694625776
117,0.9396197327852004,0.13781587274903997,0.5806783147975573,2.98468328183871
118,0.9355087357459309,0.14058873435637442,0.5693730732764885,3.0137675536254696
119,0.9349948611925955,0.14080700854113265,0.5714285717961232,3.0528788350958984
120,0.9388489208020507,0.13436970512889027,0.5796505655683692,3.0567742437889986
121,0.9383350462487153,0.14247830060118272,0.5755395687128755,3.073132066785493
122,0.9357656730532279,0.14451727660072303,0.5734840702544993,3.080584718169068
123,0.9342240492094458,0.141533379426718,0.5765673179420636,3.102291582299651
124,0.932939362795478,0.14390636568186463,0.5796505656296278,3.0900028614444084
125,0.9398766700312388,0.13618400996169966,0.5786228160635173,3.105672099975006
126,0.930369989845025,0.1455144852491714,0.5734840702544993,3.1108539802810027
127,0.9339671119634073,0.142678655653365,0.5652620764209947,3.12015933049546
128,0.9401336072772772,0.13321420227207112,0.569373073337747,3.1365717890818834
129,0.9401336073385358,0.13633658567717238,0.5621788287334305,3.146191499461128
130,0.9331962999802577,0.14032608799000806,0.5580678318166782,3.148867131259679
131,0.9355087359909654,0.13639449938473205,0.5611510795042424,3.156378336580047
132,0.9442446042552881,0.1290890339068984,0.5580678318166782,3.1638569564760526
133,0.9393627954166448,0.1386612057379559,0.5704008225669351,3.1750221894431823
134,0.937564234204307,0.13703568553875553,0.5662898256501828,3.1904477935900792
135,0.9457862280378116,0.1310032883779608,0.568345324108559,3.2159089272705894
136,0.9401336073385358,0.1366882786951109,0.5590955807089438,3.2219780121163253
137,0.9409044193216856,0.13736024112244427,0.5673175748793708,3.212939120025086
138,0.9334532372875547,0.13998684294728556,0.5714285717961232,3.2256869720898087
139,0.9362795477903392,0.13811377229940486,0.5734840702544993,3.2300942069089915
140,0.9329393626729606,0.14079487502942473,0.5745118194836875,3.2272017869527883
141,0.9362795477903392,0.13574010995958471,0.5704008225669351,3.2474030041866166
142,0.9439876669479911,0.12883216929062052,0.574511819146765,3.2433912636442273
143,0.9463001026524057,0.12466728512699288,0.5673175745424485,3.261190324256011
144,0.9455292907917733,0.12554641916413714,0.5673175745424485,3.259234598214678
145,0.9383350461874567,0.13705174448801336,0.5662898256501828,3.2770027646302933
146,0.9357656731757451,0.13874352178924007,0.5673175745424485,3.2613390927937145
147,0.942189105796912,0.13371341860061559,0.5704008222300126,3.2754175976638558
148,0.9360226104217835,0.1406523411268443,0.5632065776256961,3.289946225294719
149,0.9339671119021488,0.14061434530219463,0.5590955807089438,3.291128899553697
150,0.9442446042552881,0.1277185887373976,0.5580678314797557,3.3071808016189936
151,0.9434737923333971,0.12741336537350853,0.5652620760840723,3.321323530279475
152,0.937821171511604,0.13554016401931904,0.5662898256501828,3.3263520471606203
153,0.9455292908530318,0.12938616905679193,0.5673175748793708,3.3500710472173583
154,0.942189105796912,0.13630025973208518,0.5704008225669351,3.333846631300045
155,0.9429599177800617,0.13236650944001138,0.5714285717961232,3.3384824299003704
156,0.9396197326626832,0.13323161726528424,0.5786228164004398,3.344467296629746
157,0.9429599177800617,0.1291274936584505,0.5745118194836875,3.3532707906823
158,0.942189105796912,0.1307076024540527,0.5786228164004398,3.37962077161391
159,0.9398766700924974,0.13115663705862685,0.5786228164004398,3.40085376668932
160,0.9401336073385358,0.13166840112589123,0.5775950671712516,3.391159043895255
161,0.9383350461874567,0.13629430296609726,0.5734840702544993,3.396213653521327
162,0.9442446043165468,0.12798241904160468,0.5734840699175769,3.385052496458252
163,0.9380781088801596,0.13766544616234633,0.5704008222300126,3.376917410729968
164,0.9409044194442028,0.13310018978163002,0.5693730730008246,3.382793371380907
165,0.9349948612538541,0.1383256479056374,0.5714285714592008,3.395960051378758
166,0.9439876668867325,0.12659704414141754,0.5693730730008246,3.4119582041439513
167,0.9393627953553861,0.13487336509703118,0.5642343268548842,3.4202995662944047
168,0.93730729689701,0.13610716939033732,0.5704008222300126,3.4142340123959705
169,0.9411613565677239,0.13558376556739044,0.5734840699175769,3.4367234170253083
170,0.9383350461261981,0.13427391891029855,0.574511819146765,3.4439910999427474
171,0.9437307298244699,0.1311052557069498,0.574511819146765,3.45396049735725
172,0.942446043104209,0.13196033093875384,0.5755395683759531,3.4505744360211206
173,0.9445015416238438,0.12579553956424344,0.5652620760840723,3.4570675352004425
174,0.9360226104217835,0.13637015329174246,0.5775950671712516,3.461428568272527
175,0.9409044192604269,0.13216490780921292,0.5765673179420636,3.4332309455322703
176,0.9391058581706063,0.13185771070765323,0.5714285717961232,3.4508677146417632
177,0.942446043104209,0.13312900508969316,0.569373073337747,3.464618956074808
178,0.9375642342655657,0.13375320280198572,0.5755395686516169,3.4634302265229966
179,0.9468139773282583,0.12874377349665328,0.5745118194224288,3.471286868019927
180,0.9439876669479911,0.1278029810426659,0.5704008225056765,3.4863640730329553
181,0.938591983433495,0.13182707533684443,0.5724563210253113,3.4956236218867054
182,0.9409044191991682,0.1338471939436946,0.5683453240473003,3.50443640372736
183,0.9437307297019527,0.1281160923814112,0.5590955810458662,3.494437529886369
184,0.9432168549648414,0.1295132141288481,0.5621788287334305,3.5191729350545793
185,0.9388489209858266,0.13764614836223815,0.5662898256501828,3.513177647987593
186,0.9419321684283564,0.12993499238469006,0.5704008225669351,3.5147839464852155
187,0.9414182939362795,0.12833630164964593,0.5704008222300126,3.5312326236226945
188,0.9391058581093478,0.13391236206641055,0.5642343268548842,3.5286846947449453
189,0.9403905446458328,0.1307096078011752,0.5642343268548842,3.5274609024698664
190,0.9424460431654677,0.13171116057840795,0.562178828396508,3.527250154657942
191,0.9463001026524057,0.12827770830058366,0.5632065776256961,3.527588549767834
192,0.9383350462487153,0.13034309124055282,0.5590955807089438,3.527177101784105
193,0.9406474818918712,0.13427567299750212,0.562178828396508,3.553044342676145
194,0.9427029804727647,0.13590970815361342,0.5704008222300126,3.585944913029058
195,0.9411613565677239,0.13713042763466704,0.5673175745424485,3.568919201671526
196,0.9432168550261001,0.12946026699516044,0.5673175745424485,3.561413792152444
197,0.9385919834947537,0.1354319366405336,0.5693730730008246,3.54329611953704
198,0.946813977389517,0.12681661214093695,0.5693730730008246,3.548512417390437
199,0.9447584790536581,0.125589693300158,0.5704008222300126,3.5716899139663054
200,0.9429599177800617,0.12861130622436676,0.5734840699175769,3.5937453690927788
201,0.9447584788698822,0.12791783586986755,0.5806783145218934,3.610939837188172
202,0.9445015415625851,0.12931774312368033,0.5796505652927054,3.6201577701156946
203,0.9429599179025789,0.12877592139658187,0.574511819146765,3.6169448589862068
204,0.9434737923333971,0.12646908546584484,0.5724563206883888,3.6227088222033195
205,0.9463001026524057,0.12399741456693637,0.5755395683759531,3.6451514286715594
206,0.9401336073385358,0.12872925146510641,0.5714285714592008,3.65989465997741
207,0.9429599178413203,0.13142501098033949,0.5704008222300126,3.676381862910899
208,0.9401336073385358,0.13419255894538923,0.5765673176051411,3.663235011350704
209,0.9409044193216856,0.13490231415947931,0.5724563206883888,3.644289795688343
210,0.9378211716341213,0.13388315618865168,0.5755395683759531,3.6607286430213826
211,0.942189105796912,0.12958778663014828,0.5704008222300126,3.6686955275050415
212,0.9367934225274505,0.138461473054288,0.5734840699175769,3.638394597132919
213,0.9432168550261001,0.12697797319167442,0.5642343268548842,3.6485739996597433
214,0.9475847892501494,0.12692144422773713,0.5693730730008246,3.631848780248785
215,0.941418293875021,0.12963388178723445,0.5714285714592008,3.636371863954236
216,0.9437307295794355,0.12926762662866256,0.574511819146765,3.650932342886067
217,0.9432168550873586,0.13406200681689587,0.5755395683759531,3.676418644796295
218,0.9470709146355554,0.12501450211483553,0.5673175745424485,3.6998985859987545
219,0.9424460431654677,0.1309895115269909,0.5673175745424485,3.7051635638782936
220,0.947584789311408,0.12251873057860142,0.5704008222300126,3.706661722520395
221,0.9439876669479911,0.13000380470659603,0.5704008222300126,3.7501749232763624
222,0.9419321684896149,0.13320816920080508,0.5683453237716365,3.7428463958395226
223,0.946813977389517,0.12480785279608458,0.5662898253132603,3.7265808868996286
224,0.9450154161771792,0.1266460516944696,0.5652620760840723,3.7336011119148593
225,0.9473278518815937,0.12305522553109681,0.5704008222300126,3.7320145730001952
226,0.9411613565677239,0.12943453970389154,0.5662898253132603,3.7585342241583235
227,0.9455292907917733,0.12496915833310503,0.5724563206883888,3.772568413066962
228,0.9421891058581706,0.13174351667726886,0.574511819146765,3.7479126705785206
229,0.9486125385405961,0.1253030188266812,0.5817060637510815,3.7427196899641455
230,0.9480986638647434,0.12409411007796872,0.5755395683759531,3.752764581041248
231,0.9434737923333971,0.12918570268619708,0.5714285714592008,3.751963410323595
232,0.947327852004111,0.12415433997041397,0.5683453237716365,3.7606351782337124
233,0.9463001027136643,0.12225030830468818,0.5652620760840723,3.7592310589362024
234,0.9437307297019527,0.12912835246612456,0.574511819146765,3.7503723943833824
235,0.9393627954779034,0.13373425131987202,0.5755395683759531,3.7542410979903122
236,0.9427029804727647,0.13250768964943635,0.5755395683759531,3.7741052648636444
237,0.9414182939362795,0.12908961806151506,0.574511819146765,3.7686286146569716
238,0.9442446042552881,0.12901942810198752,0.5775950668343293,3.7651707158181797
239,0.9465570400209613,0.12764433274411224,0.5796505652927054,3.7762420949318427
240,0.942702980411506,0.1260891810044233,0.5796505652927054,3.765159718669331
241,0.9432168550261001,0.12713631182020763,0.5714285714592008,3.784458602442648
242,0.9463001027136643,0.12351683740870681,0.5642343268548842,3.7644280179308964
243,0.9432168550261001,0.12905529311418779,0.5693730730008246,3.754268204688046
244,0.9468139773282583,0.12702908843204394,0.5755395687128755,3.7413182231652162
245,0.9432168549648414,0.13132806471477187,0.5673175748793708,3.7585570655403253
246,0.9457862282215875,0.13408996579825938,0.5673175748793708,3.7825239971509816
247,0.9460431654063672,0.129605240989687,0.5601233299381319,3.7839229251473436
248,0.9365364850363775,0.1380392556659732,0.5642343268548842,3.7546586247901876
249,0.942446043104209,0.12735117640334803,0.5652620761453309,3.7548669019191383
