epoch,acc,loss,val_acc,val_loss
0,0.4676258992805755,0.7110803254706765,0.4655704008528287,0.7060810414517159
1,0.5603802673373168,0.6994219295535034,0.5262076053749253,0.7029446001410606
2,0.6307810895367002,0.6908408458529371,0.5282631038333014,0.7006602392657321
3,0.6808838642758431,0.6819492070059859,0.554984584129114,0.6994665421292814
4,0.701181911491049,0.6754192694608133,0.5632065779626185,0.6981755732142301
5,0.7171120247884988,0.6681551205536077,0.5621788286721718,0.6968840794352564
6,0.7525693730117116,0.6573886322460586,0.5508735872123617,0.6969125357830758
7,0.7471736896809914,0.6499910116318196,0.5570400825262315,0.6966584360979321
8,0.7682425487568297,0.636429674272547,0.5621788286721718,0.6950101685180938
9,0.78006166501501,0.626442095481112,0.5488180887539855,0.6967517448721294
10,0.7887975334631085,0.6150878792186435,0.5477903391878749,0.6963285908547114
11,0.7970195272966132,0.6022016763197064,0.5508735872123617,0.6966693154464401
12,0.8060123329294916,0.5905318573224458,0.5621788287334305,0.6981212428147844
13,0.8206577596291976,0.57189052843729,0.5436793422711226,0.7013639102614305
14,0.8139773895782165,0.567215469427491,0.5436793422711226,0.702655785681655
15,0.8232271327021679,0.548125795323214,0.5447070915003107,0.7047273271620458
16,0.8355601232686489,0.5397716804435295,0.5529290853338154,0.704412317900839
17,0.8440390545932264,0.5225653579766801,0.5364850976668061,0.7059980546337727
18,0.8509763618289873,0.508542419215023,0.5447070918372332,0.7090347891353752
19,0.8499486125997993,0.49794649802156,0.548818088417063,0.7097422143048152
20,0.8520041108743995,0.49008517746812635,0.5447070915003107,0.7150812906817077
21,0.8543165468851072,0.47571967635590884,0.548818088417063,0.7197928896665818
22,0.863823227071321,0.46581271756344683,0.5436793422711226,0.7258474295700442
23,0.8717882835975286,0.44899243621762464,0.5436793422711226,0.7302487653671531
24,0.8694758479543727,0.4398309351974009,0.5426515930419346,0.7356930428394188
25,0.8782117162186955,0.42733018527540617,0.5447070915003107,0.7408363903659221
26,0.8828365878113005,0.42062831948006874,0.5416238438127465,0.7478398324774324
27,0.876670092436172,0.4161154029915781,0.5416238438127465,0.755697810331327
28,0.8905447070914697,0.3936623396755858,0.5467625899586869,0.7623097997652664
29,0.8920863308127346,0.3830818296826511,0.5405960945835584,0.7707583327210085
30,0.8902877699066899,0.38492651717145787,0.5457348407294987,0.7790996878267192
31,0.8859198354376061,0.3787244893112751,0.5508735868754392,0.7880264461224272
32,0.8961973277907455,0.3659290510850967,0.5467625899586869,0.7969515212760799
33,0.8918293935666961,0.36174575900247385,0.5416238438127465,0.8070776739443929
34,0.902877697780468,0.3532781713974317,0.5385405961251822,0.8164736447206872
35,0.9033915723950621,0.3373605994256893,0.5426515930419346,0.8298756440398872
36,0.9008221995058677,0.33471663172173965,0.5405960945835584,0.8376571809890214
37,0.903391572578838,0.32855798961079746,0.5436793422711226,0.8494197360535687
38,0.9110996916139726,0.32308328984820217,0.5395683453543704,0.86294632690661
39,0.9108427543066756,0.3195476369340765,0.5313463515208657,0.8741341053153113
40,0.9224049331350415,0.2997903018914171,0.5323741010869762,0.8882241416320527
41,0.902877697780468,0.31510560139477684,0.5395683456912928,0.9024198240880976
42,0.9213771838445948,0.2912516027903385,0.5323741007500538,0.9159629923834217
43,0.9085303185410024,0.3029282254770873,0.5303186022916776,0.9348069741816585
44,0.916238437759913,0.29722818205437457,0.5251798561457373,0.9483825002642844
45,0.9152106884694663,0.29128468312315436,0.5272353546041134,0.9688315800748161
46,0.924974306146753,0.28577651302468987,0.522096608458173,0.9817833698298188
47,0.9249743062080117,0.2766416402876316,0.522096608458173,0.9950289892268205
48,0.9290853030635053,0.2676630114173595,0.5241521069165491,1.0118140723452906
49,0.9254881810063816,0.27045987627611623,0.5241521072534716,1.025223567453955
50,0.921377183967112,0.27504975413798305,0.5231243580242835,1.043481179217273
51,0.924460431532159,0.2640510687847667,0.5262076053749253,1.0585075436123597
52,0.9293422404933196,0.25634752524842463,0.5210688592289849,1.0750516896257665
53,0.9331963002252922,0.24877725362410158,0.5200411099997968,1.093150639521745
54,0.9380781089414183,0.24060980934278325,0.512846865456739,1.1180451675284682
55,0.9337101746561103,0.24528268527886604,0.522096608458173,1.1340944808654159
56,0.9234326823029709,0.2554789626279813,0.526207605436184,1.1511921559796428
57,0.9357656731757451,0.2382087858675195,0.5303186023529363,1.1636959988191218
58,0.9301130522926935,0.23832972618805787,0.5272353547266306,1.1782247666097252
59,0.9406474820143885,0.233011311396788,0.5282631038945601,1.1928057296915633
60,0.9334532373488134,0.23587098333291626,0.5251798562069958,1.2121025829251477
61,0.9393627953553861,0.22368926018139565,0.5220966085194316,1.2347234244949403
62,0.942702980411506,0.2241360671044866,0.5220966085194316,1.2543263548079644
63,0.9434737923946557,0.21998108388953685,0.5292908530624896,1.2758137907790745
64,0.9347379238852984,0.2336968725809458,0.5251798561457373,1.2866636846685457
65,0.9393627956004207,0.22269708184642145,0.5262076053749253,1.3024204263706736
66,0.9478417265574464,0.20720617255657328,0.5231243576873611,1.3239414591460898
67,0.94039054476835,0.2169175700869369,0.5210688592902435,1.3369518990139309
68,0.941418293875021,0.214060801978224,0.5272353546041134,1.3511043926672235
69,0.9434737923946557,0.20700485235556793,0.527235354665372,1.3685314025565263
70,0.9434737923946557,0.21134651956920877,0.527235354665372,1.3965307657912236
71,0.9398766699699802,0.21956400299121273,0.5210688592289849,1.4136877945736281
72,0.9396197326626832,0.21479393564784882,0.5169578623734913,1.4496699784789522
73,0.9424460431654677,0.21062311684791254,0.5190133608318673,1.4624607910967804
74,0.9452723535457348,0.20270646195801287,0.5159301131443031,1.4787207797766957
75,0.9439876670092497,0.20634867463793075,0.5169578623734913,1.4948415546721079
76,0.9416752311210593,0.21172559111238384,0.513874614685927,1.5262816187534156
77,0.9480986639260021,0.1972131259578595,0.5149023639151151,1.5398016214860797
78,0.942959917718803,0.2014205345361353,0.5149023639151151,1.5614981085276431
79,0.9470709146968139,0.19506997533165538,0.5190133608318673,1.5774741724118178
80,0.942959917718803,0.20625517588541417,0.5169578623734913,1.6060465189560345
81,0.9527235353960898,0.1891377417855003,0.5087358685399866,1.6158292792193814
82,0.9439876668867325,0.20452488969555863,0.5077081193107985,1.629861166396342
83,0.9452723535457348,0.197320149321289,0.5159301131443031,1.648124399925185
84,0.947841726618705,0.19384536300264185,0.5149023639151151,1.6809360015551575
85,0.9498972250158225,0.19528299997362547,0.5149023639151151,1.6947685787636109
86,0.9504110996916753,0.19325189178336682,0.5190133607706088,1.7193350146265216
87,0.9532374099494252,0.18557082758287977,0.5159301130830445,1.7459563296230822
88,0.9493833504012286,0.19014636049657785,0.5056526208524224,1.7707885961983456
89,0.9460431654063672,0.19614773778912956,0.5107913669983628,1.790386248468005
90,0.9524665981500514,0.18430087125773054,0.5077081193107985,1.8118035817807894
91,0.9488694758478932,0.1918433392142833,0.5046248716232343,1.8300090905696245
92,0.9547790339157246,0.17821623512064197,0.5077081192495398,1.8324124515362903
93,0.9527235353348311,0.1815767628499685,0.5179856115414206,1.8381382305355014
94,0.9509249742450107,0.18149788642468703,0.5169578623734913,1.8420596829666263
95,0.9532374100106838,0.18161550406194296,0.512846865456739,1.8698352656163513
96,0.9491264130939315,0.18457411669141097,0.5097636177691747,1.892055711790322
97,0.9527235354573484,0.17870357477193255,0.513874614685927,1.9193129599523202
98,0.9516957861669016,0.1837594074954232,0.5118191162275508,1.9333946238073758
99,0.9537512846252778,0.17686109077893694,0.5046248716844929,1.9507565954116242
100,0.9588900308324769,0.17340110163496308,0.5149023639151151,1.974160154211313
101,0.9524665980887927,0.18090899003035976,0.505652620913681,1.9936522663190945
102,0.9558067831449126,0.1745121399398208,0.5087358686012452,2.012524946130437
103,0.9504110998141925,0.18241322598011372,0.5118191162888095,2.033429324443147
104,0.9555498459601329,0.17234004040048645,0.506680370142869,2.0609258306724807
105,0.9555498458376156,0.1704954799008149,0.5118191161662922,2.0822584934126804
106,0.9558067831449126,0.1742699675085856,0.5077081193107985,2.10774533182597
107,0.9519527234741987,0.1777292623089862,0.5118191162275508,2.1124347328282087
108,0.9576053442959918,0.1706136414304544,0.5179856116026793,2.128864865753903
109,0.9550359712230215,0.17405902163986067,0.5149023639151151,2.1510417591263553
110,0.9527235353348311,0.17478278450828663,0.5179856116026793,2.158958726894696
111,0.955549845776357,0.16919363198949278,0.5066803700816105,2.1742070526160293
112,0.9547790339157246,0.17509433558978377,0.5159301131443031,2.195318817969829
113,0.9570914696201391,0.16871970351345125,0.5087358685399866,2.201739075250028
114,0.9591469680785153,0.1638585062427609,0.5087358685399866,2.219839783881208
115,0.9581192188493272,0.1648698048197108,0.5097636177691747,2.223237349832658
116,0.9542651592398719,0.17126783364110712,0.5056526208524224,2.2511490039443185
117,0.9532374099494252,0.17650864990801385,0.500513874706482,2.2591598962585824
118,0.963514902241306,0.1516361029518104,0.5118191162275508,2.286248670207511
119,0.956320657698248,0.16628639334152315,0.5066803700816105,2.2921235257528054
120,0.9555498458376156,0.166673474634049,0.5056526208524224,2.317579911644633
121,0.9619732785200411,0.15893677614422522,0.5046248716232343,2.338998103925895
122,0.9565775950668037,0.16688096691363272,0.5097636177691747,2.3553041737959295
123,0.9550359713455389,0.16955748356626066,0.5087358685399866,2.3669896503146606
124,0.96120246659815,0.15792668470682122,0.5118191162275508,2.3824960044819674
125,0.9588900308324769,0.16125117702541714,0.5087358685399866,2.3926978337924014
126,0.9609455292908531,0.15774857136444834,0.5025693731648582,2.4176221984263435
127,0.9568345323128421,0.16426779265455205,0.5056526208524224,2.426644656420489
128,0.9558067831449126,0.1679085799840347,0.5035971223940462,2.4238846291005918
129,0.9578622815420301,0.16120749093278217,0.5066803700816105,2.441833538239686
130,0.9583761561566242,0.16344429725610707,0.5046248716232343,2.447335163343847
131,0.9635149023638232,0.15456164151215726,0.5056526208524224,2.4883900961674987
132,0.9599177800004063,0.15872427986557658,0.49743062701891777,2.514720151750304
133,0.9583761560953655,0.16066301236539804,0.49331963010216545,2.5363644382323907
134,0.9586330934639212,0.16172505561396372,0.49743062701891777,2.565793836717125
135,0.960688591983556,0.15425070697194748,0.48818088395622505,2.5754242825483615
136,0.9591469681397738,0.15880574831185826,0.48818088395622505,2.5889525722256668
137,0.9650565261463467,0.14669731519695176,0.4912641316437893,2.6017443724550913
138,0.9630010277492291,0.150043092913091,0.49845837624810585,2.597535413681297
139,0.9560637204522097,0.16869724943912287,0.49331963010216545,2.6238243729335555
140,0.9642857142244556,0.14789342549452433,0.49845837624810585,2.6323683328030656
141,0.9565775950668037,0.1658750940554556,0.4964028777897297,2.659525864170855
142,0.96120246659815,0.1540138381557254,0.49948612547729393,2.689885042921735
143,0.9632579650565262,0.14864177115162008,0.49434737933135353,2.708893925410993
144,0.9609455292295944,0.15567677755211265,0.4964028777897297,2.716729454734465
145,0.9632579650565262,0.1501709724195447,0.4964028777897297,2.733940788065174
146,0.96120246659815,0.1520637336004246,0.5056526208524224,2.7647164652060874
147,0.9591469680785153,0.15730654749203807,0.49948612547729393,2.787074343396115
148,0.9601747174914792,0.15491088958340338,0.49331963010216545,2.7880221866262658
149,0.9627440903806735,0.15068256239361777,0.4964028777897297,2.797813969795407
150,0.9588900309549941,0.15600929877128286,0.49845837624810585,2.801726674249459
151,0.9632579649952676,0.1484029183407359,0.5025693731648582,2.8161311963111744
152,0.9609455294133703,0.1524862374149393,0.49743062701891777,2.831253711390716
153,0.9632579649952676,0.14825200878336398,0.4964028777897297,2.841062251734954
154,0.9596608426931094,0.15359588088381573,0.4953751285605416,2.8722287861195768
155,0.9617163410902269,0.14880348127890466,0.5035971223940462,2.8646337162676474
156,0.9619732783975239,0.1511484990078278,0.5025693731648582,2.890440791875951
157,0.960174717368962,0.15542947708457738,0.5035971223940462,2.8998963141857903
158,0.9635149023025646,0.14594092447490634,0.5046248716232343,2.9097743506054226
159,0.9630010277492291,0.14848490861098054,0.5066803700816105,2.8992838528761515
160,0.9647995888390497,0.1411670120040535,0.50154162393567,2.920247440347936
161,0.9653134635149023,0.14090641658420064,0.49743062701891777,2.960820880970264
162,0.9673689619732785,0.1367391919887568,0.49434737933135353,2.9844556513940197
163,0.9665981500513875,0.13681185188083952,0.4953751285605416,2.999078942227339
164,0.960431654676259,0.15459948512443167,0.4912641316437893,3.009374529582746
165,0.9630010276267119,0.14537268837211312,0.4912641316437893,2.9733083711253654
166,0.9640287769171586,0.14805230692810048,0.49331963010216545,3.012410543927921
167,0.9614594037829298,0.15110750752142252,0.5035971223940462,3.054506647378543
168,0.9586330935251799,0.16189646464365726,0.5046248716232343,3.056918318690646
169,0.9655704007609408,0.1452772734344067,0.4984583761868472,3.054777612911589
170,0.9612024665368915,0.15193983304476077,0.49948612541603526,3.0792386722956753
171,0.9617163410902269,0.15296781804309229,0.5046248716232343,3.070451806285031
172,0.9645426515930113,0.1424996965131191,0.5025693731648582,3.074275988346504
173,0.9668550872974259,0.14097811750309563,0.49743062701891777,3.0811405147579936
174,0.9627440904419322,0.14764933978022676,0.5066803700816105,3.067938477015324
175,0.9637718396711202,0.1457056158163871,0.5077081193107985,3.084115212892334
176,0.9619732785200411,0.14847724317723285,0.5097636177691747,3.0875759097802065
177,0.9635149023638232,0.1464484155499678,0.49948612547729393,3.1106951366593143
178,0.9655704008221994,0.14471750254651872,0.4964028777897297,3.10413002453262
179,0.9645426515930113,0.14152249261997218,0.4953751285605416,3.1122815116458904
180,0.9637718396711202,0.14919615351620827,0.49331963010216545,3.1189827401983528
181,0.9658273380682377,0.13844734444096302,0.49434737933135353,3.134089502009189
182,0.9653134634536438,0.1440350079003488,0.48818088395622505,3.14985727504248
183,0.9645426515930113,0.14852137095605972,0.4964028777897297,3.1611545872467763
184,0.9655704008221994,0.14151636721663952,0.4902363824146012,3.174701224863223
185,0.963771839548603,0.1481924733302086,0.4902363824146012,3.198094579935809
186,0.9627440903194149,0.1492010477819276,0.49948612547729393,3.2108115309433973
187,0.9622302158273381,0.1499779742490596,0.49331963010216545,3.2289054749068353
188,0.9619732783975239,0.14963753884399783,0.49743062701891777,3.2312963449942735
189,0.9653134634536438,0.14482329323321183,0.50154162393567,3.2340024779536374
190,0.9660842753142762,0.1427191827610855,0.50154162393567,3.2564640990999227
191,0.9691675230630991,0.1333475162381381,0.49743062701891777,3.2497404802739926
192,0.968910585755802,0.1370056047652755,0.49743062701891777,3.256838895311581
193,0.9683967112024666,0.137348567486912,0.5077081193107985,3.2496765838497588
194,0.9668550873586845,0.13554083291376115,0.5066803700816105,3.2436658645092766
195,0.9637718396711202,0.1440730896249092,0.5077081193107985,3.2463280100984173
196,0.9622302157660795,0.14948456663205714,0.49948612547729393,3.252148700029975
197,0.9717368961973278,0.12721961107246677,0.4953751285605416,3.259931091659483
198,0.9681397738951696,0.1365422306913511,0.5025693731648582,3.273101835309663
199,0.9599177799391477,0.15591701728895782,0.5025693731648582,3.2903169875032243
200,0.9647995889003084,0.14353242483591128,0.4964028777897297,3.309110274907864
201,0.9663412126828318,0.13254267465847736,0.4953751285605416,3.311553500049038
202,0.9630010276879706,0.14277815025487392,0.4964028777897297,3.3081123946504505
203,0.960688591983556,0.15264859035197656,0.4964028777897297,3.3187249588941867
204,0.9647995889003084,0.14411032396652962,0.49434737933135353,3.327392099082531
205,0.9637718396711202,0.14667831046577592,0.49743062701891777,3.3184466094911893
206,0.9678828365266139,0.13669149986518986,0.49434737933135353,3.3000709564565756
207,0.9642857142857143,0.14178629968801604,0.49434737933135353,3.3009410850313192
208,0.9668550872974259,0.13652323020233526,0.49743062701891777,3.311597134079497
209,0.9655704006996821,0.14344543576975644,0.49948612547729393,3.3029234049131544
210,0.9627440904419322,0.14613433717486793,0.4953751285605416,3.3106155155373993
211,0.9678828364653553,0.13405761817988976,0.49331963010216545,3.327742020615816
212,0.9714799588900308,0.12866597977933023,0.49331963010216545,3.3265417979653056
213,0.964542651470494,0.14434100633902516,0.4964028777897297,3.3174707343129923
214,0.9717368961360692,0.1220486984958629,0.49845837624810585,3.34256533802107
215,0.9665981499901288,0.1392123264098829,0.500513874706482,3.3498197719225047
216,0.9645426515317527,0.1429366424511295,0.5025693731648582,3.343447118231841
217,0.9653134635149023,0.14136830737999997,0.49434737933135353,3.3555382136083214
218,0.9647995888390497,0.1428334260587212,0.4964028777897297,3.3716848340088394
219,0.9701952723535457,0.13087101959128541,0.5035971223940462,3.3753163434741187
220,0.9678828364653553,0.13730553546030255,0.5046248716232343,3.3889601125256497
221,0.9637718396711202,0.14647527536777405,0.5035971223940462,3.394254747667146
222,0.9630010276879706,0.14902169075923735,0.5066803700816105,3.4289286332654805
223,0.9647995889003084,0.1499948562156382,0.49948612541603526,3.3767274058244947
224,0.9663412126828318,0.14184267972074335,0.5077081192495398,3.411667586843132
225,0.9619732785200411,0.1466202815728528,0.5056526208524224,3.408139761770862
226,0.9650565261463467,0.14275819475150917,0.508735868478728,3.398152057092947
227,0.9678828365266139,0.1310728624662172,0.5087358685399866,3.4063452253116244
228,0.9624871530733765,0.15051458929143732,0.49948612547729393,3.405145597359872
229,0.9627440904419322,0.14891260504370357,0.5046248715619757,3.4245398448893125
230,0.969681397677693,0.1294117300385439,0.5046248716232343,3.444642122823435
231,0.9655704008221994,0.13852262368305124,0.5046248716232343,3.4614075663645982
232,0.9658273381294964,0.1450666650279759,0.50154162393567,3.463440159486965
233,0.9640287769784173,0.1409066773009202,0.5025693731648582,3.472308759454098
234,0.9642857142857143,0.14364204790064145,0.5087358685399866,3.467358564668912
235,0.9701952722922871,0.12865476483308766,0.50154162393567,3.4869428259250683
236,0.9665981499288702,0.14027311558713648,0.5087358685399866,3.488010184982943
237,0.9694244604316546,0.13951387606323806,0.5107913669983628,3.498008727782309
238,0.9722507707506632,0.12729569366019897,0.5097636177691747,3.500951441561943
239,0.9635149023638232,0.14206167288652918,0.5056526208524224,3.5382133348627667
240,0.9640287769784173,0.1456112169142801,0.5118191162275508,3.539820699750581
241,0.9645426515930113,0.14946060535045225,0.5077081193107985,3.5404648969499326
242,0.9665981499901288,0.13843127993248472,0.5035971223940462,3.5296394401071987
243,0.9647995889003084,0.1427935261934046,0.5077081193107985,3.5058278723831413
244,0.9627440904419322,0.15199254907261797,0.5118191162275508,3.4755698264809087
245,0.9647995889003084,0.1398268143157307,0.5066803700816105,3.483157518588749
246,0.9671120246047229,0.14201980655417534,0.5087358685399866,3.4796554789881298
247,0.968653648448505,0.13603229673707595,0.5046248716232343,3.5018408247035184
248,0.9627440904419322,0.14614170112427924,0.5087358685399866,3.5051628075547723
249,0.9627440904419322,0.148854270688462,0.5149023639151151,3.5163560683043618
