epoch,acc,loss,val_acc,val_loss
0,0.5958376154992711,0.7098421040321303,0.6032887979009536,0.7003643229098384
1,0.6002055497233204,0.6245703589389405,0.6032887979009536,0.7040963894539233
2,0.6210174716756376,0.5666327647413036,0.5909558071506967,0.7056467070608933
3,0.7428057553956835,0.5227606042928588,0.5889003083553981,0.7110012478108029
4,0.7947070914696814,0.4839508917569379,0.5899280575845861,0.7154369341996322
5,0.8196300102162337,0.4561039468183547,0.5868448098970219,0.7262530521033111
6,0.8586844809253806,0.4282556086135425,0.5847893114386458,0.7361146945502506
7,0.8717882835975286,0.41684728511680924,0.5806783145218934,0.7483400600174593
8,0.8841212745315614,0.401250391065278,0.5930113052721504,0.7629654531243649
9,0.8949126414380363,0.38674284265073205,0.5755395683759531,0.7776422613326227
10,0.9041623843782117,0.3763605810142862,0.5734840699175769,0.7905440211663634
11,0.9224049330737828,0.35711336368647045,0.5662898256501828,0.8063718967545559
12,0.9213771839058534,0.34968491224811354,0.5580678318166782,0.8249634101236467
13,0.9254881808838643,0.33839441944614346,0.5621788287334305,0.8392142406593002
14,0.9288283657562083,0.3302724024190932,0.5673175748793708,0.8517309385605486
15,0.9262589928057554,0.32649032610783474,0.5601233302750543,0.873065596371736
16,0.9360226103605249,0.31287155011697515,0.56115107916732,0.8848015849171292
17,0.9308838642145845,0.31014803113207173,0.581706064088004,0.9022721028891522
18,0.9398766699699802,0.29681795063636285,0.5796505656296278,0.9225259363835051
19,0.9470709146355554,0.28605678728097267,0.5765673179420636,0.9365999474432338
20,0.9416752311823179,0.2871119847400583,0.5765673179420636,0.9596127379467406
21,0.9380781090639355,0.28457637549304277,0.5673175748793708,0.986355555755874
22,0.9411613567514998,0.27542133205106056,0.569373073337747,1.0022521853324444
23,0.9427029803502474,0.27340137765561934,0.5621788286721718,1.0257951778351098
24,0.9455292909755492,0.26806609061492065,0.5560123332970434,1.0408437587741957
25,0.9442446043165468,0.26183544995238334,0.5590955807089438,1.0608896572077753
26,0.9491264130939315,0.2518752664787061,0.5467625902956094,1.0869012611620472
27,0.9504110995691579,0.25145521401623905,0.56320657790136,1.1068153262505918
28,0.9470709146968139,0.2471721436051156,0.5477903394635387,1.1240842029957707
29,0.9506680369377136,0.2411089498637759,0.5549845840678553,1.1440935265981158
30,0.9545220965471689,0.23256340834244182,0.5508735872123617,1.160717550676626
31,0.9545220965471689,0.23277078830816028,0.5652620763597361,1.1810063100424724
32,0.951181911491049,0.22796408521185677,0.5601233302750543,1.209867706034191
33,0.9542651592398719,0.2212038895637869,0.5652620760840723,1.240640368760551
34,0.9509249742450107,0.22389044233608343,0.5652620760840723,1.2464300468793754
35,0.9573484069886947,0.21211805207633777,0.56115107916732,1.2793433722587186
36,0.9560637204522097,0.21173801721826976,0.5704008225669351,1.2976259359475397
37,0.9573484069886947,0.20743315346071922,0.562178828396508,1.3341609667163468
38,0.960431654676259,0.20171696087010474,0.5652620764209947,1.3508526163993122
39,0.9524665980887927,0.2083366386753192,0.5704008225669351,1.375772325990134
40,0.9594039053858123,0.19361615180969238,0.5734840702544993,1.3888011684398123
41,0.9588900307712183,0.19587590780495862,0.5745118194836875,1.417162784937107
42,0.9570914696813977,0.19638148738877256,0.5775950671712516,1.439867661643739
43,0.9627440904419322,0.18777875905475538,0.5919835561042209,1.4698214832337273
44,0.964542651470494,0.18096168374476182,0.5858170607290925,1.4928138959322044
45,0.9570914696201391,0.1874966351095231,0.5786228160635173,1.52259161979542
46,0.9578622816032888,0.19079336620492043,0.5765673176051411,1.54839229951292
47,0.9642857142857143,0.1770724388182102,0.574511819146765,1.5703442278035744
48,0.9599177800004063,0.18323321398519907,0.5878725594631324,1.5973775810720006
49,0.9619732784587824,0.1779828165626232,0.5858170606678338,1.6256065765608252
50,0.9570914696813977,0.18462992212203888,0.5786228160635173,1.6285353160223024
51,0.9658273380069792,0.16929933943336817,0.5683453237716365,1.6679834378586522
52,0.9599177801841822,0.17501933197323366,0.5642343269161428,1.704558321285346
53,0.9660842754367934,0.16764666396600003,0.5652620761453309,1.7333032337514127
54,0.9647995889003084,0.1644577258568016,0.5632065776256961,1.7498428895074074
55,0.9707091469681398,0.15491480915543968,0.5673175745424485,1.7699925774538015
56,0.9686536485097637,0.15593978423406996,0.5621788287334305,1.795648066137457
57,0.9678828365266139,0.15766752288434635,0.568345324108559,1.8058632753123238
58,0.9658273381294964,0.16360810569813905,0.5673175745424485,1.83881153550692
59,0.9673689619120199,0.15795511215588295,0.5549845837921915,1.852238894489049
60,0.9663412126828318,0.15981180570782272,0.562178828396508,1.8855814108010553
61,0.9683967112024666,0.1526694301466045,0.5683453237716365,1.9148364167541787
62,0.972764645426516,0.14749210662488949,0.5632065779626185,1.9294966124802184
63,0.96993833498499,0.1449919895853805,0.5621788287334305,1.9657903859451153
64,0.9704522096608428,0.14560057794079873,0.5590955810458662,2.01341753677376
65,0.9714799587675136,0.1401249705397458,0.5642343271918067,2.0408472127806614
66,0.9735354572871484,0.13601778410872845,0.5642343268548842,2.054427431396688
67,0.973535457348407,0.1353019586355566,0.5724563210253113,2.0980262832308356
68,0.9678828365878726,0.14955588553449234,0.567317574603707,2.129596978762902
69,0.963257964934009,0.15662656206817568,0.5632065776256961,2.172994540872211
70,0.9671120246659815,0.1492668120506366,0.5745118194836875,2.191157121452496
71,0.9699383350462487,0.14334797173095265,0.5734840702544993,2.2240107321665685
72,0.9722507707506632,0.13681583561363103,0.5611510795042424,2.239653974985905
73,0.9686536485097637,0.15091039733492212,0.5673175745424485,2.264792059332837
74,0.9681397738951696,0.1534651272603811,0.5652620764209947,2.27685344476494
75,0.968910585755802,0.15245844604483857,0.5704008222300126,2.2932305987790333
76,0.9732785199798514,0.14563335894864485,0.5601233299381319,2.3109474819218634
77,0.9714799588900308,0.14873138580850315,0.5683453237716365,2.350211594602187
78,0.9763617677286742,0.1335337287598009,0.5683453237716365,2.3706461285515656
79,0.972764645426516,0.14451816269911574,0.5704008222300126,2.382389545440674
80,0.9737923945944453,0.13820464616566744,0.5755395683759531,2.3815294088832153
81,0.9737923945331868,0.1368244085135465,0.5724563206883888,2.3817010161075416
82,0.9753340184382275,0.13060120216744042,0.5786228160635173,2.3909884582198044
83,0.9683967112024666,0.14404442342034593,0.5775950668343293,2.3859468040583924
84,0.9755909558067831,0.1285580304457987,0.5714285714592008,2.401967760225239
85,0.973535457348407,0.13389108440276898,0.5714285714592008,2.4165863003294614
86,0.9755909558067831,0.12863560130806279,0.5704008222300126,2.4245711255049045
87,0.9712230215827338,0.1361108518072537,0.5765673176051411,2.432624453263317
88,0.974049331963001,0.13438774607041878,0.5837615622094576,2.4449927826457007
89,0.9758478931140802,0.12612143721726302,0.5775950668343293,2.4411576098062766
90,0.972764645426516,0.13334313810698664,0.5734840699175769,2.4739578968451914
91,0.982528263042544,0.11102909397980905,0.5704008225669351,2.49150764145807
92,0.9745632065775951,0.13049511571643532,0.568345324108559,2.512053474982988
93,0.9781603288184947,0.1231356804227535,0.5724563210253113,2.535333804947009
94,0.9766187050359713,0.12602487408612517,0.5806783148588159,2.547794732135957
95,0.9743062692702981,0.1297859047354799,0.5755395687128755,2.5585069323125134
96,0.9763617676674156,0.1254937739589109,0.5765673179420636,2.623113502088823
97,0.9732785199798514,0.13595492500746728,0.5755395687128755,2.649861692279608
98,0.9763617677286742,0.12762707012407826,0.5673175748793708,2.6780472776995166
99,0.974049331963001,0.13031030295441598,0.5673175748793708,2.6947991007523573
100,0.9812435765673175,0.11364473458398651,0.5714285717961232,2.6980038600737366
101,0.9753340184994861,0.126595893543585,0.5745118194836875,2.729304770158962
102,0.9779033914499391,0.12099770740639391,0.5745118194224288,2.749772049295204
103,0.968396711141208,0.1445026464936422,0.5796505656296278,2.736882834125766
104,0.9773895168966037,0.12155165135829814,0.5704008225669351,2.7552279340522507
105,0.9725077080579603,0.125721208176902,0.5673175748793708,2.759273135037241
106,0.9761048303601185,0.13108739589186882,0.5745118194836875,2.7631332594958753
107,0.9804727646454265,0.11444052984174206,0.5734840702544993,2.7842972611841907
108,0.9822713257965057,0.11250952153417826,0.5796505656296278,2.8005940152096724
109,0.9784172661257917,0.12404831632864562,0.5745118194836875,2.800807710541728
110,0.9766187050359713,0.12388471152560684,0.5765673179420636,2.8021506628544213
111,0.9730215827338129,0.13340399260388616,0.5775950671712516,2.7762469941518533
112,0.9794450153549799,0.11851438003968359,0.5806783148588159,2.782452993255725
113,0.9763617677286742,0.1274785239475359,0.5827338132559334,2.784436504005283
114,0.9771325795893067,0.12410442946136059,0.576567317880805,2.817375239218372
115,0.9709660842754368,0.1375201319144294,0.5878725594018738,2.8213429764632942
116,0.9820143884892086,0.11297155445765125,0.5899280578602499,2.8349316129949087
117,0.9781603288797533,0.12115251202469372,0.5971223024645665,2.8473869771653555
118,0.9784172661870504,0.1244423964423609,0.5837615625463801,2.8484053842087813
119,0.9771325796505652,0.12479859530803233,0.5930113055478142,2.8420426943564343
120,0.9750770811309305,0.12695362796396292,0.5971223024645665,2.8717768716665115
121,0.9766187050359713,0.12517109324912495,0.5909558070894381,2.8955378814199357
122,0.9761048303601185,0.12420127037740317,0.5775950671712516,2.9144828439616473
123,0.9786742034330888,0.12065570111571211,0.5775950671712516,2.9228079017607795
124,0.9755909558067831,0.12497575132354313,0.5847893117755683,2.9198070082120515
125,0.9776464542039007,0.12111994000831341,0.5899280576458448,2.9544303439258917
126,0.9745632065163364,0.12721832687722448,0.579650565353964,3.0098070309316514
127,0.9804727645229092,0.11942278407705528,0.5796505652927054,3.0225713103550187
128,0.9786742034943474,0.11856947210593434,0.5775950668343293,3.04658709327094
129,0.9753340184994861,0.131065915684232,0.5724563206883888,3.0491863247792006
130,0.9768756423432683,0.12276090145539895,0.5734840699175769,3.0413091141052875
131,0.9771325795893067,0.12479664350095045,0.574511819146765,3.075685011029611
132,0.9797019526622768,0.11805365789769733,0.5775950668343293,3.08776785339873
133,0.9781603288797533,0.11948405747576583,0.5786228160635173,3.081839820708915
134,0.9802158273381295,0.11126922110032447,0.5775950668343293,3.158125002117098
135,0.9748201438236335,0.12663303300324838,0.5899280579215086,3.1364383937643585
136,0.9719938333821077,0.13646928373368156,0.5796505652927054,3.1065029436368246
137,0.9812435765673175,0.11510779002618202,0.5724563206883888,3.119415123440624
138,0.9725077081192189,0.13048579299943053,0.5765673176051411,3.1345470370638653
139,0.9817574511206529,0.10900662018547078,0.5765673179420636,3.14296738143325
140,0.9776464542039007,0.12012893234102968,0.5806783148588159,3.154685981962198
141,0.9799588900308325,0.11868761561787998,0.5755395687128755,3.152530794153478
142,0.9802158273381295,0.12008063918609413,0.5724563210253113,3.195711773934124
143,0.9748201438848921,0.12515713158853253,0.5662898256501828,3.219611509485823
144,0.9817574511206529,0.11382504463012025,0.5621788287334305,3.2366283956804107
145,0.9776464542651593,0.12869136797346534,0.56115107916732,3.231562099868445
146,0.9784172661870504,0.11913724813346137,0.5642343271918067,3.255164179257964
147,0.9835560123329907,0.10858376735758193,0.5621788287334305,3.260279629972954
148,0.9802158272768708,0.11782002654252047,0.5642343268548842,3.275874422118451
149,0.9794450154162384,0.1227841738186478,0.5734840699175769,3.2666082494918025
150,0.9804727645229092,0.11663702847043632,0.574511819146765,3.2709202457674973
151,0.9807297019527236,0.11449768429838374,0.5734840699175769,3.3070014476286054
152,0.98201438842795,0.11144316858034829,0.5704008222300126,3.313762936783229
153,0.9817574510593944,0.11421143656399366,0.5673175745424485,3.311192577691387
154,0.9843268242548818,0.1021571659041762,0.5683453237716365,3.3215587347408975
155,0.9817574511819116,0.11314006774223966,0.5704008222300126,3.3344143061819205
156,0.9797019527235354,0.11480232607668987,0.5704008222300126,3.3543262966857785
157,0.9815005138746146,0.11144887182750535,0.5673175745424485,3.3433445492359253
158,0.9817574511206529,0.11388034703552662,0.5724563206883888,3.3511558412157862
159,0.9776464542039007,0.1268850674150169,0.5837615622094576,3.341382266316115
160,0.9763617676674156,0.12672927548375673,0.5868448098970219,3.3306297535518947
161,0.9804727646454265,0.11698580591078897,0.5786228160635173,3.362689045203308
162,0.9784172661257917,0.12067972636663901,0.5786228160635173,3.391471863773107
163,0.9766187050359713,0.12381701287023823,0.5786228160635173,3.3982666594886584
164,0.9804727645841679,0.11142237237889133,0.5765673176051411,3.411842366774305
165,0.9786742034943474,0.11975280531248478,0.5755395683759531,3.394950011528776
166,0.9797019526622768,0.11548468499671273,0.5765673176051411,3.4118622782786607
167,0.9820143884892086,0.11299753219716228,0.5765673179420636,3.394268909191669
168,0.9768756423432683,0.12485891203075372,0.5796505656296278,3.415886798595966
169,0.9791880781089414,0.11655412555384122,0.5806783147975573,3.4187408973599753
170,0.9789311408016445,0.1182756267051535,0.5704008225669351,3.408375273505561
171,0.9807297019527236,0.11943511810356643,0.5724563210253113,3.4033255665299826
172,0.9784172661257917,0.11923242495888184,0.5827338133171921,3.4184934972859113
173,0.9797019526622768,0.118903146740834,0.5775950671712516,3.4393867279985826
174,0.9802158273381295,0.11510163995859435,0.5765673179420636,3.451790002977738
175,0.9779033915724563,0.1231474384803321,0.5806783148588159,3.4664879967472904
176,0.9799588900308325,0.11870893495270307,0.5724563209640526,3.4665881232392017
177,0.9781603288184947,0.12802125671294587,0.5724563209640526,3.4799128803907906
178,0.982271325735247,0.1122418106337368,0.5652620763597361,3.4783056544375444
179,0.9853545734228113,0.10422221807818496,0.5775950671099931,3.490260786289791
180,0.9815005138746146,0.11338248028815222,0.5714285717348646,3.506890293505552
181,0.975077081192189,0.1311927564051634,0.5673175748793708,3.5161319416081427
182,0.9799588900308325,0.12073435482376649,0.5704008225056765,3.507143201955421
183,0.981500513813356,0.10949823869830658,0.5745118194224288,3.500899295767679
184,0.9799588900308325,0.11722253825044583,0.564234327130548,3.5248720878687325
185,0.9817574511819116,0.11315787570954962,0.5745118194224288,3.5046449864143456
186,0.9776464542039007,0.12401490025260588,0.5714285717348646,3.529020840192993
187,0.9794450152937212,0.11889911867976802,0.5673175748181123,3.544425273358148
188,0.9820143884892086,0.11374094096784847,0.5652620763597361,3.583586250767801
189,0.9799588900308325,0.1222578263233769,0.5611510794429838,3.599072188292108
190,0.9840698868863261,0.10851881532850392,0.5652620763597361,3.617448064798196
191,0.9797019526622768,0.1165979876348563,0.564234327130548,3.6382532252069613
192,0.9776464542651593,0.12262077762420842,0.56320657790136,3.6319982963867816
193,0.9815005138746146,0.11720945768801061,0.5683453240473003,3.642030682617689
194,0.9786742034943474,0.12800337928600938,0.5621788286721718,3.648743982305262
195,0.9781603288797533,0.12750190295056962,0.5590955809846077,3.650669466432295
196,0.9820143884892086,0.11253728271143287,0.5621788286721718,3.6648361974482913
197,0.9830421377183967,0.1109511259280888,0.5673175748181123,3.670717672600898
198,0.9871531345738904,0.09987124766989823,0.5693730732764885,3.6777457166673715
199,0.9815005138746146,0.11384289965937096,0.5683453240473003,3.7088902905690584
200,0.9807297019527236,0.11897634350353008,0.5652620763597361,3.6819095199914287
201,0.9799588900308325,0.11722567940909963,0.5621788286721718,3.676504455636976
202,0.9812435765673175,0.11460841277122252,0.5734840701932408,3.6675246666048684
203,0.9789311407403858,0.12589310765082642,0.576567317880805,3.6680316145839083
204,0.9802158273381295,0.11955460815672271,0.5745118194836875,3.6904564585004533
205,0.981243576506059,0.11526671136209678,0.5817060640267453,3.6857838758094217
206,0.9822713257965057,0.11199589562195546,0.581706064088004,3.692198969477372
207,0.9856115107301083,0.1032993371721897,0.5796505656296278,3.7150363931920523
208,0.9797019527235354,0.125441676673823,0.5775950671712516,3.7328354158234864
209,0.9825282631038027,0.11224579320261437,0.5786228164004398,3.723455349685967
210,0.9858684480986639,0.104233413896421,0.5858170610047563,3.741470355046616
211,0.9807297019527236,0.11560363944271486,0.5827338132559334,3.744807396738772
212,0.9817574511819116,0.11143131519285895,0.5827338133171921,3.763299455868132
213,0.9791880780476828,0.11865698399916215,0.5806783148588159,3.7676459721156528
214,0.9822713257965057,0.11117985271843953,0.5837615625463801,3.787361590982341
215,0.9804727646454265,0.11900857536989395,0.5786228164004398,3.8005092607127677
216,0.9802158273381295,0.11571835133056602,0.5806783148588159,3.7940878985719593
217,0.9802158273381295,0.11804195027128397,0.5765673179420636,3.7960863647578553
218,0.9840698869475848,0.11032195155722264,0.5796505656296278,3.785629420461782
219,0.980986639198762,0.11379564908033529,0.5765673179420636,3.7735872695036807
220,0.9784172661870504,0.12148983122633515,0.5806783148588159,3.7735049178151896
221,0.9789311408016445,0.12427949803553039,0.5724563206883888,3.7773813637775606
222,0.9825282631038027,0.1260648405472274,0.576567317880805,3.776059425134453
223,0.9827852003498411,0.11634119124537504,0.5755395686516169,3.7846337795747638
224,0.9817574511819116,0.11521626938467526,0.5714285717348646,3.767717508470902
225,0.9794450153549799,0.12656830179238002,0.5796505655683692,3.7475001603701865
226,0.9848406988694759,0.11496064494165831,0.5734840702544993,3.7496665398851574
227,0.9822713257965057,0.11889338510959023,0.5806783145218934,3.725637259488238
228,0.9840698869475848,0.11876402751668017,0.576567317880805,3.7174223559733406
229,0.9799588899695738,0.12722018091553652,0.5878725594018738,3.7307757561890464
230,0.9845837615621789,0.11252829884652733,0.5847893117755683,3.7415940499379237
231,0.9807297018914649,0.12179718044838214,0.5919835563798848,3.7629042916528244
232,0.9825282631038027,0.11584237755830462,0.5940390547770023,3.7700394035488336
233,0.9802158272768708,0.1226521550016315,0.5878725594018738,3.778112692308573
234,0.9804727646454265,0.12453997563972748,0.5786228163391811,3.79011844878084
235,0.9871531345126318,0.1076541211597721,0.5755395686516169,3.817252406113439
236,0.9817574511206529,0.12425367993600323,0.5775950671099931,3.803983969654111
237,0.9815005138746146,0.12153247596058546,0.5806783147975573,3.7932738267873076
238,0.9843268242548818,0.11344292867097923,0.5806783147975573,3.778648201020134
239,0.9832990750256937,0.11942452896015004,0.5847893117143096,3.7939315327392453
240,0.9817574511206529,0.12730693538411916,0.581706064088004,3.803697281236639
241,0.9853545734840699,0.11530910501254671,0.5796505656296278,3.852204356139635
242,0.9817574511819116,0.1184016012290889,0.5775950668343293,3.8682063931918953
243,0.9781603287572361,0.13167210858992903,0.5734840699175769,3.887725630620033
244,0.9797019527235354,0.1274878433680608,0.5775950671712516,3.9035303011950093
245,0.98201438842795,0.1264239213173828,0.5878725594631324,3.885062505872987
246,0.9815005138746146,0.12142674896755051,0.581706064088004,3.8765564552926577
247,0.9830421377183967,0.11765534437250993,0.581706064088004,3.8658935344966565
248,0.981500513813356,0.12462103863046692,0.5786228164004398,3.8671065891144334
249,0.9830421377183967,0.12141912612769244,0.5734840702544993,3.9168619732204957
