epoch,acc,loss,val_acc,val_loss
0,0.5408530317989675,0.7117454614815707,0.567317574603707,0.7074829377348842
1,0.5847893114080165,0.6916514557287602,0.5868448102339444,0.7052866889418458
2,0.6230729700727551,0.6689470248624207,0.5827338129802696,0.7045264538121003
3,0.6323227132579651,0.6539169764347214,0.581706064088004,0.7044702022808307
4,0.6428571428571429,0.6317159015252681,0.5909558071506967,0.7073647737012982
5,0.6503083248912737,0.6115850763355227,0.58787255912621,0.7106423219330877
6,0.6585303184797437,0.5922659998194899,0.58787255912621,0.7102858708426739
7,0.6695786228160329,0.572819221240276,0.58787255912621,0.7150551633869143
8,0.6919321684896149,0.5558539475223389,0.5796505652927054,0.7222285128570901
9,0.7047790339769832,0.532313007061185,0.5755395684372117,0.7305923865730937
10,0.7153134635149023,0.5172120559987404,0.5704008222912713,0.7398050927919817
11,0.7279033914499391,0.4993028660656124,0.571428571581718,0.7484304189436972
12,0.7484583760337006,0.4736618897958993,0.5570400823730849,0.757315930947738
13,0.7615621787058486,0.4556398411326394,0.5447070916228279,0.7697494354669506
14,0.7667009250968235,0.43755117732598875,0.5560123331438969,0.7838396379170903
15,0.7823741007194245,0.42057142402873376,0.5467625900812041,0.80116168641603
16,0.7970195272966132,0.40504607178446933,0.5354573484223033,0.8142343269467721
17,0.8021582733200363,0.385833151477704,0.5395683453390556,0.8315816952292745
18,0.8054984584986735,0.38599560194613386,0.5447070916228279,0.8454369791732662
19,0.8173175746343364,0.3698906805385421,0.5354573485601353,0.8611810068922444
20,0.8299075026918903,0.35102792456363235,0.5282631039558188,0.8789607482480856
21,0.8293936280160377,0.3373035771383656,0.5354573485601353,0.8998228763627368
22,0.8448098662700829,0.32614218769068587,0.531346351643383,0.9181128686403076
23,0.8401849947999952,0.3230643216348258,0.532374100872571,0.93486151322799
24,0.8396711201241426,0.32057444673157914,0.5303186024141949,0.9527094906917701
25,0.8430113051190038,0.31482871359200787,0.5272353547266306,0.9785007048486316
26,0.8378725592180979,0.3127099418627885,0.5241521070390665,1.0087298138903689
27,0.8543165468851072,0.29902517881324825,0.5272353546041134,1.0287014968838746
28,0.8563720452822247,0.295893599354841,0.5282631038945601,1.0436781757537041
29,0.8612538539370922,0.28083555306952146,0.5251798562682545,1.0681163046857436
30,0.8676772868645521,0.27140257182126176,0.5272353547266306,1.0874910349713567
31,0.8669064748814025,0.2680758619479996,0.5251798562069958,1.1076091031743958
32,0.8669064747588853,0.2709318290388964,0.5303186023529363,1.1201571897514555
33,0.8705035971835607,0.2633876161303329,0.5282631038945601,1.1427390387957534
34,0.8728160330104926,0.2543689680705948,0.531346351643383,1.1639254453370897
35,0.8771839669895074,0.2581022042103441,0.5354573484988766,1.1856806017267005
36,0.8951695785615574,0.25064696066793657,0.5344295992696886,1.2031622333614824
37,0.9069886946359617,0.25542711874686436,0.5354573485601353,1.2240458458570145
38,0.9275436792197232,0.23479540567971452,0.5292908531850068,1.2410907670625801
39,0.9224049332575587,0.23275057547261513,0.5190133608318673,1.269469314096888
40,0.9200924973693683,0.2339192434976917,0.5251798562682545,1.2814216840426453
41,0.9236896197327852,0.23394631714639536,0.5292908531237481,1.3133569145986748
42,0.9134121273183872,0.2397551076354618,0.5210688592289849,1.3341881874776451
43,0.9177800616036951,0.23919150410918757,0.5323741007500538,1.3558076248874644
44,0.9185508734643275,0.23120452599927308,0.526207605436184,1.3753166076213212
45,0.9185508734643275,0.23763313662846555,0.5241521069778078,1.4076209842607394
46,0.9206063719227037,0.2261034631594357,0.5344295992696886,1.4334519745022027
47,0.9257451180686441,0.2262527533602984,0.5334018500405004,1.4572152848846498
48,0.9236896197327852,0.2215506812176626,0.5251798562682545,1.4573758425227417
49,0.9272867420349434,0.21874988474189194,0.5169578624347498,1.4669361673180639
50,0.9344809865780014,0.20984409383487604,0.5200411101223141,1.4934050554116731
51,0.9342240492094458,0.20003166843783818,0.5231243578098783,1.5291076652315145
52,0.9311408015218815,0.2130797132007387,0.5303186024141949,1.557646185129054
53,0.9352517984998925,0.20932017092163246,0.5344295991931153,1.5743445222938905
54,0.9321685507510696,0.2078707088761315,0.5334018499639271,1.5904040206740595
55,0.937050359589713,0.20149103295582538,0.531346351505551,1.61525624555527
56,0.9406474819531299,0.19816749771905706,0.5344295991931153,1.6388742264593739
57,0.9378211716341213,0.20118046613201454,0.5262076053596106,1.668964259793555
58,0.9447584789311408,0.19626545912192758,0.5375128470185114,1.6879109130733918
59,0.9450154161771792,0.19777245974246668,0.5426515931644518,1.706504298138594
60,0.9424460431654677,0.19242001725370322,0.5303186024141949,1.7265638327427049
61,0.9457862280990702,0.18585455852569313,0.532374100872571,1.7390287890341152
62,0.94039054476835,0.19076746460222635,0.5375128470185114,1.756052252690079
63,0.9427029805952819,0.18951979824719914,0.5282631038333014,1.7969527011785085
64,0.9383350462487153,0.19132535709384044,0.527235354665372,1.833249914192835
65,0.9373072969582686,0.19269416019519578,0.526207605436184,1.8634933832370488
66,0.9396197327239418,0.18854255135815287,0.5231243577486197,1.8910714391569194
67,0.9403905447070915,0.1855372679855326,0.5241521069778078,1.902241955068104
68,0.9480986638647434,0.1764160740626679,0.5292908531237481,1.9196817071195251
69,0.9488694758478932,0.16774401821402826,0.527235354665372,1.9425184229295032
70,0.943730729640694,0.17845745671077232,0.5251798561457373,1.9563681792624807
71,0.9429599179025789,0.17940874264517154,0.5251798562069958,1.9819467097122647
72,0.9488694757866345,0.16951210814444895,0.5251798562069958,2.0214118460099475
73,0.9416752313660938,0.1783801242785733,0.5303186023529363,2.0213524589558176
74,0.9488694757866345,0.17352690439736365,0.5292908531237481,2.0429087520748346
75,0.9427029805340232,0.17702697304757992,0.5190133608318673,2.0878186934040848
76,0.9473278519428524,0.17686899860158853,0.5159301131443031,2.124018229291471
77,0.9388489208633094,0.1872899649781534,0.513874614685927,2.1333019483493754
78,0.9432168550261001,0.17371493450845502,0.5159301131443031,2.1356863698635906
79,0.9365364850363775,0.18556592879167932,0.5107913669983628,2.1620063838096217
80,0.946813977389517,0.17151112721243228,0.5159301131443031,2.1585229854544536
81,0.9409044191991682,0.1755981566910876,0.5149023639151151,2.1920029688224516
82,0.9391058581093478,0.17435223714114462,0.5190133608318673,2.240894267149844
83,0.9511819115523077,0.17101549538654512,0.5159301131443031,2.2662228151068535
84,0.9514388488596047,0.1679173688052982,0.526207605436184,2.282716874105957
85,0.9550359712230215,0.16697137965940376,0.5241521069165491,2.3074351354346123
86,0.9480986639260021,0.17455260263409422,0.5210688592289849,2.3297023986373384
87,0.9578622816032888,0.15621331203173758,0.5200411099997968,2.3552238321255317
88,0.9532374100106838,0.16015217788632335,0.5200411099997968,2.395003198719711
89,0.9524665981500514,0.16562159130500986,0.5149023638538565,2.40522553815381
90,0.9576053441734745,0.15456211805833697,0.5241521069165491,2.4333292396561093
91,0.9542651592398719,0.16144902477345266,0.5231243576873611,2.44421710360332
92,0.9552929085303186,0.15474236666972443,0.5190133607706088,2.4684549620315694
93,0.9491264130939315,0.16743100004965575,0.5210688592289849,2.4554336392009612
94,0.9498972250158225,0.15741982256643328,0.5231243576873611,2.490237406566969
95,0.9486125384793375,0.1586112200080552,0.5190133607706088,2.5001103338945314
96,0.9516957861669016,0.15731384791242378,0.5282631038333014,2.521527380761973
97,0.9532374100106838,0.15516945954033184,0.527235354665372,2.5397706764452503
98,0.9529804727033868,0.1550877472234532,0.5344295992696886,2.5609581389628113
99,0.9532374099494252,0.156528126253131,0.526207605436184,2.5735879003205255
100,0.9547790337932073,0.15186207203188756,0.527235354665372,2.5918543108443193
101,0.9576053442959918,0.1474044390849746,0.5251798562069958,2.625211287867986
102,0.9509249743062693,0.1599539661931232,0.5220966085194316,2.664731023735525
103,0.9576053442347332,0.1461846287700157,0.5303186023529363,2.686863652726239
104,0.9565775950668037,0.14161327801346166,0.5303186023529363,2.7155854094310263
105,0.9594039055083295,0.14698908909129213,0.5251798562069958,2.7340006813606035
106,0.9588900307099596,0.14186292698363728,0.5241521070390665,2.7628033246925408
107,0.9532374099494252,0.1606594822144582,0.516957862296918,2.7861945607066767
108,0.9594039053858123,0.146022660361042,0.5128468653801657,2.788988982295696
109,0.9578622815420301,0.14875028675224897,0.5128468653801657,2.814088715066155
110,0.959917780061665,0.1422395059209076,0.5220966084428583,2.812474311071947
111,0.9560637203296924,0.14905290322460593,0.5210688592136703,2.8092725063766997
112,0.9532374099494252,0.15029915030911672,0.5241521069012345,2.84531216018614
113,0.9586330934639212,0.14781471831151663,0.5210688592136703,2.865339370327643
114,0.9565775950055451,0.1481383277174135,0.5190133607552941,2.8941269161032257
115,0.9599177800004063,0.13947519787107684,0.5272353545887988,2.924611986969872
116,0.9519527234129401,0.15203772800738127,0.5220966084428583,2.9442849428778683
117,0.9522096608427544,0.14692834601617913,0.5241521069012345,2.9344049210661116
118,0.9568345323741008,0.14757428037238146,0.5241521070390665,2.9567593714683666
119,0.9576053442959918,0.14015747423744152,0.5231243578098783,2.9729719005165216
120,0.9576053442959918,0.1411960302925796,0.5282631039558188,2.9823193128650503
121,0.9609455292295944,0.13675257748898353,0.5210688593515022,2.9840609324064187
122,0.9537512846252778,0.1467743676925367,0.5220966085806903,3.0102873779641883
123,0.9537512846865365,0.14886530670973894,0.5231243576720465,3.0212703363745943
124,0.9527235354573484,0.14379386392872845,0.5210688593515022,3.040525945583081
125,0.9570914695588805,0.1417288182940782,0.5241521070390665,3.0379908748912907
126,0.9617163412127441,0.13509475518657393,0.5231243578098783,3.0311300271829134
127,0.9565775950668037,0.1445111342670371,0.5159301130677298,3.066701513155146
128,0.9570914696813977,0.14787177742676155,0.5210688592136703,3.0762457156597893
129,0.9563206577595067,0.14334965524821708,0.5231243576720465,3.0844517616671867
130,0.9545220966084276,0.13967569794157425,0.5251798562682545,3.0853685445677708
131,0.9653134633923851,0.13114549268615208,0.5262076054974426,3.1115013692998934
132,0.9599177800004063,0.1348836849245481,0.5282631038179868,3.1452386763946127
133,0.9627440903806735,0.13616642839862042,0.5272353547266306,3.181851928550195
134,0.9655704008221994,0.12644484222609118,0.5272353545887988,3.2098035910391736
135,0.9599177799391477,0.13595376003682919,0.530318602276363,3.2254921030042594
136,0.9622302157660795,0.12822662120855358,0.5323741007347391,3.2171474429343245
137,0.959917780061665,0.13361266602255703,0.5334018499639271,3.250746348166392
138,0.955035971161763,0.1421543801584322,0.5241521069012345,3.2543348089886592
139,0.9570914696813977,0.13683243397573527,0.5200411099844822,3.315044998510033
140,0.9550359712230215,0.1425991350400117,0.5138746146093537,3.356931741779167
141,0.9537512846865365,0.15501331652821887,0.5200411099844822,3.347632911933044
142,0.9534943473179809,0.14351966773434507,0.5200411099844822,3.372910118299055
143,0.9591469680785153,0.13846746508993077,0.5200411101223141,3.4149248048678453
144,0.9545220964859102,0.14767172872897655,0.5149023639763737,3.4279797898044566
145,0.9627440904419322,0.13358877025705448,0.5128468653801657,3.4351081049332026
146,0.9601747172464448,0.13422372284798068,0.5159301130677298,3.4335402124097145
147,0.9612024665368915,0.12834258515383945,0.516957862296918,3.4487751640249256
148,0.9588900307712183,0.13286230579125796,0.5169578624347498,3.450204417982425
149,0.9596608426318507,0.13894815695494075,0.5190133607552941,3.4281612256080494
150,0.963257964934009,0.1284620634606539,0.5210688592136703,3.453668423326263
151,0.9647995889003084,0.1301621259759656,0.5200411101223141,3.483308030056929
152,0.9645426515317527,0.12735921129170816,0.5220966085806903,3.507254217290927
153,0.9599177799391477,0.13147541833132168,0.5169578624347498,3.521915174094158
154,0.9558067830223954,0.13664795250037468,0.5282631039558188,3.5125632972168406
155,0.9604316545537417,0.13426030349878465,0.5220966085806903,3.5231839485795744
156,0.9501541623843782,0.1444733093845881,0.5251798562682545,3.498100778181776
157,0.9701952722922871,0.11757516058473891,0.531346351643383,3.501784477547531
158,0.9599177800004063,0.13855786016641639,0.5385405961864409,3.494995365652494
159,0.9581192188493272,0.1360618370103689,0.5292908531850068,3.4889058723724147
160,0.9614594037829298,0.13462250878056176,0.517985611526106,3.551277816846951
161,0.95529290846906,0.1377918195105775,0.5169578623734913,3.5580283838332862
162,0.9604316546150004,0.12866119551879163,0.5251798562069958,3.5542619088693366
163,0.9558067832674298,0.140214568205017,0.5241521070390665,3.551529389858736
164,0.9617163411514854,0.1326140761528574,0.5272353547266306,3.539923875206911
165,0.9647995889003084,0.1253962296713048,0.5241521070390665,3.5482952979461264
166,0.9619732784587824,0.1264801162073938,0.5210688592136703,3.572453799252642
167,0.9594039053858123,0.13227783978169158,0.5251798562682545,3.554474147471225
168,0.9676258991580583,0.12040502761030246,0.5210688593515022,3.5821611374034665
169,0.968396711141208,0.1253074157029727,0.5210688593515022,3.5834331492848412
170,0.968910585755802,0.12940914232096226,0.5179856116026793,3.594839255831837
171,0.9678828364653553,0.13613174465185324,0.5210688592902435,3.5977436988963865
172,0.9665981500513875,0.13434138360365322,0.5210688593515022,3.5966685408800996
173,0.9632579649952676,0.13785480344926465,0.5231243578098783,3.6187541158936862
174,0.9707091469681398,0.13190238425108047,0.5159301132055618,3.66256117943257
175,0.9640287769171586,0.13671861938129104,0.5200411101223141,3.666856849548873
176,0.9645426515930113,0.13876569396667834,0.5210688593515022,3.693442044253217
177,0.9640287769784173,0.13663051514776245,0.5231243578098783,3.698191696668823
178,0.9691675231243576,0.12688508253824063,0.5262076054974426,3.7108393053601727
179,0.9686536485097637,0.12797943283664973,0.5200411101223141,3.7216969487110854
180,0.9663412126828318,0.13520898649283328,0.5210688593515022,3.7498374132311234
181,0.9678828365878726,0.1229745418269796,0.5231243578098783,3.7563202947163754
182,0.9681397738339109,0.12993016292294152,0.5251798562682545,3.760195006814547
183,0.9676258991580583,0.12918311331463253,0.5200411101223141,3.77427107604165
184,0.968653648448505,0.1298924249281986,0.519013360893126,3.7830786822633655
185,0.9635149023025646,0.13465167605772782,0.5200411101223141,3.7975048102430793
186,0.9650565262076053,0.13311785108812788,0.5220966085806903,3.8103192791051756
187,0.9673689619120199,0.13237829777466675,0.5241521069778078,3.8064058976207704
188,0.967625899219317,0.13061099540047877,0.517985611663938,3.8360658044805263
189,0.9699383349237315,0.13124298136623888,0.5200411101223141,3.8160446638438588
190,0.9658273380682377,0.13192574055013528,0.5241521070390665,3.806030207278182
191,0.9689105858170607,0.13039625635923854,0.5220966085806903,3.812661600259936
192,0.9650565262076053,0.1331422861669316,0.5138746147471857,3.820578251198654
193,0.96993833498499,0.12452697899395491,0.519013360893126,3.8284685325034475
194,0.9686536483872463,0.13078917518549074,0.519013360893126,3.8369248479390317
195,0.9704522095995841,0.12839884116464625,0.5149023639763737,3.8294036234025475
196,0.9719938335046249,0.12468455142254452,0.5149023639763737,3.8259132616566482
197,0.9665981500513875,0.13618054193466564,0.505652620913681,3.8325232797879476
198,0.9632579650565262,0.13280347200208187,0.513874614685927,3.851437846043617
199,0.967625899219317,0.1317513338371514,0.5190133608318673,3.8548045677859393
200,0.968910585755802,0.12552684969732963,0.5190133608318673,3.8718248217348448
201,0.9704522095995841,0.1309345376209757,0.5169578623734913,3.882461653216402
202,0.9678828365878726,0.1268214785780103,0.5241521069165491,3.880952630724226
203,0.9642857142857143,0.13971918559454205,0.5220966085194316,3.886359429432946
204,0.9655704008221994,0.13323215621869097,0.5118191162888095,3.8728059820624074
205,0.9712230214602166,0.12768374094002538,0.5077081193720572,3.8593157271319525
206,0.9681397738951696,0.1264797345738004,0.5149023639151151,3.8695252027442986
207,0.9642857142244556,0.13343177173757603,0.5231243578098783,3.8529843808690667
208,0.9673689619732785,0.12679141367051486,0.513874614685927,3.8816447826475673
209,0.9691675230630991,0.12834641663596907,0.5210688593515022,3.920213241616354
210,0.9655704008221994,0.1303995031966825,0.5128468655179975,3.9257835827285437
211,0.9683967112024666,0.1279803667550587,0.5107913670596214,3.9191090901365997
212,0.96993833498499,0.1262900180892611,0.5087358686012452,3.933389752888851
213,0.9701952723535457,0.12323412065607671,0.5077081193720572,3.9596418070033543
214,0.968396711141208,0.12779614758148466,0.5015416239969287,3.949936111563891
215,0.9668550873586845,0.13031068378016122,0.5077081193107985,3.953201535059271
216,0.9701952722922871,0.12915397276920013,0.5046248716232343,3.9791728261808452
217,0.9627440904419322,0.1428347375599968,0.4953751285605416,4.04610705351168
218,0.9712230215827338,0.12626592520115187,0.49743062701891777,4.0638417148884125
219,0.9681397738339109,0.12825432405993725,0.49948612547729393,4.057223862023663
220,0.9665981500513875,0.12944672424020773,0.5025693731648582,4.061106470113913
221,0.9678828365266139,0.1273915812158756,0.5025693731648582,4.080350551918869
222,0.9722507708119219,0.12398467226315746,0.5025693731648582,4.056680366657253
223,0.9671120246047229,0.12843332177780392,0.5025693731648582,4.069016584021949
224,0.9701952723535457,0.1288811354711269,0.5035971223940462,4.06291987692587
225,0.9691675230630991,0.1254009452073204,0.5087358685399866,4.058684564200359
226,0.9660842754367934,0.12957991342627867,0.5046248716232343,4.064573403130088
227,0.9678828365878726,0.12643777379978596,0.5066803700816105,4.048324561437624
228,0.9673689619732785,0.12871107207907925,0.5077081193107985,4.040248755683389
229,0.9650565260850881,0.1334683769990337,0.5066803700816105,4.033195908733654
230,0.9642857141631971,0.13776379964579535,0.5077081193107985,4.036772554971944
231,0.9686536485097637,0.12681904360115956,0.5056526208524224,4.05017229121366
232,0.9701952722310285,0.12469277101332457,0.5066803700816105,4.0507032315017995
233,0.9668550872974259,0.13391133612988543,0.5087358685399866,4.058894629836205
234,0.9699383350462487,0.1283234500566465,0.5046248716232343,4.060394241532956
235,0.9717368961973278,0.12244756365882162,0.5118191162275508,4.061090516406978
236,0.9704522095995841,0.12067012343352769,0.5190133608318673,4.076931978423696
237,0.9691675231243576,0.1259816175925891,0.5118191162275508,4.078668400293019
238,0.9642857141631971,0.13343640975079826,0.5107913669983628,4.066629992482106
239,0.9704522095995841,0.12462130343619991,0.5035971223940462,4.064927925431348
240,0.9712230215827338,0.12441786342632612,0.5046248716844929,4.0891216823032925
241,0.9712230215827338,0.12079501063213564,0.5128468655179975,4.121668019740701
242,0.9732785199185927,0.12016191683472244,0.5128468655179975,4.12357043092812
243,0.9691675230630991,0.12126000729396189,0.5200411101223141,4.150692245330497
244,0.9686536485097637,0.12481975197056949,0.5159301132055618,4.153755490360868
245,0.9663412126828318,0.12741062302383588,0.5128468655179975,4.145953939973022
246,0.9686536485097637,0.1302133445596401,0.5087358685399866,4.148181823150227
247,0.9691675231243576,0.13034016051677125,0.519013360893126,4.154508300087312
248,0.9689105858170607,0.12358367209919065,0.5200411101223141,4.156513691438556
249,0.968653648448505,0.13612441929920605,0.5138746147471857,4.164868132306028
