epoch,acc,loss,val_acc,val_loss
0,0.5665467625286694,0.7102653492023864,0.5817060640267453,0.7086650893965091
1,0.6040596095165516,0.6964836832430723,0.5868448102339444,0.7053784054817913
2,0.630524152106886,0.6813485104770601,0.5960945532966371,0.7016574134562023
3,0.6402877696616555,0.6665313338204254,0.6012332994425774,0.6978451272076472
4,0.6479958889418246,0.649291509224479,0.5930113056090728,0.6958380119773614
5,0.6526207606569469,0.6290265684382643,0.5919835560429623,0.6947011286651242
6,0.6793422406158369,0.611518050636809,0.6043165467932192,0.6927222044102824
7,0.6806269269685461,0.5904432297488034,0.5991778006472789,0.6924508661184869
8,0.6914182938137623,0.5740851083615334,0.6032887975640312,0.6939433455344707
9,0.6975847894339253,0.5556385449123284,0.5971223021889027,0.6971852133109905
10,0.7009249744287865,0.5335650434229381,0.601233299105655,0.6968542170181549
11,0.7019527234741987,0.5208142526899555,0.5817060638123401,0.6996316381740668
12,0.6983556011720404,0.5085258758937957,0.5755395684372117,0.7054005069820879
13,0.7065775950055451,0.49578924497009424,0.5817060638123401,0.7087699230626333
14,0.7068345323741008,0.49068221829655484,0.5806783146444107,0.7115183087316593
15,0.7135149023025646,0.47426512111495234,0.572456320810906,0.7161710025227694
16,0.7304727647679438,0.4503107104308804,0.583761562331975,0.719842767053861
17,0.7191675230018404,0.4493980989671807,0.584789311561163,0.722229620964407
18,0.7209660843060661,0.44253868330174334,0.5817060638735988,0.7266809211360464
19,0.7212230215827338,0.43275531728245614,0.5734840700400942,0.7321428321493371
20,0.7130010278104878,0.4325151905984085,0.5817060638735988,0.7362347479224327
21,0.7245632065775951,0.41921862390156517,0.5827338130415283,0.7414756891416253
22,0.7150565260850881,0.42538194212859604,0.5786228160635173,0.7427681999975951
23,0.7219938335658835,0.4066635408847452,0.5827338129802696,0.7439026824004359
24,0.7227646453039986,0.4027535569263509,0.5899280575845861,0.7525539262811792
25,0.7610483041525132,0.387226474585293,0.5786228160635173,0.7592365469741429
26,0.8047276463317479,0.3940732177703011,0.5817060637510815,0.7656996386146742
27,0.8108941419519109,0.37719579217122734,0.5786228160635173,0.772686305908603
28,0.8088386434322761,0.3740321287209549,0.5796505652927054,0.7809293628474057
29,0.8191161357241569,0.365631503044395,0.5868448098970219,0.7851676935404692
30,0.8206577594454217,0.3616047129111569,0.5817060637510815,0.7925409661780158
31,0.825282631160544,0.3659297258795104,0.5847893114386458,0.7961089655159679
32,0.8234840699482062,0.35688676220294996,0.574511819146765,0.8021325248485969
33,0.8409558067218863,0.35014169250460836,0.5827338129802696,0.8062346137194815
34,0.8306783145525227,0.3461573900078698,0.5837615622707163,0.81035981173383
35,0.8419835559510743,0.34493000036582183,0.5775950668955878,0.8218193312710628
36,0.8535457348406988,0.3381970551435406,0.5734840699788355,0.8326106605647402
37,0.8597122300933101,0.3214660410492663,0.5734840699788355,0.839163602562382
38,0.8633093525179856,0.3258593151956521,0.572456320810906,0.8556448888925707
39,0.8743576566704988,0.31514946419558076,0.5765673177276583,0.8603578405292036
40,0.8830935253023734,0.31151000391175054,0.5817060638735988,0.8734844502785223
41,0.8792394654478836,0.3102995378232321,0.571428571581718,0.8887106398271755
42,0.8787255908332895,0.30861606504787276,0.579650565353964,0.901801750201728
43,0.8838643371017472,0.306968664446078,0.5745118192080236,0.9173577454205285
44,0.890030832415617,0.30269264424447534,0.5704008222912713,0.9294550168918558
45,0.8967112025278567,0.29480867548812206,0.5673175746649657,0.938321108440701
46,0.8995375129693827,0.2923360840022135,0.5734840699788355,0.9508373526605526
47,0.8992805754170511,0.28690411096854174,0.5775950668955878,0.9643498437377679
48,0.9028776978417267,0.28070735847165873,0.5724563207496475,0.9775293122092596
49,0.9031346352715409,0.27672980736485486,0.5683453238328952,0.9896109428827221
50,0.9041623843169531,0.2793435689142282,0.5693730730620832,1.0017563780924768
51,0.9018499484900213,0.2802284692566294,0.5704008222912713,1.0194425684575064
52,0.9015930111827243,0.27628985068780915,0.5652620761453309,1.0529112232674798
53,0.9057040080994766,0.2654631528065359,0.5652620761453309,1.0761601999631767
54,0.9093011305241521,0.2680386803500576,0.5632065776869547,1.0881629291565789
55,0.9139260019942398,0.26719646867965746,0.5570400823118262,1.1047095960850337
56,0.9182939362182891,0.25837286225570805,0.5621788284577667,1.116468893538276
57,0.9221479957664859,0.2511323176760835,0.5652620761453309,1.127243060982362
58,0.9190647481401802,0.2531389351034459,0.5632065776869547,1.1357639163028055
59,0.923946556917565,0.245976281910369,0.5652620761453309,1.1620986337896977
60,0.9198355600008127,0.24927236239319592,0.566289825374519,1.1788872394630376
61,0.9221479957664859,0.24771362815706974,0.5642343269161428,1.197552266493363
62,0.9157245630840604,0.25321590195946925,0.5632065776869547,1.2225168933603772
63,0.921120246659815,0.2454060209495803,0.5570400823730849,1.2475468602724458
64,0.9170092496818041,0.24564907184485174,0.5632065777482134,1.2743426601786285
65,0.9265159300517938,0.23808045724343666,0.5601233299993905,1.2949003471254934
66,0.9301130524152107,0.23168053665607097,0.5601233299993905,1.3003594256623554
67,0.9229188078721527,0.2391715510714826,0.552929085395074,1.3257265371506899
68,0.9267728673590908,0.23137236554233045,0.5590955807702024,1.333383211006486
69,0.9283144911416144,0.22496680480419426,0.5652620761453309,1.3559793692085995
70,0.9252312435153087,0.233919158577919,0.5683453238941537,1.379161801269586
71,0.9280575538955759,0.22885934676197792,0.5673175746649657,1.3918264388793051
72,0.920863309352518,0.23572369218485206,0.5652620762065895,1.4036209550202812
73,0.9306269269685461,0.2265717242475894,0.5611510792898372,1.4239602692938291
74,0.926772867481608,0.23132354088456877,0.5704008223525299,1.4409043431159527
75,0.9247173689619733,0.2279538358011324,0.5755395684984703,1.4557916015417212
76,0.9265159301130524,0.22489541663356577,0.5683453238941537,1.4717798457238804
77,0.924460431532159,0.22512998340798795,0.5683453238941537,1.4835053733784518
78,0.9278006165270203,0.22321124532607453,0.5673175746649657,1.4965416947714716
79,0.9308838642145845,0.22116149164054769,0.567317574603707,1.5011777409791702
80,0.9313977389516958,0.21920386086938806,0.5611510792898372,1.5280078152100818
81,0.9362795477290805,0.21496258515248196,0.5673175746649657,1.5395987409971967
82,0.9373072970195272,0.2083950764657537,0.5693730731233418,1.5526112843637967
83,0.9288283657562083,0.2187647311072433,0.5693730731233418,1.5799749277355981
84,0.9257451181299027,0.22349609036423565,0.559095580831461,1.5960897530705687
85,0.928828365817467,0.21976661241066786,0.5621788285190253,1.6058386625513388
86,0.9334532374100719,0.20951302093812643,0.572456320810906,1.6209890755450493
87,0.9331962999802577,0.2119417983850987,0.5632065777482134,1.6358665325903818
88,0.9262589926832382,0.2161797358284016,0.5601233300606492,1.6432475233862114
89,0.9324254881808839,0.21006255387831077,0.5683453238941537,1.6482204291950395
90,0.9337101746561103,0.20888352766250168,0.5652620762065895,1.6828710906674658
91,0.9367934223436746,0.20560207956863943,0.5662898254357777,1.7011646659621722
92,0.9355087358684481,0.20580720301154706,0.5755395684984703,1.7199727413220616
93,0.9349948611313368,0.20845034672569518,0.5745118192692822,1.7263806231342875
94,0.9357656731144864,0.20747473525057594,0.5745118192692822,1.7435057106880587
95,0.9293422404933196,0.21194213957268312,0.5734840700400942,1.747508749564897
96,0.9347379239465571,0.20683358762822932,0.5765673177276583,1.7753071735966242
97,0.937564234204307,0.2023988728165504,0.5704008223525299,1.78271395451976
98,0.9339671119634073,0.20130465701145847,0.5673175746649657,1.8152150282021784
99,0.9339671119021488,0.2024328473109258,0.571428571581718,1.8387327088849028
100,0.93448098663926,0.20293413315500533,0.5745118192692822,1.8559820848035666
101,0.9416752311823179,0.19371364558955995,0.5765673177276583,1.8839879962180157
102,0.9385919836785296,0.2007931243907756,0.5755395684984703,1.894140817891167
103,0.9388489208633094,0.19317234968354988,0.5765673177276583,1.897081055597068
104,0.9334532373488134,0.20501686687765974,0.5683453238941537,1.9021551464468944
105,0.9347379238852984,0.19705643965063457,0.5673175746649657,1.8994207438560087
106,0.9445015415013265,0.18729219159143926,0.5693730731233418,1.9003614782674463
107,0.942959917718803,0.1893969313275042,0.5704008223525299,1.9274853708075106
108,0.937050359589713,0.19659124581260035,0.571428571581718,1.9384947043651177
109,0.9424460430429503,0.1864789702143723,0.572456320810906,1.9447749714689657
110,0.9378211715728626,0.195694288792125,0.5817060638735988,1.9353348015513718
111,0.9416752311823179,0.1880089011797557,0.5817060638735988,1.9639722906428276
112,0.9373072970195272,0.19455686211585999,0.5775950669568465,1.972700004587438
113,0.947584789311408,0.18042164625942647,0.5796505654152226,1.9908557881554254
114,0.9411613567514998,0.18993054111349375,0.5775950669568465,2.0097497629359715
115,0.9313977389516958,0.20098666770944615,0.5796505654152226,2.031599716439399
116,0.9388489208633094,0.18921968546855855,0.5796505652773907,2.0416257503956463
117,0.9432168549648414,0.18606243716727058,0.5775950668190145,2.0454162615298737
118,0.9463001026524057,0.1813219859200661,0.5796505652773907,2.050788435146963
119,0.9429599177800617,0.18636652026306322,0.5806783145065788,2.063216065576363
120,0.94655704008222,0.18255145856986188,0.571428571443886,2.088990194579435
121,0.9385919834947537,0.18962113618973225,0.5755395683606384,2.1262858470199286
122,0.9403905445845742,0.18649147115532932,0.5755395683606384,2.153622750265625
123,0.9429599177800617,0.18001738469377696,0.5765673175898265,2.1750488474827265
124,0.9447584788698822,0.18096969063027177,0.5806783145065788,2.1921768879473884
125,0.9424460430429503,0.18458612286174653,0.5683453237563219,2.2142742020743236
126,0.9393627956004207,0.1800393050829406,0.5693730729855099,2.2392910470207816
127,0.9488694758478932,0.17486697748563762,0.5683453237563219,2.250994537986685
128,0.9378211715728626,0.18599224133457212,0.570400822214698,2.253651543976959
129,0.9411613565064653,0.1835052035480952,0.5642343268395695,2.268316764625714
130,0.9460431654063672,0.17694145107195777,0.570400822214698,2.2896517376737995
131,0.9545220966084276,0.16449504144267701,0.5745118191314503,2.309195171034716
132,0.9475847891888908,0.17487917094657013,0.5642343268395695,2.3097759736405123
133,0.9411613565677239,0.1821245734578904,0.571428571443886,2.3163988568187373
134,0.9468139773282583,0.176328902667865,0.5724563206730742,2.3304287404710196
135,0.9452723535457348,0.17308875010994942,0.5786228160482026,2.373161749138984
136,0.9411613565677239,0.17781308711432725,0.5796505652773907,2.3860215596770455
137,0.9452723535457348,0.17560731757428394,0.571428571443886,2.3991742807939143
138,0.9411613565677239,0.17772727206211542,0.572456320810906,2.411563641978437
139,0.9403905445845742,0.18026831553136702,0.5693730731233418,2.4319224051311843
140,0.9442446041940296,0.1743466766648768,0.5683453238328952,2.451988206002842
141,0.9416752312435765,0.17915095712794307,0.5683453238328952,2.4724941280615904
142,0.9529804727646455,0.1626105414816434,0.5745118192080236,2.4714175316927243
143,0.9432168550261001,0.1755904716277784,0.5683453238328952,2.4783291409954136
144,0.9447584789311408,0.17591141904766489,0.5704008222912713,2.502188517402892
145,0.9522096607202372,0.16472497714141657,0.5765673176663998,2.496445505616599
146,0.9401336072772772,0.179551832829693,0.572456320810906,2.503651738534361
147,0.9519527236579746,0.16486240033623126,0.5806783146444107,2.508844866904546
148,0.9406474821369057,0.1773148865150891,0.5775950668955878,2.520178134492833
149,0.946813977389517,0.16906258008248515,0.5724563207496475,2.5459354257044544
150,0.943730729640694,0.17016523955476,0.5765673176663998,2.556821523687945
151,0.9452723534232176,0.17465126627763275,0.5734840699788355,2.5628489026797885
152,0.9455292907305146,0.17034543101184782,0.5775950669568465,2.571154263624797
153,0.9434737923946557,0.17275512799666573,0.5755395684372117,2.602251085201001
154,0.944501541746361,0.16811584458444248,0.5755395684984703,2.616394687409514
155,0.9516957862281603,0.16304163614102282,0.5683453238941537,2.6207208020836577
156,0.9470709146355554,0.17074821978225493,0.5745118192692822,2.617789990610356
157,0.942959917718803,0.17572174655447761,0.5806783146444107,2.6094792886481133
158,0.9540082221163507,0.16204628722028153,0.583761562194143,2.607509358201218
159,0.9437307295794355,0.1692818281798789,0.5889003084779153,2.620780699544673
160,0.9470709145742967,0.17000799242479828,0.5775950669568465,2.639782900677923
161,0.9480986638647434,0.1658583133187593,0.5745118192692822,2.654578911192248
162,0.9411613565677239,0.17669697283534572,0.5693730731233418,2.6730206586106586
163,0.9509249743062693,0.16520511530500523,0.5704008223525299,2.6654398698600934
164,0.9470709146355554,0.16548934508448146,0.5745118192692822,2.6687415195025985
165,0.9524665982725686,0.16055200217561633,0.5765673175898265,2.6877221732810983
166,0.9496402877085256,0.16486353544328833,0.5786228161860345,2.693969552587997
167,0.9522096608427544,0.160878216390252,0.5693730731233418,2.7162912813267015
168,0.9498972250158225,0.16202827340101045,0.5652620761453309,2.722271753852193
169,0.9491264130939315,0.1649198607912044,0.566289825374519,2.7278610202048323
170,0.9524665980275341,0.15898436396732116,0.567317574603707,2.7269891736931324
171,0.9468139773282583,0.16614516316802994,0.5611510792898372,2.7433172904207677
172,0.9519527234741987,0.16085075123765855,0.5621788285190253,2.7500335082243303
173,0.9480986639260021,0.16388525597115583,0.5662898254357777,2.7626181082514796
174,0.9493833504012286,0.16100598177953956,0.5765673177276583,2.7644453399105404
175,0.9516957861669016,0.16178908597252964,0.5704008222912713,2.7670306159683022
176,0.9452723534232176,0.16802283700360301,0.5621788284577667,2.7749646908210215
177,0.9496402876472669,0.16046116411502168,0.5601233299993905,2.7911524091448103
178,0.9522096608427544,0.15437878064910776,0.5601233300606492,2.797242241307618
179,0.9519527234129401,0.15668289704901098,0.559095580831461,2.8147580581970844
180,0.9486125384180788,0.1638874611286073,0.5560123331438969,2.8218318761803998
181,0.9509249743062693,0.15951404404297148,0.558067831602273,2.826439344380644
182,0.9470709146355554,0.1650829558382299,0.5447070916228279,2.850488526235504
183,0.9493833504624871,0.15994790415418356,0.5539568346855207,2.842235639185969
184,0.9450154161159205,0.16832619585395472,0.5601233300606492,2.862261822142802
185,0.9522096607202372,0.16006032572743337,0.5590955807702024,2.8505296888478857
186,0.9516957862281603,0.15855996901090932,0.5611510792285785,2.8748643753584955
187,0.9498972250158225,0.15749172713197881,0.5632065776869547,2.899873266974799
188,0.9463001027136643,0.16760665578011497,0.566289825374519,2.908224354299955
189,0.9524665982725686,0.15838904654318112,0.5632065776869547,2.90896262514873
190,0.9563206578820239,0.15046661090630298,0.5632065776869547,2.91262228466869
191,0.9496402877085256,0.15886729497764976,0.5570400823730849,2.9087641962018065
192,0.9537512846252778,0.15600550000891777,0.5570400823730849,2.9219223117534328
193,0.9511819115523077,0.16007839423534437,0.5539568346855207,2.95758280063092
194,0.9537512846252778,0.15191439400596463,0.557040082235253,2.9605369121908285
195,0.9519527234741987,0.15520321218658695,0.5519013360893126,2.9678052900261402
196,0.9511819116135662,0.15831441938387036,0.5560123330060649,2.969100538040114
197,0.9519527235354573,0.1517651749263687,0.558067831464441,2.983883349035406
198,0.94655704008222,0.16393906845953335,0.5642343268395695,2.976379625353759
199,0.9488694757866345,0.15835734151250166,0.5611510791520053,2.9900113470385277
200,0.9537512846252778,0.15427845989077335,0.558067831464441,2.9847469128905684
201,0.9509249743062693,0.15934908569226652,0.5560123330060649,2.995795296495522
202,0.9529804727033868,0.15379450731324024,0.5621788283811934,3.004344383957207
203,0.9506680369989723,0.15626498010825032,0.558067831464441,3.0097220510029965
204,0.9504110996916753,0.1555695650143834,0.5662898252979457,3.0059775208397737
205,0.9537512845640193,0.15058107184052835,0.5673175745271338,3.0281046159710936
206,0.9506680369989723,0.15876252567137134,0.570400822214698,3.022590816572293
207,0.9545220965471689,0.15945059477609083,0.5642343269774015,3.046678334321417
208,0.9545220965471689,0.15505751887028166,0.5652620762065895,3.0548841803806535
209,0.9555498458376156,0.15447316823368326,0.5642343269774015,3.042772519502708
210,0.9550359712230215,0.15437635486105117,0.5621788285190253,3.046205536557126
211,0.956063720390951,0.15324947493723215,0.5704008222912713,3.0307255722390907
212,0.9516957862281603,0.1659766699035268,0.5683453238328952,3.039902290361881
213,0.9542651591786133,0.15856723188741356,0.5714285714592008,3.0187732411313033
214,0.9463001027749229,0.17075561745071216,0.5652620761453309,3.0378896555454613
215,0.9542651591786133,0.16392253723688507,0.5632065777482134,3.040963813677844
216,0.9524665981500514,0.15648276192678823,0.5632065777482134,3.0502739876416824
217,0.955806783083654,0.1535443590393047,0.5704008222300126,3.0452684434810378
218,0.956320657698248,0.1468206292893144,0.5632065776869547,3.0412335623695084
219,0.9524665980887927,0.15713907929878196,0.5673175745424485,3.0567060359825455
220,0.9509249742450107,0.15465881330136283,0.5621788284577667,3.091877514632363
221,0.9522096607202372,0.1540582543593149,0.5693730730620832,3.0970895986272766
222,0.9540082218713163,0.1568862241132899,0.566289825374519,3.089210678102546
223,0.9583761560953655,0.14491144721640345,0.5693730730620832,3.124008077756719
224,0.955549845776357,0.14902825665804734,0.5683453238328952,3.121147599029149
225,0.95529290846906,0.14734806105081003,0.5652620761453309,3.133223637770038
226,0.9570914695588805,0.15158908490286824,0.5621788284577667,3.132476151173308
227,0.9537512846252778,0.15106955697455607,0.5652620760840723,3.1241761143381526
228,0.9583761562178829,0.14780330925199747,0.5714285714592008,3.1296308832080366
229,0.9506680369989723,0.15730736237727602,0.5693730730008246,3.1294815136006777
230,0.9573484068661775,0.1483247834358284,0.5724563207496475,3.1433080938345115
231,0.9516957861669016,0.15651891952550914,0.5642343268548842,3.147969744555874
232,0.9568345323741008,0.1442954709326498,0.5652620760840723,3.1703723900609737
233,0.9506680369377136,0.1536347740248443,0.5590955810458662,3.174824459579719
234,0.9568345323741008,0.14700058104139194,0.5662898253132603,3.185763842767949
235,0.9516957861669016,0.15837977656602614,0.5724563206883888,3.227325873899313
236,0.9519527236579746,0.15329998636662287,0.5724563207496475,3.2171459406277383
237,0.9573484069886947,0.1460126824715277,0.5714285715204593,3.2087648155020294
238,0.9565775950668037,0.15401535108302628,0.5734840699788355,3.2019851790915292
239,0.9547790338544659,0.15544688902251644,0.5693730730620832,3.197144991079803
240,0.9588900308324769,0.1439240870486183,0.5652620761453309,3.2032395056070797
241,0.960174717368962,0.14520345298230708,0.5632065776869547,3.1953228926487105
242,0.9622302157048209,0.14136033804602882,0.5724563207496475,3.2077215577936125
243,0.956320657698248,0.15076715908829746,0.567317574603707,3.2196686799577674
244,0.9534943473179809,0.15305207946930247,0.5652620760840723,3.2335218087007185
245,0.9514388488596047,0.15489932631294626,0.566289825374519,3.230953721323827
246,0.9583761562178829,0.14637600814297658,0.5662898252979457,3.244305127938752
247,0.9522096607814957,0.15121379151618738,0.571428571581718,3.2406008647867734
248,0.9545220966084276,0.15237822458684017,0.571428571581718,3.215968614982064
249,0.9586330934639212,0.1418527595829008,0.5683453238941537,3.231267703400364
