epoch,acc,loss,val_acc,val_loss
0,0.46736896209579576,0.7371876585275272,0.47173689622795717,0.7262684937493774
1,0.6230729700727551,0.6915190326469163,0.5251798561457373,0.7258972940930115
2,0.7194244603703961,0.6596012236158012,0.5354573487745404,0.7272894364099218
3,0.7777492292493368,0.6303764982311724,0.5323741010869762,0.7331651428988144
4,0.8090955807395731,0.6019064711152221,0.5364850980037286,0.7381368147138456
5,0.8399280574926982,0.581272688272188,0.5272353549410358,0.7459209861515237
6,0.8543165466400727,0.556604136175879,0.5251798564826596,0.7506292240592706
7,0.8782117162186955,0.5361106382857124,0.5272353548797772,0.7632926864222167
8,0.8848920863309353,0.5106732207910375,0.5231243580242835,0.7675543643710302
9,0.8985097635564187,0.49670149883655457,0.5190133607706088,0.7772713505106864
10,0.9036485098248763,0.4792778077252967,0.5251798564826596,0.7915532166274208
11,0.9100719423847845,0.46276586822101046,0.529290853399412,0.8020377761903549
12,0.9085303187247783,0.4486378224266029,0.5272353546041134,0.8129944888930404
13,0.9267728673590908,0.42876263209384124,0.5272353549410358,0.8246480631436253
14,0.9195786229385502,0.42057227469666764,0.5251798564826596,0.8394829372340337
15,0.9195786228160329,0.41370845811952667,0.5375128472329166,0.8474513172245711
16,0.9247173689007147,0.3962564543425608,0.5334018500405004,0.8560008681690338
17,0.9326824253656636,0.3808205018063121,0.5375128468959942,0.8699627012045018
18,0.929342240432061,0.36949137373916413,0.5447070915003107,0.8788984145927037
19,0.9295991778006166,0.35986317349607383,0.5344295992084299,0.8965166707323119
20,0.9324254881808839,0.3468395735903855,0.5292908531237481,0.9167495511418624
21,0.933967112024666,0.3375355120889942,0.5241521069778078,0.9457861107887982
22,0.9424460431654677,0.32229563596927374,0.5241521069165491,0.9659336842098805
23,0.9357656731757451,0.31795736654199286,0.5241521069778078,0.9855480078925577
24,0.9373072970195272,0.307423294601313,0.5272353546041134,0.9990974968530903
25,0.9383350461261981,0.303106231624519,0.5251798562069958,1.0238653823258574
26,0.9421891058581706,0.28923321535996516,0.5344295992084299,1.0415774132953028
27,0.9406474821369057,0.2857277770081625,0.5292908530624896,1.0445925373457685
28,0.9398766700312388,0.28068280814240426,0.5385405961251822,1.0764710027169349
29,0.9434737923946557,0.27027243942420504,0.5405960945835584,1.0909105360446707
30,0.9409044191991682,0.26655311724754915,0.5457348407294987,1.1131189395075345
31,0.943730729640694,0.25450257143773375,0.5364850976668061,1.1355163741087253
32,0.94655704008222,0.2493165956402364,0.5364850976668061,1.152567638767709
33,0.947841726618705,0.24327342907485588,0.5405960945835584,1.18321328099438
34,0.9455292907917733,0.2392052519082533,0.5395683453543704,1.203466546621254
35,0.947584789311408,0.2305245707605995,0.5385405961251822,1.2295383815285112
36,0.9447584788698822,0.2321424155600392,0.5323741007500538,1.2509758922080954
37,0.9522096607814957,0.219978336057217,0.5231243576873611,1.2713425814921662
38,0.9537512845640193,0.21041240108956535,0.5231243576873611,1.29949073948326
39,0.9496402877085256,0.22077642885043466,0.5251798561457373,1.3310302321981917
40,0.9511819115523077,0.21121480195703635,0.5313463515208657,1.3540656474731931
41,0.9550359712230215,0.20148610234842515,0.5323741007500538,1.3836890639161035
42,0.9578622816032888,0.19845980064290644,0.5364850976668061,1.4144245741423698
43,0.9545220967309448,0.20005385946761914,0.535457348437618,1.433758755627051
44,0.955035971161763,0.19891279091999195,0.5416238438127465,1.4513825127914288
45,0.9563206576369895,0.18940220793129117,0.5375128468959942,1.49249820670023
46,0.9581192188493272,0.18431839032935213,0.535457348437618,1.5136890715219746
47,0.9619732785200411,0.1773009692593444,0.5364850976668061,1.5429021937261505
48,0.956063720390951,0.19027360890899142,0.5313463515208657,1.5682547212504654
49,0.9555498458376156,0.18389531787779692,0.5292908530624896,1.608591180421098
50,0.9570914696201391,0.180136809629012,0.5262076053749253,1.6446322125496624
51,0.9609455292908531,0.17675933751822254,0.5190133607706088,1.6825765372547805
52,0.9568345322515834,0.17708408664088823,0.5241521069165491,1.7026863014832798
53,0.9568345323741008,0.17800410699868863,0.5159301130830445,1.7128089532822768
54,0.9614594038441885,0.16744378806385696,0.522096608458173,1.727509624053861
55,0.960174717368962,0.17445378676286583,0.5210688592289849,1.7604517909752746
56,0.9581192188493272,0.17208774968261953,0.5159301130830445,1.785044613256974
57,0.960431654676259,0.1643855571976546,0.5251798561457373,1.8206201572457419
58,0.9642857142857143,0.15837049894685734,0.5272353546041134,1.8552279175859316
59,0.9599177800004063,0.16982950682140205,0.5303186022916776,1.878335306602784
60,0.968396711141208,0.1516674264943857,0.5292908530624896,1.9242736318006055
61,0.9627440904419322,0.15463745651454622,0.5200411099997968,1.962716504211661
62,0.9655704007609408,0.15582456769764363,0.5107913669371041,1.9879183036572887
63,0.9647995888390497,0.15463359591159645,0.5210688592289849,2.012330515411628
64,0.9632579649952676,0.15691514957968034,0.5190133607706088,2.02442259680698
65,0.9630010276879706,0.15481441108105973,0.5179856115414206,2.058375413224239
66,0.96120246659815,0.16247941323872828,0.5231243576873611,2.0693214356225416
67,0.9673689619732785,0.1461289680935251,0.5190133607706088,2.1033386696524388
68,0.9658273380682377,0.1497904687109121,0.5200411099997968,2.1364141897454414
69,0.9658273380682377,0.15096762745745504,0.5179856118783431,2.167250394821167
70,0.960431654676259,0.1661082471338965,0.5210688595659073,2.190374447654967
71,0.9619732785200411,0.15657002203174142,0.5231243580242835,2.211371393634996
72,0.967625899219317,0.1473346616295602,0.5190133611075312,2.243047422397296
73,0.967625899219317,0.1457795226316658,0.5262076057118478,2.2860875386985944
74,0.9653134634536438,0.14879221569474899,0.5231243580242835,2.3281514923962146
75,0.9686536485097637,0.14567358062084754,0.5282631041702239,2.3415069058154616
76,0.9701952723535457,0.13505459252940175,0.5241521072534716,2.361944231443023
77,0.9694244604316546,0.14131627490654022,0.5262076057118478,2.3905400698133508
78,0.9714799588900308,0.13976301706921526,0.5190133611075312,2.42114895318787
79,0.9642857141631971,0.16099908562015286,0.5262076056505891,2.447339099333196
80,0.9717368961973278,0.13576510018704485,0.5179856118783431,2.46710947802231
81,0.9699383350462487,0.13388341637701562,0.5210688595046488,2.484361339571052
82,0.9753340184994861,0.13094851837511665,0.524152107192213,2.5163452865408478
83,0.9719938335046249,0.13429884663481506,0.5303186025673414,2.531251453544719
84,0.9694244603703961,0.1393636523804341,0.5210688595046488,2.553903066119579
85,0.9694244604316546,0.13717775898320334,0.5190133610462726,2.596182090527965
86,0.9704522095995841,0.1413334802880439,0.5128468656711441,2.6044064067985637
87,0.9730215826725543,0.13765525049075317,0.5128468656711441,2.6404220472259365
88,0.9719938334433662,0.13430985008181673,0.5179856118170845,2.669705620282478
89,0.9725077081192189,0.13408470687524388,0.5159301133587083,2.6856288650175526
90,0.9745632065775951,0.13000134657398402,0.5138746149003321,2.699727548724701
91,0.9701952723535457,0.13077870579503423,0.5159301133587083,2.746546839883614
92,0.9725077081192189,0.13288388602657653,0.5190133610462726,2.753869532313646
93,0.9725077082417362,0.13410300916905027,0.5138746149003321,2.7724447720832472
94,0.9714799588287722,0.1398491072262669,0.5138746149003321,2.7806028016179587
95,0.9714799588287722,0.13098506428845005,0.5251798564826596,2.7794630294713554
96,0.9743062692702981,0.12644994886398683,0.5231243580242835,2.8088772784524196
97,0.9707091469068811,0.14018718389849746,0.5272353549410358,2.816785838841657
98,0.974049331963001,0.13090178897682833,0.5210688595659073,2.851529277485909
99,0.9704522095995841,0.13985311004877826,0.5262076057118478,2.8449021162501587
100,0.9722507707506632,0.13887670599421886,0.5231243580242835,2.8793860145855046
101,0.9727646453652573,0.1413480609440975,0.5241521069165491,2.8995053064908913
102,0.9743062692090394,0.1341666977121308,0.5272353546041134,2.903765562504438
103,0.9763617676674156,0.13008035459045517,0.5231243576873611,2.9092708562652962
104,0.9704522096608428,0.13993549477864145,0.5179856115414206,2.9583736098192457
105,0.9755909558067831,0.1275486042120045,0.5179856115414206,2.996538518511624
106,0.972764645426516,0.13625091004193993,0.5190133607706088,3.0208334038215945
107,0.9737923945944453,0.12722737561884545,0.5200411099997968,3.02985807729527
108,0.9691675230630991,0.13950747450601161,0.5292908530624896,3.0275882059844155
109,0.9709660842141782,0.1333503666327154,0.5375128472329166,3.0635077095717835
110,0.9725077081192189,0.13388939235141195,0.5272353549410358,3.101724520984191
111,0.9740493318404838,0.12716849572489464,0.5251798564826596,3.1332543290776314
112,0.9755909558067831,0.12789469745626553,0.529290853399412,3.103294668560283
113,0.9725077079967016,0.13297169232111183,0.5251798564826596,3.1061559306631845
114,0.9737923947782212,0.12688621468191158,0.5303186026286001,3.1180121636464198
115,0.9745632064550778,0.1359415060753445,0.5282631041702239,3.128551790672608
116,0.9768756423432683,0.12429325766516859,0.5231243580242835,3.139707884832619
117,0.974049331963001,0.13042191880059267,0.529290853399412,3.155788962422025
118,0.975077081192189,0.13680699539637883,0.5231243580242835,3.17115742721636
119,0.9727646453652573,0.13621065345231945,0.5220966087950955,3.1732600955531876
120,0.9789311408016445,0.11881768705757892,0.5231243580242835,3.202983228422755
121,0.9758478929915629,0.127793823153485,0.5241521072534716,3.217896115988156
122,0.9725077080579603,0.1382559756504301,0.514902364190779,3.2509132134828636
123,0.9748201438848921,0.12746289161101887,0.5231243580242835,3.2631459848731295
124,0.9755909558067831,0.12758515586833424,0.5220966087950955,3.2514349855597438
125,0.9758478931140802,0.12408896137071047,0.5190133611075312,3.2576554635078296
126,0.9773895169578622,0.12899502125575388,0.5210688595659073,3.266613941398456
127,0.9776464542039007,0.12459527472185329,0.5272353549410358,3.276078227122543
128,0.9781603288797533,0.11861392088379914,0.515930113419967,3.30172725228587
129,0.9812435765673175,0.11830688224299471,0.5107913672740266,3.2964785522939244
130,0.9786742034943474,0.12069582642809337,0.5087358688156505,3.3415336662794313
131,0.9753340184994861,0.1221475586532505,0.49948612575295775,3.373449158938056
132,0.9766187050359713,0.12577070686334452,0.5128468657324028,3.4059316746867574
133,0.9784172661870504,0.12119975856831729,0.5107913672740266,3.4212490088648075
134,0.9797019527235354,0.11374241763004174,0.5138746149615908,3.412259156755406
135,0.9771325795893067,0.12316566100774787,0.5087358688156505,3.4650240802078796
136,0.9753340184994861,0.12970540197020566,0.5107913672740266,3.4779311730952327
137,0.9761048303601185,0.13098893329148914,0.5107913672740266,3.498382363510524
138,0.9719938335046249,0.13560068952675836,0.515930113419967,3.4623454124317385
139,0.9781603288184947,0.12363312882730185,0.5169578626491551,3.4558123170043067
140,0.9771325796505652,0.1307631779427641,0.5118191165032147,3.478184067823169
141,0.9830421377183967,0.11301268878386175,0.514902364190779,3.4931837706257114
142,0.9812435765673175,0.11792513129338698,0.5169578626491551,3.5189512925182314
143,0.9779033915724563,0.11909110790533985,0.5190133611075312,3.546620828152193
144,0.9815005138746146,0.11595289807341694,0.515930113419967,3.563525022485151
145,0.9799588900308325,0.12221227206465887,0.5200411103367193,3.557214884449252
146,0.9809866392600206,0.1143145591694429,0.5190133611075312,3.5560784305599955
147,0.9776464542039007,0.13044066770042448,0.5200411103367193,3.5612582145957514
148,0.9804727645229092,0.11897038197468388,0.5200411103367193,3.562994558054031
149,0.9799588900308325,0.11924085896634493,0.5262076057118478,3.578556560661418
150,0.9807297019527236,0.12854776079675523,0.5231243580242835,3.5867445971223337
151,0.982271325735247,0.11592112435650115,0.5210688595659073,3.6027323138677083
152,0.9838129495790291,0.10945642819936327,0.5231243580242835,3.617412677894271
153,0.9807297019527236,0.12387352144270983,0.5190133611075312,3.636357667634813
154,0.9807297019527236,0.12022130814632678,0.5169578626491551,3.6462518906666834
155,0.9804727646454265,0.11515059905224322,0.5169578626491551,3.656276755318245
156,0.980986639198762,0.11826254358517058,0.5190133611075312,3.6654888527488905
157,0.9807297019527236,0.11654539988256554,0.5210688595659073,3.6670366666544867
158,0.9809866392600206,0.11434795606387482,0.5231243580242835,3.665392883022422
159,0.9835560122717322,0.10809268717408058,0.5251798564826596,3.653697951357019
160,0.9835560123329907,0.1070739482850112,0.5210688595659073,3.6649407335812607
161,0.9799588899695738,0.11023037081999744,0.5169578626491551,3.6681864489509293
162,0.9791880780476828,0.11961521663131597,0.5220966087950955,3.6760361814547906
163,0.9840698868863261,0.10133184033148335,0.5169578626491551,3.6647973320344494
164,0.9815005138746146,0.11682670276692446,0.5262076057118478,3.656467535267876
165,0.9827852003498411,0.11174571610611977,0.5251798564826596,3.674252086161097
166,0.9822713257965057,0.11189981673261244,0.514902364190779,3.701517086479916
167,0.9843268242548818,0.10551676970790738,0.5190133611075312,3.7153388177258138
168,0.9830421377183967,0.10975620811776414,0.5210688595659073,3.7280904097522765
169,0.9807297019527236,0.11881684887874776,0.5231243580242835,3.727707931953736
170,0.9802158273381295,0.11771600379896678,0.514902364190779,3.7539581345874753
171,0.9786742034330888,0.1280438244832873,0.5087358688156505,3.751360832971022
172,0.9794450154162384,0.12715795499110882,0.5118191165032147,3.7666846904578213
173,0.9809866391375033,0.12350960065134996,0.515930113419967,3.7536957604544505
174,0.9797019527235354,0.11982521413991042,0.5179856118783431,3.721718937618024
175,0.9789311407403858,0.12550237228115685,0.5210688595659073,3.7531017615150697
176,0.9812435765673175,0.11255228450523741,0.5210688595659073,3.7468403329094535
177,0.9794450154162384,0.12142648470165918,0.5179856118783431,3.742275882967942
178,0.9830421377183967,0.10847696317752244,0.5200411103367193,3.7428104801511224
179,0.9820143884892086,0.11918938010241856,0.5231243580242835,3.7331827169577116
180,0.9830421377183967,0.10915324525316107,0.5251798564826596,3.7476640056363113
181,0.9812435765673175,0.11687955808541513,0.5251798564826596,3.756217178313362
182,0.9815005138746146,0.11609891240790349,0.5231243580242835,3.7590001141547176
183,0.9848406988694759,0.10715296346874179,0.5210688595659073,3.763993891513115
184,0.9825282631038027,0.11421322344370638,0.5251798564826596,3.7699354922538673
185,0.9817574511819116,0.11480612757272123,0.5210688595659073,3.7699057499649347
186,0.9856115107301083,0.09691019749837446,0.5118191165032147,3.779879383781096
187,0.9827852004110997,0.11250120117678426,0.5138746149615908,3.798591654935329
188,0.9848406988694759,0.10592341755362723,0.5200411103367193,3.8402261567385323
189,0.982528263042544,0.11620617623441878,0.5282631041702239,3.817539292028727
190,0.9809866392600206,0.12124738051246886,0.5251798564826596,3.8088517056707243
191,0.9825282631038027,0.11326559281928077,0.5231243580242835,3.8240356803062885
192,0.9848406988694759,0.10680402826062209,0.5179856115414206,3.819425284923777
193,0.98201438842795,0.11247887674485546,0.5149023638538565,3.832975562037814
194,0.9853545734228113,0.09769881849788811,0.5138746146246683,3.8547870291957875
195,0.9802158273381295,0.11969591179079657,0.5169578623122326,3.8773800040320525
196,0.982271325735247,0.10829356168793995,0.5118191165032147,3.9099579969878553
197,0.9840698869475848,0.10947242058729341,0.5200411103367193,3.903416048463545
198,0.9868961972665934,0.10579007962012217,0.5282631041089653,3.880818617429665
199,0.9812435765673175,0.11645000333776209,0.5251798564826596,3.8845226257457517
200,0.9845837615621789,0.10251956236264444,0.5262076057118478,3.9209684835553538
201,0.9832990750256937,0.10816495220836363,0.5303186026286001,3.924547012638825
202,0.9856115107913669,0.10380984791856018,0.5334018499792419,3.923434437852724
203,0.9835560123329907,0.10918662053861207,0.5344295992084299,3.95940408138185
204,0.9817574511819116,0.11669380292832422,0.5282631038333014,3.9570290108746393
205,0.9850976361767728,0.10072231393801345,0.5241521069165491,3.959359153324139
206,0.9825282631038027,0.10546796534589481,0.5354573487745404,3.973657081208028
207,0.9822713257965057,0.10420879045499437,0.5313463518577881,3.9669684270915613
208,0.9845837615621789,0.10530407151699311,0.5313463518577881,3.9708874100648854
209,0.9776464542039007,0.13163084162347485,0.5231243579630249,4.007955334046884
210,0.9807297019527236,0.10758768979609319,0.5241521069165491,3.9960671473382554
211,0.9832990750256937,0.11085248763413616,0.5200411103367193,4.013721308017193
212,0.9802158272768708,0.12279272045775529,0.5241521069165491,4.006165909742648
213,0.9850976361767728,0.10923812023047186,0.5169578623734913,4.013034767384152
214,0.9825282631038027,0.11388517089976803,0.5200411099997968,3.9922014691724317
215,0.9858684480986639,0.10437785973437398,0.5190133611075312,4.0067426320337685
216,0.9881808838643371,0.09550329424892644,0.5272353548797772,4.032921024853745
217,0.9858684480986639,0.09831637028845952,0.514902364190779,4.0366579724240275
218,0.982271325735247,0.11552620349109234,0.5210688595046488,4.0491098125081395
219,0.9807297018914649,0.11183362337018823,0.5138746149003321,4.075732510969548
220,0.9843268242548818,0.1029303899266492,0.5128468657324028,4.072424700424335
221,0.987410071942446,0.09602492849772293,0.510791367212768,4.072249810962735
222,0.9817574511206529,0.1104975843539831,0.5210688595046488,4.074746337235893
223,0.9840698868250676,0.10855860225588297,0.5190133609850139,4.075120265780348
224,0.986639260020555,0.10386571120413332,0.5169578625878964,4.068622619005539
225,0.9830421377183967,0.11323934902206355,0.5179856118170845,4.058974831101828
226,0.9830421376571381,0.10659125457993514,0.524152107192213,4.056909147538972
227,0.9845837615009202,0.10222735477253442,0.5262076056505891,4.031995078397557
228,0.9830421377183967,0.11930665545326342,0.5405960949204809,4.035454914479192
229,0.9856115107301083,0.09662325620528728,0.5395683456912928,4.0268585216349715
230,0.9843268242548818,0.10147424843181442,0.5303186025673414,4.0498863626482065
231,0.9799588900308325,0.11895755030605311,0.5262076056505891,4.068514584269822
232,0.98201438842795,0.11277245669668771,0.5210688595659073,4.083109860062477
233,0.9840698869475848,0.10547066587123939,0.5282631041089653,4.064326969472134
234,0.9876670091884845,0.10231919416665786,0.5303186025673414,4.1025580992311514
235,0.9843268241936232,0.10886982115481397,0.5169578626491551,4.117097475790904
236,0.986639260020555,0.10625032625732539,0.5200411103367193,4.096654925292467
237,0.9850976361155143,0.10755197108098194,0.5190133610462726,4.096869671087471
238,0.9843268242548818,0.1072607697901782,0.5231243579630249,4.092308686424012
239,0.9858684480986639,0.10208321969194255,0.5313463517965296,4.095152323684614
240,0.986896197327852,0.09795006198419941,0.5292908533381534,4.113221419433406
241,0.9843268241936232,0.10914380166905512,0.5262076056505891,4.120212452997284
242,0.9830421376571381,0.11136652037639166,0.5272353548797772,4.135673914514367
243,0.987410071942446,0.09366709563999848,0.5159301133587083,4.134739071100123
244,0.9863823226519993,0.10114149329657422,0.5220966087950955,4.117737696570213
245,0.9848406988694759,0.1028636542033071,0.5241521072534716,4.1268621500570015
246,0.9856115107913669,0.11053402054928557,0.5251798564826596,4.122926074946404
247,0.9832990749644351,0.10473363179587142,0.524152107192213,4.1639706821382845
248,0.986382322713258,0.10082215958591723,0.5159301133587083,4.160405031088567
249,0.987153134635149,0.09387553745894123,0.5179856118170845,4.19129851322625
