epoch,acc,loss,val_acc,val_loss
0,0.5454779035140898,0.7087730637312181,0.551901336380291,0.7052724292810014
1,0.6354059610680466,0.6855432273550122,0.5704008225669351,0.7025041423378109
2,0.6731757450569326,0.6616080473775364,0.5580678317554195,0.7027608890695171
3,0.7112024666594087,0.6331805747312484,0.558067831694161,0.7023304275716564
4,0.7356115109138842,0.6029122918997369,0.5560123332357848,0.7020106394636423
5,0.7484583760337006,0.5691538794925255,0.5611510793204665,0.7044656486819973
6,0.7631038027946653,0.5344384203589342,0.5549845840065967,0.7092174159904668
7,0.783401849887354,0.5038355537455717,0.551901336380291,0.7153165726352939
8,0.7880267213574417,0.47251289482596964,0.5488180886927269,0.7261124680858232
9,0.7908530319827434,0.4496272521175804,0.5447070917759745,0.7384338789951642
10,0.8047276463317479,0.42354449724734505,0.5498458379219149,0.7511170526080116
11,0.8085817061862377,0.4017948867850779,0.5436793425467864,0.7627387540558505
12,0.8132065776563254,0.3866392497781124,0.546762590173092,0.7772974616944606
13,0.8157759506067783,0.37094584670978364,0.5467625902343507,0.7922780471494975
14,0.8198869477073065,0.3531099880096969,0.5447070917759745,0.8105447721750861
15,0.8293936280160377,0.3423647329839136,0.5416238440884104,0.8298621284263352
16,0.8286228159103707,0.3297068352934513,0.5436793425467864,0.8459379236842721
17,0.837872559034322,0.3086827011417142,0.5436793426080451,0.8634252164126177
18,0.8322199382737876,0.30771708240366913,0.5313463518577881,0.8852113091443328
19,0.8453237409459357,0.30054511048688426,0.542651593378857,0.9075148919135914
20,0.8558581705451134,0.29036555236314576,0.5416238441496689,0.9274287845590989
21,0.8586844809253806,0.28512758283061335,0.5447070918372332,0.9474034608941897
22,0.8617677287354621,0.2714932982073781,0.5467625902956094,0.9646390038183512
23,0.8663926000830325,0.26508732267175894,0.554984584129114,0.9831383634446704
24,0.8640801645623939,0.26629533993131943,0.551901336380291,1.008246118338723
25,0.8645940389319534,0.2596037760912943,0.5447070917759745,1.0311822836102587
26,0.8884892085718349,0.24773111450126947,0.5385405964008461,1.0513770526996742
27,0.8789825282631039,0.24688742321294724,0.5395683456300342,1.0781604428330527
28,0.8802672147995889,0.24794989092254444,0.5323741010257176,1.0976657154381213
29,0.8789825281405865,0.24048917480999984,0.5447070917759745,1.1184378306152643
30,0.8823227133192237,0.23916775181139116,0.550873587151103,1.1432368954431116
31,0.8908016443375081,0.2294188843080956,0.5354573487132819,1.1673129623619896
32,0.8915724562593992,0.22558321982223967,0.5447070917759745,1.1867883921527176
33,0.8943987666396663,0.22416928675473655,0.5447070917759745,1.2128888587299869
34,0.8977389516345275,0.21859146623976553,0.5395683456300342,1.2342930006098771
35,0.902877697780468,0.21238429545743615,0.5364850979424699,1.2574332735643847
36,0.9067317573286646,0.21035661489414653,0.5457348410051626,1.278693665825941
37,0.9033915723338034,0.20891899306935863,0.5395683456300342,1.2960721844881926
38,0.903391572578838,0.2084345749568841,0.5447070917759745,1.3162374834607586
39,0.9134121273796458,0.20109200080950485,0.5457348410051626,1.3384992517645777
40,0.9134121273796458,0.20135684374180016,0.5436793425467864,1.3580912633397964
41,0.9126413156415306,0.19756552112984632,0.5436793425467864,1.3815029864443538
42,0.9180369989109921,0.1968827155119101,0.5416238440884104,1.4064697737806502
43,0.9206063719839623,0.1918906888791493,0.5447070917759745,1.4432705648143882
44,0.917266187172877,0.1928461258053657,0.5457348410051626,1.4548673209526557
45,0.9167523124357657,0.19098985950172498,0.537512847171658,1.4878856648766614
46,0.9200924973693683,0.1871481602140468,0.5354573487132819,1.516892910003662
47,0.9195786227547743,0.1872167250357821,0.5395683456300342,1.5396856073240337
48,0.9193216855699945,0.1853522529398672,0.5334018502549057,1.5771283653755228
49,0.9203494347991825,0.1855400217216527,0.5313463517965296,1.5981149123359437
50,0.918293936402065,0.1860301367180443,0.5344295994840937,1.6185677692309435
51,0.9293422406158369,0.1740911961030617,0.5405960948592222,1.635013305638579
52,0.9244604315934176,0.17482202721401696,0.5467625902343507,1.6553304006727478
53,0.9149537511621693,0.18810495452425094,0.5405960948592222,1.6819157094406567
54,0.920863309352518,0.1778719979285704,0.5426515933175984,1.6996292173556165
55,0.9257451180686441,0.17441247855404052,0.5354573487745404,1.7255001064439717
56,0.9229188078108942,0.17703901617983997,0.5334018503161643,1.7418889760481
57,0.9280575540793518,0.16810382688217027,0.5375128472329166,1.7625359318851812
58,0.9213771838445948,0.18012492704795788,0.529290853399412,1.788559382767986
59,0.9193216854474773,0.17636583980559567,0.5303186026286001,1.8063692566302183
60,0.9242034942861206,0.17028508881319462,0.5364850980037286,1.838380328797853
61,0.9303699896612491,0.1661166906785622,0.5447070918372332,1.8746936398444416
62,0.9265159300517938,0.16892746902565794,0.5508735872123617,1.8946778504723512
63,0.9326824254269223,0.16876866993899214,0.5447070918372332,1.9111886167820287
64,0.93448098663926,0.16538857855477043,0.5477903394635387,1.9371875462037074
65,0.9301130524152107,0.16671205772601932,0.550873587151103,1.9612731158059522
66,0.9339671119634073,0.1611979102059234,0.5467625902343507,1.9882379183421277
67,0.9288283658787256,0.1682280198367502,0.5405960949204809,2.021254173408187
68,0.9182939361570306,0.17320086372842033,0.5447070918372332,2.0474260424293447
69,0.9244604316546763,0.16591304474015398,0.5272353549410358,2.082091181030744
70,0.9311408016443987,0.1609978267170665,0.5334018503161643,2.0976896200248665
71,0.9295991776780994,0.16220553923792608,0.5416238438127465,2.115459396194701
72,0.9270298046663878,0.1646542510693512,0.5385405961251822,2.1416049282940417
73,0.9301130522926935,0.15875191906924604,0.5375128468959942,2.175954761632545
74,0.9242034942861206,0.16564721383636805,0.5395683453543704,2.2048415559413868
75,0.9365364850363775,0.15130020024107516,0.5323741007500538,2.234159022661544
76,0.9321685508735869,0.15661778050605954,0.5364850976668061,2.25890185703109
77,0.9267728672978321,0.15909891101586243,0.5385405961251822,2.283333074887267
78,0.9311408015831402,0.15692523418938145,0.5385405961251822,2.307416355744663
79,0.9254881807613471,0.16454472148528693,0.5405960949204809,2.3238794957991127
80,0.9321685508735869,0.15775629054115586,0.529290853399412,2.346667407350452
81,0.9319116134437726,0.15492870797233738,0.5395683456912928,2.3767841928174294
82,0.9301130522926935,0.15929405118615383,0.5385405964621047,2.408430922068158
83,0.9357656731144864,0.1538508620959269,0.5395683456912928,2.4260285550006735
84,0.9313977389516958,0.1581017717274953,0.5220966087950955,2.4436088059200904
85,0.9321685507510696,0.15723006208288462,0.5323741010869762,2.470101597375272
86,0.929342240432061,0.15341091540403748,0.5395683456912928,2.471666461027171
87,0.9319116135662898,0.1545093069264602,0.5416238441496689,2.4897233663090454
88,0.9265159300517938,0.158068596734785,0.5395683456912928,2.4986397830457383
89,0.9239465571625994,0.16086292594579363,0.5313463518577881,2.5126107873553973
90,0.932939362795478,0.15574077226581456,0.5385405964621047,2.520162141090307
91,0.9339671119634073,0.1500362476213373,0.542651593378857,2.529013120870796
92,0.9316546762589928,0.15605565726389498,0.5416238441496689,2.5445277257176366
93,0.9393627953553861,0.15252731547510023,0.5416238441496689,2.551158745021761
94,0.9367934224049332,0.15858972878152272,0.5416238441496689,2.567927462714059
95,0.9362795477290805,0.1545336224820239,0.5457348410664212,2.577714682115435
96,0.93730729689701,0.15795880327152445,0.542651593378857,2.5832623117139137
97,0.9383350461874567,0.1587915915348792,0.5416238440884104,2.6094072884425352
98,0.9396197327239418,0.15365897329621792,0.5477903394635387,2.6101509483353085
99,0.9378211716341213,0.15407654132314968,0.5385405964008461,2.642509373707002
100,0.9357656731757451,0.15333495992795781,0.5405960949204809,2.655002969387011
101,0.9380781088801596,0.15597767411192298,0.5416238441496689,2.66669474696819
102,0.941418293875021,0.1505617533426613,0.5436793425467864,2.6724734948325866
103,0.9385919834947537,0.15467557817973188,0.5416238440884104,2.7066573640915497
104,0.9460431654063672,0.1472085722456978,0.5344295994840937,2.7199176906436713
105,0.938848920924568,0.15350780672061604,0.5364850979424699,2.7237146042846336
106,0.9439876670092497,0.1482685367669623,0.5395683456912928,2.7159278851006285
107,0.9375642343268242,0.15165079227301223,0.5385405964008461,2.7215650679518726
108,0.9434737923946557,0.14710059205696124,0.5426515933175984,2.7456916929639013
109,0.9385919835560124,0.15053907519958737,0.5405960948592222,2.771983183912726
110,0.9411613566289825,0.14525769897502103,0.5364850979424699,2.7866903944103716
111,0.936279547667822,0.1491565826709812,0.5364850979424699,2.8038305212022836
112,0.9398766702150146,0.14727988885093446,0.5416238440884104,2.8045142049779628
113,0.9406474820143885,0.14646467338301786,0.5385405964008461,2.8248745878088264
114,0.9416752311210593,0.14636975352222603,0.542651593378857,2.827587976240058
115,0.9347379238240398,0.15150354820986078,0.5385405964621047,2.840854020182422
116,0.9391058581093478,0.15027925462480193,0.5395683456912928,2.8595132773851195
117,0.937050359589713,0.15341866814281566,0.5364850980037286,2.889467638541101
118,0.9365364850976362,0.15044788539960965,0.5354573487745404,2.9043586604519223
119,0.93448098663926,0.15432361973581676,0.5436793425467864,2.9105542321121827
120,0.9380781088801596,0.14782020893763417,0.5426515933175984,2.9269997973113733
121,0.9365364850976362,0.15454452209948022,0.5488180886927269,2.9404045949859463
122,0.942189105796912,0.1472968448485647,0.5488180886927269,2.9575621586786878
123,0.9416752311210593,0.1438161288172711,0.5447070917759745,2.959712687156183
124,0.9378211716341213,0.15741828570998095,0.5488180886927269,2.971112384335478
125,0.936279547667822,0.15418324655521076,0.5426515933175984,2.996105032859089
126,0.9427029804727647,0.14574512506989265,0.550873587151103,2.998227669058209
127,0.937564234204307,0.15287053330829184,0.550873587151103,3.00952662201359
128,0.9439876669479911,0.14817934713775305,0.551901336380291,3.0258230148582026
129,0.9396197327852004,0.14825694674945686,0.5447070917759745,3.06455156638958
130,0.9401336073385358,0.1540781518048152,0.5426515933175984,3.044354660292936
131,0.9455292907917733,0.14363060798974592,0.5457348410051626,3.042293155548629
132,0.9403905445845742,0.14873984546418792,0.5447070917759745,3.047268911598888
133,0.9460431653451087,0.141628048356856,0.5477903394635387,3.0717923163387537
134,0.9393627954166448,0.15357255620187013,0.5467625902343507,3.057879026477653
135,0.9391058581093478,0.15518712547951344,0.5477903394635387,3.079141340667395
136,0.942446043104209,0.15442855524440954,0.5498458379831735,3.076011397978262
137,0.9385919834947537,0.1514925137545075,0.5519013364415497,3.06928841134137
138,0.9419321685508736,0.14973664735151954,0.5488180887539855,3.0947587494982476
139,0.9424460430429503,0.1513251451984094,0.5488180887539855,3.1085964018614907
140,0.9463001027136643,0.14461497418804503,0.5457348410664212,3.1138878939453156
141,0.9457862280990702,0.14644720009456313,0.5457348410664212,3.104956782734039
142,0.9450154161159205,0.14341167009072828,0.542651593378857,3.1099926597167875
143,0.9427029803502474,0.14016617208198556,0.542651593378857,3.1136191322526607
144,0.9450154163609551,0.1452750647852134,0.5447070918372332,3.12999358304603
145,0.9414182939362795,0.15584434016788606,0.5477903395247974,3.121792075812878
146,0.94655704008222,0.1485634233346946,0.5467625902956094,3.133296155243469
147,0.9401336073997945,0.1515630038583389,0.556012333358302,3.1107410575968633
148,0.9442446043165468,0.14220412046421713,0.55704008258749,3.1262879420649967
149,0.9457862280990702,0.14646124504391728,0.5529290856707378,3.1278813274889297
150,0.9445015415013265,0.14640765440366005,0.5508735872123617,3.1396480079545026
151,0.9463001028974402,0.14732427045105662,0.5498458379831735,3.161962949727324
152,0.9388489208020507,0.14789964564963945,0.5488180887539855,3.180375937690225
153,0.950154162261861,0.13630068588538627,0.5498458379831735,3.185998028620909
154,0.9421891058581706,0.14367042430595162,0.5477903395247974,3.2027908248744543
155,0.9465570399597026,0.1386221941763426,0.5539568348999259,3.214021804276375
156,0.942959917718803,0.1406389351279493,0.5498458379831735,3.224029366060984
157,0.9416752311210593,0.14864388037806056,0.5467625902956094,3.227657397996485
158,0.9468139772669997,0.14371324531956053,0.5467625902956094,3.244447507691653
159,0.942189105796912,0.14444745062464678,0.542651593378857,3.2453656311760457
160,0.9434737923333971,0.14338005665701192,0.5436793426080451,3.2514619606739448
161,0.9432168550873586,0.14463266447753112,0.5447070918372332,3.275187475463224
162,0.9445015415625851,0.14770468490586863,0.542651593378857,3.278284984894426
163,0.944244604439064,0.14406020239470307,0.5457348410664212,3.281291441951724
164,0.9468139773282583,0.13478656335975994,0.5477903395247974,3.2750928852810524
165,0.9450154162384378,0.15097051152896293,0.5477903395247974,3.253503772239646
166,0.947327852004111,0.14000971668915782,0.556012333358302,3.289171933392704
167,0.9483556012332991,0.1445992277420192,0.5580678318166782,3.2824955368826103
168,0.9524665981500514,0.13167670083529903,0.554984584129114,3.3011988936813372
169,0.9480986639260021,0.145726220749265,0.5498458379831735,3.318750252826608
170,0.9514388489208633,0.13300692724238197,0.5488180887539855,3.3244965936517668
171,0.9445015416238438,0.14140388190378755,0.5447070918372332,3.3321762910727237
172,0.9483556011107818,0.14075056867021205,0.542651593378857,3.345104560577612
173,0.9529804727646455,0.1369569120662553,0.5467625902956094,3.3614217681237872
174,0.947841726618705,0.14373788234508786,0.5457348410664212,3.3789473386119595
175,0.9421891058581706,0.14183458231029628,0.5436793426080451,3.387545841693388
176,0.9488694757866345,0.13974198970066926,0.5467625902956094,3.401113961975474
177,0.9522096608427544,0.1312813843042424,0.5477903395247974,3.4058207728022296
178,0.9493833503399699,0.13838114660665898,0.5436793426080451,3.4202701810207543
179,0.9450154161771792,0.15023215239119064,0.542651593378857,3.412241546615177
180,0.9504110996304166,0.13892483261757496,0.5436793426080451,3.4264066628537466
181,0.951181911491049,0.1366946134115172,0.5416238441496689,3.418419758805513
182,0.9501541623843782,0.14078470599767728,0.5477903395247974,3.3945175251269757
183,0.947327852004111,0.1404664228686571,0.5405960949204809,3.3887371458228053
184,0.9457862282828461,0.13914015593594906,0.542651593378857,3.3913824077990413
185,0.9473278518815937,0.14250503795150618,0.5405960949204809,3.4149449234263627
186,0.9470709146355554,0.14250616283602974,0.5405960949204809,3.4398137986476227
187,0.9434737923333971,0.1443615498026988,0.5416238441496689,3.4637297964047065
188,0.9409044192604269,0.14717985911702572,0.5375128472329166,3.5083728603566904
189,0.9457862281603289,0.1389402633672628,0.5405960949204809,3.494427601087988
190,0.949897224954564,0.14388534510919762,0.5344295995453524,3.4880756655552894
191,0.94655704008222,0.13610060043625327,0.5395683456912928,3.510240767254491
192,0.94655704008222,0.14328608756840902,0.5375128472329166,3.517034220180923
193,0.9486125385405961,0.14374348529655667,0.5436793426080451,3.4953825907496485
194,0.9483556011107818,0.1404843138643796,0.5405960949204809,3.5141415382828276
195,0.9529804727033868,0.13055389609574536,0.5405960949204809,3.533845999503062
196,0.9527235354573484,0.13802069355901198,0.5467625902956094,3.5322738269617724
197,0.9445015415625851,0.13640898968430976,0.5477903395247974,3.526503084374846
198,0.9504110997529338,0.13933100778789462,0.5519013364415497,3.5495161037405865
199,0.9491264130326729,0.13767451289868918,0.5539568348999259,3.562986628002155
200,0.9488694757866345,0.14241323452385454,0.5539568348999259,3.556139171184763
201,0.9480986639260021,0.14255560030213119,0.55704008258749,3.522955088306674
202,0.947584789311408,0.1360418184718762,0.5673175748793708,3.5322188924297397
203,0.9524665981500514,0.13339114075053754,0.55704008258749,3.5332803358644522
204,0.9524665980887927,0.1372551803935591,0.5632065779626185,3.525747852237227
205,0.9522096608427544,0.1369574511192073,0.5642343271918067,3.542704337914948
206,0.9504110996304166,0.1345385518097314,0.5621788287334305,3.5708674686173127
207,0.9504110996304166,0.13696747494503503,0.5642343271918067,3.576302332353739
208,0.9468139772669997,0.13647215340941196,0.5611510795042424,3.590957549713621
209,0.9483556011107818,0.1405499850888904,0.5611510795042424,3.5914436518717157
210,0.9465570400209613,0.14331377064091327,0.5632065779626185,3.5906478817146827
211,0.9524665980887927,0.13618842700739436,0.568345324108559,3.5783976621519993
212,0.9534943473179809,0.13561190634138906,0.5632065779626185,3.5723154444366174
213,0.9455292907305146,0.14414941723949495,0.556012333358302,3.586134534700556
214,0.9496402876472669,0.1413700147804719,0.55704008258749,3.6005094210633515
215,0.9445015415625851,0.1404224277951612,0.55704008258749,3.600462582716594
216,0.9511819115523077,0.135326289873329,0.5580678318166782,3.6174871068819208
217,0.9432168549648414,0.14542915991374425,0.556012333358302,3.6728157225272637
218,0.9516957862281603,0.1369781968129257,0.556012333358302,3.7026408135217115
219,0.942959917718803,0.1420817461940637,0.5488180887539855,3.7049277781950116
220,0.9498972250770812,0.139457599997888,0.5457348410664212,3.706522179777061
221,0.9509249744287865,0.13343545362613674,0.5498458379831735,3.714236237407343
222,0.9483556011720404,0.13949179030640887,0.5457348410664212,3.715502144743948
223,0.946813977389517,0.14241006729965464,0.5529290856707378,3.7198578341034185
224,0.9463001027136643,0.1462697088871561,0.5436793422711226,3.7725053556408934
225,0.9414182939362795,0.1463047036707769,0.5426515930419346,3.779513526918464
226,0.9486125384793375,0.13919983595946586,0.5457348407294987,3.766324151824214
227,0.947327852004111,0.13784836926033295,0.5508735868754392,3.7766594127172803
228,0.9522096608427544,0.1374421027036267,0.5549845837921915,3.7960902162102976
229,0.9491264130939315,0.13849254427257568,0.5498458376462511,3.797888249802075
230,0.9529804727033868,0.1325042683397633,0.5529290853338154,3.800946861964948
231,0.9504110996304166,0.14114144831926456,0.548818088417063,3.8312490973908755
232,0.955035971161763,0.13707149369529192,0.5519013361046272,3.815519221150005
233,0.949897224954564,0.13954490720306859,0.5549845837921915,3.8114200434728858
234,0.9504110995691579,0.14350618089703346,0.5416238438127465,3.7952751831552596
235,0.9527235354573484,0.13493602500820698,0.5457348410664212,3.801409020820845
236,0.9547790339157246,0.13519339050565446,0.5477903395247974,3.8060763654091376
237,0.9506680369989723,0.13755688897859522,0.5436793426080451,3.7927124365505676
238,0.9519527234741987,0.13269996866660397,0.5447070918372332,3.7905706827589074
239,0.9475847892501494,0.13943364963563348,0.5498458379831735,3.818273810664037
240,0.9534943473179809,0.14062104382593366,0.542651593378857,3.8401277133886764
241,0.9496402877085256,0.1398164093463786,0.5457348410664212,3.863054676879224
242,0.9506680369377136,0.14282674994032526,0.5467625902956094,3.8648058831507965
243,0.9501541625068954,0.13766121025075648,0.542651593378857,3.862404219538188
244,0.9421891058581706,0.14701429952054695,0.5477903395247974,3.8679693573425387
245,0.9452723535457348,0.14570942843468804,0.5416238441496689,3.846823601413974
246,0.9501541623231196,0.13755799619383335,0.5416238441496689,3.840137446159449
247,0.9540082219938335,0.13448750243770133,0.5436793426080451,3.831156448372099
248,0.9480986638647434,0.1448752500599237,0.5436793426080451,3.8324020195595407
249,0.9516957861056431,0.13238987245454328,0.5488180887539855,3.8452847101950574
