epoch,acc,loss,val_acc,val_loss
0,0.5995316159328136,0.7035012335290891,0.6108220603537982,0.6993055123444278
1,0.5979703356907636,0.6524643221001993,0.6108220603537982,0.6965082485023324
2,0.6008326827998959,0.608193965666064,0.6108220603537982,0.6952666477779941
3,0.6036950299400481,0.567232374750386,0.6108220603537982,0.6946501942752675
4,0.6083788706739527,0.5378019478585985,0.6108220603537982,0.6955156186120691
5,0.6112412177985949,0.5019684024746456,0.6108220603537982,0.6977632125756247
6,0.6112412178063498,0.4786289601223003,0.6108220603537982,0.7013972192599548
7,0.8451730419098633,0.45810286168347353,0.603537981269511,0.7062479632205944
8,0.8792609940150924,0.4382541014010975,0.6066597294484911,0.7130963819704245
9,0.9055425448868072,0.4244238202254846,0.6056191467221644,0.7184244140005757
10,0.9180327868852459,0.4084947579018064,0.6056191467221644,0.7276539132076545
11,0.92688004163414,0.39092627888137776,0.6014568158168574,0.7359788814146735
12,0.9391100702731212,0.3801929185997221,0.5837669094693028,0.7443179899398296
13,0.9370283632578714,0.37444617479628584,0.5848074921956296,0.7591227530564776
14,0.9385896435076763,0.36322325878300893,0.5931321540062435,0.7707783392515193
15,0.9437939110070258,0.3546719695668015,0.5889698231009365,0.7824210316780082
16,0.9448347645068956,0.34727735478152777,0.5879292403746098,0.7917538998526416
17,0.9484777517564403,0.3403394278172804,0.5889698231009365,0.8018747383300273
18,0.9510798855216249,0.3288767351060059,0.5879292403746098,0.8139464793790764
19,0.9601873536454865,0.3183663875182532,0.5920915712799167,0.8219298411482455
20,0.9557637262555295,0.31295923931723363,0.595213319458897,0.8349720810876304
21,0.9575852198803019,0.3074021288194974,0.5962539021852237,0.8425247159386277
22,0.9557637262555295,0.30488976304214077,0.595213319458897,0.8573016873507544
23,0.955503512880562,0.30314461964044664,0.5889698231009365,0.8715791996882436
24,0.961488420504814,0.29399113544252525,0.5900104058272633,0.8919107226129626
25,0.9617486338797814,0.2882309592843459,0.595213319458897,0.9069688485142592
26,0.9664324746291959,0.2811186091740275,0.5900104058272633,0.9242383200717891
27,0.9646109810044237,0.2786672030409084,0.5796045785639958,0.9432535742745811
28,0.9612282071298465,0.2749615953733547,0.5775234131113424,0.9605882699358104
29,0.9617486338797814,0.27288508309366927,0.5816857440166493,0.9764094838986908
30,0.9716367421285454,0.26109082156982766,0.5837669094693028,0.9904101993985528
31,0.9711163153941204,0.2560712391359869,0.595213319458897,1.0102013141133908
32,0.9713765287535779,0.2558632798138119,0.5858480749219563,1.0201653031231088
33,0.9677335415040333,0.25693486039600677,0.5754422476586889,1.0402128442765275
34,0.9692948217538382,0.2513278062583071,0.5775234131113424,1.0551958761403761
35,0.9661722612542285,0.24945258194662587,0.5796045785639958,1.0754325940011071
36,0.9672131147540983,0.24462765529693614,0.5848074921956296,1.0925912176657169
37,0.9695550351288056,0.23878257284864238,0.5910509885535901,1.1097097313118776
38,0.9765807962529274,0.23189875787895173,0.595213319458897,1.124127144061812
39,0.9669529013791309,0.23680286311464263,0.595213319458897,1.1447542360620369
40,0.9672131147540983,0.2343328608073451,0.5962539021852237,1.1636634041689933
41,0.97527972937809,0.2237108217655542,0.5879292403746098,1.1908363987082125
42,0.9724173822534479,0.22374872107183813,0.5931321540062435,1.2119860721676456
43,0.9776216497527973,0.2140149527187928,0.586888657648283,1.2382615013251568
44,0.9726775956284153,0.21997814406617805,0.5796045785639958,1.2577544719321918
45,0.9711163153786104,0.2170883183007187,0.5806451612903226,1.2827520054163224
46,0.9734582357533177,0.21298144071045685,0.5837669094693028,1.3012099119676637
47,0.9739786625032527,0.2098164862366415,0.586888657648283,1.3095306826059578
48,0.9731980223938602,0.20990460817931128,0.5837669094693028,1.3388562361233936
49,0.9687743950039032,0.21213446250813037,0.5900104058272633,1.3737428446962237
50,0.9726775956284153,0.2056631184775104,0.5837669094693028,1.3896173462659338
51,0.97423887589373,0.20204512009917217,0.5848074921956296,1.3934199475410949
52,0.9734582357533177,0.20148581003122207,0.5889698231009365,1.4277246025052701
53,0.9687743950039032,0.20315284170879228,0.5827263267429761,1.4413331199076869
54,0.9755399427530576,0.1941869927435966,0.5858480749219563,1.4521576870120403
55,0.9739786625032527,0.19277342149685858,0.5858480749219563,1.4665156961355696
56,0.9718969555035128,0.19462492727780448,0.5858480749219563,1.498051508160213
57,0.9739786625032527,0.1914604394937784,0.5889698231009365,1.5242487451412428
58,0.9731980223783503,0.19025863857802675,0.5858480749219563,1.5389288540747361
59,0.9737184491282852,0.18857418735093076,0.5900104058272633,1.553627005259775
60,0.975800156128025,0.18421901669038201,0.5972944849115505,1.5659423388626028
61,0.9737184491282852,0.18439609369526236,0.5910509885535901,1.5813882629407432
62,0.9778818631277648,0.17696746005045386,0.5931321540062435,1.599422275027673
63,0.9765807962529274,0.17718397248793233,0.5900104058272633,1.6164565378495732
64,0.9773614363778298,0.17299020708367255,0.5889698231009365,1.622905609200822
65,0.9768410096278949,0.1739240378343032,0.5879292403746098,1.6432570789656704
66,0.9755399427530576,0.17463883018543283,0.5816857440166493,1.6832894684744923
67,0.9744990892531876,0.1739722476371123,0.5775234131113424,1.7210604941063443
68,0.9755399427530576,0.17109965486100587,0.5827263267429761,1.7450750476363794
69,0.9771012230028624,0.16807795450335644,0.5796045785639958,1.7646828092223772
70,0.9739786625032527,0.17049054170791725,0.5775234131113424,1.7758977183070068
71,0.9781420765027322,0.16364838191456638,0.5806451612903226,1.8006126551300627
72,0.9784022898776997,0.1629585130195924,0.5764828303850156,1.823074792041739
73,0.9773614363778298,0.16361960852840993,0.5806451612903226,1.8501495887660087
74,0.9760603695029925,0.16281816646196928,0.5806451612903226,1.8544129955036708
75,0.9776216497527973,0.1602886018374532,0.5931321540062435,1.8737559838299944
76,0.9750195160031225,0.1616747289810707,0.5806451612903226,1.8876482524311133
77,0.9781420765027322,0.15651851442683465,0.5900104058272633,1.906146172585274
78,0.9786625032526672,0.15639626809994195,0.5796045785639958,1.9109206274694508
79,0.9794431433775697,0.1552697323609726,0.5827263267429761,1.9267456978714552
80,0.9778818631277648,0.1537967735211768,0.5806451612903226,1.9487124870024413
81,0.9789227166276346,0.14929668513043548,0.5796045785639958,1.9645783400064205
82,0.9802237835024721,0.14972497166490417,0.5889698231009365,1.9753634019771302
83,0.9802237835024721,0.14551742278929336,0.5806451612903226,1.9966037728970059
84,0.9781420765027322,0.15095630985682995,0.5962539021852237,2.0038268115220284
85,0.9825657038771793,0.1409526851271516,0.5983350676378772,2.0333214186046673
86,0.9786625032681772,0.1473182972725127,0.5983350676378772,2.077310443141582
87,0.9750195160031225,0.15267524997951648,0.6045785639958376,2.090302248837176
88,0.9776216497527973,0.14876935942204644,0.5993756503642039,2.094159304165319
89,0.97632058287796,0.148454929459399,0.5931321540062435,2.1228001143756194
90,0.9836065573770492,0.13726660657519943,0.5962539021852237,2.1413139378367054
91,0.9812646370023419,0.13957781722512744,0.5931321540062435,2.1571191889190278
92,0.9812646370023419,0.13820406246659905,0.5931321540062435,2.173430804283388
93,0.9786625032526672,0.14131353887424722,0.586888657648283,2.185573052727345
94,0.9849076242518865,0.129665589242623,0.5900104058272633,2.1945740188259735
95,0.9817850637522769,0.13359630443669532,0.5910509885535901,2.2065663205907446
96,0.9838667707520167,0.12945516948786187,0.5962539021852237,2.2075640447554057
97,0.9791829300026021,0.13835332430986386,0.5962539021852237,2.240031377395904
98,0.97527972937809,0.1429397839293826,0.5983350676378772,2.2401708950609374
99,0.9833463440020817,0.12866439899289606,0.5962539021852237,2.2568252186497344
100,0.9773614363778298,0.1396719957046325,0.5983350676378772,2.281480419834248
101,0.9794431433930796,0.13467767671033673,0.5889698231009365,2.311852363437321
102,0.9784022898776997,0.13609152475981207,0.5983350676378772,2.3122446786972786
103,0.9823054905022118,0.12826657719035772,0.5920915712799167,2.340489220730844
104,0.980744210252407,0.13120675231217407,0.5879292403746098,2.3683095581821796
105,0.9828259172521467,0.12713020798783423,0.586888657648283,2.3851932824340247
106,0.9791829300026021,0.13440406682697276,0.586888657648283,2.41495692382618
107,0.9825657038771793,0.12745118387394389,0.5712799167533819,2.436709813037102
108,0.9794431433775697,0.13073359219095157,0.5796045785639958,2.452164870767266
109,0.9786625032526672,0.13271197429856937,0.5796045785639958,2.460803004010783
110,0.9856882643767889,0.11915211273672802,0.578563995837669,2.473754747042919
111,0.9838667707520167,0.12205750405625568,0.5796045785639958,2.4973458176969117
112,0.9862086911267239,0.11618661322135836,0.5848074921956296,2.5006068521930325
113,0.9846474108769191,0.11825546784548904,0.5889698231009365,2.519190936133219
114,0.9833463440020817,0.12090361954107776,0.5796045785639958,2.538436505226389
115,0.9828259172521467,0.12031851017921814,0.5775234131113424,2.5491837099365093
116,0.9846474108769191,0.11703440187934659,0.5796045785639958,2.5619265064364543
117,0.9843871975019516,0.11662993312362827,0.5764828303850156,2.5782116217370086
118,0.9815248503773094,0.12232166868950779,0.5837669094693028,2.5757492821620978
119,0.9846474108769191,0.11306945224067924,0.5827263267429761,2.5725574969749174
120,0.9830861306271143,0.1175280958375303,0.586888657648283,2.585882625830409
121,0.980744210252407,0.12174136285247698,0.5972944849115505,2.646720542992067
122,0.9799635701275046,0.12181330796000613,0.5972944849115505,2.66783558466432
123,0.9778818631277648,0.1301654203058902,0.586888657648283,2.6937054179833657
124,0.9828259172521467,0.11831207983263638,0.5879292403746098,2.71434690878493
125,0.980744210252407,0.12254764236977037,0.5941727367325702,2.7277721806693895
126,0.9838667707520167,0.1156891455247149,0.5879292403746098,2.7362431039671247
127,0.9838667707520167,0.11541278739398016,0.5920915712799167,2.7630275773828408
128,0.9828259172521467,0.11632236000029271,0.5858480749219563,2.7623978559234015
129,0.9843871975019516,0.11233228116824297,0.5889698231009365,2.775042853171818
130,0.980744210252407,0.12056676156270203,0.5910509885535901,2.7851060875744773
131,0.9830861306271143,0.11570515573575352,0.5889698231009365,2.7971958431815507
132,0.9817850637522769,0.11863549122494271,0.5931321540062435,2.7900793205066723
133,0.9841269841269841,0.11181955384790913,0.595213319458897,2.792150156555017
134,0.9817850637677868,0.1178169989070947,0.5900104058272633,2.816846097049058
135,0.9859484777517564,0.10879017901225169,0.5910509885535901,2.828483936813942
136,0.9823054905022118,0.1175313808417494,0.5910509885535901,2.837486519153607
137,0.9812646370023419,0.1175315454815503,0.6004162330905307,2.839558187061989
138,0.9836065573770492,0.11080255109895308,0.5931321540062435,2.834758306393142
139,0.9856882643767889,0.10834653520844673,0.5910509885535901,2.8437773549966088
140,0.9843871975019516,0.10848042105801739,0.5962539021852237,2.851007136296283
141,0.9872495446265938,0.1050095504036863,0.5983350676378772,2.8664844085721146
142,0.9849076242518865,0.10899433615560988,0.6056191467221644,2.8651917075019226
143,0.9859484777517564,0.10685164745651804,0.5993756503642039,2.885874857267406
144,0.9841269841269841,0.11031022401307977,0.5941727367325702,2.8918810848390897
145,0.9843871975019516,0.10837838006398035,0.6004162330905307,2.917970943649403
146,0.9856882643767889,0.10621659110745911,0.5983350676378772,2.898028684456316
147,0.985167837626854,0.10495463680575795,0.5962539021852237,2.933482181145175
148,0.9802237835024721,0.11829585171392613,0.5889698231009365,2.9752559986868707
149,0.9869893312516264,0.10319761001300663,0.5941727367325702,3.0103301276277428
150,0.9859484777672664,0.10513120681830691,0.5910509885535901,3.007444831260657
151,0.9802237835024721,0.11833144839336374,0.603537981269511,2.9920972142829854
152,0.9830861306271143,0.11067466514978501,0.5972944849115505,3.0108310273236962
153,0.980744210252407,0.11858572739154884,0.5900104058272633,3.036119960101164
154,0.9833463440020817,0.10930402231052025,0.5910509885535901,3.0635301362215293
155,0.9799635701275046,0.1193388157579665,0.5858480749219563,3.0487624689642026
156,0.985167837626854,0.10548021725587103,0.5848074921956296,3.0420429866594283
157,0.9846474108769191,0.10890012895559972,0.5910509885535901,3.0510104064762777
158,0.9820452771272443,0.11574035052587178,0.5879292403746098,3.058582493591507
159,0.9825657038771793,0.11214565026234315,0.5858480749219563,3.0528082028884174
160,0.9849076242518865,0.10637052417491644,0.5858480749219563,3.0642029803699806
161,0.9843871975019516,0.11038484124235581,0.5910509885535901,3.0708831847644373
162,0.9836065573770492,0.10930478771178635,0.5889698231009365,3.075936931725223
163,0.9862086911267239,0.10404495999794779,0.5962539021852237,3.1030348828382226
164,0.9856882643767889,0.10465388041694369,0.5962539021852237,3.1192365789884833
165,0.9851678376423639,0.10866758366162163,0.5900104058272633,3.122701230952196
166,0.9846474108769191,0.10739657285737396,0.5848074921956296,3.139286669372396
167,0.9843871975019516,0.10698536053714794,0.5910509885535901,3.1341763161719776
168,0.9838667707520167,0.10974687267692952,0.5889698231009365,3.147404594054207
169,0.9807442102679169,0.1160702094912622,0.5879292403746098,3.1522923657102715
170,0.9864689045016913,0.10285010366406629,0.5858480749219563,3.1729125435096788
171,0.9846474108769191,0.1083962960561799,0.5931321540062435,3.165394906695006
172,0.9838667707520167,0.10969891319172072,0.5931321540062435,3.143170658619173
173,0.9880301847514962,0.09734014063422146,0.5962539021852237,3.160221290141809
174,0.9854280510018215,0.1058697212858728,0.6004162330905307,3.1512837851580917
175,0.9797033567525371,0.11901734586230268,0.5941727367325702,3.166910868777693
176,0.9864689045016913,0.10171855743581852,0.5941727367325702,3.1783206889582227
177,0.9846474108769191,0.10739166183034145,0.5910509885535901,3.2095074782014263
178,0.9849076242518865,0.11021302682217943,0.5900104058272633,3.2115021026097277
179,0.9833463440175916,0.10897172567529849,0.5910509885535901,3.2208171297682684
180,0.9862086911422339,0.103027431101902,0.586888657648283,3.258919344298177
181,0.9833463440020817,0.10967824088601963,0.586888657648283,3.285427465771289
182,0.9849076242518865,0.1078937221429961,0.5972944849115505,3.301010974767181
183,0.9872495446265938,0.09940681751355075,0.5931321540062435,3.3118191465626894
184,0.9830861306271143,0.11195735444249102,0.5920915712799167,3.3269378539488788
185,0.9856882643767889,0.10309524994102146,0.5920915712799167,3.3308462231389937
186,0.9843871975019516,0.10732178337001534,0.5941727367325702,3.3204060203699117
187,0.9872495446265938,0.10077155027136249,0.5858480749219563,3.31495007881885
188,0.9885506115014312,0.09632988132375496,0.5816857440166493,3.323761910603272
189,0.9828259172521467,0.11255360594212684,0.578563995837669,3.3331900710679987
190,0.985167837626854,0.1047522908601558,0.5848074921956296,3.351523905248225
191,0.9859484777517564,0.10338969064637488,0.5806451612903226,3.3581537292043326
192,0.9841269841269841,0.10933014484582362,0.578563995837669,3.366274450125481
193,0.985167837626854,0.10422815632093489,0.5775234131113424,3.3956446775412585
194,0.9862086911267239,0.10373062006848074,0.5796045785639958,3.394060555469481
195,0.9802237835024721,0.11884689967931016,0.586888657648283,3.4120846048974345
196,0.9885506115014312,0.09763456411677167,0.5983350676378772,3.384725606931484
197,0.9841269841269841,0.10983936303478649,0.5962539021852237,3.3878898463065616
198,0.9843871975174615,0.10836156255839673,0.5931321540062435,3.403110662961726
199,0.9856882643767889,0.10530958939639348,0.5900104058272633,3.406477247701103
200,0.9859484777517564,0.10412622994815748,0.595213319458897,3.4112022131774475
201,0.9908925318761385,0.09070721906499567,0.5910509885535901,3.4213831813290763
202,0.989591465001301,0.09287216130381383,0.5775234131113424,3.426904716504724
203,0.9893312516263336,0.0936531571110586,0.5848074921956296,3.4194445962650346
204,0.9846474108769191,0.10625054727296578,0.5889698231009365,3.424844530879149
205,0.9882903981264637,0.0961563998948169,0.5931321540062435,3.416032227343501
206,0.9893312516263336,0.09440838999904726,0.5889698231009365,3.432122368617497
207,0.9864689045016913,0.10160784751386218,0.5900104058272633,3.4345841203330707
208,0.9882903981264637,0.09616471295524413,0.5900104058272633,3.4223503671067066
209,0.9859484777517564,0.10213116165362017,0.5900104058272633,3.4243336351865534
210,0.9841269841269841,0.10632445506078794,0.5879292403746098,3.4743454124038102
211,0.9856882643767889,0.10272690557348614,0.578563995837669,3.507288875668838
212,0.9854280510018215,0.10473861630919729,0.5764828303850156,3.542012871048267
213,0.9862086911267239,0.10219002832837196,0.5816857440166493,3.528807374265948
214,0.9864689045016913,0.09994191173275033,0.578563995837669,3.5598280255708934
215,0.9869893312516264,0.10167306670620979,0.5733610822060354,3.5799568287570818
216,0.9864689045016913,0.10127241549576721,0.5764828303850156,3.594311108837887
217,0.9836065573770492,0.10741001653920974,0.5848074921956296,3.611642062943138
218,0.9838667707520167,0.1064782096332338,0.5941727367325702,3.5767543235877053
219,0.9859484777517564,0.10138266495807761,0.5931321540062435,3.5865133431479412
220,0.9859484777517564,0.10232835132536588,0.5910509885535901,3.5605967383013803
221,0.9864689045016913,0.1029617776975497,0.5962539021852237,3.57310004555596
222,0.9856882643767889,0.10345541872229547,0.5920915712799167,3.5718052584162363
223,0.9893312516263336,0.0944384003347433,0.5889698231009365,3.5867123227027653
224,0.9864689045016913,0.10075322254782632,0.578563995837669,3.594795019830055
225,0.985167837626854,0.1064253670873274,0.5837669094693028,3.597422928408827
226,0.9880301847514962,0.09878377429413944,0.5796045785639958,3.5986103972615857
227,0.9872495446265938,0.09898043069780074,0.5816857440166493,3.6181126672321007
228,0.9869893312516264,0.09999046144333787,0.5889698231009365,3.6296695538880797
229,0.9862086911267239,0.10500001727336557,0.5889698231009365,3.6174913684873378
230,0.9903721051262034,0.09047755932776128,0.5920915712799167,3.612959687438145
231,0.9838667707520167,0.10934981803118701,0.5858480749219563,3.6271090946711686
232,0.9888108248763986,0.09480511561431613,0.5796045785639958,3.640782178564697
233,0.9877699713765288,0.09841214231671748,0.5754422476586889,3.6565888175483052
234,0.9859484777517564,0.10278653789087723,0.5827263267429761,3.6414049950648297
235,0.9880301847514962,0.09622594975894731,0.5775234131113424,3.6549126035713133
236,0.9877699713765288,0.10008868941905875,0.5858480749219563,3.6465101765544308
237,0.9867291178766588,0.1020148087757238,0.5775234131113424,3.6523517478145
238,0.9875097580015613,0.10113506331446578,0.5744016649323621,3.6536307870783493
239,0.9859484777517564,0.10233986134016355,0.5764828303850156,3.65972379020548
240,0.9862086911267239,0.10296439737345196,0.5889698231009365,3.6790122682544615
241,0.9880301847514962,0.09856217598041891,0.5900104058272633,3.645139183511843
242,0.9838667707520167,0.11055287136956797,0.5848074921956296,3.7111613533220233
243,0.9849076242518865,0.10640693539881999,0.5858480749219563,3.6877640422344458
244,0.9869893312516264,0.10023664629594317,0.5858480749219563,3.7025554859303287
245,0.9869893312516264,0.10119439392502563,0.595213319458897,3.700126104932918
246,0.9859484777517564,0.10462702897135212,0.5941727367325702,3.7016435817550795
247,0.9854280510018215,0.10532208569609589,0.5816857440166493,3.711494438606048
248,0.9888108248763986,0.09661677439805899,0.5775234131113424,3.709788545981654
249,0.9872495446265938,0.10153612809223245,0.586888657648283,3.714252711365796
