epoch,categorical_accuracy,loss
0,0.5620242748099132,5.938492942214429
1,0.5282863607084867,5.134560488889404
2,0.5025714874463767,4.917872524732328
3,0.5167660974801457,4.665712380110053
4,0.5130631557415356,4.546407039605451
5,0.5256120138417495,4.395009158055396
6,0.5048343962270324,4.324750872900201
7,0.5122402796552055,4.214348002388458
8,0.5165603784003195,4.123189508363166
9,0.5145031884726465,4.095522037138053
10,0.5239662619633725,4.0080226530044865
11,0.5309607075507001,3.9154850432618216
12,0.5138860317788186,3.89671322794712
13,0.5184118493830464,3.8651986368348434
14,0.5198518822061209,3.815069807627838
15,0.5177946925482076,3.771179632992441
16,0.5284920796963493,3.72174365499387
17,0.5247891379822627,3.717187414245825
18,0.5165603784003195,3.6831406928021044
19,0.5274634847570363,3.6349596623112896
20,0.5346636494425828,3.6131339710304653
21,0.5167660976088947,3.6429592993151036
22,0.5169718165109246,3.597579673787886
23,0.5241719809267115,3.5744007514646774
24,0.5356922442470159,3.535454044909027
25,0.5354865253511168,3.5148246392279687
26,0.5385723103223281,3.4987870901363225
27,0.5441267229762251,3.4841647638604614
28,0.5305492697772949,3.490652912709233
29,0.5235548239876473,3.4721591153328273
30,0.5379551531380279,3.4483650030851414
31,0.5367208392108525,3.4501590431533558
32,0.5428924090674423,3.4077974509565068
33,0.5354865252836769,3.413500706812551
34,0.5317835835021505,3.405456812679461
35,0.5426866898588673,3.3943661731644634
36,0.5449495988970209,3.3878356346596514
37,0.5428924090674423,3.3783279766003504
38,0.549063978617487,3.3541671415092376
39,0.5424809710304082,3.345303648711477
40,0.5494754164338087,3.3322447968274815
41,0.5437152850188927,3.335645889014625
42,0.5426866898343436,3.3175867604414786
43,0.5426866899263072,3.312142398567804
44,0.5692244392686164,3.2848484798655835
45,0.5552355482288408,3.2799937263042245
46,0.5537955152708864,3.2809998262225295
47,0.5616128368096645,3.2589117441862068
48,0.5492696974704697,3.2575688039390815
49,0.56017280391915,3.2428551022345773
50,0.5710759102513432,3.2324832470616647
51,0.5673729686230893,3.22741719695968
52,0.5675786874515484,3.212218842322972
53,0.5659329356835276,3.2080383609778793
54,0.5727216621726365,3.198096278566707
55,0.5764246038438067,3.1894494735319117
56,0.5667558113897418,3.172185493677983
57,0.584859082566885,3.163786472496342
58,0.5708701912634806,3.1558308384590643
59,0.5632585886451252,3.1549143751470474
60,0.5579098951814107,3.1453346625396534
61,0.5696358774650541,3.129138675302028
62,0.5751902900515111,3.1256881898088578
63,0.5739559762101683,3.1157349525373967
64,0.5727216621542438,3.102109817437394
65,0.5922649660441052,3.0903961796790966
66,0.6056367002122566,3.066096644959708
67,0.5893849001036728,3.0699464031463544
68,0.5766303229236328,3.0606902639357254
69,0.5957621887028892,3.040292752277113
70,0.5904134951288184,3.0383693343497824
71,0.5869162724700344,3.0321290417969213
72,0.5965850648382666,3.016708046976516
73,0.6070767331272946,3.005125562439875
74,0.5895906192877243,3.0018240662421545
75,0.6070767332805672,2.9810741763378803
76,0.5945278750209498,2.976998158772525
77,0.6052252623652804,2.966137885605938
78,0.618391277613009,2.9530603390273624
79,0.59802509779009,2.9482706998312236
80,0.5957621887948528,2.9388145303265154
81,0.618185558465743,2.9197831703689063
82,0.6128368646709597,2.915884187942031
83,0.6179798393920478,2.9030250924723897
84,0.6140711786471824,2.8948345629184535
85,0.6227113761374107,2.88974254054313
86,0.6192141535399358,2.8768695577920846
87,0.6299115409946225,2.861959934430808
88,0.6167455256855848,2.860507829030878
89,0.6227113761374107,2.8424742421454496
90,0.6325858877510034,2.829950610788436
91,0.6159226495379456,2.830171509844559
92,0.61468833567821,2.815452056273441
93,0.6303229787557662,2.8047293220324616
94,0.61736268242846,2.7981732694535215
95,0.6350545155808308,2.7816235367787323
96,0.636494548544916,2.772776535866413
97,0.6243571282610239,2.7663117375204136
98,0.6305286976761888,2.7533190241077756
99,0.6463690597170838,2.7391566254184756
100,0.6336144824941274,2.7367252283835946
101,0.6545978194522994,2.7137349460674787
102,0.643077556131995,2.7103812820110464
103,0.6377288622268554,2.7089792278366702
104,0.6418432420699397,2.694290852796833
105,0.648014811711948,2.6820390631548787
106,0.6519234723648498,2.6729769442361513
107,0.6583007609885898,2.663982370414255
108,0.6434889938870076,2.65401075514617
109,0.6673523966139467,2.638256534434375
110,0.6498662827314602,2.6363810166192385
111,0.6615922649047473,2.6199697273990497
112,0.662209421874466,2.612888555226564
113,0.6576836043560709,2.6082098322183453
114,0.6583007611479933,2.596869740557754
115,0.669409586529358,2.5883464801461087
116,0.6655009256128273,2.572856462386821
117,0.6702324625298556,2.560902108677227
118,0.6659123638705741,2.5535313551427405
119,0.6788726600446076,2.544538664293005
120,0.6636494548078967,2.5384684510496855
121,0.6626208598501911,2.5308008022794897
122,0.6809298498987097,2.5165871447237693
123,0.6759925940796515,2.504156305573649
124,0.6813412877395549,2.4967332712246835
125,0.6780497838724446,2.486624304293311
126,0.6840156347166484,2.4785910004869063
127,0.6720839333960952,2.4724805373219496
128,0.6920386751084091,2.4592877219081832
129,0.6821641638258852,2.4580738342389528
130,0.6877185763632949,2.4447398921438412
131,0.6899814851439506,2.4299379655594344
132,0.682164163580649,2.423457135194811
133,0.6984159637566727,2.415448119968476
134,0.6895700471682256,2.409418596747578
135,0.6852499486683475,2.4014422914614477
136,0.6848385106926224,2.392042148949506
137,0.6815470066661086,2.389095438824002
138,0.692861551219263,2.367895866759739
139,0.7056161283073394,2.364245509983605
140,0.6982102448546428,2.3533112683970114
141,0.7031475005633447,2.3467971941150036
142,0.6963587737676906,2.3424556814478983
143,0.7084961941619391,2.3256460553553584
144,0.6973873687928362,2.3251307934700427
145,0.707673318320845,2.3088555404174183
146,0.7037646574410998,2.30536780389732
147,0.7080847563824029,2.2872865427131392
148,0.7101419460157925,2.2843788749665004
149,0.6986216828548916,2.2815522767466985
150,0.7280394981192405,2.2563937332767
151,0.7054104094053094,2.258236795216278
152,0.716724953762275,2.249465328507697
153,0.7142563256872114,2.2457791484694645
154,0.7132277309686111,2.2356967935834837
155,0.7183707057142228,2.2237161270656403
156,0.717547829603369,2.216716886179802
157,0.715079201883898,2.2138450487090147
158,0.7191935815307933,2.2033267665169314
159,0.7272166222290992,2.1962892564327428
160,0.7327710345948436,2.1804103056753252
161,0.7303024067650163,2.178045810630012
162,0.7268051841062323,2.167514796414951
163,0.7286566550583046,2.1589605174567863
164,0.7276280601189917,2.160643680329628
165,0.7315367209129043,2.1479611932385287
166,0.7344167866081005,2.1358220049491807
167,0.7370911336710266,2.1293217178922306
168,0.7401769181578965,2.123277424245527
169,0.7362682575233874,2.1071558837364837
170,0.7381197285245069,2.10179883598472
171,0.7436741409515604,2.0975729233196945
172,0.7473770830641556,2.0877225459345423
173,0.746554207002349,2.0788417420154786
174,0.7424398272450974,2.077297082827234
175,0.7360625387317137,2.0693925993846194
176,0.7556058425786588,2.058607842151679
177,0.7463484877937739,2.0515460832156753
178,0.7484056776723997,2.0427895134257033
179,0.7556058425786588,2.034139252277932
180,0.7537543715775393,2.0313787833576558
181,0.7463484879041302,2.023635392521566
182,0.7566344374076154,2.01394979057673
183,0.7660975109596504,2.0073939757297077
184,0.7615716929201284,2.0090392191109405
185,0.7576630321262158,1.9987636119636139
186,0.7615716931163173,1.9888418693891696
187,0.7605430981770044,1.9825133380515172
188,0.7572515942608469,1.9717604582801667
189,0.7623945690922913,1.9672245892740723
190,0.7679489815193448,1.955315733833878
191,0.7665089489353755,1.9543969556398044
192,0.7603373792136655,1.954628804465229
193,0.7669203866903882,1.9372931528768282
194,0.7621888498591926,1.9327056957502666
195,0.7753548653031102,1.9226956742703976
196,0.7704176095944083,1.9210775685737074
197,0.7724747995833904,1.9124670899765306
198,0.7761777413649168,1.906745747734161
199,0.7794692449254819,1.8992649596847395
200,0.7780292120104438,1.889031507404369
201,0.7817321538655411,1.8829488955611335
202,0.7776177740837659,1.8805277420645068
203,0.7868751285130584,1.8694546503482152
204,0.779880682901207,1.8661306877485446
205,0.7835836249279696,1.859087992538471
206,0.7788520880722504,1.8546755756524531
207,0.7837893439158322,1.8495668896037691
208,0.7895494752449157,1.8430688266424553
209,0.7831721869522444,1.8394183367276187
210,0.7920181033199791,1.829603043291162
211,0.7911952272581726,1.8214083493086959
212,0.7835836246582099,1.8233794643907875
213,0.7928409792714295,1.809685371560193
214,0.7963382020650933,1.8004763981756962
215,0.7957210449911493,1.7942600544527514
216,0.7953096069909006,1.7940971258613116
217,0.7914009463318677,1.786730310794773
218,0.7920181032096228,1.784030451423419
219,0.7934581361491846,1.775823813410753
220,0.7998354248342335,1.7700425981616954
221,0.7928409791365496,1.7722221731379355
222,0.79736679689405,1.757282220073944
223,0.8010697387859327,1.7488221238361321
224,0.8111499692770316,1.7376416992979318
225,0.809709936276161,1.736590391837675
226,0.794281011965755,1.7393119564960828
227,0.8039498045056525,1.7317388213678928
228,0.8088870601898308,1.7199546288276646
229,0.8113556880441818,1.7144317021465085
230,0.801892614602503,1.7164434516069405
231,0.815470067825957,1.7006374502888286
232,0.8146471920952192,1.7020208171011857
233,0.8154700680466694,1.686854938670113
234,0.8150586300709444,1.6847571901175447
235,0.8125900020204044,1.6803890884572452
236,0.8171158198392139,1.6735325053355694
237,0.8113556880687054,1.67467088138731
238,0.8220530754130358,1.6628978750485497
239,0.8179386955699517,1.6605879513968707
240,0.8216416376580232,1.6481177899308275
241,0.8236988274508165,1.6463304110893715
242,0.8177329767782779,1.645989967015417
243,0.8119728451426493,1.6423602873983267
244,0.8251388602309746,1.6346197541764038
245,0.8236988273404602,1.6230263563861231
246,0.825550298255747,1.6174666564470945
247,0.8271960500237677,1.6159037626027521
248,0.8214359185843281,1.611543583712983
249,0.8296646779639514,1.6008705385573434
250,0.8222587945357783,1.5985091305200858
251,0.8325447439289073,1.5923307373111224
252,0.8319275869653197,1.5852654940109394
253,0.8364534048086526,1.5850337484789787
254,0.8257560173049185,1.5863486052393252
255,0.8407735034188869,1.5689188136507077
256,0.8387163134544284,1.5654041082421049
257,0.8364534048086526,1.5652353430794874
258,0.8354248097344599,1.5636590895793046
259,0.843036412175019,1.5470601141489575
260,0.8403620653082818,1.5455704772455214
261,0.843653569383843,1.541916292014374
262,0.8481793869819397,1.5334253526965034
263,0.8348076527708721,1.5361121975573657
264,0.8434478503959804,1.5307290340200714
265,0.8393334705283725,1.5236391428443439
266,0.8471507921775068,1.5223402198610225
267,0.8471507919322706,1.5108768946838536
268,0.84900226306827,1.5021319647086449
269,0.8418020984930797,1.5032754681086349
270,0.8514708908122647,1.4986536920230051
271,0.8496194200073341,1.4912055093205727
272,0.8405677842961444,1.4922785847011943
273,0.8512651719347584,1.4838336748096879
274,0.8512651718244021,1.4811912322578988
275,0.8533223617030279,1.48257676656539
276,0.8555852705695163,1.4707361518833966
277,0.8574367415461122,1.4706155453363923
278,0.8533223618133842,1.4600833185266944
279,0.8549681136059285,1.4564377883166792
280,0.8574367413253996,1.4559735791277577
281,0.85537955169201,1.4482014102716059
282,0.8623739971444578,1.438737786029548
283,0.8607282452660807,1.4396665172796637
284,0.8615511210826512,1.4342801236880707
285,0.863608310961277,1.4272995080949837
286,0.8650483439866713,1.4237969576932354
287,0.8609339641190634,1.4220340264674887
288,0.860316807265832,1.418422802464262
289,0.8611396832172823,1.42022533913106
290,0.8650483440970276,1.4084385278366691
291,0.8652540630848902,1.4001714779599364
292,0.8644311870721308,1.3983323783007358
293,0.866282658024203,1.3944258090032764
294,0.8701913185728796,1.39324710291125
295,0.8677226909637648,1.3884185426300433
296,0.8740999794526249,1.3805818645043324
297,0.8740999793422686,1.3806220717303572
298,0.8636083110716333,1.3849280766316634
299,0.8703970375607422,1.3760465964739323
300,0.8679284099516273,1.370167788495941
301,0.8771857641602072,1.360716444331171
302,0.8802715491988585,1.3513364380609103
303,0.8827401770532094,1.3557541840509533
304,0.8821230198689092,1.347071409274511
305,0.8755400123921865,1.3476186269253179
306,0.8751285743919377,1.350950732836383
307,0.8767743264051946,1.3445623729533556
308,0.8850030858338652,1.3274222781839158
309,0.877802921123795,1.3330614649447559
310,0.8845916478336164,1.326226396169272
311,0.8767743261844821,1.3253397425122035
312,0.8773914832584261,1.3228737524913874
313,0.8885003084681256,1.312148098444355
314,0.88088870591721,1.3139713292895852
315,0.8835630530291834,1.3090637068129498
316,0.8856202427729293,1.3041573679758625
317,0.8866488377122422,1.3024145632068749
318,0.8845916477232602,1.2962258162995812
319,0.8860316808590107,1.2945436252975777
320,0.8876774326270315,1.2872851183080447
321,0.8889117464683743,1.2809216760603201
322,0.8895289035423183,1.2828248855729723
323,0.8876774325411988,1.280598740130387
324,0.8872659945654736,1.274713722135618
325,0.8895289035423183,1.2713209560588907
326,0.8936432834099262,1.2627749519077405
327,0.8880888707621601,1.2673166386754002
328,0.8885003086030054,1.260572436316419
329,0.8907632173591375,1.2614890461815553
330,0.8907632174940174,1.2584593470413923
331,0.8899403415180435,1.2523861210720453
332,0.8934375644465872,1.2512227457458898
333,0.8911746553593863,1.2535127614462138
334,0.8991976961067394,1.2363774190344357
335,0.9029006376185061,1.2307989749612203
336,0.8946718782388828,1.2363571026668065
337,0.8948775971163891,1.2331331592850958
338,0.901872042948953,1.2273933722683001
339,0.900432009899035,1.2239875464595362
340,0.9061921415591873,1.216468002736826
341,0.9008434477398803,1.215322014334466
342,0.8991976960822158,1.2191976321820148
343,0.9008434480096401,1.208660224096639
344,0.9049578274971319,1.200449140860058
345,0.9074264553760065,1.2045917546545568
346,0.8996091339230611,1.2045992449021001
347,0.904546389631763,1.1963248176845447
348,0.9039292328030551,1.1942683670702747
349,0.9084550504256756,1.1901615005882402
350,0.9072207366088564,1.1839020673543479
351,0.9022834807897983,1.1840767472449019
352,0.9012548859853652,1.1860414762306646
353,0.9090722074996197,1.172718427206258
354,0.9031063568516048,1.1823059011452288
355,0.9068092986576549,1.1715291738510132
356,0.9035177945820938,1.171779000692911
357,0.9101008023285763,1.1629947844269688
358,0.9133923061343776,1.157529089093282
359,0.9055749844607196,1.1617922527361888
360,0.9070150175351612,1.1605824313029367
361,0.9119522732438631,1.1502688453413779
362,0.9127751491707898,1.1479847707809232
363,0.9121579922072021,1.1442346670479961
364,0.9088664884014008,1.1469106731579595
365,0.9129808681586524,1.1399382528172823
366,0.9234725366500002,1.1329167062082155
367,0.9156552150008659,1.1302493874169848
368,0.9220325036246059,1.1225847016634507
369,0.9146266201719093,1.128356749102599
370,0.9199753138563364,1.122636913296814
371,0.9181238428552169,1.1195540995638058
372,0.918123842720337,1.1171731935855023
373,0.9251182885529009,1.110766897719477
374,0.9154494961478832,1.1113665271163404
375,0.9185352806960622,1.1130936849364967
376,0.9150380580127546,1.1134160801943034
377,0.9135980252325964,1.113192914960022
378,0.9185352807205858,1.101598243094403
379,0.9259411643939949,1.0933772652906
380,0.9230610984290389,1.0963187219919528
381,0.9144209011840467,1.1001449547979327
382,0.9164780908664836,1.0965814660836875
383,0.9273811971741531,1.0850555431300832
384,0.9236782553926267,1.0826745208608004
385,0.9191524376596499,1.0867940624465031
386,0.9242954124665707,1.0878606023574606
387,0.9185352806960622,1.0801019277917925
388,0.9230610986742751,1.077829825807025
389,0.924089693613588,1.0811395236087713
390,0.9216210656243571,1.0737192460819174
391,0.9255297263079135,1.0699000046641167
392,0.9282040733708395,1.0585956203670224
393,0.9290269491015773,1.0602600597055134
394,0.9282040731256034,1.0525399700552072
395,0.9265583212472264,1.0542490741790163
396,0.9296441060651651,1.057291685811435
397,0.921621065759237,1.0609462713660636
398,0.9300555442616028,1.0496257385141294
399,0.9249125695895619,1.0469457027083733
400,0.9329356100916789,1.0390117425679228
401,0.9325241718707176,1.0391485911783087
402,0.9312898579435421,1.0312092280196594
403,0.9292326680649163,1.038617499422522
404,0.9304669819920918,1.0304601336918453
405,0.9296441061509977,1.0285312996261822
406,0.9325241721159537,1.0273761374056278
407,0.9300555442616028,1.0292591496127987
408,0.9279983541377408,1.025820518442447
409,0.9263526023451965,1.0282959681287074
410,0.9263526023697201,1.0246149067328414
411,0.934787080737206,1.0125012694256612
412,0.9261468832469776,1.0143633064260407
413,0.9317012961645034,1.0136861334463079
414,0.9343756430067169,1.007810124593663
415,0.9323184529932113,1.0036399377836804
416,0.9300555441267229,1.0114864649239992
417,0.9321127340298723,1.0064194782651812
418,0.9391071796417236,0.9948684661826389
419,0.9331413289691852,1.0020020845813826
420,0.9368442708855915,0.99542618126468
421,0.928821230224071,0.9963244630142241
422,0.9358156758113988,0.9908192612167936
423,0.9349927997495922,0.9872919094461984
424,0.9376671465918057,0.9848310886844885
425,0.933758485932773,0.9880126608273935
426,0.9374614275794195,0.9818339877794663
427,0.9364328326401066,0.9831239890718725
428,0.935815675921755,0.9846451433566685
429,0.9370499898489305,0.9756808570446092
430,0.9376671468125182,0.9777327078013135
431,0.9347870809824421,0.9762887370804656
432,0.9372557085915569,0.9715437146769313
433,0.9376671465918057,0.9687311338608315
434,0.9372557087264368,0.9651912744092833
435,0.9409586504834396,0.9626788027221297
436,0.936638551762849,0.9617655666441958
437,0.9343756430067169,0.9674510704198264
438,0.9419872454472762,0.9559218861443152
439,0.9407529316304569,0.9548256067527319
440,0.940135774421633,0.9540413761673531
441,0.9356099569338924,0.9586935158963803
442,0.9421929643002588,0.948671574198741
443,0.9448673112528286,0.9408628444224321
444,0.9403414936547317,0.9459802069013635
445,0.9434272784726705,0.9441746227095289
446,0.9419872454227525,0.9394219362350728
447,0.9372557088367931,0.9416274649938471
448,0.9426044023863402,0.9415221697777492
449,0.940135774421633,0.9346734982070499
450,0.9417815265697698,0.9326600898835081
451,0.9415758073366711,0.9325495095710111
452,0.9469245010210982,0.9264976486480916
453,0.9389014606048138,0.9283964282763493
454,0.9382843037761059,0.9280298332500007
455,0.9428101212638466,0.920530102547734
456,0.945073030130335,0.9206822309884435
457,0.9403414936547317,0.9280059567892706
458,0.9479530960707674,0.9145822330429534
459,0.9378728656655009,0.9237254029731892
460,0.9423986832881214,0.9096142746641469
461,0.9471302200089607,0.9086523677213426
462,0.9428101212883702,0.91409543381628
463,0.9444558731667472,0.9107256152457697
464,0.9446615921546098,0.9049317436781323
465,0.9448673111424724,0.9053185351761592
466,0.9479530959604111,0.8998032966358528
467,0.9423986832881214,0.9030156862684249
468,0.9370499896036943,0.9089144342623972
469,0.9446615921546098,0.9029274946793292
470,0.9485702530588787,0.889638799572403
471,0.948981690899724,0.8900832205833022
472,0.9421929644106151,0.896667544254671
473,0.9426044023863402,0.8944411941625238
474,0.9436329974605331,0.8913462536493414
475,0.9417815264594136,0.8898986336675305
476,0.9481588149482737,0.8850758135306495
477,0.9506274430478607,0.8849896785531655
478,0.9467187820332356,0.8847439477434376
479,0.9491874098875865,0.8804542507146322
480,0.9502160049617793,0.8754153596572586
481,0.9537132277554432,0.869769074156117
482,0.9465130632906091,0.8779381785685083
483,0.9465130632906091,0.8723318155742285
484,0.9563875747080129,0.866844374955473
485,0.9485702529239988,0.8691644169278313
486,0.9475416582299221,0.8678945017140531
487,0.9495988478633117,0.8661834961150169
488,0.950833161925367,0.8664812303158365
489,0.9498045670964105,0.8661535962009057
490,0.952890351669113,0.8567895647602006
491,0.9473359389968233,0.863990131265169
492,0.9530960706569755,0.8603846898811685
493,0.9473359391071796,0.862447705638676
494,0.9463073440575104,0.8571498243069604
495,0.9520674757176627,0.8498186869058215
496,0.9477473769725485,0.8563623703622298
497,0.9512445999010922,0.8465676452980638
498,0.9543303846945073,0.846218883513031
499,0.9514503187785985,0.8470223865570833
