epoch,categorical_accuracy,loss
0,0.5027772062135267,5.5720597679932355
1,0.5003085784450084,5.452710110276502
2,0.49022834804587295,5.240411391451486
3,0.4988685454441377,5.010430572111894
4,0.4976342317376748,4.829670794239213
5,0.5089487759168441,4.701832028137659
6,0.5081259001186663,4.578684645164064
7,0.5085373379840352,4.421021903402348
8,0.5276692038307316,4.243579698329942
9,0.5254062949887668,4.178626646158799
10,0.5167660973881821,4.1757590299868035
11,0.5085373379411189,4.052883656616933
12,0.5124459987105079,3.9976254961319455
13,0.526640608873026,3.9335314368691567
14,0.5196461632182583,3.9071991828164307
15,0.5303435506729451,3.822680895084757
16,0.5227319482385168,3.7593120992048807
17,0.5233491050917483,3.7310637933828783
18,0.5307549887835501,3.7101972160013683
19,0.5289035176475507,3.6585110646906864
20,0.5354865252836769,3.6436541883868463
21,0.5309607077101036,3.587011895879162
22,0.5212919150966353,3.5795305709587746
23,0.5233491050488319,3.5527723322579754
24,0.5239662619633725,3.509283607865871
25,0.5363094012351273,3.491107362014623
26,0.5227319481710768,3.4641833642313347
27,0.5291092367702932,3.4444366047299466
28,0.5340464923686389,3.41175088002539
29,0.5361036822472647,3.370589960702921
30,0.5247891379148227,3.377036837829138
31,0.5396009052616411,3.355164358385844
32,0.5293149557826794,3.3227836422114874
33,0.5367208392782924,3.312309812945217
34,0.5369265583335948,3.317828761822548
35,0.5437152849085364,3.282583526122033
36,0.5393951860285423,3.2887086141406203
37,0.54741822673911,3.2660802427914573
38,0.5410409379559665,3.2567431387207777
39,0.5531783583747386,3.2273789048562738
40,0.544126722859738,3.221975107640304
41,0.5363094013209599,3.2272594293383654
42,0.5420695328952795,3.200989481500823
43,0.5330178974293259,3.2054571771886557
44,0.5455667557563832,3.1885080573441584
45,0.5482411024821097,3.176157916090023
46,0.5315778646491678,3.1721155178004934
47,0.556881299972338,3.142969662994545
48,0.5435095657857939,3.145667169006291
49,0.555029829198062,3.1307244545097483
50,0.5577041759483119,3.1151190671232154
51,0.5527669202641337,3.1036895319552755
52,0.554001234326189,3.0987064664782236
53,0.5760131661133177,3.0810574630826766
54,0.5531783583256914,3.090534813682181
55,0.554206953289528,3.087328522618821
56,0.5556469862290896,3.0774362978928376
57,0.5577041760402754,3.0623604125678354
58,0.5494754165073796,3.064167923506482
59,0.5453610367010807,3.064160722098069
60,0.5649043407442147,3.033207486524819
61,0.5574984570524129,3.0251360282415325
62,0.5663443734385403,3.021116247443941
63,0.5540012342526182,3.0160631496850856
64,0.5704587532203155,3.0033134502826027
65,0.5692244394034963,2.988015748424016
66,0.5644929025723007,2.9898313824175515
67,0.5710759104046157,2.975090351940501
68,0.5710759104046157,2.9701410336544476
69,0.5848590823216488,2.9531257266837416
70,0.5603785229254054,2.9614990843443487
71,0.567372968518864,2.944223722247179
72,0.5718987862027934,2.93449315144873
73,0.5807447026992771,2.93450893558266
74,0.5795103888824579,2.9144027356232325
75,0.5790989509312564,2.9084004600507636
76,0.5821847356388388,2.897267949897501
77,0.5860933964082278,2.8924900820362693
78,0.5918535281603436,2.880294833107756
79,0.5811561406995259,2.873713695470798
80,0.5842419254071083,2.8650093853559495
81,0.5725159430989413,2.8615106317982755
82,0.5825961737249202,2.8538045594781005
83,0.5932935609834181,2.8370867395469666
84,0.5782760749552824,2.8378833982832172
85,0.5955564698253829,2.814334263357207
86,0.5922649660195816,2.809083009546025
87,0.5961736268993268,2.79850739516537
88,0.599053692533214,2.7927428303714446
89,0.5982308165817637,2.7829103733722724
90,0.5984365355451027,2.7708789106505174
91,0.6006994444115911,2.762135399930444
92,0.6097510800982571,2.7563468234771027
93,0.6004937255586084,2.7581604634065044
94,0.6068710141823483,2.7428542493032686
95,0.6113968317804452,2.7286829582532968
96,0.592264965995058,2.7276367545250486
97,0.6241514090034016,2.7074569410023144
98,0.615922649513422,2.6995798524233865
99,0.623328533321711,2.69357436607218
100,0.6181855583799104,2.6847171742247595
101,0.6214770624309478,2.674984727664093
102,0.617362682624649,2.67215745107207
103,0.6227113761128871,2.6562572902329444
104,0.612425426915947,2.6537879819954355
105,0.6202427483688924,2.643301124657115
106,0.6262085991517871,2.6375771734700284
107,0.6385517381783058,2.6169094966777777
108,0.6373174243614865,2.6101200969050975
109,0.6348487965316592,2.602502115026371
110,0.620448467356755,2.603721872618894
111,0.6284715077485157,2.5925604723236044
112,0.6317630118240768,2.581991238938367
113,0.6393746142155887,2.5672193223913617
114,0.6295001028472321,2.5632425408087696
115,0.6434889941077202,2.5478766159225557
116,0.6482205307182033,2.5377740588754176
117,0.6381403003129369,2.5349941184015043
118,0.644106151071308,2.5258237522488587
119,0.650277720731709,2.521405406067877
120,0.6517177535363907,2.509507618527235
121,0.6552149763913636,2.496086273730917
122,0.6523349106103348,2.4912019061885284
123,0.6502777205968291,2.490022451341508
124,0.6459576219865948,2.47725432474803
125,0.6471919356930577,2.4676987819283176
126,0.6519234725242533,2.4598834886886385
127,0.6636494547833731,2.448237033666247
128,0.672289652433005,2.4328792784297892
129,0.6589179181974136,2.436559931728188
130,0.6685867105165987,2.419992560345654
131,0.6583007612583496,2.416634627659854
132,0.6607693888674644,2.4073283951411497
133,0.6669409586136981,2.398983422975632
134,0.6659123637602178,2.3894357575822873
135,0.6712610572729796,2.3825082056955456
136,0.6578893231477445,2.3738195896639156
137,0.6667352396258355,2.363963207230355
138,0.6792840978854529,2.353030227628958
139,0.6807241306901346,2.3469645789169378
140,0.6772269079823033,2.3376863612434153
141,0.6819584448625462,2.3292492305121533
142,0.6700267433825895,2.3268497740626457
143,0.6846327915698799,2.314012343685854
144,0.6776383458721958,2.30858966848581
145,0.6807241308004909,2.3019198919122443
146,0.692244394206628,2.292052573712366
147,0.6932729891704645,2.278489245575805
148,0.6893643284010754,2.277879921209417
149,0.6852499484231114,2.2743713653178355
150,0.6895700472540581,2.2597308365853817
151,0.6982102448546428,2.2486174857510974
152,0.6807241308004909,2.2526469801071127
153,0.6945073029627601,2.2377331310327935
154,0.6998559966717107,2.232483546838327
155,0.7074675990877464,2.2196032444259997
156,0.6980045258667802,2.214391621609476
157,0.6920386753291217,2.210058474192475
158,0.7027360626121432,2.1981229516268512
159,0.698827401597518,2.1932338982593667
160,0.7113762601268951,2.1768393084924913
161,0.6988274017569215,2.1780484358829324
162,0.7031475004529885,2.1763664375384435
163,0.709936226966621,2.160305949303133
164,0.7138448880425551,2.1506018536592606
165,0.718987862714596,2.1425593321619147
166,0.7068504423693948,2.142094649887948
167,0.7159020777004684,2.130796197264608
168,0.7159020775901122,2.131147501621195
169,0.7175478297137253,2.1199882065801066
170,0.7161077968477344,2.118388839131936
171,0.7070561611365448,2.1104064748944924
172,0.7140506068587524,2.105588674888619
173,0.7241308372640188,2.091667022854182
174,0.7249537131664219,2.08074785617859
175,0.724542275301053,2.0760232761204915
176,0.732153877876492,2.068120143806412
177,0.7280394980947168,2.0667476419606983
178,0.7296852499976175,2.0617881028697806
179,0.7243365561783105,2.051351807387712
180,0.7409997942442267,2.0373462222039858
181,0.7303024070715615,2.0416877568442495
182,0.7331824726809251,2.0299259609853357
183,0.7290680928623644,2.0254646904354257
184,0.7348282246083493,2.0199366292696483
185,0.7372968525485329,2.010586853994555
186,0.7381197285245069,2.0031165505014705
187,0.7438798601846591,1.9992774547164123
188,0.7444970170378906,1.9918928269470848
189,0.7455256120017271,1.9852692472716462
190,0.7475828019661855,1.9817393982613978
191,0.7484056778931122,1.9677776675782461
192,0.7381197285490305,1.9693474808584832
193,0.745114174087311,1.9515097494405917
194,0.7477885207333356,1.9511077725281565
195,0.7449084550994484,1.9472689219056714
196,0.7531372147243078,1.9415865861150714
197,0.7463484880144864,1.9344143990355984
198,0.7533429333811016,1.9295708854069462
199,0.7586916271513613,1.916225816997033
200,0.7477885210398808,1.9180837078267128
201,0.7611602551405922,1.908506246658785
202,0.7492285537587299,1.9131686010617726
203,0.754577247504466,1.8952690614297345
204,0.7617774119693,1.8935250148584852
205,0.757868751199911,1.8916100541693368
206,0.7617774121287035,1.8766423950860394
207,0.757457313469422,1.8783903132493396
208,0.7704176097047646,1.8630886921002723
209,0.7714462043988413,1.859574069826722
210,0.7556058424683025,1.8680617929461365
211,0.7743262702289174,1.8487492612643732
212,0.7636288828845869,1.8501564600761475
213,0.7708290476804897,1.8405273521272667
214,0.7644517588605608,1.835558911185038
215,0.7683604197157825,1.8276878173791242
216,0.7704176095085756,1.8221448572347547
217,0.7689775765444903,1.8196917020399073
218,0.7679489815193448,1.8169597864298144
219,0.7753548653031102,1.8095482424977531
220,0.7778234930225812,1.798631404756249
221,0.777412055181736,1.791577838424105
222,0.7802921207910996,1.7937648536932858
223,0.7774120550468561,1.7844047481153904
224,0.77453198921678,1.782343692285145
225,0.7909895083806663,1.7664287951325615
226,0.7759720221563416,1.7700649847638041
227,0.7778234931819847,1.7611502928391476
228,0.7827607487558068,1.7520443804345978
229,0.7802921210363357,1.7533782211946034
230,0.7940752931986049,1.7405499887427194
231,0.800041143956976,1.7333748828136144
232,0.7879037236730838,1.7367384196357751
233,0.7866694095251958,1.7289763132845564
234,0.7936638551125235,1.72646484100826
235,0.7965439210774795,1.7139679690835603
236,0.7889323182813279,1.711552374330084
237,0.7996297057360147,1.7027402174028932
238,0.7946924500518364,1.700799962150489
239,0.7926352601241634,1.703530664209524
240,0.7983953917230066,1.6944024292340227
241,0.805389837396167,1.6816138234361164
242,0.794898169101008,1.6854047075119365
243,0.8025097717254943,1.6768704230980087
244,0.7979839540783502,1.6753019570715755
245,0.7990125490176632,1.6669081877200502
246,0.8078584653853977,1.6602268395073692
247,0.8051841184083044,1.6576719055988003
248,0.8049783995307981,1.6525684692712017
249,0.8006583007856839,1.6565872874924048
250,0.8058012752860595,1.6480744623201076
251,0.808064184459093,1.634214943167948
252,0.8125900019713572,1.634554573376712
253,0.8084756224348182,1.6351210821609246
254,0.8208187615349076,1.6202853361389515
255,0.8060069943597546,1.6223212333158121
256,0.8148529108378456,1.6119761086128248
257,0.814235754119494,1.6111990859346168
258,0.8140300350212751,1.603073872060252
259,0.8142357540091377,1.6055053120114582
260,0.8216416374618344,1.5944733959096764
261,0.8175272578149391,1.5958444572628048
262,0.8265788931705362,1.5860978740400995
263,0.816910100740995,1.5810068462444808
264,0.8222587945357783,1.57434161171406
265,0.8218473565355295,1.574641445222104
266,0.8220530755724393,1.5698507277716875
267,0.8253445792433608,1.569970876609953
268,0.8218473566704094,1.5598123895609435
269,0.821641637547667,1.5588921254075032
270,0.8271960501096004,1.5500301455941325
271,0.8317218678671008,1.5453578712419824
272,0.823081670597585,1.542861091774252
273,0.8280189261959305,1.536425629090782
274,0.8306932731485004,1.5314155127918296
275,0.837687718490592,1.526130461001244
276,0.837276280760103,1.52026910292369
277,0.8323390247203323,1.5186644281484638
278,0.8298703969272903,1.523431877593547
279,0.8346019336726532,1.515016270282214
280,0.8321333059286585,1.5151872068146968
281,0.829870396951814,1.5104736819529185
282,0.8409792223209168,1.501623135980474
283,0.8418020982478436,1.4957505913826448
284,0.8531166426661181,1.484129622281272
285,0.8409792225416294,1.4874433175793058
286,0.8442707261021946,1.4789445418875984
287,0.8434478503714568,1.4766635747633705
288,0.840156346590179,1.4700394497563185
289,0.8452993210415074,1.467800187392628
290,0.8455050401642499,1.4660445562092714
291,0.8483851060188496,1.4588247881188752
292,0.8455050402746062,1.459371316067551
293,0.8492079818967291,1.4535649288242625
294,0.84900226306827,1.440648414327931
295,0.8504422958729517,1.4409293769147018
296,0.856819584607048,1.436465921678604
297,0.84900226306827,1.4370502160670113
298,0.8539395187769719,1.429858625388837
299,0.8537337995438732,1.42727416252261
300,0.8568195843618118,1.4216691521405438
301,0.8481793871168196,1.4257224480866943
302,0.8510594529468958,1.4173570292841087
303,0.8514708907019084,1.4140275556397177
304,0.8502365768605655,1.4152773941919359
305,0.8638140299736632,1.3942190349604755
306,0.8619625591932563,1.3961380298087147
307,0.8543509566423408,1.3994942085901374
308,0.8520880476409726,1.4000951487251427
309,0.8644311871579634,1.391815731393484
310,0.8529109235924228,1.392859597359143
311,0.8592882123265191,1.3812367806977093
312,0.8615511210826512,1.3752440552582983
313,0.8592882122161628,1.3858732862547085
314,0.8677226907185286,1.373430346540158
315,0.863608310961277,1.3677026147926767
316,0.864225468035221,1.3663275078034063
317,0.8636083111206805,1.3610053510975872
318,0.8714256326104113,1.3522641087382743
319,0.8664883768158768,1.3541800632223724
320,0.868957004645704,1.3511972191696229
321,0.8609339642294197,1.354033633505604
322,0.8671055337794644,1.3478440540951726
323,0.8677226909392411,1.3449263796103
324,0.8685455668906914,1.339777581732451
325,0.8714256325491022,1.336286547129548
326,0.8722485084515054,1.3245116038911997
327,0.8724542275497242,1.3310173038493653
328,0.8683398478169962,1.3220883267721848
329,0.8720427896843553,1.3190561942028132
330,0.8736885414523761,1.314719874607244
331,0.8753342934043239,1.3107792852690523
332,0.8749228555144314,1.3063503010139081
333,0.8716313514879176,1.3089356272585033
334,0.8794486730512192,1.302243771069434
335,0.8778029212586749,1.30033965133831
336,0.8790372351368031,1.2952665066773008
337,0.8829458959307157,1.2905113004750368
338,0.8813001439174588,1.2876347471867733
339,0.8806829870642274,1.2892444254414728
340,0.8782143593447563,1.2831118939173514
341,0.8835630530291834,1.2797881582592083
342,0.8767743261844821,1.2790866410185393
343,0.8763628883436368,1.2817611863548877
344,0.8821230200283127,1.2691296745881797
345,0.881505863126034,1.2648154515539318
346,0.8866488378225984,1.2630636728342068
347,0.882945896041072,1.263308176653936
348,0.888706027590868,1.2538790284201726
349,0.8819173010159265,1.2566730343885957
350,0.896111911019041,1.2409132732037433
351,0.8862373998713969,1.250819414639468
352,0.8841802099682475,1.2464142352115761
353,0.8907632174694938,1.2427293121802465
354,0.8833573340413208,1.2470738814706495
355,0.8878831516639413,1.2357475634245096
356,0.8882945895047866,1.2356469471546339
357,0.8959061921660583,1.2227113509565635
358,0.8874717136636925,1.2321568419721927
359,0.8948775971163891,1.221618950158523
360,0.8934375641768274,1.2211470806017453
361,0.8905574984816312,1.216123507435345
362,0.894054721410175,1.2139837314159971
363,0.8957004730678394,1.2099856998272527
364,0.8913803744330815,1.2119772889392901
365,0.8989919768736407,1.201210212962565
366,0.8985805388979156,1.1972030852709599
367,0.9006377288868976,1.1940851073479903
368,0.9000205718129536,1.1940960729595467
369,0.8887060277257479,1.198217999147942
370,0.901460604703468,1.1888129255011894
371,0.9024891996673046,1.1837044555545957
372,0.8996091338372284,1.18659366991902
373,0.8985805391186281,1.1904297576865843
374,0.8991976960822158,1.1837456687883299
375,0.9033120758394674,1.1756200919889956
376,0.9043406705580678,1.1716571180841555
377,0.9010491668871464,1.1695075575105203
378,0.9053692657180932,1.1713021946061273
379,0.902077761716103,1.1693610634192644
380,0.898374819910053,1.1709661876387716
381,0.9008434478747602,1.1640974031851337
382,0.9088664885117571,1.1554680521216958
383,0.9045463896562866,1.1602711886492465
384,0.9115408352436143,1.1487631826728393
385,0.9072207363881439,1.1482077213354842
386,0.9082493313274568,1.1476082113195756
387,0.9115408352436143,1.1411049123704005
388,0.90372351359448,1.1448642334018904
389,0.9078378935724442,1.1373332249385
390,0.9049578275461791,1.1381370832684157
391,0.9049578276320118,1.1363700952237585
392,0.9133923060240213,1.1310251006077552
393,0.9125694301584036,1.1285454294265138
394,0.9039292326681753,1.131569276619193
395,0.9183295617081996,1.1187776248657613
396,0.9103065213164389,1.1262358163173638
397,0.9109236783045502,1.120546232621578
398,0.9170952478055477,1.1104491326181616
399,0.9076321744742253,1.1166636521765736
400,0.9232668174169015,1.106604518038921
401,0.9127751492811461,1.1026271766312596
402,0.9154494961233596,1.1006752508114797
403,0.9175066857812729,1.0989600431033795
404,0.9150380580372782,1.0986269377455549
405,0.9175066860019854,1.0968279400570258
406,0.9142151820858279,1.097735681275825
407,0.9123637110847084,1.0953814680991754
408,0.9168895290383977,1.0869400683829529
409,0.9191524379048861,1.0845530596909467
410,0.9146266199266732,1.0926390286827008
411,0.9166838100505351,1.0893103935619952
412,0.9222382225021122,1.0789868410318826
413,0.9160666529765911,1.0778857282934011
414,0.931907015152366,1.0649449775503927
415,0.9236782556623864,1.0678820184561677
416,0.921621065759237,1.0706744292860928
417,0.9179181238673543,1.0741782243838895
418,0.9158609340990848,1.0680993568551465
419,0.9189467189415471,1.0735196464715537
420,0.917095247915904,1.0636640431041753
421,0.921621065759237,1.0616555396383913
422,0.9175066857567493,1.0611465814010128
423,0.922649660502361,1.0567826892681706
424,0.9199753138563364,1.0555290485993012
425,0.917712404989848,1.0576873078215787
426,0.922032503489726,1.0497095090595936
427,0.9259411643694713,1.0419164229949986
428,0.923472536539644,1.0489563667781558
429,0.9203867518320615,1.0447805718712493
430,0.9238839746257254,1.039398743595711
431,0.9238839746257254,1.03857367778359
432,0.9226496604778374,1.0408649333733342
433,0.9179181238673543,1.04220946056807
434,0.9224439415758074,1.03485618766211
435,0.9240896933928754,1.0305042143982395
436,0.9242954126259741,1.0307789334199282
437,0.9277926353951144,1.0299352485685773
438,0.9249125693198021,1.0251634371327265
439,0.924501131344077,1.0252429868330855
440,0.9222382226369921,1.0230498886284969
441,0.9261468832715012,1.0172318009725938
442,0.9294383871876588,1.0128296603148084
443,0.9290269493222899,1.0133036786061553
444,0.925941164259115,1.0171385598241536
445,0.923266817576305,1.013607868538107
446,0.934375642871837,1.0041417795624465
447,0.9271754782108141,1.0080107924036223
448,0.9327298908585802,1.002084159870693
449,0.9271754783211704,1.0066651327328975
450,0.9343756428963607,0.9938969888625334
451,0.9308784202130531,0.9999429020977786
452,0.9329356100916789,0.995278055396646
453,0.9284097922483459,0.9970183215669045
454,0.9323184529073786,0.9914927365872576
455,0.9339642047857556,0.9865513932089383
456,0.935198518847811,0.9824379435955951
457,0.9275869162968956,0.9894113527038808
458,0.9323184530177349,0.9833728289854328
459,0.9327298911038163,0.9809534376453799
460,0.934375642871837,0.9791662010041021
461,0.9380785847882434,0.973288589704922
462,0.9403414934585429,0.9742899115402938
463,0.9413700883733321,0.9683381365150415
464,0.9339642050309918,0.9728465756867751
465,0.9333470480674041,0.97023021997039
466,0.9389014605189812,0.9623200052732598
467,0.9364328326401066,0.964703317778367
468,0.9345813617493434,0.9644178561383475
469,0.9389014604944576,0.9612396959781745
470,0.9323184531280911,0.9650699612879012
471,0.9321127341402285,0.965418318923769
472,0.9356099569338924,0.9587760824917815
473,0.9434272784726705,0.9502567151180881
474,0.9327298908585802,0.9624501019685608
475,0.9360213947992613,0.958134956895459
476,0.9374614275794195,0.9502622278549376
477,0.9436329972152969,0.9447220660021118
478,0.9368442707507116,0.954786878484582
479,0.9368442707507116,0.9471646887705273
480,0.935198518847811,0.942333913491945
481,0.9364328326646302,0.9493635746952537
482,0.937049989628218,0.9454592433002255
483,0.9428101215090827,0.9341640493870272
484,0.9409586506183195,0.9350564610170892
485,0.9419872455576324,0.9359941018802397
486,0.9426044025212201,0.9316798497487233
487,0.940958650397607,0.9270825307571797
488,0.9438387163135158,0.9228572525671053
489,0.9461016252045277,0.9243721071277423
490,0.9436329972398205,0.9235872101867133
491,0.9450730303755711,0.9192476185156323
492,0.9438387163380394,0.9236408992084401
493,0.9448673113877085,0.923479995887433
494,0.9444558731667472,0.9155703172519898
495,0.9417815263245337,0.9168052482300888
496,0.940958650397607,0.9160439406886216
497,0.9366385517873727,0.9209517747672638
498,0.9481588149727973,0.9071634265037997
499,0.9491874101328227,0.9080424183706423
