epoch,categorical_accuracy,loss
0,0.4789138035969439,4.223070899048746
1,0.5038058011283161,3.997403754591574
2,0.5007200165556135,3.9499046650964815
3,0.5093602138251293,3.835513992089839
4,0.5081258999653938,3.7929100292843816
5,0.5112116847158925,3.6860853867431747
6,0.5171775355355727,3.6256585328624564
7,0.5159432215041718,3.5610911986926435
8,0.5145031884726465,3.51275155853769
9,0.5095659329233482,3.5066341309114826
10,0.515326064608024,3.454918588392285
11,0.5237605430858662,3.383897857542417
12,0.5093602139354856,3.3467148252289816
13,0.5239662619633725,3.29413969422093
14,0.5136803125702435,3.285944499834112
15,0.5091544950395865,3.2249703567181562
16,0.5155317834610067,3.244779782637577
17,0.521497634200985,3.1956330653302243
18,0.515737502534702,3.173443539499182
19,0.5249948570130416,3.137535918717815
20,0.5266406089159422,3.110859838882804
21,0.5241719811719475,3.1063595901078047
22,0.5202633201818461,3.0880965465529173
23,0.5299321127033508,3.0310406110041965
24,0.5330178975396822,3.022989322805179
25,0.5237605430429498,3.0194420157771766
26,0.5326064595884807,2.9925018111218935
27,0.5231433860119221,3.0234466826221724
28,0.5225262290238107,2.9756515083477786
29,0.5254062950807303,2.9549117888768643
30,0.5356922444064194,2.9390226981444165
31,0.5284920797821818,2.948550693784273
32,0.5371322771375303,2.9000113134986454
33,0.5459781938669883,2.9015395059136297
34,0.5375437152971826,2.881977113669999
35,0.5313721454773781,2.8782611142409436
36,0.5453610368359606,2.851586138998572
37,0.5439210039209226,2.842911005314425
38,0.5404237812130914,2.84587356309002
39,0.5414523761524043,2.822435000776092
40,0.5435095659451974,2.806592181787842
41,0.5379551532483842,2.819677852157015
42,0.5371322772969338,2.8043768044926702
43,0.5540012342771418,2.77976810807089
44,0.5400123432128426,2.7929384824646473
45,0.5412466569438291,2.7739883221561734
46,0.5416580949195543,2.7747184436670964
47,0.5505040115325252,2.7605533781818736
48,0.553384077313554,2.7408942004040764
49,0.5535897962155839,2.74444715934044
50,0.5457724747258531,2.744574254394387
51,0.5455667556889433,2.732276869075236
52,0.5595556469310387,2.7082814478231687
53,0.5546183912223368,2.7057054985994373
54,0.5550298292409782,2.704731477824927
55,0.534252211577214,2.70864721591324
56,0.5486525407275945,2.7007713814719523
57,0.5505040115325252,2.689199143293781
58,0.5548241103634719,2.6787697592038624
59,0.5455667556889433,2.679768232915706
60,0.5579098949606981,2.679355479297116
61,0.5457724746768059,2.668783805125585
62,0.5640814645720519,2.6468333134654127
63,0.5574984569849729,2.65347517495586
64,0.5616128368525808,2.643948235646169
65,0.5686072824399085,2.625437025718791
66,0.5620242747853896,2.6279117258653013
67,0.5540012343936289,2.6229800266190533
68,0.56264143190225,2.6161285803362655
69,0.5741616950876746,2.60470155408122
70,0.5830076116148127,2.5980054101098395
71,0.5659329356222186,2.5987078500515
72,0.5704587532203155,2.5937611739396607
73,0.5614071178401946,2.5824834247401554
74,0.5729273811850227,2.5804452288913473
75,0.5739559761243356,2.574917211671887
76,0.5825961735900403,2.566832299390415
77,0.578276074918497,2.5712893647290236
78,0.578481793943145,2.5550230515638366
79,0.5723102241969114,2.5602938113107623
80,0.5774531990038321,2.5444696577849446
81,0.5751902900515111,2.5371246408518635
82,0.5735445381486104,2.534895071544855
83,0.5793046696738828,2.527628553328115
84,0.5782760748265334,2.521382599155541
85,0.5825961735716476,2.5139817532333564
86,0.5782760747345699,2.5172129244844603
87,0.5934992799222334,2.504058355314941
88,0.5823904546267014,2.5014763828953264
89,0.5764246040032102,2.4982689960187807
90,0.5850648014198677,2.490091006811252
91,0.5813618596444722,2.483324262002593
92,0.5906192142515608,2.4788035659774343
93,0.5947335938984561,2.4679044708992763
94,0.5990536926435703,2.4649643803839574
95,0.5860933964082278,2.4628220826749128
96,0.5891791810912866,2.4528074628456804
97,0.5978193786918712,2.4448196198365935
98,0.5906192140982882,2.4409731334924847
99,0.5957621888193764,2.437791679062929
100,0.600082287472527,2.434125423970916
101,0.5992594115210766,2.418125803150333
102,0.6116025508786641,2.4138084534042976
103,0.5949393128617951,2.4124052114041343
104,0.6033737913641609,2.4091428489112188
105,0.5932935609834181,2.407522707509298
106,0.600699444546471,2.395018322284858
107,0.60831104705447,2.3916471801503554
108,0.608105327974644,2.388804303155321
109,0.6052252623652804,2.379278808727943
110,0.6165398066118896,2.3670384782843326
111,0.6027566343147405,2.3706771739837293
112,0.6167455255507049,2.3586382485299264
113,0.6120139888543892,2.353289667997456
114,0.6076938899743952,2.3531975939400867
115,0.6260028800290447,2.3379971397877033
116,0.614071178733015,2.339612974156276
117,0.6225056571005009,2.3307930436847486
118,0.6097510800124245,2.331048517309572
119,0.619831310282811,2.3157028551578422
120,0.6169512446734474,2.317654082961986
121,0.6198313103747746,2.3058127455445527
122,0.6153054927705468,2.3031855607518343
123,0.6138654597206289,2.302800501601928
124,0.6190084345520732,2.2957269597068244
125,0.6237399710522,2.2861206940088072
126,0.6342316395190243,2.2812015907775716
127,0.6270314749683575,2.2772856302110287
128,0.6350545156053544,2.2692242331819705
129,0.625180003967238,2.2636454604677985
130,0.626620037078465,2.263545636997329
131,0.6204484673322314,2.2557362528696787
132,0.6401974902773953,2.246640658628742
133,0.6295001029085412,2.243091400992451
134,0.6208599052221239,2.2417807008130786
135,0.6344373586478976,2.2347518036675
136,0.6309401357377465,2.2285865974190844
137,0.6303229787496352,2.2253603185800044
138,0.624562847089483,2.2222024630774344
139,0.6356716724647168,2.2160481220163746
140,0.6455461840108696,2.196064211169135
141,0.6416375229717208,2.2030395537437024
142,0.6299115408229573,2.1980180765861004
143,0.6327916066530334,2.194252928449548
144,0.6301172597862963,2.1856217398562077
145,0.6391688951173699,2.180310009978137
146,0.6500720016334901,2.173558209369615
147,0.6381403003129369,2.1675687948633824
148,0.6412260852167082,2.1658308268132904
149,0.6397860521054812,2.1590467831451345
150,0.641637523020768,2.15568141509564
151,0.6494548446453787,2.145497009602625
152,0.643283274899145,2.1431071391887464
153,0.6451347458757409,2.135774065403015
154,0.6508948774255369,2.1288258998979144
155,0.6461633407292212,2.122969618797106
156,0.6498662827069366,2.1199660022129763
157,0.6541863812558618,2.116183540993231
158,0.6471919356685341,2.110263016802174
159,0.6434889938870076,2.1061545173662286
160,0.650483439695048,2.1017184431134512
161,0.6449290270472818,2.100920204173584
162,0.654803538194926,2.0896752229371547
163,0.6461633408395775,2.085341948831162
164,0.6562435713797238,2.0808238075780565
165,0.648014811711948,2.0740205408295247
166,0.6566550091102128,2.071539619483469
167,0.6537749435008492,2.0663348918244613
168,0.6478090927670017,2.0643290129985075
169,0.6566550091102128,2.0530419502697765
170,0.6566550093309252,2.043314290767686
171,0.6669409585033418,2.0414068430839953
172,0.6646780496368534,2.030511367813939
173,0.6585064800254996,2.030741345953534
174,0.6698210244192505,2.0247448324249793
175,0.657477885257852,2.026698664955778
176,0.6595350751364778,2.0154071606326265
177,0.6620037028559489,2.0181410814160503
178,0.6640608928694546,2.0104348646027392
179,0.6599465131612502,2.0052286899278644
180,0.6554206954282734,2.0058123253177063
181,0.666323801539754,1.9915155670177394
182,0.6648837686001924,1.9871811260536507
183,0.6729068093475454,1.9823961663555152
184,0.6679695535530109,1.985316628930108
185,0.6696153056521005,1.9796048381695948
186,0.6737296851028068,1.9707994042441472
187,0.6694095864680489,1.9655860480249872
188,0.6669409585033418,1.9638565854755505
189,0.6655009257844926,1.9602585708965026
190,0.6768154702272907,1.948983569690608
191,0.671261057493692,1.9452290788056845
192,0.6801069739472594,1.9382676550989362
193,0.6718782142978763,1.9386572915078975
194,0.6759925941900078,1.9314549093113051
195,0.6679695535284873,1.930869849638987
196,0.678872659823895,1.9208877010125727
197,0.6803126927144094,1.9178496388049069
198,0.6776383459335049,1.9195731153607833
199,0.6881300142531874,1.9042170595127084
200,0.6735239660904206,1.9049851189815221
201,0.6823698825685116,1.9009537255903792
202,0.6776383459825521,1.8976475519546387
203,0.6712610574691684,1.9015756957792398
204,0.6803126928492893,1.8917563716169985
205,0.6764040320553767,1.8842359035502145
206,0.6862785435831368,1.8779350298222532
207,0.689570047388938,1.8680741410764543
208,0.6901872044138349,1.8700733823164135
209,0.6766097509941921,1.8707634307454826
210,0.6782555028357836,1.869333555830332
211,0.6924501131086579,1.855443694762697
212,0.6940958649625113,1.8496978688549048
213,0.6897757661315644,1.8470234549651297
214,0.6819584447031427,1.8443910542939137
215,0.6823698828137478,1.8412069735569219
216,0.6883357333514063,1.8329148220687315
217,0.6829870397773355,1.8353116307526405
218,0.6899814852297833,1.8255905518436648
219,0.6953301789387341,1.8210456031164841
220,0.6825756017157777,1.8211910152013497
221,0.6887471714374878,1.8131410772480168
222,0.6897757662664443,1.8109648965852443
223,0.6959473359268453,1.8077247347563927
224,0.6918329562554264,1.8063680263390587
225,0.6850442296559613,1.7972861345695679
226,0.7015017485746115,1.7879083935455686
227,0.6912157990466026,1.7944518916034522
228,0.7000617156105261,1.7798204633390626
229,0.6951244599753951,1.776864886896965
230,0.6943015839748975,1.7781346599596122
231,0.6924501132435378,1.7702313800869447
232,0.6984159637566727,1.765784559831578
233,0.6994445585611058,1.7685550935374834
234,0.6928615511702158,1.760364972179109
235,0.6957416170248154,1.7601570824835189
236,0.707673318320845,1.750524856430639
237,0.7064390042833133,1.748066037212765
238,0.6988274018427542,1.7455519495910883
239,0.7074675991981026,1.7377005873872184
240,0.7025303436242806,1.7376268239846275
241,0.6986216827445353,1.7393327308422104
242,0.6928615509740268,1.7297857947075865
243,0.7031475004775121,1.7230507308773189
244,0.7035589384287136,1.7228007816380617
245,0.6955358977917168,1.718912974229886
246,0.706644723136296,1.7113219266123203
247,0.7041760955271812,1.716194764769781
248,0.6990331207202605,1.7051358795342586
249,0.7023246245015381,1.7032317186279862
250,0.704793252490769,1.6998824400804682
251,0.710141946175196,1.691244826324681
252,0.7043818145150438,1.693208432864613
253,0.6998559966717107,1.6924535558685259
254,0.7070561613572574,1.682739589788668
255,0.6957416169389828,1.6866932571535125
256,0.7008845915006674,1.677824536804014
257,0.7095247890522048,1.671335129844777
258,0.7066447232221287,1.6732403645175054
259,0.7130220119807485,1.6616721688119307
260,0.7156963589333183,1.6547810318194847
261,0.707673318320845,1.6564543561125165
262,0.7074675993084589,1.6494824452499284
263,0.709936227211857,1.6507846182497703
264,0.7099362270769772,1.6458985730469216
265,0.7037646575269324,1.6481344278543923
266,0.7124048550171608,1.6406409739221817
267,0.7132277309931347,1.6374303084836284
268,0.7111705409796291,1.6289721483851725
269,0.7171363916276439,1.622733961184607
270,0.7142563257730441,1.6217357279268023
271,0.7105533841263976,1.6202766561773034
272,0.7078790371738277,1.6164798555587991
273,0.7136391687236238,1.6187692836487988
274,0.7126105738946671,1.6126025880567578
275,0.7091133512358831,1.6058972695805216
276,0.7115819791147577,1.6078541972857399
277,0.7058218471848458,1.6050533594797727
278,0.7202221765804624,1.5953870427581514
279,0.717959267713974,1.5883234950206673
280,0.7196050193716386,1.5907176975065043
281,0.7163135155903609,1.5865858817782281
282,0.7156963587371294,1.5868998653136808
283,0.720222176604986,1.5783118364669197
284,0.7140506070304177,1.5745664760179172
285,0.7202221764701061,1.5659634694717617
286,0.724747994068203,1.5671579701693013
287,0.7231022421653024,1.5656214662844987
288,0.7274223409349402,1.560453719941708
289,0.7237193991288902,1.5555549885014697
290,0.7257765890320396,1.5519294000608739
291,0.7317424398149343,1.547782939026273
292,0.7218679283975304,1.5549540791190766
293,0.7191935817269822,1.5452997475537564
294,0.7274223411801763,1.541279606798553
295,0.7196050194819948,1.5459616901795576
296,0.7268051842778976,1.536277782816476
297,0.7237193993802572,1.5376407877698992
298,0.7331824727912813,1.5303286326517664
299,0.7358568195231386,1.5219187327947814
300,0.7372968524381767,1.524025895349824
301,0.7294795308993987,1.5241653694093191
302,0.7261880272284772,1.520154086338397
303,0.7233079612635213,1.5162322918737505
304,0.7323595967539984,1.512935451091844
305,0.734211067620238,1.5079000111936762
306,0.7286566549234247,1.5084232818293144
307,0.7335939107915301,1.498755143321951
308,0.7317424398517197,1.4962844792718972
309,0.7286566551073518,1.502830129497656
310,0.7257765892527521,1.4976214538064911
311,0.7323595966191185,1.4905143798415343
312,0.7409997943300594,1.485423856226904
313,0.7307138449124068,1.492317832636995
314,0.7383254475982021,1.4788131453671638
315,0.7303024067650163,1.4877513927874852
316,0.7331824726564015,1.4795738960141338
317,0.7323595969501873,1.4718677581913848
318,0.7329767536930625,1.474064804256465
319,0.7418226703060333,1.4645504579699056
320,0.7393540423168025,1.4667345098790945
321,0.7379140092914082,1.4625518800937156
322,0.7453198930751735,1.4536526893740498
323,0.746142768830435,1.4543231590077161
324,0.7465542069165164,1.451342645017141
325,0.7479942396966746,1.4464069148489194
326,0.7399711993907465,1.4519415349044125
327,0.7463484881248427,1.4444738313313548
328,0.7444970170133669,1.4438472182827706
329,0.7455256119526799,1.4326683056499212
330,0.7588973461392239,1.4296925740339117
331,0.7461427689407912,1.4301773693992679
332,0.7438798601356119,1.4343264778316132
333,0.7409997942197031,1.4272569269585624
334,0.7519029005764198,1.4207553485861728
335,0.7444970169888433,1.4192488658724929
336,0.7504628676613818,1.412622847274556
337,0.7547829666272085,1.4137429401379655
338,0.7486113966602623,1.4132166622695892
339,0.7488171157830047,1.4158263282995611
340,0.7424398270489085,1.4087670931622855
341,0.7597202221151979,1.3957904358749844
342,0.7420283890486598,1.4037842082771297
343,0.7578687512244346,1.39782126367742
344,0.7562229995422465,1.393823773006038
345,0.7461427689162676,1.3949154236021908
346,0.7519029005518962,1.3895649755964845
347,0.7560172804930749,1.3887900612134056
348,0.7572515942608469,1.3814440273596067
349,0.7554001235294872,1.38146142308738
350,0.7543715285656507,1.3825184161269206
351,0.7605430982873607,1.3697310429349208
352,0.7566344372972592,1.3722922620987161
353,0.7582801894208723,1.3663329895424072
354,0.7615716930059611,1.365666128019079
355,0.7566344372972592,1.371402099455759
356,0.7564287181990403,1.365087807901944
357,0.7609545361527296,1.3645771292349214
358,0.7644517590322261,1.3572255153024277
359,0.7554001232597274,1.3588502581436872
360,0.7597202220906742,1.349449389119669
361,0.7451141739524311,1.356318549495792
362,0.7529314956506126,1.3493598494061814
363,0.7630117258106429,1.3495322690532914
364,0.7615716930059611,1.343327174925358
365,0.7650689159099812,1.3395578021548016
366,0.763011726117188,1.344678915397936
367,0.7617774120796563,1.335617775461895
368,0.753754371467183,1.339870235331876
369,0.7677432627521947,1.3274324776532351
370,0.7628060068227803,1.3289548418350707
371,0.764246039823651,1.32424175594599
372,0.7689775765935376,1.3182644065920892
373,0.7609545359565407,1.3210219809165882
374,0.7675375436294523,1.3188986870713304
375,0.7667146677025256,1.316262486000116
376,0.7642460400688872,1.3177699700129717
377,0.7646574778238998,1.3148153142118817
378,0.7683604197157825,1.305201001776464
379,0.7669203868007444,1.3059122021417513
380,0.7763834600217105,1.3006499674408016
381,0.7772063363042296,1.2967629172482673
382,0.7743262704741536,1.2968888802186032
383,0.7730919563262655,1.2955832823488698
384,0.7730919563507892,1.285311715785821
385,0.7675375436539759,1.294732814560062
386,0.7770006170711309,1.2887007245995876
387,0.780703558877181,1.2839978020320186
388,0.7677432625314822,1.2868742927114944
389,0.7726805183260168,1.2862860447240694
390,0.7716519233008712,1.2808097151419038
391,0.778440649986169,1.2712832005321673
392,0.7757663030826464,1.2744184070544782
393,0.7782349311577099,1.2743274268729283
394,0.7811149969632624,1.2635782966150764
395,0.7786463688881989,1.2625577236197902
396,0.7716519235461073,1.265499692104452
397,0.7767948979974357,1.2643657355758786
398,0.7757663031439554,1.265616221404375
399,0.7776177740592423,1.2601672233168761
400,0.785846533794458,1.25015622162814
401,0.7776177741941221,1.2558875365209197
402,0.7815264348041077,1.2540173771400507
403,0.7852293765856341,1.2491350612677656
404,0.7798806831464432,1.2466574205191776
405,0.7794692450603617,1.2518661522958485
406,0.7749434274377413,1.2486627036174907
407,0.777000617316367,1.243529232876018
408,0.783583624903446,1.2371987160329734
409,0.7825550299886568,1.2398107640661347
410,0.787286566709496,1.232480761151921
411,0.7823493107800816,1.2339659042256381
412,0.7895494753307483,1.225908911343441
413,0.781320715951125,1.2319352486525463
414,0.7883151615384527,1.2227485595576386
415,0.7837893435847634,1.229063658526934
416,0.7909895084910225,1.2120841704285996
417,0.7811149967425499,1.2262161558877536
418,0.793252417222631,1.2103426604819283
419,0.7881094426609464,1.2117495505413973
420,0.7870808477216334,1.2150092543802298
421,0.7965439208322433,1.1996374441208455
422,0.7922238221729618,1.2086190582670515
423,0.791812384111404,1.2095674916663501
424,0.787080847500921,1.2072694475232415
425,0.7922238221974854,1.200455496424487
426,0.7942810121006348,1.2006154491734147
427,0.7934581360143047,1.1917418872493453
428,0.7899609132206408,1.1957846774017091
429,0.7928409790507169,1.1901857498814798
430,0.79098950827031,1.1910833435964987
431,0.7938695742107423,1.1930244585487289
432,0.7971610779061874,1.1896615546810556
433,0.789138037489903,1.1915573977658935
434,0.7920181033199791,1.1841060295440464
435,0.8004525819327012,1.1781767131467582
436,0.7988068299194443,1.179570365383703
437,0.7988068300298006,1.1742595144564958
438,0.7973667967836937,1.1800621661402222
439,0.8039498046160087,1.1705596383474806
440,0.7986011108825345,1.1734601433471847
441,0.8006583005894949,1.1666531710437333
442,0.7924295412711807,1.1758223409835165
443,0.7938695740758624,1.1692630147472916
444,0.8008640199084264,1.1655820813401692
445,0.8029212096766959,1.1606460465886568
446,0.8062127134824971,1.1572329522258238
447,0.8060069944946345,1.154275985809786
448,0.7979839540783502,1.1553002725876647
449,0.8058012755067719,1.1508327618078842
450,0.8068298705564412,1.153730617313075
451,0.8020983337252455,1.1521567062349678
452,0.8142357537884252,1.1385397477003802
453,0.804361242456854,1.148652139697833
454,0.799012548772427,1.1494874706535128
455,0.8074470274096727,1.1447935793483681
456,0.8064184324458361,1.1343129586104232
457,0.8088870601898308,1.1405722014184498
458,0.8078584652750415,1.1323897149478965
459,0.8080641843732603,1.1333382907803473
460,0.8023040526885845,1.1361312205054293
461,0.8062127133966644,1.1306281398289784
462,0.808887060435067,1.1322345217665732
463,0.8037440857385024,1.1327754647563548
464,0.8123842832287308,1.1210837012528148
465,0.8185558527787755,1.1173077499000803
466,0.8125900019713572,1.1165615402850269
467,0.815470067825957,1.114784476688874
468,0.8144414728375968,1.1127789949002371
469,0.8101213742273625,1.1134279582559805
470,0.8173215386921966,1.105696501248267
471,0.816910100740995,1.1077012906862223
472,0.8136185969351938,1.1065482661891342
473,0.8127957210940997,1.1093821419631715
474,0.8072413083114538,1.1136524231927774
475,0.8144414731073566,1.104835783741254
476,0.8208187617310966,1.102522886797519
477,0.824521703512623,1.0956041626026787
478,0.8101213741415298,1.1054889475997645
479,0.8187615715214019,1.0902028955860996
480,0.8171158197533812,1.0955994570605967
481,0.8148529108623692,1.0982399363253887
482,0.8152643490342832,1.0941006779989522
483,0.818350133656033,1.091641326863882
484,0.8156757868996521,1.092354172126081
485,0.8134128781680436,1.0909321540374615
486,0.8191730096074834,1.0876073934148551
487,0.8183501338767456,1.0882999530129902
488,0.8138243158985327,1.0876914484710316
489,0.8249331412676356,1.072345515137174
490,0.8202016046571525,1.075744651615117
491,0.8187615716317582,1.07637763447635
492,0.8164986628511025,1.0762522753264476
493,0.8236988275611726,1.0743916755447513
494,0.8208187614858604,1.07566075315448
495,0.8286360831840419,1.0643876276494937
496,0.8317218678425772,1.0634053443788232
497,0.8306932730381441,1.06683313397806
498,0.8267846120480425,1.0622058001057009
499,0.8276074880853256,1.0624531850332195
