epoch,categorical_accuracy,loss
0,0.534457930479244,4.4723034156151105
1,0.5217033530723605,4.159084892939991
2,0.5103888088318821,4.0135241707419445
3,0.5165603785351994,3.8445407453080653
4,0.5138860317604259,3.7909178935900267
5,0.5013371733659286,3.725425078775186
6,0.5031886442812155,3.648666170344287
7,0.4968113555409883,3.565143682122402
8,0.509977370923597,3.523385095782693
9,0.5089487759168441,3.4915725300523435
10,0.5165603785597231,3.3912252226230954
11,0.513886031625546,3.3604379490407204
12,0.5126517176983705,3.3092468581408587
13,0.5101830899788995,3.2825434912234464
14,0.5087430569964214,3.251186291834524
15,0.5085373379656425,3.169683786508748
16,0.5196461632182583,3.1823681283698506
17,0.5126517178271195,3.1429423002322694
18,0.5120345608696627,3.13356791967915
19,0.5159432215470882,3.1068740604689427
20,0.5212919151211589,3.045086534100289
21,0.5237605430429498,3.001866649340465
22,0.5118288418143602,3.024603938301069
23,0.5198518822735608,2.9837730406145333
24,0.5239662619633725,2.935067589600325
25,0.5254062950807303,2.9131526025424055
26,0.5182061303951838,2.933553093771119
27,0.5095659330153117,2.93636903540143
28,0.515326064608024,2.900714484244015
29,0.5114174036792315,2.9101810753038944
30,0.5252005760254278,2.8528399364959554
31,0.5165603784861522,2.8372538888731555
32,0.5163546593879333,2.831023227920799
33,0.5225262291157744,2.818108988504698
34,0.5219090722870665,2.775204713637386
35,0.5175889734499888,2.7936051344582142
36,0.5161489404920344,2.7681422381704173
37,0.5324007405760945,2.7367138802772244
38,0.5262291708973008,2.7409887845024263
39,0.52725776587953,2.729743868842142
40,0.5344579303443641,2.6929145440523627
41,0.5184118494872717,2.7158207703558808
42,0.5249948570130416,2.6853317950542412
43,0.5418638141097367,2.6670426499375197
44,0.5379551532483842,2.6517365791502865
45,0.5237605430613426,2.6741979184942317
46,0.5165603785106758,2.658279257334694
47,0.5268463279038048,2.6422872668405395
48,0.5389837481447807,2.612761160543097
49,0.5295206747460184,2.619116508330467
50,0.5307549886731938,2.591929572473654
51,0.5326064594536009,2.593913991273222
52,0.5284920798312291,2.5936563221472966
53,0.531783583594114,2.5914578325977495
54,0.523143386214242,2.5856288373041143
55,0.5264348897931999,2.5719296346596545
56,0.5291092366599369,2.574577184891755
57,0.5443324418292078,2.535855511337905
58,0.53363505450327,2.5514904582630433
59,0.5282863607084867,2.535985025695459
60,0.5373379961744401,2.5225251966286923
61,0.5385723103223281,2.5285766978637594
62,0.535692244363503,2.517081291090434
63,0.5289035177395143,2.5058996592056504
64,0.5391894671755596,2.4942442100495867
65,0.5361036823392282,2.493371547678571
66,0.5416580950544342,2.483268303479758
67,0.5369265582661549,2.4882757448409474
68,0.5313721456367816,2.4803113413063054
69,0.5418638141281295,2.462896831043952
70,0.5523554823742411,2.45944789299085
71,0.5449495988111882,2.4582992067947185
72,0.5398066242495037,2.4474880562425025
73,0.5379551532238606,2.4401194374886495
74,0.5352808062712907,2.4455550864164146
75,0.5381608723220794,2.4389133383231605
76,0.5435095657857939,2.4236269921732645
77,0.5441267228658688,2.415678548410679
78,0.5369265583090712,2.425016815881625
79,0.539806624163671,2.412732756792628
80,0.5396009052371175,2.415147699463198
81,0.5377494342605216,2.4091683485164146
82,0.544538160970343,2.3948168132168304
83,0.5324007406680581,2.4045039137016473
84,0.5365151204191787,2.383004922038904
85,0.5533840772277213,2.379349062016559
86,0.5455667559096559,2.3820041889174193
87,0.54001234312701,2.377700826312946
88,0.5387780290649546,2.3739649199870505
89,0.5529726392274726,2.3637776205113483
90,0.5564698620211365,2.3498182758777824
91,0.5443324417617679,2.3535794520226068
92,0.5453610367685207,2.3511374452873848
93,0.5426866899937471,2.3461476983025444
94,0.5426866899692235,2.3443528639144597
95,0.5589384901023309,2.329007990295027
96,0.5474182268004191,2.3354193245131056
97,0.5474182266471465,2.3263778613443065
98,0.55276692023961,2.307116338535239
99,0.5492696975379097,2.3149935906376276
100,0.567372968512733,2.304736804187212
101,0.5542069531791717,2.3086703447029193
102,0.5527669203499663,2.3011086530043885
103,0.5622299937058123,2.288976526731229
104,0.5564698620211365,2.287788825622681
105,0.5640814647069318,2.279725040533101
106,0.5560584241557676,2.284333803506085
107,0.5614071178647182,2.278157736582659
108,0.5696358774895777,2.2645749641627204
109,0.5420695330301594,2.273108541953223
110,0.5616128367177009,2.271552574337816
111,0.5690187203727174,2.2564839710548714
112,0.553178358350215,2.2557686853497096
113,0.5595556469310387,2.254877099969264
114,0.5655214975790535,2.2443401966534435
115,0.551532606471838,2.244256804887465
116,0.5585270519917258,2.236844387890208
117,0.5721045053439286,2.2345343009357808
118,0.5632585888474451,2.231165180380907
119,0.5745731330879233,2.21855821964599
120,0.5607899609869631,2.2182194203708527
121,0.5739559761488592,2.208544215604715
122,0.5692244394893289,2.2048086190120695
123,0.5640814645720519,2.206458125038908
124,0.5599670849742038,2.2114974613715486
125,0.5710759101839032,2.1970500761627343
126,0.5626414316570139,2.1961549403514913
127,0.5663443735550274,2.1924928194503925
128,0.5574984571811619,2.188959218474284
129,0.5607899609072614,2.181198154106917
130,0.5688130014277711,2.174832074589701
131,0.5772474800404931,2.169939932031559
132,0.5848590823461725,2.159612454055538
133,0.5718987862457098,2.160491166402224
134,0.5780703558570636,2.156299946215437
135,0.5710759101593796,2.155062673514185
136,0.5725159432951302,2.146950354426026
137,0.5663443734630639,2.145581253073731
138,0.5852705204322539,2.138260411029244
139,0.5764246040890428,2.130150263703328
140,0.5784817937469561,2.1312619279230898
141,0.5828018926024265,2.118771344490734
142,0.588973462103424,2.1173305546788614
143,0.5774531988076432,2.116497605358517
144,0.5739559762346919,2.117634515290495
145,0.5749845709287686,2.108161656068348
146,0.5912363711047923,2.0977782584148974
147,0.581567578675251,2.099698122527172
148,0.5957621888132454,2.091936618402352
149,0.5782760747345699,2.090454907261327
150,0.5852705205426101,2.0907970090825674
151,0.5879448671886348,2.0763314204852636
152,0.5902077760305995,2.0682187184853897
153,0.5947335939842888,2.0654626600635906
154,0.5976136595936524,2.0686005678375032
155,0.5902077760551231,2.0595596452672598
156,0.5819790167613325,2.059548322125929
157,0.5858876773958416,2.054614000961972
158,0.5990536926190467,2.0450090547815516
159,0.6035795102661908,2.03977994746177
160,0.5883563052747162,2.0380383497696064
161,0.5867105533718155,2.0422202383777877
162,0.5906192140063247,2.0274154934415205
163,0.5842419256278208,2.027887266571447
164,0.5957621888377691,2.022752953026918
165,0.5906192142515608,2.0209822351612248
166,0.5854762394446401,2.015536155114079
167,0.6011108823873162,2.0092786374687535
168,0.5889734622628275,2.0139584709552794
169,0.59452787488607,2.002428011083966
170,0.5941164369348684,2.002950872028102
171,0.5953507509724002,1.9890605242893398
172,0.601522320387565,1.9892569254072967
173,0.601522320387565,1.9811219180765722
174,0.6009051635588571,1.9806126415226788
175,0.600082287472527,1.9790174778879632
176,0.5974079406057898,1.973487767141264
177,0.5978193787163949,1.969336003390047
178,0.5972022217282835,1.9648731533967525
179,0.6148940546660726,1.9535766660468221
180,0.6120139888543892,1.9556216944443594
181,0.6128368649407194,1.9487793670713938
182,0.6013166014855351,1.947210311472747
183,0.6194198722825622,1.9446450808342042
184,0.6070767330598547,1.9388052577517254
185,0.6142768977454012,1.9324613984684178
186,0.6021394774124618,1.9406380460625738
187,0.5945278747757137,1.9302370020990582
188,0.6062538572800696,1.9268617527986647
189,0.6111911129519861,1.9181739940635463
190,0.609133923159193,1.9124995221622783
191,0.616128368476761,1.908525817042588
192,0.6126311457076207,1.9065444842210844
193,0.6155112116725767,1.9022985886850614
194,0.6074881712317688,1.9012907426118408
195,0.6148940546599417,1.8937562548851825
196,0.6113968319153251,1.88990221051026
197,0.6027566343760495,1.8897628856769586
198,0.6054309813776666,1.8843204690899482
199,0.6148940545495855,1.8763669142873167
200,0.6074881711459361,1.8730037831347854
201,0.61365974062241,1.863322524174916
202,0.6165398064770097,1.8660551922675932
203,0.6099567990615961,1.863496704568492
204,0.6198313104789999,1.8591311049299508
205,0.6233285332113547,1.8545187401737213
206,0.6185969963556355,1.8531879448787687
207,0.6280600699567177,1.8432935473605503
208,0.618596996515039,1.8408609393495907
209,0.6260028799186884,1.8367823045505367
210,0.6237399710522,1.8273736285319717
211,0.6216827813942868,1.8317884706317875
212,0.6255914421636758,1.825598641055966
213,0.6214770622102352,1.8279724684891645
214,0.632380168628261,1.816078538316877
215,0.6260028800290447,1.812867871455954
216,0.6266200369067998,1.811940446382588
217,0.6367002675327786,1.8028912849079015
218,0.6309401357193538,1.8027602634516255
219,0.6391688951418935,1.7937262486440364
220,0.6290886647121035,1.7915578595259336
221,0.6227113761987197,1.7993224738581488
222,0.6190084345765968,1.7938215201392975
223,0.6360831104343111,1.780595160124111
224,0.6303229787986825,1.7846234075524292
225,0.6317630117995532,1.7735359879634773
226,0.6369059863673686,1.7675662864703894
227,0.6305286978969012,1.7695948608714693
228,0.6260028800290447,1.7657729095207078
229,0.644517588801797,1.7595130222566184
230,0.63361448271484,1.7596731019397744
231,0.645546183986346,1.7531698607927584
232,0.6350545154949981,1.7543322357761593
233,0.6344373585068868,1.7454102600437456
234,0.6439004318627328,1.7444241228380264
235,0.637111705238744,1.7424093551337536
236,0.6383460192149668,1.7404194012563234
237,0.6399917712037001,1.7319809494379543
238,0.644311869838458,1.7268520554650642
239,0.6348487964887428,1.7327750436908005
240,0.6395803331176186,1.7205769272896272
241,0.6301172599211762,1.720818257974367
242,0.653363505525124,1.714788524806806
243,0.6350545156053544,1.717023573081647
244,0.6461633407537448,1.7085736393315438
245,0.644929026912402,1.7035839511788546
246,0.6469862167051952,1.698539748380175
247,0.6490434065347737,1.6986829385765294
248,0.6387574572765246,1.697572637084972
249,0.6535692245129866,1.6913336215502832
250,0.642666117960081,1.6910923174491417
251,0.6422546801314974,1.688694911369986
252,0.644311869838458,1.68523402281245
253,0.6550092573176683,1.6770343088215944
254,0.648220530607847,1.6732952140579742
255,0.6640608928326691,1.664710174198382
256,0.6521291916224722,1.6687188262288106
257,0.653774943255613,1.6594995721037362
258,0.655626414416136,1.6635610345606204
259,0.6550092573176683,1.6589190483681828
260,0.6628265787215666,1.6476061276461553
261,0.6620037029908288,1.6502885821669515
262,0.6589179181974136,1.6462745147093754
263,0.6585064802462122,1.6468320967262846
264,0.6661180826377241,1.6415481650517865
265,0.6562435712448439,1.6357987101640605
266,0.6545978194522994,1.6344856851215201
267,0.6648837687105487,1.625676939110284
268,0.6648837687166795,1.62909680152474
269,0.6648837687105487,1.6241953094857535
270,0.6689981486272037,1.6194875025008593
271,0.6611808270393784,1.617185108506172
272,0.6609751079656833,1.6178447708527361
273,0.6638551739306392,1.612308692132659
274,0.6611808269290221,1.608208890609647
275,0.6642666119676734,1.606985346227731
276,0.6724953712859877,1.5971649209061562
277,0.6599465130263703,1.6023645360782248
278,0.6611808269780693,1.60111868766521
279,0.6665295207483292,1.5880269097143964
280,0.6675581156508567,1.5898666374724089
281,0.6718782143223999,1.5868965413829863
282,0.6731125281146956,1.5793084674498545
283,0.6741411231643647,1.5773992062939266
284,0.674346842293238,1.5758448431850387
285,0.6704381812970056,1.5715886240411605
286,0.6706439003952245,1.568724437496638
287,0.6722896521877688,1.5591357126571446
288,0.676198313202394,1.5650661777895778
289,0.6801069737265468,1.5565258102931008
290,0.6652952066249648,1.562699937619341
291,0.6733182473477942,1.55725333244804
292,0.6724953711756314,1.5543171063393533
293,0.6815470067519411,1.5487354648282463
294,0.6718782144572798,1.5435792503227448
295,0.6735239662253005,1.5481138011355184
296,0.6706439003952245,1.546820200144374
297,0.6784612217991226,1.542478866303465
298,0.6790783788730667,1.5383845037257469
299,0.6819584448380226,1.5292316897124867
300,0.6829870396179321,1.5238667850606213
301,0.6710553385058295,1.5289395814863063
302,0.6768154700311019,1.5318492500410725
303,0.6887471712167752,1.515680478424036
304,0.6667352396074427,1.5204451931673075
305,0.678049783847921,1.5169214490411018
306,0.6803126926898858,1.517473313696123
307,0.6821641637400525,1.505814509881276
308,0.6747582801524761,1.5116746101181244
309,0.6846327915698799,1.4996600267303943
310,0.6801069740330921,1.5032535702131138
311,0.6799012547141606,1.5000703111888696
312,0.6811355687762161,1.4971630355257772
313,0.69450730309764,1.492718513255697
314,0.6792840979712854,1.4936288236909578
315,0.6864842624606431,1.4838463058689448
316,0.6926558321210441,1.4850070610676154
317,0.6856613865950254,1.482235414161282
318,0.6776383459825521,1.4842327770395207
319,0.691215799267315,1.4771252377635042
320,0.6866899814239821,1.473688821909335
321,0.6940958651464384,1.4746446853997506
322,0.6903929233403884,1.471363628187731
323,0.6918329563412591,1.4622713706052444
324,0.6887471712167752,1.4660453868486145
325,0.6895700472785817,1.4654955737656024
326,0.6875128573141234,1.4599853794998015
327,0.6831927585690092,1.456674109317471
328,0.6840156344714122,1.4553573546010363
329,0.6920386749980528,1.4527309149092937
330,0.6951244599508715,1.445812826072255
331,0.6957416169144591,1.4481799040917775
332,0.6897757664013242,1.4495795721920448
333,0.6903929230951522,1.441267512311074
334,0.6924501132190142,1.441976390731504
335,0.686689981430113,1.4358267140373775
336,0.6982102446584538,1.4279301028956948
337,0.6916272372675638,1.437484674604801
338,0.7033532194653747,1.424193001730259
339,0.692244394206628,1.4302190891192101
340,0.6982102447442865,1.4271807886155832
341,0.6988274019285868,1.4220779072819019
342,0.7043818144905202,1.4163357960395522
343,0.7000617157699296,1.4136415545132592
344,0.7025303434648771,1.4130479599609955
345,0.6959473357674418,1.412604529802212
346,0.7097305079542348,1.4053654698917488
347,0.7025303435139243,1.404223809907329
348,0.7097305079542348,1.4010149740285036
349,0.6922443941207953,1.403780543100341
350,0.6994445588063419,1.4024604191335723
351,0.6992388397081231,1.3987198781878878
352,0.6973873687070036,1.3940631518072613
353,0.7015017485746115,1.3956091638406936
354,0.6990331209164494,1.3910973746696633
355,0.7047932523558891,1.3848965018159984
356,0.7037646575269324,1.3839210255404506
357,0.7037646575269324,1.3845796394534524
358,0.7045875334783828,1.3806901590197793
359,0.7169306727991848,1.3681608921852262
360,0.7041760953064686,1.3762397310955
361,0.7146677638836492,1.3707446812651476
362,0.7124048550416844,1.3702939003736634
363,0.7171363916521675,1.3612330204860292
364,0.6992388395977668,1.3706639876117483
365,0.7140506068342287,1.3651530411085997
366,0.7132277307478986,1.358355224242894
367,0.7049989714786316,1.3621023014184748
368,0.7068504421241586,1.3602257995933105
369,0.709524789101252,1.3585084282157598
370,0.7068504421241586,1.355488279870792
371,0.7087019130149218,1.352405346634211
372,0.707879037284184,1.354748216241359
373,0.7154906399209321,1.3437324190208437
374,0.7140506069200614,1.3446066651514004
375,0.7140506068342287,1.3406463529906187
376,0.7068504423693948,1.342502641104004
377,0.7093190700888659,1.3364714810544633
378,0.7121991358085856,1.338620845782514
379,0.708496194358128,1.3389828582527068
380,0.7167249536764423,1.328905230759348
381,0.7165192348234596,1.3247966728836291
382,0.7189878626042397,1.323227793413581
383,0.7220736472505132,1.326622409036782
384,0.7210450524215565,1.3216874308116249
385,0.719399300383776,1.3199562581079385
386,0.7272166219470776,1.317679487979601
387,0.7202221764455825,1.3177755073960538
388,0.7169306727991848,1.3113756541287647
389,0.7150792017735417,1.3128324944010195
390,0.7076733181001326,1.3110405864403636
391,0.7198107386047373,1.3093060310228792
392,0.7193993004941323,1.3073375413653734
393,0.7181649867876693,1.3026072093180436
394,0.7214564902869254,1.295749951747925
395,0.7235136802513839,1.2994248040834344
396,0.7140506066993489,1.302189432037046
397,0.7259823081057348,1.2929330309877864
398,0.7198107386047373,1.2937758462562945
399,0.7300966878384627,1.2847001664164233
400,0.7212507715197753,1.289503381542158
401,0.7253651510317908,1.2866482123551706
402,0.7311252827777757,1.2814304966956984
403,0.724747994068203,1.2839796179926608
404,0.7294795308993987,1.2787351189413034
405,0.7315367208883807,1.2758955207289897
406,0.7253651510317908,1.2763052113236186
407,0.7231022421653024,1.2795239975363648
408,0.7307138448265741,1.274267306202259
409,0.7233079613984011,1.2720368604212724
410,0.7263937461918162,1.2656234738954766
411,0.7224850853365945,1.2748381449739228
412,0.7303024070715615,1.2658450620161166
413,0.7235136801410276,1.2625166497047093
414,0.7278337788861418,1.266800851175457
415,0.7335939106566502,1.2577840785532914
416,0.7381197282792707,1.2581537719176057
417,0.7263937462776489,1.2566552222743739
418,0.7342110675957143,1.2564838001007554
419,0.7239251181167528,1.2539191918960693
420,0.7331824728403286,1.2455475753630367
421,0.7337996295586802,1.2479895805042238
422,0.7340053486323754,1.244265596161799
423,0.7346225056204867,1.246584318959892
424,0.7342110677551178,1.24047236122778
425,0.7313310018759945,1.2414736682018412
426,0.741205513317922,1.2414132431685936
427,0.7358568196334949,1.2346138778818754
428,0.7344167867184568,1.2324953339909654
429,0.7372968525730565,1.239649008341077
430,0.7251594321297609,1.2406511297934195
431,0.7364739767074389,1.2274930855541704
432,0.7438798601601355,1.2303926328454236
433,0.7354453814615808,1.2247698511564298
434,0.7340053485220192,1.221044966282361
435,0.7391483234392962,1.2202178437237483
436,0.7395597614395449,1.2168466808667915
437,0.7286566549969955,1.2239670845687793
438,0.7457313310508987,1.2148111744001553
439,0.7270109030450477,1.214720602732974
440,0.7412055131830421,1.2139279356809145
441,0.7325653158276936,1.2154524454092495
442,0.7387368855739272,1.2101046664311155
443,0.7471713638555805,1.208191022071493
444,0.7412055132075657,1.2063414306214895
445,0.7403826374768279,1.2068337657230426
446,0.7438798601601355,1.1994172251781203
447,0.7490228346359874,1.201397126311016
448,0.7309195640106256,1.2042912356624436
449,0.7420283891835396,1.19974441710776
450,0.7516971816989135,1.1898636663678595
451,0.7447027358908733,1.1913972934119816
452,0.7424398271347412,1.19924957544758
453,0.7508743055267507,1.1840222891748895
454,0.7494342729427814,1.1857709363761986
455,0.7461427690511475,1.1882234316405826
456,0.7488171159791936,1.187951415807861
457,0.7399711993049138,1.1891477590871675
458,0.7488171157584811,1.1851186537002
459,0.7541658095777881,1.1804369069793739
460,0.7477885207578592,1.1824927352578816
461,0.7492285537096827,1.173425744992915
462,0.759925941323773,1.1693763148267189
463,0.748199958819417,1.1721488912516085
464,0.7479942396966746,1.1693523326692108
465,0.7506685865388881,1.1693907272077544
466,0.7502571487838755,1.1680876619162026
467,0.7533429335159815,1.1672586807128555
468,0.742028389159016,1.1705613554173893
469,0.7551944044925774,1.1630939731282037
470,0.7508743057719868,1.1628711958084545
471,0.7494342726975453,1.1686696217055674
472,0.7615716931163173,1.1549742908493479
473,0.7535486525651531,1.1570879567481196
474,0.7611602549198796,1.1545026700355907
475,0.7508743056371069,1.1555954338076477
476,0.7510800247353258,1.1546660500332004
477,0.7634231640316042,1.1505666021897551
478,0.7481999589052497,1.151364746517518
479,0.758074470101941,1.1439770548659032
480,0.7605430980421246,1.1465595271993974
481,0.7572515941750142,1.1461096736438674
482,0.7595145031273353,1.140302893630371
483,0.7578687512244346,1.1404597287902958
484,0.7632174447985054,1.1386535892612133
485,0.7603373792994981,1.1388208261121817
486,0.7572515943957268,1.138467259378596
487,0.7603373789684293,1.1353201666282444
488,0.759925941323773,1.1297637364227227
489,0.7588973462986274,1.1343568985512706
490,0.750257148563163,1.1369840457002411
491,0.7488171156726485,1.1379743199906607
492,0.75560584224759,1.1252148828985171
493,0.7572515942853705,1.1309669175969062
494,0.7588973460533913,1.1292483086351552
495,0.7646574778484234,1.1182428528756865
496,0.7475828017209494,1.1323108981602772
497,0.759308784249829,1.120743165092688
498,0.7623945690922913,1.1194153774718987
499,0.764040320860312,1.1150531201812863
