epoch,categorical_accuracy,loss
0,0.4922855379919387,4.543066792565593
1,0.4939312897354358,4.340748538747292
2,0.5019543304827889,4.155480998603681
3,0.5046286772391698,4.068151678231684
4,0.5073030241672161,4.0072109477555795
5,0.5120345608635317,3.8791432878996113
6,0.5013371732984887,3.8025490059035474
7,0.5066858670503557,3.73089160484631
8,0.5105945277032575,3.63059649897122
9,0.5056572721294356,3.630649135378108
10,0.5116231227774504,3.5324635738160133
11,0.5171775353639073,3.513618842487692
12,0.5058629910069419,3.4683612981124123
13,0.5017486113600466,3.431234916525352
14,0.5095659330337045,3.379716513554664
15,0.504217239238921,3.3635901637686496
16,0.5171775353639073,3.335437557477074
17,0.5165603784922832,3.2679846553590606
18,0.5132688747539218,3.2745954889840143
19,0.5134745936498208,3.239785989550646
20,0.4994857025426054,3.231248960110465
21,0.5245834191476727,3.156614365878848
22,0.511417403838635,3.161109789240338
23,0.534457930405673,3.1116849138177094
24,0.5105945277277811,3.1227726949583086
25,0.5274634849777489,3.0903586563910017
26,0.5112116847833325,3.074119641441937
27,0.5387780293101907,3.0295035645344255
28,0.5352808064920033,3.0507660742478957
29,0.5165603786210321,3.02160282307656
30,0.518617568364778,3.010797549167108
31,0.5241719810615914,3.0011854987408344
32,0.5210861963294853,2.988256659779473
33,0.5293149557152395,2.9700081473980093
34,0.5184118494259627,2.9721123045105378
35,0.5346636495529391,2.938080449429002
36,0.5268463279038048,2.932489656563331
37,0.5387780291998344,2.9126993818700964
38,0.5334293353805275,2.931917937492005
39,0.5352808065165269,2.9053222906979435
40,0.5286977986351645,2.894571508357761
41,0.5276692038552552,2.903286127170107
42,0.5476239455675691,2.850374426524891
43,0.527874922824725,2.8687759248152407
44,0.5358979633513656,2.858824284276313
45,0.5264348899280797,2.8553007351864124
46,0.5350750873079517,2.839026290530213
47,0.5387780291998344,2.827904208308261
48,0.5410409380417992,2.8240430042641176
49,0.5486525407275945,2.807025588703999
50,0.5295206746111385,2.8087102108790387
51,0.5313721456183889,2.7993749017407437
52,0.5389837480528171,2.7904590367535165
53,0.5496811355136348,2.7692414415002826
54,0.5358979634801146,2.7734608889067522
55,0.5387780290649546,2.7780770143102016
56,0.5369265581741913,2.7655134563018353
57,0.5484468216048521,2.748602782470948
58,0.5451553177132181,2.7514981979746014
59,0.5546183912652531,2.7300513194338625
60,0.5443324418966478,2.737536867713026
61,0.5527669203990135,2.7277642183651087
62,0.5587327709979811,2.7065233092964296
63,0.5519440443801232,2.7201940816656793
64,0.5496811355136348,2.7134692361879145
65,0.554412672252867,2.696313976088906
66,0.5626414316570139,2.694734636193758
67,0.5513268873245719,2.6835049630879033
68,0.5679901253414409,2.67568804712066
69,0.559349928010616,2.6713266923971517
70,0.5494754166790449,2.6658112114531787
71,0.560378522882489,2.6571030563298774
72,0.5488582595621846,2.6539884811810226
73,0.5525612013866273,2.647713097592142
74,0.5614071179505509,2.6448621073026173
75,0.5677844063535783,2.6243868876670864
76,0.5550298292164546,2.631493610159602
77,0.5657272166098324,2.6214729344199847
78,0.5612013987664994,2.6105212129896205
79,0.562024274828306,2.6152329378671495
80,0.564287183651878,2.6050587043279583
81,0.561818555926276,2.602707502945439
82,0.5813618597732211,2.5856911670129206
83,0.5756017278923563,2.5846804001036556
84,0.574367414210417,2.5752705555103415
85,0.5912363710802687,2.560032539469694
86,0.5803332648584318,2.5634064823481015
87,0.578481793814396,2.5583437205194763
88,0.5881505862868536,2.548785856294426
89,0.5823904546267014,2.5384880689112057
90,0.5712816291472422,2.550568613096707
91,0.5760131660029614,2.5355807930519245
92,0.5747788521861422,2.528562238544526
93,0.591030652227286,2.5184064460766953
94,0.5844476445053272,2.509791446894536
95,0.5795103888885889,2.503421607122478
96,0.5813618597977447,2.500753042703302
97,0.5932935610079417,2.4927415340629975
98,0.5900020572634495,2.4883689788652776
99,0.590207776251312,2.4795269116627487
100,0.5922649661299378,2.471707033095745
101,0.5830076115718964,2.473759060164975
102,0.5912363711047923,2.458666579366785
103,0.5947335937635763,2.4544918319370197
104,0.5914420899822986,2.449585577019741
105,0.595145031763825,2.442680483270491
106,0.5949393129108423,2.437509601877884
107,0.6015223205837539,2.4280142437845216
108,0.6002880065462222,2.4208429859783687
109,0.6004937254482521,2.4149472043975786
110,0.6039909484626285,2.4088270513640095
111,0.583419049455658,2.412985230492751
112,0.6116025507437842,2.4013376670029887
113,0.6021394773266291,2.396778556844919
114,0.606459576157576,2.3848318929069943
115,0.6155112116296604,2.3734994418237023
116,0.5980250976613412,2.3714162044823355
117,0.6116025508786641,2.3633301939353166
118,0.6132483029164446,2.3547275860450365
119,0.6155112116725767,2.355700232025724
120,0.6031680724927855,2.351407469998807
121,0.6144826165983839,2.3389699441909397
122,0.6220942193700119,2.328755717296165
123,0.605430981353143,2.3338695976180417
124,0.6035795103520235,2.323268861786325
125,0.6227113761128871,2.314092065100561
126,0.6175684016615588,2.3105575393389537
127,0.6237399710276764,2.3021737088197742
128,0.6161283686116408,2.293236370121984
129,0.6276486319809925,2.2903010854993773
130,0.6192141534050559,2.2882970106795453
131,0.6188027153434981,2.2768383191412207
132,0.6323801687876645,2.2657008418279574
133,0.6243571282365002,2.2652211784703375
134,0.6253857230470642,2.260736222376036
135,0.6216827814188104,2.261156759299361
136,0.6367002672630189,2.2451983320690974
137,0.6360831102994312,2.237500737120992
138,0.6358773914464485,2.231485028689694
139,0.6276486319319453,2.228016396506631
140,0.6352602345073843,2.2224310878077986
141,0.6381403003129369,2.206336890589281
142,0.6305286976516652,2.212158581279134
143,0.6319687305667032,2.2101809694501653
144,0.6362888293118174,2.2015363555022214
145,0.6317630116646733,2.1958530745224754
146,0.6465747789256588,2.183392657195803
147,0.6404032092897814,2.179779622074607
148,0.6315572928116906,2.176876793719937
149,0.6385517384235418,2.1727368947876453
150,0.640197490301919,2.162752822112017
151,0.6490434065347737,2.1562018284604423
152,0.6478090927670017,2.149685255222128
153,0.63999177133858,2.148325487998895
154,0.6389631761295073,2.146427730600718
155,0.6439004319546964,2.1356789633168822
156,0.6451347457653847,2.131047644553374
157,0.6432832751198576,2.1230043357008648
158,0.6515120345730517,2.118178014867077
159,0.6387574572581319,2.1114742490053913
160,0.659740794148864,2.099200645657484
161,0.6545978194277758,2.0953960162184164
162,0.654186381501098,2.095914120341593
163,0.6476033738404482,2.090757607972271
164,0.6617979840520134,2.0823002139670055
165,0.652129191573425,2.0744951168369106
166,0.6463690597170838,2.0770277089725377
167,0.6439004318627328,2.071453947708014
168,0.6500720015231338,2.068077921597611
169,0.6599465128914904,2.0518851254707844
170,0.6570664471104616,2.0510623182345014
171,0.6587121990746713,2.0438765871306552
172,0.6527463483408238,2.0401825689038384
173,0.657683604025002,2.036017049661121
174,0.657477885061663,2.0362055592025854
175,0.6661180825518914,2.020522733942223
176,0.6665295205276166,2.013141330390574
177,0.6698210243088942,2.0091706825563187
178,0.6655009256986599,2.009458873086053
179,0.6708496192482072,2.000088143706739
180,0.6657066446374753,1.9944649159086754
181,0.6564492902327065,1.9947460132036599
182,0.6714667762363185,1.9878843436391234
183,0.6620037031011851,1.9826133356151254
184,0.6714667763528057,1.9752572308693175
185,0.6700267435665166,1.9728557999500447
186,0.67187821418752,1.968003115862933
187,0.6735239663356568,1.958837664684036
188,0.6694095863576928,1.95658886489052
189,0.6731125283844552,1.9509685125843386
190,0.6770211891293207,1.9441926930574105
191,0.6698210244192505,1.9398128184191217
192,0.6739354041765021,1.9369746258513374
193,0.6685867103817188,1.9346070769784187
194,0.6642666118818408,1.9339658806437303
195,0.6799012549593968,1.9157125262217471
196,0.6722896522981251,1.920315204248387
197,0.6757868752021452,1.9132297513809158
198,0.6747582801034289,1.908362797664728
199,0.666323801735943,1.902833009693167
200,0.6786669410076978,1.9000182238117556
201,0.6817527258746836,1.8943351087587847
202,0.6780497838233974,1.8839257763531247
203,0.6796955357508216,1.8809236992388885
204,0.6805184119475082,1.878979748253272
205,0.6817527256049238,1.871632496581306
206,0.678872659823895,1.8720827905564268
207,0.6749639993365275,1.8685997920967232
208,0.6790783789834228,1.8599258289737384
209,0.6850442294352488,1.850640670970202
210,0.6741411232134119,1.8523421235301323
211,0.6733182474336269,1.848041587541977
212,0.6932729891704645,1.8359050819643778
213,0.6786669408973415,1.8389086498200857
214,0.6881300145597327,1.8293374808966145
215,0.6825756015563742,1.8286331826780735
216,0.6910100802794525,1.8224988711074017
217,0.690598642328251,1.8173278790642464
218,0.6881300143880673,1.812327263703981
219,0.6908043613161136,1.8059836327109997
220,0.6815470067519411,1.8117881213851095
221,0.6943015840852538,1.798046691602602
222,0.6864842623502868,1.8010268351394585
223,0.6893643282907193,1.7888939604546352
224,0.6936844270358333,1.7891043381199525
225,0.6926558320719969,1.7808344685670845
226,0.6918329562554264,1.7769154991247211
227,0.6895700473644144,1.7739957446694938
228,0.6984159639528617,1.767393459559615
229,0.7043818144046875,1.762243586223181
230,0.6924501130841343,1.764037939408904
231,0.695947336012678,1.7572884252105223
232,0.7091133511010033,1.741968315021905
233,0.6866899813136258,1.7477152624436303
234,0.6926558322927094,1.7461450634559863
235,0.707673318320845,1.7357069578859399
236,0.690598642328251,1.745230276259442
237,0.6973873689031924,1.72924033383042
238,0.703764657551456,1.7279508299750082
239,0.7134334499564737,1.7178419521624502
240,0.6990331206099042,1.7227102248812378
241,0.7076733182350124,1.7111471229756081
242,0.6986216827200117,1.7110089967094364
243,0.7031475004775121,1.707610411448774
244,0.7008845916110237,1.7012839737656529
245,0.6998559968678997,1.699650394403991
246,0.6986216827200117,1.6979077846222614
247,0.7064390044181932,1.6836094916835536
248,0.7029417815754821,1.6846856952473794
249,0.7070561611120212,1.6757137144673782
250,0.7035589385635934,1.6789109481506646
251,0.7095247890767284,1.67261759230836
252,0.7082904750391966,1.6679064805211905
253,0.7134334497602848,1.6668157652066435
254,0.7089076323338532,1.6663496690972601
255,0.7091133512604068,1.6548586386364934
256,0.7101419460403161,1.6565425891833059
257,0.7138448878218426,1.6532929492717758
258,0.709936226966621,1.6486980181568274
259,0.7189878625184071,1.6388419015101998
260,0.7163135155658372,1.6386735479028793
261,0.7191935813959134,1.6364024945969102
262,0.710141946175196,1.6345356360454908
263,0.7095247892116083,1.6283031254976135
264,0.718782143751257,1.6240838864437717
265,0.7259823081302584,1.614386002361664
266,0.7247479941785593,1.6119966030709416
267,0.7202221766662951,1.6097243557347116
268,0.7187821435550681,1.6087401984920475
269,0.718987862653287,1.60450424002267
270,0.7154906398596231,1.604283248242761
271,0.7265994649589662,1.5960143689289183
272,0.7175478298240815,1.597612460560574
273,0.7206336144213077,1.5934449810227405
274,0.7175478297382489,1.5988110186165434
275,0.717753548566708,1.5885274365124353
276,0.7193993006290121,1.583388626195354
277,0.7183707057755319,1.5776659776290929
278,0.7212507714952517,1.5760550792264831
279,0.7237193992392464,1.566389029542499
280,0.7216622095813331,1.5672928403125725
281,0.722690804459337,1.5615326229423878
282,0.7300966877526301,1.5610791070548087
283,0.728245217107103,1.5536516184081905
284,0.7237193993741263,1.5537491497545177
285,0.7239251183865125,1.5487503392832243
286,0.7239251183619889,1.5452165925877988
287,0.7241308371536626,1.539205821176979
288,0.7298909688506002,1.5382666218503958
289,0.7360625387317137,1.5335275989529331
290,0.7333881918895002,1.5352029161329648
291,0.7311252827777757,1.5294043505248207
292,0.7278337791313779,1.5291544804477908
293,0.7346225055959631,1.513806288538095
294,0.7379140095121207,1.5188040433413599
295,0.734211067620238,1.513312480891592
296,0.7259823082406147,1.5172924724436425
297,0.7276280598982792,1.512277984540665
298,0.7372968523278204,1.5022473732548667
299,0.7375025715363955,1.5015033570318843
300,0.740999794354583,1.496856987782894
301,0.738531166500232,1.496917325217791
302,0.7325653159380499,1.4927372481690049
303,0.7342110677305942,1.491414179921616
304,0.7325653159380499,1.4889393896508232
305,0.7407940752318405,1.4817302114947346
306,0.7455256120875597,1.476693777114956
307,0.7366796956953015,1.4821321185148686
308,0.7366796953642326,1.474698918833455
309,0.7399711995011027,1.47631038660082
310,0.7379140096224769,1.4705546027813103
311,0.7414112324161408,1.4677041097080676
312,0.7418226703305569,1.4646040772342113
313,0.7397654802312186,1.4584544227584795
314,0.738736885463571,1.4613151855366733
315,0.7484056778931122,1.4540023743382846
316,0.7459370501491176,1.4431121459200509
317,0.7494342726975453,1.4483737398189567
318,0.7432627031352387,1.4495135011851505
319,0.7496399915995752,1.439063989976335
320,0.7494342728079015,1.4345627406869152
321,0.7391483233289399,1.4351937617080444
322,0.7444970171237232,1.4364135458596423
323,0.7486113968196658,1.432896266256284
324,0.745731331161255,1.4261186553038483
325,0.7502571487838755,1.4215841167283583
326,0.7543715285411271,1.4154021923151117
327,0.7580744702122972,1.415411299698835
328,0.7617774119938236,1.4084346145789972
329,0.7595145032622151,1.4095734259003696
330,0.7461427689162676,1.4074307637949388
331,0.7558115612599762,1.4004852624617348
332,0.7463484879286538,1.4045721622828813
333,0.7568401562851217,1.3993279853246752
334,0.7514914627110509,1.3958083902997407
335,0.75560584224759,1.387149871756721
336,0.7564287183093966,1.3871981507342335
337,0.756634437432139,1.3851281649486147
338,0.7586916273965975,1.3840669873466562
339,0.7695947336429579,1.3779634733402149
340,0.7628060070680164,1.3807966132586789
341,0.7673318247764696,1.3748018720762594
342,0.7545772475289896,1.3745786882285547
343,0.7572515943712032,1.373491646894774
344,0.7611602549198796,1.3670070815101079
345,0.7545772474186334,1.3687940388642033
346,0.7543715285656507,1.3641121817871122
347,0.7628060068227803,1.3627317451052499
348,0.7667146679232381,1.3547779531837907
349,0.7582801893350397,1.3576907726306284
350,0.7675375438746884,1.3506015127908297
351,0.764246039823651,1.347809437100619
352,0.7675375436539759,1.349409655076784
353,0.7792635259621429,1.333757058825176
354,0.7726805184608967,1.3349515081947905
355,0.7706233286067945,1.3367810059270602
356,0.7650689157996249,1.3407862130027572
357,0.7658917917755989,1.3365573532123718
358,0.7714462046440774,1.3330661830919757
359,0.7609545360178497,1.3311615055221953
360,0.7652746350082,1.3286901256278374
361,0.7739148322777158,1.3237249927740484
362,0.7741205514004583,1.319705947979172
363,0.7700061715083268,1.3161185632098287
364,0.7663032298371567,1.3201271964061214
365,0.7667146677270492,1.3166480123248765
366,0.7695947334222454,1.309863731170039
367,0.7792635259866666,1.308446028943269
368,0.7804978400855074,1.2961143681944656
369,0.7741205512655784,1.3048182719284995
370,0.7743262703883209,1.2996939512173156
371,0.768771857605675,1.303644853005118
372,0.7714462043375323,1.2946028797696634
373,0.7819378728043564,1.2865917950936046
374,0.7839950626584586,1.2881640849155644
375,0.7689775766793702,1.2924694614728227
376,0.773091956546978,1.2923141861619147
377,0.7850236575977716,1.2812062529373798
378,0.7796749638275118,1.2800462414908864
379,0.775766303168479,1.275412907793649
380,0.7790578068639241,1.2782905535844098
381,0.7813207158652924,1.2742024755997805
382,0.7831721868418882,1.2752711014403308
383,0.7827607489765193,1.2651388868827482
384,0.7889323186123967,1.264904370795452
385,0.7776177742799548,1.2669735224348506
386,0.7842007817812011,1.2621714043484822
387,0.7887265993179889,1.2570852799514665
388,0.7765891790954058,1.2601571125249464
389,0.7786463689740316,1.254529215062849
390,0.7899609134413533,1.2472486482483691
391,0.7842007818915574,1.248645606440199
392,0.7825550297924678,1.2562884386614306
393,0.787903723342015,1.2460151073055192
394,0.7914009462215115,1.2376765874010427
395,0.7856408146962391,1.2437285833755067
396,0.7903723514416021,1.2351787243574104
397,0.7759720220459854,1.2479851339315098
398,0.7866694094148395,1.237675728314307
399,0.7872865666236634,1.2307492796468824
400,0.7891380372691905,1.2295022407104832
401,0.7876980044645087,1.2279450601080617
402,0.7887265992934653,1.220700069357647
403,0.7975725159922687,1.217947650509983
404,0.7934581360143047,1.2194224448391402
405,0.7918123842217603,1.2138160985577036
406,0.7996297059567272,1.2117943404952431
407,0.7965439211633122,1.2109273586271232
408,0.7864636905373332,1.2154689438670192
409,0.8008640199084264,1.2083386108478482
410,0.8020983335903656,1.2041683850575808
411,0.7901666324046923,1.2111480476384888
412,0.8029212095663396,1.1969322866187913
413,0.8045669615795965,1.1991116153043722
414,0.794075293063725,1.1991309212255175
415,0.8006583006753276,1.198200051516227
416,0.8004525816016324,1.1979101999039956
417,0.8006583009205638,1.1933458610415777
418,0.8033326476769447,1.1854339613882119
419,0.8020983337007219,1.1835548550325812
420,0.7996297056501821,1.1876497021723962
421,0.802098333565842,1.1836908348939272
422,0.8055955565434331,1.1788260621118143
423,0.799012548772427,1.1816990090063928
424,0.8018926147128593,1.1781055589341205
425,0.8010697386755764,1.176685571376249
426,0.8037440855790989,1.1748826786510935
427,0.8090927791776934,1.167623818104612
428,0.8014811767616578,1.1626800019612065
429,0.7994239869075557,1.1687700594925778
430,0.8002468626996024,1.1619022035275044
431,0.8119728450322931,1.15929235957871
432,0.8029212094559833,1.1598379779220045
433,0.8082699033365993,1.158021634067927
434,0.8158815059120383,1.1519157371509225
435,0.8027154907991896,1.1580118278102407
436,0.8144414728621204,1.1491235388671632
437,0.8099156552640235,1.1503877155919595
438,0.8099156550433111,1.1492920888350644
439,0.8095042173986546,1.1469403049186089
440,0.8070355895443038,1.1452125758944263
441,0.8121785640201556,1.145083528883392
442,0.8090927791776934,1.1430664099530659
443,0.810532812117255,1.1361424168106264
444,0.8101213743622424,1.1431424436537823
445,0.8051841186535404,1.1401172355476463
446,0.8117671260689542,1.1266738906659062
447,0.8097099363006846,1.1317925411741128
448,0.8148529107520129,1.1278486625816173
449,0.818144414888883,1.128949425343598
450,0.8181444148030503,1.1237552127237798
451,0.8144414729724767,1.1175521102811887
452,0.8099156552640235,1.1266860930033364
453,0.8257560173294423,1.110493618920614
454,0.8183501336315094,1.1160191257557637
455,0.8097099363865172,1.1174813642395889
456,0.8208187616452639,1.11141379748664
457,0.8171158199495702,1.1133311040066467
458,0.8232873895854476,1.1108596612827888
459,0.819584447558685,1.1041235383511865
460,0.8160872250102572,1.1107957355526341
461,0.8212301997068218,1.1074097682065716
462,0.8259617363173047,1.1088281769586723
463,0.8276074880853256,1.0970913586462507
464,0.8259617363173047,1.0929298484749668
465,0.8224645135236409,1.0959786876830708
466,0.8249331412676356,1.0942162751317686
467,0.8175272579252952,1.096866861779708
468,0.822258794621611,1.0924328422624863
469,0.8278132069873555,1.0876597092735794
470,0.8228759514993661,1.0875793714333013
471,0.8224645133029284,1.0936099726877642
472,0.8222587943395895,1.084796778460732
473,0.8226702324869799,1.090763061999588
474,0.8255502983415797,1.0804716165701909
475,0.8269903311217378,1.080819944274987
476,0.8317218680019807,1.0765075184783433
477,0.8247274222552494,1.0813144485883275
478,0.8220530754130358,1.0771505734577662
479,0.8315161490754271,1.070630518749059
480,0.8315161490999508,1.0653813769851195
481,0.8197901667917836,1.0740667535208597
482,0.8331619010028514,1.0643056236993773
483,0.8343962148196705,1.0621675536897883
484,0.8292532402334624,1.0601740930090713
485,0.8296646778781187,1.0605987165474984
486,0.827196050134124,1.0626304159191895
487,0.8251388604762108,1.0626635311243833
488,0.8204073235101352,1.0684735975842299
489,0.8267846122687551,1.0622443093902363
490,0.8350133716483784,1.0486983971275976
491,0.8313104299772083,1.0548309168681222
492,0.8317218680878132,1.0473134949285292
493,0.8292532402334624,1.0470998445623476
494,0.8325447437940274,1.050398001747351
495,0.8313104297810193,1.052214734791189
496,0.8341904959421642,1.044058829662462
497,0.8325447440392636,1.044685732334932
498,0.8399506273570804,1.0415706215658151
499,0.831310429866852,1.0465104864889936
