epoch,categorical_accuracy,loss
0,0.5105945277523047,3.890703633007653
1,0.5151203455711142,3.7273638383813954
2,0.5120345607776992,3.7423026506313692
3,0.5060687102400405,3.6211212943351163
4,0.5122402798759179,3.532753817119414
5,0.5079201810694948,3.4883048376951704
6,0.5101830899114596,3.3971035185725422
7,0.5023657683481578,3.388118863866006
8,0.5103888090464638,3.251451243394884
9,0.5159432215470882,3.223051459179619
10,0.5212919150966353,3.1431056146537344
11,0.5066858669583921,3.181872989826795
12,0.5087430569718978,3.0863155492218746
13,0.5165603784677595,3.0269558507212637
14,0.511417403771195,3.0294399016728937
15,0.5103888089238457,2.9572025626511564
16,0.5087430568615415,2.954077028389503
17,0.507714462032585,2.9372796007841857
18,0.5083316188612927,2.861691529651258
19,0.5167660973881821,2.864155599399497
20,0.5112116847772016,2.8143069733319717
21,0.518000411425714,2.7702989513014256
22,0.517794692394935,2.7274858134932245
23,0.5073030239219799,2.736359058302436
24,0.5289035177824306,2.6865129480144168
25,0.5206747582495348,2.6791138134971857
26,0.5068915860382183,2.6765448049958462
27,0.5064801480624931,2.6721052337737516
28,0.5157375025592256,2.6344694020546555
29,0.5177946924133278,2.6281686561437723
30,0.5070973049341173,2.6078021531731865
31,0.5219090723054592,2.555822429380356
32,0.5180004114502376,2.5624019183928133
33,0.5132688745945183,2.5408581429806985
34,0.5311664266060027,2.5282897585288313
35,0.5171775354987872,2.4912902248957796
36,0.5243777000065376,2.512593100674725
37,0.5157375025837492,2.479753556552676
38,0.525817732964492,2.465531846815312
39,0.5276692038123388,2.4253920407678775
40,0.5315778645817278,2.4138425188627637
41,0.5177946924133278,2.421100879936791
42,0.5138860316684624,2.412888662433997
43,0.5192347252425331,2.39692727142684
44,0.5085373379840352,2.397510571186495
45,0.5221147911645728,2.382549249838959
46,0.5249948569026853,2.380640190536901
47,0.5369265584194275,2.325834120185599
48,0.5243777001598101,2.341247078568522
49,0.5225262291586906,2.3485661318115283
50,0.5171775355662271,2.3276199935468913
51,0.5241719811474239,2.3211231954645606
52,0.5258177329890156,2.2951657766178544
53,0.5204690393904211,2.3024296031717264
54,0.5272577657691737,2.300235566374844
55,0.5214976343297341,2.270743821486846
56,0.5227319481465532,2.2573411167464954
57,0.5311664264895155,2.2572750988577504
58,0.5233491051346646,2.2369207598206144
59,0.5212919150966353,2.234184526950826
60,0.5402180619799927,2.232028638352781
61,0.5180004115360702,2.2269910620799456
62,0.509360213910962,2.2340772612010027
63,0.5200576012614234,2.2471834552359176
64,0.5095659328129919,2.2273078716676733
65,0.5235548239631237,2.206515679656662
66,0.5317835836370304,2.186958256534921
67,0.534663649307703,2.178487325200228
68,0.5414523760665716,2.1636189748367345
69,0.5350750875102716,2.165718518910254
70,0.5231433862326347,2.1864409050905174
71,0.528080641788064,2.16816882541753
72,0.5202633201818461,2.1802193385734157
73,0.5122402797226454,2.1735621713066613
74,0.5373379961499165,2.1437002363285393
75,0.5338407736014888,2.1396229169025904
76,0.5260234520014018,2.141768269469232
77,0.5147089076444362,2.146298565459433
78,0.5241719811719475,2.138829225425587
79,0.5330178976500385,2.12501120846891
80,0.5356922443389794,2.115290853129177
81,0.5256120138662731,2.1385925790209557
82,0.5301378315502027,2.1082497724803035
83,0.5194404444511083,2.101721263427201
84,0.5488582595621846,2.081818920377595
85,0.516766097590502,2.1138949027843275
86,0.5332236166379011,2.089360695762218
87,0.5317835835695904,2.077058950929185
88,0.5173832545724825,2.088093839145889
89,0.5167660974556221,2.0922103919896586
90,0.5198518822919536,2.0858829378517685
91,0.5243776999390977,2.073287817363115
92,0.528080641788064,2.0656072266478027
93,0.5379551531380279,2.056871548377788
94,0.5177946923274951,2.0640289281724633
95,0.5321950215453156,2.0428949903249984
96,0.5214976340844979,2.066191493201908
97,0.5346636494425828,2.048683575312558
98,0.5239662620492052,2.0447129804738338
99,0.5307549887835501,2.0413623058459955
100,0.5245834191231491,2.0335511671273068
101,0.5346636494241902,2.021376710741443
102,0.5350750875286643,2.025803120679214
103,0.5243776999881449,2.0321785297150523
104,0.5315778647350005,2.020974237323911
105,0.5511211685819455,2.0072586122694096
106,0.518617568364778,2.023933706889793
107,0.5324007406864507,2.0075847238602647
108,0.5352808064061706,2.00269243771636
109,0.5309607076181401,2.002077550560426
110,0.5342522113319779,1.9977001337768658
111,0.5408352190784602,1.987737884543065
112,0.5291092366599369,1.991967995896111
113,0.534869368454969,1.9857208247146496
114,0.5171775355846199,1.9858115965435716
115,0.537543715272659,1.976826077698435
116,0.5459781936401449,1.971180877698299
117,0.5385723103039355,1.9715741347001183
118,0.527874922824725,1.970835944601254
119,0.5383665913344656,1.9586848527701934
120,0.538983748187697,1.958074150250248
121,0.5258177329215756,1.967184358750614
122,0.5379551531135043,1.958319647398978
123,0.5383665911137531,1.9494574726473963
124,0.5389837480528171,1.9475118182515245
125,0.5472125078125565,1.9406135231103212
126,0.5505040115999651,1.934388361504921
127,0.5369265581987149,1.9362289359897675
128,0.5496811356669075,1.9267084697371426
129,0.5391894670652033,1.9256588902107556
130,0.5385723103039355,1.932234827002192
131,0.5480353836781742,1.9170948944080026
132,0.5494754165257723,1.9246368690960398
133,0.5433038470431675,1.9135236886273046
134,0.5391894670652033,1.9182901501385818
135,0.5529726394543161,1.912687566785061
136,0.5498868545014974,1.9007293409193722
137,0.5472125077022002,1.9059466033824504
138,0.5449495988111882,1.9061695578853135
139,0.5439210040067552,1.903527867178494
140,0.5437152847736565,1.9016615103557015
141,0.5424809710917172,1.896416693453778
142,0.5371322772724102,1.893163365607545
143,0.5428924089816097,1.8895715016736045
144,0.5521497634109022,1.8817444902662142
145,0.544538160970343,1.877376792117466
146,0.5533840772277213,1.87626765562021
147,0.5525612013866273,1.8682379648288663
148,0.5546183911548969,1.866181465829505
149,0.5369265582845476,1.8679679317548916
150,0.56284715073684,1.8686078232371055
151,0.5519440445947049,1.8631765509897533
152,0.538160872346603,1.8622431177044327
153,0.5589384901207235,1.8456292318184417
154,0.5622299938161686,1.8512660641406353
155,0.54988685465477,1.8473380500459544
156,0.5478296647761443,1.844890811271173
157,0.5659329354873387,1.834549817374841
158,0.5605842418703516,1.8428736997469783
159,0.5558527051495122,1.8374251897039298
160,0.5546183912223368,1.8327177341669534
161,0.5572927381932993,1.8290446787747647
162,0.5535897964362965,1.8267472120156334
163,0.5533840774484339,1.8252117728971204
164,0.5507097304713405,1.819853666755207
165,0.5577041760831918,1.8232573569495352
166,0.5704587532203155,1.8093608854435472
167,0.5566755811684025,1.8120647212454037
168,0.5500925736426326,1.8122007451756847
169,0.5618185559507997,1.8072323848671001
170,0.5540012341913091,1.8080350872274045
171,0.5636700267312066,1.7969259038135315
172,0.5468010698184387,1.8090350163912385
173,0.5533840774484339,1.7971217469211664
174,0.5614071177053147,1.787691628974643
175,0.5620242747853896,1.789942163936495
176,0.5714873482699846,1.782162590689974
177,0.5583213330713032,1.781880669009168
178,0.5521497634354258,1.7825527662751215
179,0.5595556469555623,1.7779517092103454
180,0.5673729683778531,1.772078579920502
181,0.5570870190092478,1.7746300506042467
182,0.5564698622663726,1.7681503881767586
183,0.5609956797541132,1.7657481701966053
184,0.5671672496107031,1.7568165758857264
185,0.5671672494819542,1.7557315449488062
186,0.564287183719318,1.7555765533761167
187,0.5661386545855576,1.7558591073983199
188,0.5585270519242859,1.7518981843297803
189,0.5595556470597877,1.74960399527433
190,0.5788932317901212,1.7424908716279865
191,0.5653157787444635,1.7424631089346077
192,0.576218885052133,1.7382159325056816
193,0.565727216634356,1.7324247068643717
194,0.5780703558570636,1.7279278984827113
195,0.5702530342998928,1.7303748583994734
196,0.5825961735716476,1.7223654590352429
197,0.5725159433196538,1.71919151228952
198,0.5729273810746665,1.7216699109158873
199,0.568195844421267,1.720005109412659
200,0.5595556470659185,1.7142079759100244
201,0.5704587533061481,1.7142486038877012
202,0.5696358774895777,1.707165546069982
203,0.5638757458049019,1.7075855480106592
204,0.5756017278923563,1.7032516379828218
205,0.5657272167017959,1.7013743541241182
206,0.5710759102513432,1.6987551053446817
207,0.5706644723185343,1.6944885826532645
208,0.5690187202807538,1.6930858418422088
209,0.5758074470150988,1.685177174621932
210,0.5805389837359382,1.6802391882321395
211,0.5788932318943466,1.6761670356129355
212,0.5638757458049019,1.6822468939937945
213,0.5704587533551954,1.679720820921533
214,0.577864636869201,1.6705342672460242
215,0.5817732977734699,1.668339283052871
216,0.573750257136473,1.6701559591283526
217,0.5877391482866048,1.6639035136040972
218,0.5739559760814192,1.6616110188606417
219,0.5702530343673328,1.657633042536604
220,0.5838304876520957,1.657818872873196
221,0.5809504218220196,1.6535250919146245
222,0.5644929025477771,1.6548254636059423
223,0.5653157787260709,1.6539681371017092
224,0.57292738116663,1.646435575655914
225,0.5850648015547476,1.6394067643429855
226,0.580127545760213,1.6366422200639463
227,0.5819790166264526,1.6358641712686648
228,0.5887677430910379,1.6335441860194266
229,0.583213330688508,1.6294500546012978
230,0.5708701911960407,1.6335922104418217
231,0.5793046699191189,1.6268761775248877
232,0.5865048342245495,1.6166273585760749
233,0.5891791813365228,1.616959516880959
234,0.5821847355897916,1.618919780827726
235,0.5920592471665989,1.6087804753896606
236,0.59185352806838,1.606767399422403
237,0.5801275458705693,1.6170408366222337
238,0.593499280081637,1.6008079602036107
239,0.5842419253825847,1.6034297636570054
240,0.5885620243484114,1.600539690867983
241,0.581156140564646,1.6007748605341265
242,0.5836247684435206,1.5956510888330977
243,0.5916478089456376,1.5884859341452873
244,0.5821847355284825,1.5893641696793384
245,0.5934992798364008,1.5820831033433571
246,0.5788932319433938,1.5906110075711468
247,0.58815058626233,1.5817803395086296
248,0.5902077761654794,1.581896846443016
249,0.586299115481923,1.5757953349858786
250,0.5906192141412046,1.5729975665064413
251,0.5951450318741813,1.5716814568346358
252,0.5930878418851993,1.5672468635138845
253,0.5828018924675467,1.5720012520743212
254,0.5982308166492036,1.5577301918982087
255,0.5928821229831693,1.5609752257354366
256,0.5852705204383848,1.5610355620422474
257,0.5951450317393014,1.5529068873954197
258,0.5914420902030112,1.5499475509191927
259,0.592264965995058,1.5528916295382544
260,0.5932935609834181,1.544890935762849
261,0.5955564698499065,1.5454400215490294
262,0.5982308165327165,1.5437095759705097
263,0.6041966673646584,1.5351895646434879
264,0.5988479735208279,1.5374531283395276
265,0.5996708495642418,1.5306620332003376
266,0.5912363712151486,1.533175665737302
267,0.588767743336274,1.5307898665376956
268,0.6000822876687159,1.5201088525561781
269,0.5926764039094741,1.5274329562413793
270,0.6081053280850002,1.5224728543089878
271,0.5871219913475407,1.522437055496933
272,0.6033737914377317,1.516253472429027
273,0.5976136597040087,1.5142517384372358
274,0.5883563052501926,1.513026166639071
275,0.5951450319845376,1.5104791497134593
276,0.6085167660607254,1.5001869911618793
277,0.6056367002551729,1.4989383704033048
278,0.6013166015100587,1.5011589862613173
279,0.6021394773511528,1.4988678460797025
280,0.6025509153268779,1.494802992325755
281,0.60193375856561,1.4932884316315893
282,0.6175684015266789,1.4854324318650964
283,0.6011108826080288,1.484296908964225
284,0.595145031960014,1.4865105764484778
285,0.604402386352521,1.4801426145231447
286,0.59432215598404,1.4816177162312842
287,0.6101625180739823,1.4749264392409396
288,0.6085167661710816,1.4748356751614797
289,0.6017280394428676,1.4733315112045875
290,0.5976136598388885,1.4726464465134823
291,0.6002880065278294,1.470386645181315
292,0.6011108826080288,1.466402332053413
293,0.5992594117417892,1.4671511579212204
294,0.6039909481928687,1.4656444661437276
295,0.6027566342902169,1.4547333852716542
296,0.5978193785569913,1.4595348223372513
297,0.5969965028753008,1.4563205116596076
298,0.6122197077564192,1.4498466043603737
299,0.6052252622365314,1.4478608351679796
300,0.6017280395961401,1.4477166743760148
301,0.6101625180801132,1.44192545209444
302,0.599876568570497,1.4441327772570156
303,0.6163340875136708,1.4341329856557479
304,0.6192141535399358,1.4322619702290713
305,0.60460810531586,1.4366515849603347
306,0.6048138244140788,1.4296424057080996
307,0.6175684016370352,1.426544760362868
308,0.6196255916014936,1.4253049451023236
309,0.6124254269649942,1.4226813725889575
310,0.6064595763169794,1.4215556639404705
311,0.6095453610245619,1.4220426726110726
312,0.6227113761374107,1.4171489891606677
313,0.6027566344250967,1.4212685479129006
314,0.6163340875995034,1.4129238854070623
315,0.6041966674259674,1.4136622065846456
316,0.618596996576348,1.4052088413923225
317,0.6095453610000383,1.4082008207121446
318,0.6095453609816456,1.4079084113850266
319,0.6150997736968515,1.4016003506685377
320,0.5961736268993268,1.4030566768032169
321,0.6169512445385675,1.3950274777348652
322,0.6188027155642106,1.3948417652097167
323,0.6146883357824354,1.398278213753864
324,0.6085167661956052,1.3934243118485854
325,0.6046081054016926,1.3929465139287411
326,0.6128368648058395,1.3861034805209174
327,0.6132483029164446,1.3806884577430782
328,0.6188027153434981,1.3798500388719692
329,0.6097510801227808,1.3856615863251505
330,0.603168072265942,1.3818821274334205
331,0.6204484672463987,1.3756899165410708
332,0.6113968318049688,1.37660421409913
333,0.6120139888543892,1.3735233931795507
334,0.6159226496483019,1.3713883040398145
335,0.6179798395024041,1.3650501733992575
336,0.6192141534050559,1.3652347175703694
337,0.6027566342656933,1.360170236096856
338,0.6163340877343833,1.3620722470914255
339,0.6157169306113921,1.3634859619746849
340,0.6235342520398138,1.356585487027493
341,0.6245628470036503,1.3547685192681418
342,0.624357128126144,1.3492781450365385
343,0.6200370295159098,1.350717504680267
344,0.6132483026466848,1.3509202561636466
345,0.6167455256917157,1.3455330126816734
346,0.6144826167332638,1.34654769949451
347,0.6105739560497074,1.3491923912050694
348,0.6192141535399358,1.3370529039483383
349,0.6165398067222458,1.3416686467588794
350,0.6214770623205915,1.3364191994552284
351,0.6177741204900179,1.3372298874400863
352,0.6218885001859604,1.3362508372646427
353,0.6171569634160738,1.3314608398520684
354,0.6280600700180267,1.3247247688124342
355,0.619625591319472,1.328318697806372
356,0.6171569636858336,1.3283865901821068
357,0.6161283686116408,1.3230529352853975
358,0.6165398064524861,1.3201736748353416
359,0.6179798396127603,1.3209545636613584
360,0.6177741204961488,1.3213356827492824
361,0.6257971609063022,1.3124156538239968
362,0.6319687307015831,1.3102941968710278
363,0.6280600700425504,1.3086751619255412
364,0.6237399711625563,1.3087023685214403
365,0.6233285332971874,1.3081158972453542
366,0.6132483027815647,1.3082293720064868
367,0.6188027153680217,1.3057096976111686
368,0.6161283685258082,1.3078804385929386
369,0.6329973256163723,1.2953013364632564
370,0.6315572926768107,1.2929895521068593
371,0.6319687308119394,1.2920349655855685
372,0.6266200368577525,1.2908954200517049
373,0.6280600699076705,1.2907921392911257
374,0.6235342521746937,1.292450606663564
375,0.6321744496403985,1.2871715233812016
376,0.6266200368577525,1.2880272976387384
377,0.6239456901504189,1.286304515665192
378,0.619625591515661,1.285485452081264
379,0.6222999383578744,1.283772479357285
380,0.6175684016370352,1.282216924449785
381,0.6290886647366271,1.2797443443697387
382,0.6278543510056406,1.2766220067612208
383,0.6292943839452022,1.2714193774162312
384,0.6274429129195591,1.273156239794645
385,0.623945690015539,1.2729685471102525
386,0.6313515737134717,1.2704158485291352
387,0.6222999383578744,1.268682180547685
388,0.6235342520643374,1.2695918753911772
389,0.6303229786638026,1.2586663205837962
390,0.6198313104176909,1.266961827123148
391,0.6268257559621022,1.263445029825714
392,0.6220942193700119,1.2593115100250447
393,0.6399917712895328,1.250872785724796
394,0.6278543509014152,1.2566418924882956
395,0.6350545153846419,1.2506508420853182
396,0.6426661181562698,1.247497911120707
397,0.6332030444938787,1.2501305081525032
398,0.6309401357622701,1.2477248898015496
399,0.6183912773922966,1.2474795716997282
400,0.6295001028227085,1.2420604382981688
401,0.6387574572765246,1.2385772497068828
402,0.6323801685179048,1.2404136278089293
403,0.6262085990169073,1.2390326969517134
404,0.6295001027736613,1.2372905337204783
405,0.6239456901749425,1.242022312979864
406,0.6307344167989312,1.2317200151889616
407,0.6332030445797113,1.2343305267441103
408,0.6323801686527847,1.2313020761256797
409,0.6309401357377465,1.2297271743916456
410,0.6278543508094516,1.2299012822688937
411,0.6272371939562201,1.2241152187993658
412,0.6321744495790894,1.228121020302952
413,0.6301172596514164,1.2256111483886836
414,0.6319687306770595,1.2215224092228867
415,0.6317630117995532,1.2169010663714288
416,0.6350545154949981,1.2140511757207735
417,0.6266200368822761,1.2181413617062484
418,0.636700267508255,1.2136347393419633
419,0.6404032091549016,1.2108381792881489
420,0.6210656243448663,1.2167985806419044
421,0.6317630116033642,1.213162615058403
422,0.6383460194111557,1.2067209822825997
423,0.6387574573623572,1.202814825496858
424,0.6387574574114044,1.203810736417427
425,0.6311458547256091,1.2058563557605002
426,0.6387574573010482,1.2024489218647698
427,0.629911540712601,1.1989459393078887
428,0.6381403003129369,1.2018985847611654
429,0.63649454829968,1.1968750134095123
430,0.6329973257267286,1.198731509066246
431,0.6270314750787138,1.193031409448421
432,0.6303229786883262,1.196903725166768
433,0.6334087635062648,1.1970776084812795
434,0.6373174243860101,1.1920712640368383
435,0.6342316395251552,1.1839072935818105
436,0.6311458546397765,1.1884158421779116
437,0.6387574573623572,1.1848559219683672
438,0.6523349106103348,1.1811765322001524
439,0.632791606610117,1.1835757898612416
440,0.634025920445329,1.1816442632008128
441,0.6439004318627328,1.1757919551217244
442,0.6500720016334901,1.1749824958680417
443,0.6418432421189869,1.1751708470360043
444,0.6387574572765246,1.1758649752380868
445,0.636494548544916,1.1716890253419372
446,0.6373174243430938,1.1733615045266934
447,0.6430775559358061,1.1665850970461102
448,0.6401974902773953,1.1690722603877368
449,0.6350545156053544,1.1696042018622388
450,0.6389631762643871,1.1690947686514965
451,0.649454844559546,1.1643634432261187
452,0.650689158462198,1.1627961802546367
453,0.6480148119265297,1.1609439447666239
454,0.636905986410285,1.1602745590767138
455,0.6329973257512522,1.1637907182697014
456,0.6245628470649593,1.1578673661135273
457,0.6465747786804228,1.1537462841260337
458,0.6424603989476948,1.1539842419554682
459,0.6414318040329055,1.150627252030976
460,0.6395803333383312,1.150366474046454
461,0.6305286978723776,1.155324333515022
462,0.6418432420760706,1.15088930269299
463,0.6356716725689422,1.1513046887499196
464,0.6325858876406472,1.1500970935213348
465,0.6381403004478168,1.1486621471717755
466,0.6434889940218875,1.140800252320761
467,0.6449290270472818,1.1413827178115783
468,0.6375231432389928,1.1427114979275654
469,0.6490434066696535,1.1424284810221408
470,0.6422546802050684,1.1399961018655507
471,0.6451347458818718,1.1388351693366245
472,0.6504834397195716,1.1321617205970402
473,0.6461633409744574,1.135346194864472
474,0.6397860522403611,1.1373619083464575
475,0.6373174242511302,1.133314348130382
476,0.6362888292872938,1.1356754179869972
477,0.6445175888263206,1.1288156559918059
478,0.6412260851553991,1.1257759988908782
479,0.6364945485203924,1.1321978483688584
480,0.6406089283021676,1.1269924245334855
481,0.6502777205723055,1.1206008232417262
482,0.6373174244718428,1.1261095970997814
483,0.6500720018051553,1.1191950419929582
484,0.6342316394331916,1.1215528065077784
485,0.6426661180704373,1.118317497877691
486,0.6482205305833234,1.115770474943794
487,0.6404032092652578,1.1221582725616523
488,0.6519234724997297,1.116914605339033
489,0.6465747786804228,1.1138163256659916
490,0.6447233077896596,1.1101065129072327
491,0.6424603989231712,1.1120947679357993
492,0.642048960947446,1.1166338037743144
493,0.6424603990825747,1.1103604636156026
494,0.6527463485615362,1.1060907280118935
495,0.6494548446208551,1.1031027595537284
496,0.646574778790779,1.1059448575561515
497,0.6383460194111557,1.1053458681765762
498,0.644311869838458,1.1022942783263112
499,0.648014811840697,1.1014877967544112
