epoch,categorical_accuracy,loss
0,0.5443324419579568,5.526449346120552
1,0.5245834189882692,5.03312254648497
2,0.5301378317341298,4.819572123449247
3,0.5241719809267115,4.656493960033104
4,0.518000411425714,4.5465692331996435
5,0.5196461633531382,4.45200676595299
6,0.526640608805586,4.345697585409793
7,0.5262291708053373,4.292297761446653
8,0.5192347253528894,4.249162656489382
9,0.5221147910726093,4.198012532385453
10,0.5142974696257948,4.164304642538994
11,0.5299321127217436,4.090636171448062
12,0.5231433861038857,4.054981523128086
13,0.5305492695749751,4.00513035376556
14,0.5286977987700444,3.999973832273454
15,0.5315778646491678,3.9773990525750067
16,0.5385723103039355,3.933900075742576
17,0.5284920797821818,3.939568393295671
18,0.528286360818843,3.902953198357782
19,0.5484468214944959,3.8653775111953554
20,0.5311664265140391,3.8654637184684546
21,0.5319893027107256,3.8405753606828834
22,0.5418638139748568,3.8324945050977037
23,0.5354865253940332,3.8241488076217673
24,0.5424809710733245,3.7939507124036997
25,0.542275252079331,3.7828993177345276
26,0.547623945635009,3.755203589125686
27,0.5474182266900628,3.737339462917103
28,0.5568813000213853,3.720946901351232
29,0.5529726393623525,3.712130798574486
30,0.5437152850188927,3.710538292931716
31,0.5474182267145864,3.6998845280700445
32,0.547006788689814,3.6729767500091253
33,0.5616128369384135,3.665056186849456
34,0.5554412672167034,3.655096831573819
35,0.5655214975116135,3.64138009738981
36,0.567990125586677,3.620675755734062
37,0.5675786875251192,3.6055643260295045
38,0.5554412673025361,3.6069482653946867
39,0.5811561405401224,3.585407847706807
40,0.5554412672167034,3.5890755582262868
41,0.5702530342998928,3.562446952234004
42,0.5788932319250011,3.548926920783885
43,0.5560584241802912,3.5508287873588897
44,0.5747788520267387,3.5217517414006694
45,0.5731331001483617,3.5151141753684247
46,0.5749845709287686,3.501863040151088
47,0.5772474798810896,3.4903441799739046
48,0.5908249332394234,3.469308861977915
49,0.5889734621953876,3.463800568512942
50,0.584036206529602,3.4586890917995587
51,0.5916478090805175,3.442530938220892
52,0.592676404105663,3.4275143833666566
53,0.5976136595936524,3.413765610649958
54,0.5877391484214847,3.4065092047456114
55,0.6019337585840027,3.382336167096356
56,0.6015223204979213,3.369369133488432
57,0.6015223204488741,3.3603704665772
58,0.6146883357211264,3.344151240075917
59,0.6183912775026528,3.3331518919716596
60,0.5986422547782014,3.3238085822494057
61,0.6015223206082776,3.3090236440555376
62,0.6190084343313607,3.290086730275471
63,0.6190084345765968,3.2781215913745507
64,0.6204484674916348,3.267977554938892
65,0.6177741204041852,3.2558735304716513
66,0.6311458548359654,3.2394388428785947
67,0.634437358617243,3.2202721725052657
68,0.6329973254814925,3.208795505304735
69,0.6459576219620712,3.185222540488338
70,0.633820201678179,3.1842369447149776
71,0.6332030447391148,3.1724267777433317
72,0.6426661179355574,3.1583637044498936
73,0.6369059863857613,3.148397087682988
74,0.6418432422293432,3.1361653957315934
75,0.6432832749236687,3.116228195699344
76,0.6541863812313382,3.0981704761549858
77,0.652129191377236,3.0823814164118324
78,0.6700267435174694,3.0658459553034847
79,0.6535692244271539,3.0619477254082406
80,0.6591236371239673,3.0487945069013076
81,0.658712199209551,3.0409172906524433
82,0.6628265788319229,3.0242259540667726
83,0.6757868752266688,3.0066707969521134
84,0.6665295206379729,3.002483666372309
85,0.6856613864846691,2.977936430983866
86,0.6753754372018964,2.965942940822822
87,0.6759925940796515,2.9612743015815095
88,0.6759925939692952,2.94613896208863
89,0.6724953711756314,2.9354070026034362
90,0.6689981486272037,2.926155608270767
91,0.6799012548980877,2.9083830227309404
92,0.6836041967409232,2.8968550274583493
93,0.6848385105822661,2.883194728781475
94,0.6908043611567101,2.869254225542751
95,0.6955358980124292,2.85068339606024
96,0.6854556675213302,2.8460980351386653
97,0.7006788725128048,2.835294179184597
98,0.6924501132190142,2.8180336848229346
99,0.6986216826587026,2.812742802861835
100,0.6953301791349229,2.7974055492198655
101,0.7060275662830645,2.7776316996097465
102,0.7041760955026576,2.7715211454131334
103,0.714873482920559,2.755160723809621
104,0.7062332851850944,2.747884164251827
105,0.7006788725128048,2.7415725019973287
106,0.7101419460157925,2.723298647108943
107,0.7052046904419705,2.716053380320725
108,0.7235136804107873,2.701754074973644
109,0.7163135156761935,2.693383720474855
110,0.7191935817269822,2.676315374174277
111,0.7212507714094191,2.6631573600255027
112,0.7259823082406147,2.653222824266187
113,0.7263937459711036,2.638187553234685
114,0.7263937460814599,2.6322095539804793
115,0.7298909689854801,2.616638662294703
116,0.7391483235496524,2.6052396936049753
117,0.7319481587782732,2.594251128533965
118,0.7385311663408285,2.583393210762446
119,0.7436741410619166,2.568576390741784
120,0.739559761304665,2.5622499823889058
121,0.7403826372561154,2.5488600446422067
122,0.7440855792583543,2.542736133659016
123,0.7533429334669343,2.522612850059332
124,0.7492285537342063,2.5185207507905094
125,0.7463484879286538,2.508004910218522
126,0.7584859080776661,2.4884516045135423
127,0.7560172804930749,2.480034504376231
128,0.7626002880311066,2.4711345868992525
129,0.7638346018479258,2.4588316999524493
130,0.7529314954053764,2.4569398583857716
131,0.762600287945274,2.4379107469002714
132,0.7539600904795692,2.4376540301734346
133,0.7574573133835893,2.4279427124232185
134,0.7702118906065457,2.406589343503188
135,0.773503394412347,2.3988927584375235
136,0.770006171557374,2.392026501117825
137,0.7671261055678945,2.387484739945519
138,0.7759720221563416,2.3682960662496506
139,0.7716519234112275,2.3632561967736336
140,0.7829664679643819,2.3485574539343874
141,0.7784406500352162,2.3466820887542266
142,0.7932524173575108,2.319563643575769
143,0.7792635259621429,2.326628570423232
144,0.7850236575119389,2.312523463213304
145,0.7905780703191084,2.2957759070263997
146,0.7860522526474407,2.296736274916212
147,0.7895494753307483,2.2811459643044754
148,0.7868751284885348,2.275947684590352
149,0.7914009462215115,2.263428428785665
150,0.8010697388349799,2.2502871451371003
151,0.8008640196877138,2.242664091676823
152,0.7969553590041575,2.2373168325257433
153,0.8029212095663396,2.2214266536314775
154,0.8018926146515503,2.219795742144778
155,0.8107385312154739,2.199807334206178
156,0.7975725159677451,2.2048981511968075
157,0.8111499692770316,2.1883768747432124
158,0.8074470272747928,2.176954019121171
159,0.8027154907991896,2.176177404466859
160,0.8132071590698249,2.1613869489502253
161,0.8107385312154739,2.149848224253008
162,0.8134128781680436,2.143036731695643
163,0.814852910813322,2.1354814973100176
164,0.8206130426328777,2.1250284707391733
165,0.8150586298011846,2.1190436970817284
166,0.8216416376825468,2.108586190880338
167,0.8286360831595183,2.1001341544510135
168,0.8220530754375595,2.0948351639530047
169,0.8247274223656057,2.0824871064213366
170,0.8239045463037992,2.0765526494330473
171,0.8286360829388058,2.0706982572391137
172,0.8290475212455998,2.0596199692877395
173,0.8356305286119662,2.0437844354069985
174,0.822053075658272,2.047956922961174
175,0.8432421313835942,2.03199744690497
176,0.8323390249165211,2.0285440316736834
177,0.8432421313835942,2.01255182630362
178,0.836453404784129,2.008671051017347
179,0.8329561819904652,2.0111279015775523
180,0.8407735034679341,1.9898550771828223
181,0.837687718490592,1.989966845517295
182,0.840156346590179,1.9782040186856318
183,0.8452993212867436,1.9714390476454777
184,0.8393334705283725,1.9697236664082822
185,0.8481793868715836,1.9517293061476337
186,0.8455050399435373,1.9502767632709466
187,0.8590824934735364,1.9329588649891405
188,0.8461221971033139,1.9312030873017114
189,0.8541452376299546,1.9234746267363456
190,0.8496194200073341,1.922789737658843
191,0.8498251388848405,1.9184167680365636
192,0.8537337996787531,1.9065329821064159
193,0.8605225262782182,1.892572414431153
194,0.8623739971689814,1.8823349330190327
195,0.864431186937251,1.8803358953986435
196,0.8623739969482689,1.8723106307763666
197,0.862373997254814,1.8626370695828656
198,0.8609339641190634,1.8596098500989244
199,0.872248508476029,1.8451984631527207
200,0.8701913186587122,1.831649216573637
201,0.8677226908288849,1.8317594742779868
202,0.8683398478169962,1.8309032275484953
203,0.8773914831235462,1.8142312205002107
204,0.8695741615847682,1.8138256312838996
205,0.871631351463394,1.808680896159676
206,0.8673112529880396,1.8033537580211132
207,0.8761571694416069,1.7937718523159314
208,0.8757457314904054,1.782624484212083
209,0.8761571693312507,1.7844336403909717
210,0.8722485086722179,1.7732631901707872
211,0.8796543920145582,1.7565589311607972
212,0.8806829869538711,1.754377403884139
213,0.8794486730266956,1.7498949184458925
214,0.8829458959307157,1.7462515161744216
215,0.8813001440278151,1.7352548532342744
216,0.8868545567001048,1.7318591982022011
217,0.8891174655665931,1.723679320063274
218,0.8919975313966693,1.7112022759222343
219,0.8866488378225984,1.7082502926801169
220,0.8915860934209441,1.7042870305492368
221,0.8901460605059061,1.6986567530458392
222,0.8922032505194117,1.6889904092991948
223,0.8852088046623242,1.6929308108110237
224,0.891791812519163,1.6808008623574404
225,0.8950833163249642,1.6765201223703403
226,0.8928204072377633,1.6651516737356227
227,0.9076321745845816,1.649368449803415
228,0.8948775973616253,1.6561469480202193
229,0.9029006378637423,1.639766965400925
230,0.9053692654973807,1.6343932309236038
231,0.9033120758394674,1.630607160735194
232,0.8938490021770762,1.6350653626207117
233,0.9057807035589385,1.6167968250159692
234,0.899609134057941,1.6226819744573113
235,0.8965233492400023,1.6136863286837069
236,0.9096893642179712,1.5979401555431156
237,0.9088664882910445,1.5939392158706058
238,0.9045463897911665,1.5971777810895427
239,0.9074264553514828,1.5905579144855115
240,0.9133923061343776,1.5801761935851477
241,0.9103065212919152,1.576323049251397
242,0.9121579923175583,1.5733901927608984
243,0.9101008023040527,1.5616619826295057
244,0.9024891998880171,1.5635286453843877
245,0.9150380581721581,1.5440901387892885
246,0.9175066859161528,1.5402792627442106
247,0.9131865872568712,1.5425400252303967
248,0.9168895290383977,1.5269498410869395
249,0.9101008023285763,1.533486617786162
250,0.9228553797109361,1.5154894139879012
251,0.9189467189170235,1.5136047021716348
252,0.9191524379294097,1.504074861276937
253,0.9148323390494156,1.5083006144158513
254,0.9179181238673543,1.5054831561716562
255,0.920386751611349,1.4893575971741118
256,0.9226496605881936,1.4900948289636966
257,0.9183295618185559,1.4851279536825814
258,0.9230610984535625,1.4805660032975871
259,0.9179181238673543,1.478549019124522
260,0.9251182883076647,1.4681708716581054
261,0.9312898581887783,1.4580538837881742
262,0.924501131344077,1.4582747538819085
263,0.9228553796864125,1.4580399340696477
264,0.9271754781862905,1.4458798295895863
265,0.9306727011148342,1.4393694286016838
266,0.9286155112362084,1.438658747597502
267,0.9232668174169015,1.4358652196188468
268,0.9259411645043512,1.4262015139509734
269,0.9347870808720858,1.4142746619789768
270,0.9329356099813226,1.412415036912858
271,0.9378728658003808,1.4082088467025677
272,0.9273811974193893,1.410544546953667
273,0.9325241718707176,1.4036660316524572
274,0.9331413289446616,1.3966355989362398
275,0.9275869161620157,1.3966359221084303
276,0.9403414935198519,1.3823107166364834
277,0.934787080737206,1.3841468787345346
278,0.9277926353951144,1.3837966198441523
279,0.9341699238839745,1.369827991918977
280,0.9378728656655009,1.3674463110925532
281,0.9419872455576324,1.3584382141894507
282,0.9370499897140506,1.3588681631288368
283,0.9411643696061821,1.349616021904968
284,0.9378728656655009,1.3501636699206838
285,0.940752931495577,1.3456050580824581
286,0.9339642049206355,1.346246707760682
287,0.9356099566886563,1.3407381866920438
288,0.9417815264594136,1.3277709173631385
289,0.9391071797275563,1.329904444790063
290,0.9376671465672821,1.325246012326107
291,0.9436329972152969,1.321607248622727
292,0.9430158402517091,1.3153473919886323
293,0.9438387162031595,1.3111354560671558
294,0.9411643693609459,1.3086425053977693
295,0.9469245012663343,1.300880343868418
296,0.9452787492285538,1.291873090479556
297,0.9461016252045277,1.2913954490939425
298,0.9428101212883702,1.2833121062502206
299,0.9440444353259019,1.2870410847531453
300,0.9444558731667472,1.2811589027181916
301,0.938695741506595,1.284714919602128
302,0.9479530959604111,1.2690828824528841
303,0.9489816910100802,1.2711236079125168
304,0.9475416580092095,1.2632313368374908
305,0.9444558731912708,1.2616102700615046
306,0.9520674759628988,1.2513046866948407
307,0.9471302202541969,1.2505067271279886
308,0.9456901873391589,1.2537261366329182
309,0.9473359389968233,1.2447865687631035
310,0.9514503189993111,1.2356643778285576
311,0.9510388810235859,1.2357407611133973
312,0.9487759719118614,1.2364309147978192
313,0.9512445999010922,1.2297736866634537
314,0.9518617569750363,1.2260631679188836
315,0.952890351669113,1.2185994436701146
316,0.9557704177444253,1.209999531317434
317,0.9514503188889548,1.215724480762768
318,0.9541246656208121,1.2041339624126712
319,0.9557704177444253,1.2015568163629864
320,0.9498045668511743,1.2032099914903922
321,0.9522731947055253,1.1956727773018565
322,0.9537132276205633,1.1896958702068177
323,0.950421723814762,1.191560671447702
324,0.9518617569750363,1.187049199685813
325,0.9545361035720136,1.1796417604427576
326,0.950010286084273,1.1824994953638535
327,0.9559761367322879,1.1745422441658722
328,0.9537132276205633,1.1706860385738609
329,0.9567990125488582,1.1656102662075696
330,0.9559761367322879,1.1589263649640125
331,0.9565932934506394,1.1603738744669405
332,0.9539189467187822,1.157965827419836
333,0.9557704177444253,1.1553775012505396
334,0.9605019543549083,1.1481824549253379
335,0.961324830281835,1.1412621651920019
336,0.959884797366797,1.1393857087355244
337,0.953507508743057,1.1434826126218307
338,0.9543303845841511,1.1363293641488068
339,0.9572104505245834,1.133444997931282
340,0.9625591443438903,1.1271408226626862
341,0.9598847972564407,1.123454037626887
342,0.9609133923061098,1.1175184503206865
343,0.9602962352321659,1.1134295608251337
344,0.9637934580258297,1.107852737787353
345,0.9600905163791832,1.1130279269735404
346,0.959679078403458,1.10656951126604
347,0.9584447643414026,1.1042214180554561
348,0.9580333263656775,1.1056942564056529
349,0.9586504833292652,1.098216734607385
350,0.9654392100390866,1.090064509639375
351,0.9584447644762825,1.0952746166512937
352,0.9623534251107917,1.0872212512040427
353,0.9635877390379671,1.0848884538131789
354,0.9633820201604608,1.081132196811118
355,0.9609133921957536,1.076910815619559
356,0.9635877391483234,1.0705919786138167
357,0.9635877392832033,1.0671436095821394
358,0.9623534251107917,1.0675905151539833
359,0.9621477063681652,1.0643799816034283
360,0.9637934580258297,1.0636134242305195
361,0.9652334911861039,1.054091326618018
362,0.9642048961119112,1.0537476414173528
363,0.961324830281835,1.0533687731067576
364,0.9648220530754988,1.0507339079349136
365,0.9658506481496917,1.0422003492360448
366,0.9650277720633614,1.0420862213129665
367,0.9650277720633614,1.0438591655549923
368,0.9705821846252949,1.0309432583001386
369,0.9660563668923181,1.0319706179236856
370,0.967084961831631,1.0315190496279902
371,0.9664678049783995,1.0250045167053465
372,0.9629705820743794,1.0274704239834878
373,0.965027772087885,1.0219230038519873
374,0.9633820200501045,1.0233999245011298
375,0.9656449290269492,1.0163146269417083
376,0.9648220532103787,1.0143714483028037
377,0.9664678048680433,1.0055786056102634
378,0.9617362682820838,1.0182963778172665
379,0.9656449289165929,1.0069015889814228
380,0.9668792430890045,0.9991575436836357
381,0.9672906808194935,0.9988381162981662
382,0.9664678050029232,0.9977559159749134
383,0.9677021187952187,0.9931587345240612
384,0.97099362260102,0.9865085774796216
385,0.9679078377830813,0.9887284300156126
386,0.9679078378934376,0.9853166049950605
387,0.9693478708084756,0.9792773426621325
388,0.969347870722643,0.9787370443491258
389,0.9695535897963382,0.9724490698706685
390,0.9633820201604608,0.9808163698061433
391,0.9683192757588065,0.9719139817712042
392,0.967702118905575,0.9715192943314813
393,0.9703764657477886,0.9637309492823765
394,0.9726393746142769,0.9576776544024145
395,0.9724336555160581,0.9578022883399919
396,0.9677021187952187,0.9579379072750431
397,0.9685249949919051,0.9581153966031234
398,0.9681135568813002,0.9553225448631353
399,0.9679078380283175,0.9538063121366785
400,0.9705821846252949,0.9442484482549586
401,0.9709936228462561,0.9425996155362147
402,0.9681135569058238,0.944784576278291
403,0.9699650277720634,0.9409488915318056
404,0.9699650277720634,0.937250552844962
405,0.9701707466495697,0.9363210158714956
406,0.971610779674964,0.9271234964863357
407,0.9714050606871014,0.9277442758207433
408,0.971610779674964,0.9262628328086564
409,0.9714050605767451,0.9265133700260922
410,0.970582184735651,0.9247805008400715
411,0.97099362260102,0.919787265653106
412,0.9697593089190807,0.9163807415834696
413,0.9751080024686278,0.9082834166500505
414,0.97099362260102,0.9096484717040659
415,0.9738736884310961,0.9061798132562118
416,0.97099362260102,0.9088038719747568
417,0.9670849619419872,0.9106527466853443
418,0.9726393747491567,0.9051913291528573
419,0.9703764657477886,0.9063148943393521
420,0.973050812590002,0.8959857126342688
421,0.9751080023582716,0.8928122409845276
422,0.9726393747491567,0.8955464819114755
423,0.9749022834807652,0.8863232405900318
424,0.9699650277720634,0.8868245362156435
425,0.9773709113351162,0.8791933018737946
426,0.9716107795646077,0.887961998247752
427,0.9767537543715284,0.8788532586751027
428,0.9734622505657272,0.8749835452433109
429,0.9726393745039207,0.8771538881209867
430,0.9775766302126225,0.869958086137393
431,0.9718164986628266,0.8713779764100863
432,0.9746965643825465,0.8691769676477274
433,0.974902283370409,0.864145313153368
434,0.9707879038583935,0.8674797987133552
435,0.971610779674964,0.8640430799802864
436,0.9740794074189587,0.8625789858190839
437,0.9742851264068213,0.8595560885240845
438,0.9767537545064083,0.8534018485248396
439,0.9693478706981193,0.858124964743871
440,0.9746965644070701,0.8509556808189168
441,0.9738736884310961,0.85034648625602
442,0.9726393746142769,0.8483367130065302
443,0.9763423163958034,0.84190063994256
444,0.9755194403339967,0.8437976813370297
445,0.9757251593218593,0.8367004849566915
446,0.9732565314675083,0.8394333058560098
447,0.9732565315778646,0.8358532208715587
448,0.9792223821155231,0.828133704583357
449,0.9757251594322156,0.8331676857065845
450,0.9751080024686278,0.8300018496190636
451,0.9751080024686278,0.8268840428218751
452,0.9701707466495697,0.8376269500409103
453,0.9740794074189587,0.8260186355659879
454,0.9761365974079408,0.8217475943127868
455,0.9722279366385518,0.8225213428309758
456,0.9759308784200782,0.8175779562922472
457,0.9746965643825465,0.8181275962140182
458,0.971610779674964,0.8174752213537534
459,0.9753137213461341,0.8103245037177345
460,0.9742851264068213,0.8115138368850823
461,0.9736679696884697,0.8132723548534451
462,0.9790166631276606,0.8021779942600797
463,0.976753754396052,0.7998409374729887
464,0.9730508124796458,0.8052912706996256
465,0.9769594732490348,0.8019147228738502
466,0.9738736884310961,0.8017988271169814
467,0.9771651922368974,0.7934534005901985
468,0.9722279365281955,0.7958861176699332
469,0.9769594732490348,0.7902772605137137
470,0.9767537543715284,0.7901278721945346
471,0.9744908455050401,0.7895093478800411
472,0.9781937871762103,0.78414245376222
473,0.9771651923472536,0.7834102481241899
474,0.9829253238970497,0.7740258654432761
475,0.976959473359391,0.7804572818775134
476,0.9746965644929027,0.7803275354162112
477,0.9767537545064083,0.7788208217268691
478,0.9765480352733097,0.7760277221021866
479,0.9790166631276606,0.7697686088524147
480,0.9790166632380168,0.7688158327256474
481,0.9763423163958034,0.7698760883132756
482,0.9790166632380168,0.7658849211049115
483,0.9767537545064083,0.7689301509764969
484,0.9790166632380168,0.7641230782003859
485,0.9781937874214465,0.7629919947235949
486,0.9792223822258794,0.7588233908761359
487,0.981279571994149,0.7527339821660305
488,0.9767537543715284,0.7571299430078696
489,0.977988068298704,0.7529951896571347
490,0.9759308784200782,0.7543086403805738
491,0.9788109441397981,0.7481810563485138
492,0.9740794076641949,0.7524992612207213
493,0.9783995062744292,0.7472115673662777
494,0.9765480352733097,0.7480840397405909
495,0.98086813412878,0.7438475356085313
496,0.9781937871762103,0.7438800210840931
497,0.9792223821155231,0.7385353690875065
498,0.981279571994149,0.7341802671376974
499,0.9769594732490348,0.7409741458787861
