epoch,categorical_accuracy,loss
0,0.4838510594650493,4.963427592589271
1,0.4900226290518795,4.7626994769040065
2,0.49372557074757323,4.491653031857507
3,0.505862991123429,4.355933065989262
4,0.4996914214446353,4.274734039165384
5,0.5173832545540897,4.049683922334258
6,0.4982513886154299,4.042361097996972
7,0.5101830897765797,3.906588715943896
8,0.503600082299857,3.8287316059237324
9,0.5048343960431053,3.7512345727003544
10,0.5138860315090589,3.6562972898665733
11,0.5046286773250025,3.603891370914964
12,0.4955770415892892,3.643393308727419
13,0.5136803126805998,3.493251750508936
14,0.5007200163349009,3.4550234793733847
15,0.5007200163349009,3.348074310234461
16,0.5077144620080614,3.333123384545159
17,0.5112116847158925,3.299739363997396
18,0.516354659547337,3.2137364906628076
19,0.5194404444265847,3.1904413004123584
20,0.5140917507666811,3.1632028187137893
21,0.5054515532764529,3.159316480564399
22,0.5122402797900854,3.1021266736456505
23,0.5169718165722337,3.0842112810664206
24,0.5081258998734303,3.0599194944358565
25,0.5190290062301469,3.021778515792388
26,0.5134745937847007,3.0310378704412413
27,0.5140917506808486,2.9901106778399686
28,0.5110059658383862,2.9696367849810237
29,0.5194404443652756,2.9161953394414466
30,0.5025714873176277,2.969602734923387
31,0.505862991123429,2.9059022640745424
32,0.5165603784861522,2.9017457681485985
33,0.5229376671098922,2.871618842519475
34,0.5134745935823809,2.8474246041074847
35,0.5161489404245945,2.829283933633641
36,0.525612014001153,2.8051356331013624
37,0.5142974696687111,2.808729241252853
38,0.513680312790956,2.801738743084592
39,0.5173832544192098,2.7790961449981544
40,0.5157375024488693,2.7871552825685244
41,0.5188232874875205,2.7779480498211298
42,0.524789138025179,2.7357584008756572
43,0.5303435507219924,2.736789450432582
44,0.5147089076199126,2.719640933886106
45,0.5280806419413366,2.7060317190260927
46,0.5173832545724825,2.7082150640666205
47,0.5190290063221105,2.6870865953775422
48,0.5276692037448989,2.684480346394429
49,0.5249948571050052,2.687732857457161
50,0.530343550679076,2.661335052371736
51,0.5165603785351994,2.660497529152072
52,0.528286360818843,2.6457339043333756
53,0.5342522113319779,2.6228729762356116
54,0.5381608721258905,2.616511182857624
55,0.5112116848078561,2.6471968140530504
56,0.5208804772373973,2.6240949434057916
57,0.5264348897931999,2.613779501276383
58,0.5336350545952335,2.602977329309868
59,0.5367208393212086,2.5892564730986574
60,0.5328121786621759,2.581464260454851
61,0.5270520468916674,2.5860376732753054
62,0.5272577659040536,2.5821812117548544
63,0.5317835837044703,2.570018672030837
64,0.5307549886302775,2.565120849999791
65,0.5330178974967659,2.549934212353661
66,0.5231433860793621,2.55093173606973
67,0.5340464925893514,2.5495648911351947
68,0.5180004112908341,2.5502445867487835
69,0.5363094012351273,2.5251379360806374
70,0.54371528486562,2.5211341175565107
71,0.5245834189944002,2.5158154360675633
72,0.528286360818843,2.5083546349600594
73,0.5414523761340115,2.506442794827271
74,0.5324007404657383,2.5088858964437812
75,0.5371322773214574,2.505026955782104
76,0.5412466570112691,2.4949398197722616
77,0.5346636493996666,2.4867212986705773
78,0.5472125077267238,2.471023964798517
79,0.5424809708710047,2.468434949834463
80,0.5410409380908464,2.4656481508413135
81,0.5340464924789952,2.471528951436545
82,0.5377494341011181,2.4592854687765877
83,0.5414523759071681,2.45780433271432
84,0.5393951862737785,2.4397294872019475
85,0.5476239455430455,2.4444012169581923
86,0.5435095659206738,2.4379437628461362
87,0.5346636494241902,2.435517448183196
88,0.5488582595805772,2.427498823525704
89,0.5389837482980533,2.4220943225800955
90,0.5463896318611062,2.415710640257706
91,0.5381608722362468,2.4040446061211047
92,0.527052046916191,2.4171640999987645
93,0.5472125076592839,2.3942294905544235
94,0.5488582595867082,2.3917658072983476
95,0.5373379961744401,2.396021456170097
96,0.5422752518340949,2.3858415621883267
97,0.5449495988357118,2.381167278199548
98,0.5408352191704239,2.381575762109731
99,0.5424809709568373,2.3762282991183685
100,0.5544126723877468,2.3576022556990024
101,0.5529726393378288,2.3618861416979744
102,0.5550298293513345,2.350728587293988
103,0.5540012341667855,2.3437325686639388
104,0.5560584240699349,2.3402731042417373
105,0.5457724747442458,2.3449712513258762
106,0.5476239455675691,2.337486201170368
107,0.559349928078056,2.32896586554307
108,0.546183912719971,2.3298781256547216
109,0.5494754164583323,2.3233963729569607
110,0.5716930672333236,2.3078051998497062
111,0.5494754165932122,2.3198804373212423
112,0.5690187202807538,2.2947795761879815
113,0.5568813000888252,2.2978995470224746
114,0.5585270521449984,2.2958163788377
115,0.55646986218054,2.2908068308489873
116,0.5653157787199399,2.2789737342978866
117,0.5496811355565512,2.2855061892250688
118,0.5548241101427595,2.2811565823918922
119,0.5653157784992274,2.2657897012318586
120,0.5684015634275223,2.2586391675965185
121,0.5603785230357616,2.25940714949714
122,0.5694301583484426,2.2529639798999934
123,0.5620242749386622,2.248804543102212
124,0.5696358772443415,2.244043939914558
125,0.5667558115491453,2.2428144836739685
126,0.5622299938406922,2.2461540166352223
127,0.5449495987927956,2.233763724289615
128,0.5725159432092976,2.221318447695326
129,0.5702530344531654,2.2206314497341273
130,0.5655214974870899,2.216335206874431
131,0.5692244392440928,2.210467863661643
132,0.5840362066399583,2.2005749876375087
133,0.5675786876109519,2.199438345576971
134,0.5671672495003468,2.2009942349130003
135,0.5704587534165044,2.1900124863767987
136,0.5731331001728853,2.1914226769959577
137,0.5809504216932706,2.183846409441978
138,0.5718987862457098,2.1751428550958782
139,0.5776589177709821,2.1684049099371085
140,0.5721045053439286,2.16797801796435
141,0.5692244394034963,2.161225379923444
142,0.5721045052151796,2.162960972567199
143,0.5628471506694,2.1604360562983524
144,0.582390454583785,2.145990286558112
145,0.5862991155677557,2.1475256503646056
146,0.5784817939492759,2.1408214481297256
147,0.5741616950018419,2.1348701292927483
148,0.5830076114799329,2.1246364874448385
149,0.5842419254745482,2.1207598856608336
150,0.5862991152366869,2.1193357464512346
151,0.584653363603546,2.1109122631604276
152,0.5865048344943092,2.1124515750726487
153,0.5834190494066108,2.1098114150317455
154,0.5902077760305995,2.0989064207981456
155,0.581156140564646,2.100369276173491
156,0.5844476445972907,2.090406614231784
157,0.5805389836010583,2.089834410966215
158,0.5908249332394234,2.0805985331657957
159,0.583830487498823,2.0765924263922577
160,0.5996708494968018,2.066240932097334
161,0.6004937256689646,2.0646344677603947
162,0.5867105532369357,2.0630701309711053
163,0.5994651307051282,2.0560589394336914
164,0.6000822874234797,2.044180344833903
165,0.5976136595691288,2.051887301769896
166,0.584859082566885,2.0489833055271385
167,0.5918535281542127,2.041052499344211
168,0.5891791810912866,2.037993506673088
169,0.5967907838874382,2.0257231844621684
170,0.5945278747757137,2.0269226165642786
171,0.6103682369330958,2.013347118485982
172,0.5869162723412854,2.0262113937844073
173,0.6126311458670242,2.011520568099784
174,0.6076938901583223,2.0058119094462534
175,0.6132483029777537,2.0042460613892272
176,0.6035795103765471,1.997504776212272
177,0.5957621889236017,1.9942887199437562
178,0.6050195433774178,1.9916612186737939
179,0.5895906193122479,1.9938012031683876
180,0.6013166013997024,1.9832296226034927
181,0.6190084344233242,1.9749557218588911
182,0.6126311458425006,1.967969280877395
183,0.614071178733015,1.9697120508964208
184,0.6132483026712084,1.9624255112085145
185,0.6136597407572899,1.952989403320129
186,0.6052252622365314,1.9564924474558059
187,0.6105739558289949,1.9489246715466393
188,0.6231228143338484,1.939088822735408
189,0.6118082697561704,1.9400304985056196
190,0.6081053280850002,1.9436945005150839
191,0.600082287533836,1.9363350027555597
192,0.5961736268134942,1.935703707609469
193,0.6243571281016204,1.928566935449391
194,0.6183912775946164,1.9237750562908373
195,0.6218885002472695,1.9142150482359406
196,0.6340259205556853,1.906460858107447
197,0.6150997735619717,1.9138071020305267
198,0.606048138292207,1.9069355204870024
199,0.6155112115622204,1.8983759955843886
200,0.6177741203796616,1.8948926699306219
201,0.6190084344417169,1.8912212717952466
202,0.6239456901749425,1.8851350434300733
203,0.6126311456830971,1.88957034310449
204,0.6233285331009984,1.8746876253117457
205,0.6175684014163226,1.8796506388838266
206,0.6225056571495482,1.8676873779277257
207,0.6237399712974362,1.8672111721054514
208,0.6264143180292935,1.864972445288452
209,0.6214770623205915,1.864761015192223
210,0.6194198724664893,1.8568195251985922
211,0.627648631821589,1.8475476714765748
212,0.6327916064936299,1.8484495129268421
213,0.6229170952111059,1.8371313236005462
214,0.6362888294466973,1.8323875505770708
215,0.6206541862097377,1.837776460046264
216,0.6321744497814092,1.8303696271495744
217,0.6332030446042349,1.8265815035008375
218,0.6266200369926324,1.8197882476350304
219,0.6317630115788406,1.8151171734685687
220,0.6278543510546878,1.8147322765423717
221,0.639374614325945,1.8084959623573789
222,0.6268257560908512,1.8116862126226607
223,0.6229170953275931,1.8122065262989702
224,0.6387574571661684,1.7947162767173674
225,0.6276486319074217,1.7973194641724606
226,0.6218885001859604,1.800518286005015
227,0.631351573823828,1.791689164548763
228,0.6389631762459944,1.7798180524961027
229,0.6352602344828607,1.7840270046294164
230,0.6356716725689422,1.777430288292846
231,0.6346430774947494,1.7749400353191371
232,0.6471919358034139,1.7632195713882508
233,0.640403209069069,1.7647293624601303
234,0.6305286976271415,1.7668492468853738
235,0.6447233079490631,1.7471784068291827
236,0.6430775560216387,1.7562205297813032
237,0.6381403002025806,1.7530988956571876
238,0.6434889941322438,1.7442004065090824
239,0.6395803331421422,1.7453919139278202
240,0.6473976547667529,1.734166898126098
241,0.6414318039838582,1.737945161001154
242,0.6414318039838582,1.7337082923133047
243,0.6377288623617353,1.7310242907202948
244,0.6476033738036627,1.7215012945870858
245,0.6399917713140564,1.726905353739781
246,0.643283274899145,1.7195118354490524
247,0.6455461837656334,1.7190682728137041
248,0.6424603990825747,1.7075575843953077
249,0.6496605637681212,1.7061850854433802
250,0.646574778790779,1.7048572584621897
251,0.6578893232581008,1.6949536186313217
252,0.6548035384646856,1.6954548442787998
253,0.6486319686939285,1.6966062227754135
254,0.6443118699733379,1.694956634251136
255,0.6449290268878783,1.688680696379523
256,0.6484262498164222,1.6882568477137396
257,0.6441061508505954,1.6796191024623321
258,0.6478090927179545,1.6825429784788122
259,0.659946512916014,1.6743914414227095
260,0.6554206954282734,1.6663755645381155
261,0.6570664473066504,1.6664224403970307
262,0.6412260851308755,1.668322864345895
263,0.6585064801358559,1.6583220668840595
264,0.6535692244026303,1.6578758405918106
265,0.6515120345056118,1.6542901471671045
266,0.652129191377236,1.646656354178472
267,0.65295206735321,1.6458201690653032
268,0.6634437357096779,1.6391424525546772
269,0.6585064799764524,1.6353687603173004
270,0.6521291916224722,1.6394890687319017
271,0.6539806625745445,1.6361313741458736
272,0.6593293560382589,1.6268353794268977
273,0.662209422003215,1.626523186286961
274,0.6642666116366046,1.6254699084278585
275,0.6593293560627825,1.6271862388760727
276,0.670232462309143,1.6128142747926113
277,0.658712198964315,1.6169951008416281
278,0.658506480000976,1.6143628026055494
279,0.6696153055049587,1.605506943861807
280,0.6722896522981251,1.5986773558689031
281,0.6609751080760394,1.6020370169299984
282,0.6644723308451798,1.6019252763562575
283,0.6704381814073619,1.5921625660613985
284,0.6718782142120436,1.5908691218006736
285,0.6770211889944409,1.5778584531539999
286,0.6669409584788182,1.5905416217563428
287,0.6634437359058668,1.5836823967302123
288,0.6702324624011066,1.5793502165245632
289,0.6706439005055808,1.5744001695683552
290,0.6799012547632078,1.5771034780389315
291,0.667763834454792,1.5730397462893897
292,0.6648837686001924,1.5709612243485975
293,0.6772269079823033,1.5595662925155582
294,0.6733182471025582,1.5616737935945737
295,0.6640608926977892,1.5646613855907343
296,0.6739354042010257,1.5546066826004423
297,0.6718782144327562,1.5518433922383306
298,0.6708496193830871,1.5477139654289032
299,0.6774326268843334,1.5466701435321792
300,0.6716724955307263,1.541569695088187
301,0.6714667763466747,1.5384124197652864
302,0.6731125283844552,1.5361254902882626
303,0.657477885061663,1.539931512962911
304,0.6741411233237682,1.5369358395774824
305,0.6644723307348235,1.536686736059591
306,0.6768154701659818,1.5304944582668212
307,0.6759925939938188,1.5231228076339969
308,0.6790783790079464,1.518926572564256
309,0.6801069738982122,1.5218691699570086
310,0.6807241309108472,1.515499158961075
311,0.683398477667228,1.5119967935654735
312,0.6803126928002421,1.5105247648624058
313,0.67537543722642,1.5063484528505662
314,0.6799012547141606,1.5003426666246031
315,0.6829870397528118,1.5023561137812884
316,0.6735239663356568,1.5037972648505247
317,0.6887471714374878,1.4936631481923628
318,0.6901872042176459,1.4893959799903678
319,0.6786669408115088,1.48942104187357
320,0.680518411898461,1.4873080088802386
321,0.6877185764123421,1.4797504611820675
322,0.6912157993776713,1.4761610058349142
323,0.6871014193997073,1.4800103682104242
324,0.6743468422871072,1.4824111348585542
325,0.6885414525354578,1.4695937915045498
326,0.6881300144739,1.4735639476893836
327,0.6912157991569589,1.4658907666615413
328,0.68833573324105,1.4701877157768088
329,0.6875128575961449,1.464431040523916
330,0.6955358980124292,1.4585259335689942
331,0.6955358977917168,1.4531350302563801
332,0.69101008005874,1.4536649432601176
333,0.686689981558862,1.4508428218996934
334,0.6953301789142105,1.448995135615721
335,0.6910100801690963,1.446527806801748
336,0.6955358978775493,1.4402766705442176
337,0.6965644928413859,1.4439929041983144
338,0.6891586091925004,1.4444675865646155
339,0.6951244599508715,1.4339236691027015
340,0.692450112973778,1.4379003611495773
341,0.6875128573999559,1.4348257257967323
342,0.6961530550005406,1.4273162471048872
343,0.698415963867029,1.426222995386475
344,0.6899814852788305,1.4245625515088112
345,0.6936844269009536,1.4207339483728822
346,0.698621682830368,1.422853629154032
347,0.6971816499643771,1.4184310019347335
348,0.6990331206957369,1.4097180577664432
349,0.704176095281945,1.4096283398643734
350,0.69738736868248,1.4055634239675872
351,0.6920386751574563,1.4148727401100885
352,0.7006788725128048,1.4044497855723432
353,0.6988274018427542,1.4057291749327596
354,0.6947130220855026,1.4054366584374467
355,0.7023246243911818,1.3934583097444937
356,0.6924501129983016,1.399177216129817
357,0.6961530548656607,1.3973268086810682
358,0.701501748660444,1.390181847669244
359,0.702530343403568,1.391421302751464
360,0.6992388397081231,1.3907867011354922
361,0.6940958651464384,1.390212152259778
362,0.7027360625263105,1.3805419086944024
363,0.7084961942477718,1.3806438510051555
364,0.708084756051334,1.3790639047636415
365,0.7000617157699296,1.376882528675066
366,0.6955358981227855,1.3749200153242926
367,0.7033532194898983,1.3717272163933378
368,0.7017074674275942,1.3715274355289402
369,0.7023246245873708,1.3682290020608971
370,0.71363916883398,1.3589168963572587
371,0.7015017486849677,1.3616064339600285
372,0.7072618804309525,1.3524206067965958
373,0.706644723136296,1.3544325423667372
374,0.7062332851850944,1.3550653327175972
375,0.7150792018593743,1.3488019958147661
376,0.7128162927721734,1.3449244054102942
377,0.7039703764044387,1.3499437175251237
378,0.6930672700231985,1.3558381787299914
379,0.7142563259324476,1.343322846630036
380,0.7058218475159145,1.345612124929799
381,0.7204278954334451,1.3364307137336096
382,0.7154906398596231,1.330433887528971
383,0.7144620446995976,1.3266000135326013
384,0.7058218473197256,1.3337879239764878
385,0.7074675993329825,1.3300700036372404
386,0.7070561612714247,1.3355163701447261
387,0.7206336143109514,1.3227157764683974
388,0.7117876978328606,1.3203453461443586
389,0.7099362270524535,1.3252448159415788
390,0.7074675990877464,1.3208717209055354
391,0.7177535485912316,1.3125235759238356
392,0.7175478297382489,1.3129991052376835
393,0.710553383905685,1.310584011501649
394,0.7235136803372165,1.3120923169820158
395,0.7163135157007171,1.3077867861957468
396,0.7136391687236238,1.307720438636053
397,0.7134334499809973,1.3069942991224932
398,0.7259823080812111,1.2945340949060298
399,0.7218679285078867,1.2964621565759342
400,0.7249537130805892,1.2933583427814515
401,0.7191935815062697,1.297345942171776
402,0.7183707056896992,1.295116607138856
403,0.7148734826507992,1.2964295487275366
404,0.7163135158969061,1.2886343885169453
405,0.7276280598982792,1.286321750321866
406,0.7298909690713127,1.287334333891438
407,0.7220736473363457,1.2845558964208035
408,0.7200164573473637,1.2897199241743733
409,0.7282452170825794,1.276067646779388
410,0.7265994651183697,1.276862960542531
411,0.7226908043244571,1.2730398056218222
412,0.7142563258220913,1.2815537728833652
413,0.7169306726397813,1.2753960473918542
414,0.7228965231774398,1.2709163188738137
415,0.7187821434692354,1.2701275250814108
416,0.7255708702648895,1.2661786771708372
417,0.7280394982050731,1.265504639621037
418,0.7144620450061429,1.270719379707757
419,0.7202221763352263,1.267881817004485
420,0.715079201883898,1.262476101575921
421,0.7290680928133172,1.256792328431758
422,0.7177535485912316,1.2614555607310933
423,0.728656654837592,1.2551047379429559
424,0.7364739764867263,1.245463223448508
425,0.7317424398762433,1.2469623273009014
426,0.7323595968888782,1.2416468171076724
427,0.7298909690100037,1.247739989677591
428,0.7327710345948436,1.2384111291708413
429,0.7272166220819575,1.2403511953707023
430,0.723102242386015,1.2398992485039717
431,0.7290680929481971,1.2394424701909228
432,0.7272166221432665,1.240920680929324
433,0.7327710347297235,1.2316528401289475
434,0.7298909687647676,1.23955127778943
435,0.7257765891423958,1.2366305380244236
436,0.7305081257528789,1.2301414159314914
437,0.7303024067404927,1.226562593042593
438,0.7296852500221411,1.227639686445767
439,0.7270109031799276,1.2247725574844195
440,0.7331824726564015,1.2199970352333334
441,0.7284509358497294,1.2184200231687101
442,0.7344167864977443,1.215239103868944
443,0.7321538777170885,1.213017382216635
444,0.725776589007516,1.2148697014037435
445,0.7391483234638198,1.2133690397132697
446,0.744291298050028,1.2128522794841616
447,0.733388191644264,1.211950394430908
448,0.7309195638144367,1.2061178040980214
449,0.7340053487427316,1.2083483334309622
450,0.7393540423168025,1.2000440748795833
451,0.7436741411722729,1.2028077687041991
452,0.7430569839879726,1.196786781662998
453,0.7381197284141506,1.2028722331691146
454,0.7335939107915301,1.1997193952716199
455,0.7344167864977443,1.197510749414315
456,0.7424398270243849,1.1882306154410405
457,0.7434684221844103,1.188355847632191
458,0.7416169511832909,1.1941224612514807
459,0.740794075452553,1.1904183139871654
460,0.7424398271347412,1.188945138682507
461,0.7481999589542969,1.1815209662661683
462,0.7434684220985777,1.1793367987526613
463,0.7412055132075657,1.182797512898252
464,0.7465542067816365,1.1780574253816414
465,0.7430569843190414,1.1810966201633908
466,0.748405677782756,1.1739063056695855
467,0.7414112324161408,1.17681737538106
468,0.7459370500632849,1.1692830138283976
469,0.7498457109185066,1.1665829809769954
470,0.7438798602704918,1.1714393746531615
471,0.7444970171237232,1.1743867432622355
472,0.7442912982462169,1.1695227775767958
473,0.7453198929648173,1.163976845685358
474,0.7498457108326739,1.157255224253606
475,0.7424398270489085,1.1658595357503305
476,0.7572515942363233,1.1559792087294394
477,0.7479942398070308,1.1525170719935016
478,0.741205513121733,1.161836617524132
479,0.7514914626006947,1.1529843083773834
480,0.7432627029758352,1.1589162349946165
481,0.7529314955402563,1.1495241151869333
482,0.7582801892246834,1.1432232549224364
483,0.7490228348567,1.149156277328331
484,0.7514914624903384,1.150969768056063
485,0.7535486525896767,1.142381175239742
486,0.753754371467183,1.1476242346323167
487,0.756840156395478,1.1443273561576148
488,0.7434684222334575,1.1471718976929757
489,0.7502571486735192,1.1356788472466155
490,0.7504628676859054,1.1354610062361596
491,0.7521086194539262,1.1365434170455948
492,0.7457313309160188,1.1358383331149724
493,0.7469656450025978,1.1304618070901016
494,0.7626002881659865,1.125509527908679
495,0.7506685866247207,1.1258617900227648
496,0.7523143385766686,1.1306790198300802
497,0.749022834660511,1.1301105766722117
498,0.7576630322610957,1.1243899456637063
499,0.7623945691781239,1.1208973730623268
