epoch,categorical_accuracy,loss
0,0.4700678872108165,3.173157453095562
1,0.4894054721128153,3.064681719909649
2,0.49393128982739937,2.9840103078589864
3,0.4896111911252015,2.9374502373683407
4,0.5042172393492773,2.876261928399829
5,0.4976342317376748,2.8295437956121177
6,0.5027772064342393,2.7815959962202528
7,0.4852910924475273,2.801957725129778
8,0.4943427277969936,2.714783022909394
9,0.5126517177658104,2.6530193262349377
10,0.505040115214895,2.62395051123551
11,0.5155317835958866,2.592000246097021
12,0.49845710753585254,2.592625400358403
13,0.5073030241488233,2.5442988898032635
14,0.5192347254632457,2.487856613022632
15,0.513680312662207,2.4918411843841937
16,0.5124459988453878,2.465762876233209
17,0.5223205100604719,2.43555632934382
18,0.5188232874875205,2.425490191678799
19,0.5079201809100913,2.4157759782292425
20,0.5110059657280299,2.3750041709763354
21,0.5132688747293982,2.368889329757643
22,0.5095659329723954,2.3714484062932493
23,0.510388808899322,2.344183131761204
24,0.5182061304381002,2.314896609012641
25,0.5112116848262488,2.317896203625916
26,0.5165603784677595,2.2854412146934977
27,0.5064801480808858,2.292117448089496
28,0.5142974695338313,2.2724756233193357
29,0.5188232873342479,2.260711668205222
30,0.5198518824084407,2.2413449183434424
31,0.5274634848244762,2.2232510561414327
32,0.5223205101279118,2.2071624877300313
33,0.5180004115176775,2.2175818225332455
34,0.5233491051346646,2.212049370463359
35,0.5210861963540089,2.1933154893053874
36,0.5083316190206962,2.206296541739383
37,0.5149146266077752,2.168127201535873
38,0.511211684875296,2.1693603467656812
39,0.5243777000065376,2.1398013736749966
40,0.5231433859873985,2.13171053290784
41,0.5062744290991542,2.147763696724288
42,0.5136803126376834,2.1364476105186387
43,0.5221147910480857,2.135640989775227
44,0.531989302557453,2.1028056572896663
45,0.5122402796306819,2.1216397765633794
46,0.5233491050856174,2.105855283558651
47,0.5180004114502376,2.0993580427269856
48,0.5210861962436526,2.0922751863707587
49,0.5243777000065376,2.0931758846282174
50,0.5293149558439885,2.0772670838499825
51,0.5305492697772949,2.062658944607664
52,0.5252005760009042,2.0720503532305297
53,0.5340464924544716,2.0523659265769703
54,0.5247891378902991,2.059243428513386
55,0.5225262291586906,2.0576303978805996
56,0.5227319480361969,2.0400440967566094
57,0.5223205101279118,2.0402752457026025
58,0.5262291710321807,2.038046961482036
59,0.5313721455938653,2.0187465901777983
60,0.5200576011449363,2.0226289638396864
61,0.5262291710260497,2.0239315913847213
62,0.5208804773661463,2.0108882400190553
63,0.5297263935744775,2.0070501982098965
64,0.5295206746111385,2.0141907244693886
65,0.5272577658550064,2.0051224978709263
66,0.5219090723054592,1.9999523138072945
67,0.5264348899280797,1.991741186771538
68,0.5268463278608885,1.9890598791711396
69,0.5321950214778757,1.983369682311423
70,0.5284920799170617,1.9817057360692467
71,0.5330178975642058,1.9725554217970487
72,0.5282863606594395,1.9772397755252262
73,0.5260234519094382,1.9738252072931686
74,0.5291092367702932,1.9694713144433815
75,0.5247891380006554,1.971557551684926
76,0.5249948569026853,1.9624226997232663
77,0.5190290063405032,1.967312845985626
78,0.527874922953474,1.9596120159558812
79,0.5272577658611373,1.9514598763055258
80,0.5280806417206241,1.9403696913602444
81,0.5398066241391474,1.9349811966098942
82,0.5175889735419523,1.9453213433134435
83,0.5268463279957684,1.935152044857365
84,0.5315778646246442,1.9341779820493796
85,0.5252005760928677,1.9282883512117912
86,0.5373379963951527,1.9246225085334017
87,0.5313721455264253,1.9207894070799325
88,0.5393951861879458,1.918096807900095
89,0.5348693684794927,1.9128992997479277
90,0.5276692038552552,1.916362004426251
91,0.5356922443389794,1.9060996531263052
92,0.5163546594124571,1.9132530613216296
93,0.5342522114668578,1.9035088334204213
94,0.5361036823147046,1.9020784088575013
95,0.5295206748563747,1.894935205232408
96,0.5400123430840936,1.8914945741122555
97,0.5225262291586906,1.8972987531266863
98,0.5367208394131723,1.8881409668770377
99,0.5385723103039355,1.8831141562502072
100,0.5389837482980533,1.880077699750717
101,0.5338407735401798,1.878317302574569
102,0.5289035176720743,1.8773736594709638
103,0.5326064594536009,1.8681969675991277
104,0.5369265582845476,1.8718472092859393
105,0.5500925733728729,1.853787915938628
106,0.5247891381355353,1.8640310836902643
107,0.5459781937750248,1.8558061865959803
108,0.5416580949869942,1.8618137945831619
109,0.5208804772312664,1.8677926867176442
110,0.5517383253861298,1.8417303686253796
111,0.5422752519934984,1.8468319879493407
112,0.5389837481447807,1.8450086132240648
113,0.5367208394315649,1.8374794073689502
114,0.5441267227739053,1.8350158286570424
115,0.5299321127462672,1.8392758742449975
116,0.53096070768558,1.83590013945061
117,0.5525612012517475,1.8247408305291555
118,0.5418638139074169,1.8287383218871986
119,0.5439210040067552,1.8231050820047534
120,0.541658095005387,1.824390359484985
121,0.5410409380234065,1.8166403830284397
122,0.5548241101918067,1.8122352454133104
123,0.5356922443389794,1.8141460939827978
124,0.5373379963951527,1.8161492757997353
125,0.5437152848594892,1.8054586856165582
126,0.5408352191888165,1.8049570707793197
127,0.5500925735077528,1.794848879677012
128,0.5513268874839754,1.7923135818019618
129,0.551532606404398,1.796870409056768
130,0.5455667558912631,1.791203454575208
131,0.5453610366765571,1.785701827732189
132,0.5482411025066333,1.786308253456403
133,0.5445381608845103,1.7825833008726348
134,0.5535897963259402,1.7753002673258778
135,0.5492696974704697,1.7696569535840663
136,0.5566755812542352,1.771355453574395
137,0.5546183911303733,1.76920857843463
138,0.5591442091085861,1.767197572947088
139,0.5496811355320276,1.7743638501052528
140,0.5669615305370079,1.7526706238142185
141,0.5554412673086669,1.7600241983361118
142,0.5482411027273458,1.7565216581361869
143,0.5560584242722547,1.7564830537981222
144,0.5519440444230396,1.751183605861134
145,0.5560584241373748,1.749387495999865
146,0.560172804047899,1.743111848487846
147,0.5581156139240371,1.742651301312167
148,0.5507097304774714,1.7336737810400527
149,0.5636700265718031,1.7343145558873805
150,0.5511211683367093,1.734729421013693
151,0.5597613660721739,1.733570671773109
152,0.5488582597154571,1.7339795045807538
153,0.5556469860942097,1.7251211681181549
154,0.5616128369629371,1.7167924774254675
155,0.5624357127795075,1.715398553368781
156,0.5622299936812887,1.7146672412118558
157,0.5638757457190692,1.7137005118228996
158,0.5537955152034465,1.7115554681557046
159,0.5624357126691513,1.7094221439314488
160,0.5533840774484339,1.71075647236805
161,0.5537955151789229,1.705618228105036
162,0.568195844550016,1.700731190161753
163,0.5642871836702708,1.6970758190912318
164,0.5618185558404434,1.6915406780805982
165,0.5468010696161189,1.697918644978465
166,0.5646986215356397,1.6881456981836291
167,0.5640814647988953,1.692026203048006
168,0.5667558115246217,1.6849982633533804
169,0.5607899610114868,1.6879116550097124
170,0.5690187203052774,1.6707935989994347
171,0.5825961734796841,1.6703701400384077
172,0.5626414317918937,1.672429658041842
173,0.5729273811604991,1.6615661193598104
174,0.5718987863560661,1.6628432363130703
175,0.566755811506229,1.6623625964251254
176,0.5706644722940107,1.6618149100544766
177,0.5636700267312066,1.6587213377627883
178,0.569635877336305,1.6559370169789671
179,0.5593499278757362,1.6548628594202899
180,0.5655214974870899,1.6513813629829204
181,0.565315778523751,1.6537536097710772
182,0.5646986215601633,1.645613556387885
183,0.5708701911960407,1.638997366633883
184,0.5741616950876746,1.6421929390630072
185,0.5760131658680815,1.6377509253379667
186,0.5655214974625663,1.6367209781420327
187,0.5696358772688651,1.6314315803010286
188,0.5686072824399085,1.629044470068997
189,0.5786875127102951,1.6259664604875241
190,0.5809504218220196,1.618516882465004
191,0.5743674139897045,1.620872109668585
192,0.5725159430989413,1.6189553876444038
193,0.5729273810746665,1.614040264056264
194,0.5679901255008444,1.6141209131747798
195,0.580333264723552,1.6054550200621058
196,0.5723102243072676,1.604818347868324
197,0.5858876775307215,1.599602503483248
198,0.574367414210417,1.6028255878272701
199,0.5673729684882094,1.603207164378697
200,0.5811561408098822,1.5969697950897186
201,0.5805389838462944,1.58694991935945
202,0.5801275457356894,1.5935368723546592
203,0.5671672493899906,1.5903744096497012
204,0.5776589177464585,1.5862152974464794
205,0.5760131659539142,1.5825319865975598
206,0.5844476446156834,1.5797620753009878
207,0.5815675787856073,1.5815416326544407
208,0.5836247686642331,1.574503873532948
209,0.5885620242380551,1.568028117913421
210,0.5749845709287686,1.5711913368040287
211,0.5850648014443913,1.5661899474049223
212,0.584241925492941,1.5677609612387018
213,0.570664472404367,1.567011982588777
214,0.5725159430989413,1.560526536364929
215,0.5805389837114145,1.5575814683651683
216,0.5850648013585587,1.5538830126393752
217,0.5860933964082278,1.5498702510397415
218,0.5819790165160963,1.5524508168093585
219,0.581567578675251,1.5462537261591702
220,0.5762188848804677,1.5485663374273209
221,0.5838304876520957,1.5425012180329938
222,0.5811561407240495,1.5409913246731188
223,0.5910306519575262,1.5386100032647876
224,0.5852705205671338,1.5340669545291554
225,0.5891791812506901,1.529747867113375
226,0.5992594115885166,1.524704760495735
227,0.5906192142515608,1.52951839737283
228,0.5986422545329653,1.5190547788567417
229,0.5731331002648489,1.5243890751931088
230,0.582390454651225,1.525880485497196
231,0.5910306520065735,1.5136960665401278
232,0.5842419256032972,1.5108684865909947
233,0.5889734622137803,1.5088311443356324
234,0.5990536925086904,1.5036041500440376
235,0.5834190496150615,1.5081902880453812
236,0.5842419253825847,1.5029851300950356
237,0.5922649659092253,1.5058409879296386
238,0.585887677310009,1.5021443135991948
239,0.5953507508191276,1.4940055155307759
240,0.591236371089465,1.493106572869824
241,0.5877391482866048,1.4935864624823103
242,0.5803332646990284,1.4963966244117048
243,0.5889734622383039,1.4866546548901456
244,0.584036206529602,1.4875016246551203
245,0.584653363603546,1.483538044624627
246,0.6064595761820996,1.474437205665422
247,0.5860933965001913,1.4786727991743702
248,0.5852705204567775,1.4782938184720502
249,0.5819790166509762,1.4783412989606781
250,0.600288006681102,1.469519226204292
251,0.590619214116681,1.467734786959446
252,0.5988479736311841,1.4661349831380808
253,0.5967907837525583,1.4582353066672171
254,0.5932935609588945,1.4614697205532334
255,0.5918535280438564,1.4591988540926826
256,0.6023451965352042,1.4515217358475971
257,0.5984365355451027,1.4504132829460925
258,0.602345196424848,1.4491795662915454
259,0.596585064875052,1.4495385933304932
260,0.5974079407406697,1.447595947025686
261,0.59823081669212,1.4425784559363668
262,0.5949393129721514,1.4435507830364962
263,0.5910306522027624,1.4460587994695764
264,0.593499280081637,1.4393014523551877
265,0.6066652951699621,1.4332343339184335
266,0.607899609078745,1.4300620159330841
267,0.6044023864383536,1.4282069304087015
268,0.6013166015958914,1.4275233281833404
269,0.5974079406977534,1.4240688893118651
270,0.5811561407853585,1.4288198706348891
271,0.6091339229139568,1.417892262121945
272,0.596790783777082,1.4162418633619716
273,0.6066652952864493,1.4176577550102913
274,0.5937049988242634,1.4187008345281604
275,0.6031680723517747,1.4112811162132854
276,0.5961736266786143,1.408049134726486
277,0.6044023863034738,1.4066648148283796
278,0.6041966672910876,1.4020864451723662
279,0.6019337583142429,1.4035340670670189
280,0.5967907838874382,1.4042005456541085
281,0.6062538573045932,1.394944342142563
282,0.6048138242608062,1.3932041539941837
283,0.6085167661772125,1.3934297230331478
284,0.597407940851026,1.391362255626538
285,0.5996708496684671,1.3884484809849198
286,0.60728245199867,1.3889147995970568
287,0.6076938899989188,1.381072721077174
288,0.5889734621279477,1.3841804018287447
289,0.5934992799712807,1.3850773726439578
290,0.6052252622794477,1.3773811213201614
291,0.6070767331456873,1.3766458482807051
292,0.5924706849216115,1.3766260851167695
293,0.6033737912538046,1.3704925519991893
294,0.6060481382063744,1.3723983388456193
295,0.6056367002061257,1.3736947000186106
296,0.6138654597451525,1.3652849186106832
297,0.6138654599413413,1.3656397119173662
298,0.6109853938292437,1.358047534349744
299,0.6181855584902666,1.3603710293941502
300,0.6031680723579056,1.3584816809471585
301,0.6039909482173924,1.3543496808993967
302,0.6044023861931175,1.3558618257723087
303,0.6017280393754276,1.3522423291691927
304,0.6002880066565784,1.3525962070338742
305,0.6087224849137081,1.34948302715606
306,0.6064595761637068,1.3467790529184003
307,0.606253857194237,1.3461507538713269
308,0.6136597408676462,1.3401999111603229
309,0.6062538570838807,1.3377581073825335
310,0.6120139889708764,1.3383535043959311
311,0.610162517963626,1.3380305568908522
312,0.6103682370863684,1.3323544577251514
313,0.6031680724008219,1.3351970063735124
314,0.6031680722414184,1.3311495736311847
315,0.6099567988654072,1.3267876068473083
316,0.6144826167087402,1.3255130582031363
317,0.6039909482173924,1.323355012262733
318,0.609339642122532,1.322835415166436
319,0.6165398067222458,1.3215970556521657
320,0.6130425836833459,1.3142006123809014
321,0.6095453611103946,1.3170595611963858
322,0.6097510798775446,1.313285214104934
323,0.6148940548193452,1.3084544555759803
324,0.6198313103931673,1.3068622063521225
325,0.6220942193945355,1.3082179234759157
326,0.6177741204287088,1.3030863674646835
327,0.6138654598800324,1.303428568238708
328,0.6146883356966028,1.302993021710766
329,0.6142768977208776,1.3009426455957804
330,0.5996708496071581,1.3059749564524175
331,0.6111911130378188,1.2999023137772385
332,0.6037852292050062,1.3022820248179072
333,0.6188027155642106,1.292757022138045
334,0.619625591515661,1.286296479178662
335,0.6206541863262248,1.2864120606408886
336,0.6229170953214622,1.2837787457783756
337,0.6188027153189745,1.2864056121564849
338,0.6175684016370352,1.2834395630029563
339,0.614071178733015,1.2821664313577472
340,0.6103682369760122,1.2863689218865233
341,0.6033737912783282,1.2836976466024885
342,0.6249742850652081,1.274479096771096
343,0.6140711788495022,1.2766450385796242
344,0.6192141532946996,1.2718878172229184
345,0.6111911129029389,1.274371528203682
346,0.612219707952608,1.2769274488689233
347,0.6134540218797836,1.2691952034515306
348,0.6130425838182257,1.2676301648454444
349,0.6126311459528568,1.2656156374235454
350,0.6276486319319453,1.2564526584456914
351,0.6150997736723279,1.2646073531378592
352,0.621271343394038,1.2539452702585647
353,0.6225056572599044,1.2588271669977562
354,0.6216827814188104,1.2553657232746374
355,0.6188027153189745,1.2537322706755383
356,0.6183912775026528,1.2505606176725166
357,0.606871014139432,1.2547109991256848
358,0.615716930617523,1.2480238549774554
359,0.617568401391799,1.2480928989085511
360,0.6132483026466848,1.24852792134233
361,0.6251800042124742,1.2378449249453958
362,0.6157169308321045,1.2424085786180274
363,0.6202427484179397,1.2419630421750512
364,0.6264143180292935,1.2356052977929413
365,0.6179798393920478,1.2335131233353056
366,0.6150997736723279,1.2365264035968275
367,0.6091339230488367,1.2385728180690498
368,0.6118082699830139,1.236858622303374
369,0.6216827812348833,1.2301530669535465
370,0.6245628472488864,1.2273329487064693
371,0.6243571282365002,1.226744951693714
372,0.6311458548359654,1.2227314200525885
373,0.6278543508094516,1.222174496789009
374,0.6181855585147903,1.2198184163107888
375,0.6212713433327289,1.2223803735618066
376,0.6212713433327289,1.2202980383951658
377,0.6239456902607752,1.2145179110136426
378,0.6204484674671112,1.2193689749481698
379,0.6278543509198079,1.2127088904012944
380,0.6167455254893959,1.2148484222635372
381,0.6297058219209274,1.212048713696442
382,0.618802715478378,1.2125514374179522
383,0.6290886647366271,1.2059103631110035
384,0.6222999381616856,1.2044498782372726
385,0.6212713432223727,1.2071440095053954
386,0.6292943837244896,1.2018399650828384
387,0.6255914420778431,1.2051040776054007
388,0.6179798393675242,1.2031636221912558
389,0.6332030446042349,1.1947091192258432
390,0.6216827813942868,1.20043396420058
391,0.6243571280403114,1.1958439719208571
392,0.6181855583799104,1.195917224373942
393,0.6225056571495482,1.1926728797483728
394,0.6342316395435479,1.1913948156686016
395,0.6303229786638026,1.1925829628862195
396,0.6227113763335996,1.1875929435175943
397,0.6278543509443315,1.1889778147801233
398,0.6212713433082053,1.1874364155649868
399,0.6266200369926324,1.1864595981910626
400,0.6276486317970654,1.1790099283276063
401,0.6253857229551006,1.180557041839179
402,0.6286772268712582,1.1799564386586352
403,0.6282657887851768,1.1774554368375971
404,0.6282657888710094,1.1744901715078317
405,0.6280600698831469,1.1754191854171265
406,0.6169512445876147,1.1791237375663157
407,0.6334087635737048,1.1711077307065656
408,0.6278543508339752,1.1733520865023468
409,0.6286772267363783,1.1694656415526157
410,0.6268257558946623,1.1703352690773035
411,0.6342316396784278,1.1637132430464072
412,0.6325858876161236,1.1642992636029845
413,0.6255914421636758,1.1663728424659656
414,0.6319687305667032,1.1577800734007317
415,0.6352602344828607,1.1584767834244136
416,0.6301172596514164,1.1647353789316384
417,0.6375231433738727,1.1557354584958568
418,0.6253857232003368,1.157269292543808
419,0.6253857230899805,1.1563119941767144
420,0.6305286976271415,1.1547994409120517
421,0.625797161176062,1.1516129692697985
422,0.6237399711625563,1.1543839335368018
423,0.6383460191904432,1.1494686124354718
424,0.6352602345073843,1.14974227883006
425,0.6367002672875426,1.1500627169808202
426,0.623945690015539,1.1500779565678927
427,0.6356716725934658,1.1473630658149523
428,0.628677227006138,1.1446076913077115
429,0.6323801685424284,1.1414658114439762
430,0.6369059863673686,1.1425337639641697
431,0.6329973255060161,1.1404452284921027
432,0.63011725967594,1.1415929254792008
433,0.631351573823828,1.1365115219270023
434,0.637111705238744,1.1344425454843046
435,0.6229170952356295,1.1385622454435094
436,0.6272371940665764,1.1335718549835512
437,0.6280600698218378,1.1347886563524545
438,0.6229170953459858,1.1316054327893565
439,0.6371117053736239,1.1296646260499121
440,0.6231228141989685,1.12968611852104
441,0.6329973255979796,1.12746072509509
442,0.6340259205556853,1.1263918896757312
443,0.6395803332279749,1.1225230019908214
444,0.6352602346790497,1.1227769284698605
445,0.6352602345686934,1.1214715042763643
446,0.6340259204698526,1.1259054931635917
447,0.6346430776296292,1.1205913480283105
448,0.6309401357377465,1.1229819754125945
449,0.6338202017027026,1.1190353099810835
450,0.6307344166150041,1.1178889082086796
451,0.628882945908168,1.1184344579103773
452,0.6350545154949981,1.1146434231369466
453,0.6387574571661684,1.109857689988537
454,0.6373174243676174,1.1101003436241785
455,0.6319687307874158,1.1092063331525528
456,0.6315572927013343,1.1087000396265903
457,0.6332030447391148,1.109558372898765
458,0.6416375230820771,1.1088538916114425
459,0.6482205306936797,1.1043894671775805
460,0.632585887530291,1.1099812768168273
461,0.6445175889612005,1.0993576843388848
462,0.6371117052632677,1.1057032631444628
463,0.632174449799802,1.0982614287965167
464,0.6379345812392416,1.1044956004759383
465,0.6385517384235418,1.0958170226218156
466,0.626002880010652,1.10059994308332
467,0.6321744495545658,1.0968010756636422
468,0.6307344166640514,1.09700264295073
469,0.6358773913115686,1.0947100049893665
470,0.6426661181807934,1.0932166416982005
471,0.6457519029742086,1.0892708637027235
472,0.6292943837244896,1.0889067148333393
473,0.635054515629878,1.0937184694004118
474,0.6360831103484784,1.089026329375618
475,0.6406089280814552,1.0880320771587555
476,0.6360831103239548,1.0839629520287952
477,0.6391688951418935,1.0860482719400197
478,0.6447233080410266,1.078913399992203
479,0.6358773915813284,1.0838526812043119
480,0.6352602344583371,1.0833356623001194
481,0.6408146470447942,1.0818772494510918
482,0.6422546800701885,1.0798420966885458
483,0.640197490301919,1.0758329438613878
484,0.6284715078833956,1.0805426325432141
485,0.6387574573623572,1.0743961251093463
486,0.6482205306323706,1.07363925238152
487,0.6513063156710218,1.0705165883146472
488,0.6471919358279375,1.068475302613044
489,0.6453404647532472,1.070773316518536
490,0.639168895362606,1.073445081857957
491,0.6381403002884133,1.0718315518508108
492,0.6348487963722557,1.0734197394246061
493,0.6389631761785546,1.0666393665000995
494,0.6461633408211848,1.0646055172902766
495,0.6434889941077202,1.0681810381112828
496,0.6385517382641384,1.0643786731214588
497,0.6385517383990182,1.0628503736118504
498,0.6455461837411098,1.060051401758655
499,0.6385517383990182,1.0585177919055866
