epoch,categorical_accuracy,loss
0,0.530549269642415,3.375345849470944
1,0.5099773709481206,3.305116962145641
2,0.5023657683297651,3.2919973126901714
3,0.5044229580919037,3.208969695409662
4,0.5062744291175468,3.1758086021190266
5,0.5019543304827889,3.1422486298370202
6,0.5194404444327155,3.032004405333412
7,0.5068915859462547,2.9859673777275972
8,0.5194404442978356,2.930433371115604
9,0.5138860315581061,2.8831042665141378
10,0.5204690391697087,2.805836592699564
11,0.5105945277277811,2.825884361616306
12,0.5194404443162284,2.8027374549207313
13,0.5075087431550787,2.7834470545257273
14,0.5140917506134086,2.7258071702244204
15,0.5124459988453878,2.7120569890675
16,0.5079201810204476,2.6786535235987454
17,0.5219090723054592,2.6412390374617427
18,0.5112116849366051,2.6229258081938007
19,0.5155317836633265,2.5773867843720533
20,0.5070973050935208,2.6169412730039823
21,0.5239662620737288,2.550145716511205
22,0.5136803125457199,2.5319335798598246
23,0.5091544949721466,2.525386386583725
24,0.5130631558273683,2.5174572285838734
25,0.5161489404000709,2.4944289111227835
26,0.5132688747048746,2.469266720991325
27,0.522114791158442,2.434094449812138
28,0.5064801482157657,2.4476409875127763
29,0.5167660976088947,2.400538955836403
30,0.5227319482385168,2.4053613340087057
31,0.5083316190881362,2.4198112863985215
32,0.5052458342027576,2.405992882606351
33,0.5186175683463853,2.3777260637116564
34,0.5206747581575711,2.3320076803542094
35,0.5151203457059941,2.3359359063574425
36,0.5173832543027227,2.3460777028552102
37,0.5293149557152395,2.3074200705622627
38,0.5175889733396325,2.3104424560494294
39,0.5210861961332963,2.288095492488733
40,0.5169718165783646,2.2788780204947163
41,0.519234725377413,2.2718182187393303
42,0.5235548241470508,2.2674607084357086
43,0.518411849401439,2.2659891387411313
44,0.5165603786210321,2.2614579646093467
45,0.5165603785106758,2.2569810129246872
46,0.5282863608433666,2.2300878837505405
47,0.5332236165091521,2.231140362286955
48,0.5112116848017252,2.231172504505486
49,0.5159432215041718,2.224486991226661
50,0.508948775984284,2.2090340048608113
51,0.5124459988453878,2.21407467606283
52,0.5163546594982896,2.2002886356431453
53,0.5249948570130416,2.1855849701297356
54,0.5177946924378514,2.1894922154451493
55,0.5079201809100913,2.2000324221408754
56,0.5167660974985384,2.176192383098151
57,0.5149146266997388,2.1754736737492792
58,0.5196461633286146,2.1481577499588194
59,0.5103888087399185,2.1638292552168736
60,0.5223205101708281,2.136262185581916
61,0.5291092367702932,2.1341400401529964
62,0.5138860316684624,2.1482014557972438
63,0.5132688747048746,2.144861690106889
64,0.5379551531380279,2.1104493588485043
65,0.5229376672447721,2.129625994098258
66,0.5307549885628376,2.114313363440364
67,0.5276692037448989,2.11410941010369
68,0.5354865253940332,2.105186925751514
69,0.5173832545724825,2.1081303382601617
70,0.5344579304301966,2.0996177064075168
71,0.5188232872422843,2.1032087299171924
72,0.5264348900384359,2.0931989699326237
73,0.5268463280141611,2.0837077507387094
74,0.5284920796963493,2.0800767807135534
75,0.5363094012351273,2.080952400043898
76,0.5262291709218244,2.0643444646412736
77,0.5377494341256417,2.0644987698715673
78,0.5272577659714935,2.0686241140877653
79,0.5369265581987149,2.0486958616433677
80,0.5455667557992996,2.0450433320259513
81,0.538983748187697,2.048734898528943
82,0.537543715272659,2.0344847524835603
83,0.5252005760928677,2.0481732008364486
84,0.5474182266900628,2.0297194805392462
85,0.5348693682955655,2.032620064737963
86,0.5348693685408017,2.033371104009111
87,0.5342522113319779,2.0274578885418033
88,0.5461839128548509,2.012460037504933
89,0.5496811355136348,2.007318443782142
90,0.5387780290894782,2.0081535586847785
91,0.5468010696161189,2.0021084784186196
92,0.5381608722362468,2.013286280524115
93,0.5387780293714998,2.004438256829934
94,0.5439210037860427,1.9968706520710726
95,0.5344579305650765,1.9999121961415096
96,0.5332236166379011,2.000582354570509
97,0.5490639787033197,1.985638428656463
98,0.5472125076776766,1.976157308311478
99,0.5361036823147046,1.985304418696074
100,0.5315778647166077,1.9841272325286206
101,0.5398066239797439,1.97131076846881
102,0.5428924089325624,1.9712384706219388
103,0.5385723102119719,1.9820783122580032
104,0.5377494342114744,1.9669740291515807
105,0.5375437152481354,1.9609609991403991
106,0.5301378317341298,1.9554751886308157
107,0.5354865255043895,1.9533338316721427
108,0.5465953506956962,1.9530475949142432
109,0.5496811355810748,1.9466056645198555
110,0.5488582596970645,1.9411846858144077
111,0.5383665912057166,1.9357299513837434
112,0.5449495988602355,1.9357622126398988
113,0.542275251950582,1.9303214073524484
114,0.5523554823374557,1.9247071982852424
115,0.547623945702449,1.9226414746302338
116,0.5552355482043172,1.91022670259203
117,0.5480353837394832,1.9170711790919426
118,0.5517383254597006,1.9164813615441494
119,0.5443324419640877,1.9127137422610694
120,0.5509154493488468,1.9066474335695387
121,0.5445381607496305,1.9070800653432922
122,0.5492696974704697,1.9016885853088386
123,0.5426866898588673,1.8987316087155008
124,0.5433038467979313,1.8980997086208904
125,0.5556469860696861,1.8868786076463513
126,0.542069533115992,1.8913375679982147
127,0.5548241102531157,1.8805151566191727
128,0.5727216621971601,1.8712982319677056
129,0.5468010697264751,1.8825459457478684
130,0.5583213331326122,1.8677481061464178
131,0.5646986216705195,1.8633828097914158
132,0.5428924088467298,1.8706496883090988
133,0.5663443734385403,1.8605244425534466
134,0.5486525406172383,1.8625325735300515
135,0.5663443734385403,1.8535578314891643
136,0.565315778523751,1.8455867424984327
137,0.5468010698368313,1.8511283079358045
138,0.5496811354461949,1.8453658508484414
139,0.564287183780627,1.8371018228695684
140,0.5535897962830238,1.8389370181486455
141,0.5636700268231701,1.8282554732308764
142,0.5548241102776393,1.837628453877992
143,0.5550298292409782,1.8294075779207595
144,0.569224439388169,1.8229301276459073
145,0.5572927381994301,1.82555832933482
146,0.5601728038026629,1.8199541012070057
147,0.5630528698779751,1.8220915860095845
148,0.565315778591191,1.8120908324940659
149,0.5612013989872119,1.8082711421469801
150,0.5587327709979811,1.8094817698921497
151,0.564492902682657,1.802410765896852
152,0.5566755811193553,1.8011768099653993
153,0.5626414316815375,1.7935641397544078
154,0.5708701912818733,1.7902445716147706
155,0.5661386546959138,1.789205255294577
156,0.564287183719318,1.786139723573342
157,0.5544126723877468,1.7821119727482155
158,0.5733388191178316,1.7779259382023092
159,0.5743674139651809,1.7698886587746814
160,0.5762188849724312,1.773994766594181
161,0.5616128368280572,1.769950855810734
162,0.5768360420402444,1.758287168191652
163,0.5562641432539864,1.7677543749904416
164,0.5710759103187831,1.7548774345449352
165,0.5714873483190319,1.7579967389747306
166,0.5638757457435928,1.7523569133982593
167,0.5490639785929634,1.7551821280447846
168,0.5727216623075164,1.7453609525458456
169,0.5593499278757362,1.7466775522485138
170,0.5725159431909048,1.7358495283705588
171,0.5795103887966252,1.7351436138741643
172,0.5698415962322041,1.7384384901183694
173,0.565315778523751,1.7307671176825647
174,0.5778646370040809,1.7198552660578148
175,0.5817732975282337,1.7180820719201584
176,0.5612013988339394,1.7269813214229277
177,0.5698415962322041,1.7197202483314322
178,0.5669615305124843,1.7179803053701495
179,0.5745731329530435,1.7109302962863673
180,0.5595556470659185,1.7113128174138497
181,0.578276074979806,1.7039941165997055
182,0.565315778591191,1.7041057663625023
183,0.5663443734630639,1.700351882902984
184,0.5784817937469561,1.6925925848489434
185,0.5723102240865551,1.6934257390886098
186,0.582596173614564,1.6847150546487677
187,0.5786875128206513,1.685317758644738
188,0.5718987863070188,1.6798628593663378
189,0.5809504216932706,1.679819454040284
190,0.5790989507963765,1.676974533860317
191,0.5766303230769054,1.670925263342262
192,0.5698415963425604,1.6746994686136518
193,0.5790989507963765,1.662189753230671
194,0.5813618596873885,1.6581230193002556
195,0.5813618597119121,1.6576017620778825
196,0.5782760748265334,1.656201993259131
197,0.5659329355486478,1.6576493132190433
198,0.578481793943145,1.6496001622775434
199,0.5784817938327887,1.6433642068730292
200,0.5939107177876023,1.6405479387107933
201,0.5753960090393737,1.647332491587278
202,0.592470685142324,1.636256712352609
203,0.5776589177955058,1.636385255575033
204,0.5735445382589667,1.6354349912672077
205,0.5852705204138612,1.6331404551290432
206,0.580950421601307,1.6281290366261665
207,0.5778646367588447,1.6271383131612258
208,0.5939107180328385,1.6172599145547522
209,0.5830076114799329,1.6165768248729318
210,0.5873277103354033,1.6144079513643976
211,0.5865048344759165,1.6128312987178668
212,0.592676403976914,1.604007180152521
213,0.585887677310009,1.6110442330429666
214,0.5922649659092253,1.599073253818756
215,0.5869162722247983,1.5964101771713897
216,0.5819790167613325,1.6013758325498306
217,0.5846533633828335,1.5953476105273885
218,0.6023451963144917,1.5869839254707692
219,0.5963793457584404,1.5880159847139454
220,0.5830076116761218,1.5890118546310312
221,0.5904134950184621,1.5778995039923596
222,0.5947335938555398,1.5795491998074502
223,0.5961736268993268,1.5781349913619276
224,0.6004937256689646,1.5709207755404475
225,0.593704998848787,1.572509645876191
226,0.589179181066763,1.5666493791240008
227,0.5877391482007722,1.56912576146784
228,0.5879448672744674,1.5668067158899344
229,0.5953507509478766,1.5571228428353892
230,0.5869162723842017,1.5638044006514025
231,0.596996502605541,1.5544530731050892
232,0.5922649660195816,1.5526225190181298
233,0.6058424192001192,1.5429453375015305
234,0.5945278750209498,1.546425034592265
235,0.612013988744033,1.5334813727245633
236,0.5770417610526306,1.546947188348933
237,0.59452787488607,1.5358056330283565
238,0.597613659618176,1.5309567869849912
239,0.6011108825221961,1.5301044496874876
240,0.5990536926435703,1.5282435009102349
241,0.5838304875172158,1.5260640795253917
242,0.6085167659258455,1.5199522381087827
243,0.5943221560146945,1.5167480622807346
244,0.6064595760717433,1.5160958017740835
245,0.5928821230935256,1.515249398651743
246,0.5928821228482895,1.5072692976496245
247,0.5953507508620439,1.5120848462405554
248,0.6101625178777934,1.5033790666216857
249,0.5943221558123747,1.5052098473804132
250,0.5867105533718155,1.5063176140376164
251,0.6122197078667754,1.4942433319080026
252,0.6044023863096046,1.4953099023753835
253,0.6101625179452334,1.491815543130601
254,0.6124254269404706,1.4863937125728837
255,0.6025509153943178,1.487586349892631
256,0.6099567991106433,1.484860954621132
257,0.6052252622549241,1.4845662242320063
258,0.6167455256855848,1.4731888059872311
259,0.6074881712562924,1.4777904662103032
260,0.602139477461509,1.471136757239126
261,0.6037852294747659,1.468055803720364
262,0.6039909483522723,1.4716176508238619
263,0.6006994446568272,1.464937644567884
264,0.5963793456910005,1.4689839568507939
265,0.6128368648058395,1.460988620258952
266,0.6046081051564565,1.4616494615047073
267,0.5994651306192955,1.457239737900116
268,0.607076733035331,1.4549399999354853
269,0.594322155922731,1.4524483228509648
270,0.607899609011305,1.4479141937462643
271,0.6116025507683078,1.442557004027297
272,0.6021394774860326,1.4462330914701216
273,0.6054309812673103,1.4434969646159181
274,0.6089282040364505,1.4375976559753356
275,0.6091339230243131,1.4337669461628362
276,0.6136597409534787,1.4319453544514682
277,0.5974079407406697,1.4338996433912543
278,0.6122197077318956,1.4265883106480064
279,0.6208599054428364,1.4233070027310768
280,0.610779674976261,1.4228172339767224
281,0.6124254269649942,1.4192912501823851
282,0.6148940545986327,1.4168298369791987
283,0.609751079853021,1.4140856808729314
284,0.6118082700014066,1.414963080519586
285,0.5969965028753008,1.4181027477647365
286,0.6157169307707956,1.409441456189496
287,0.622711376247767,1.4036247075474624
288,0.6142768978067102,1.4008018150910309
289,0.613248302891921,1.4015340465646888
290,0.6150997736723279,1.3984685842698064
291,0.6130425837078695,1.3979617840369232
292,0.6150997735864953,1.3960488206735489
293,0.6255914420778431,1.392928540547231
294,0.6167455254403487,1.3888924379354641
295,0.6208599053324801,1.3846319084475498
296,0.611191112768059,1.3876465648762166
297,0.6128368649407194,1.3843294684961975
298,0.6074881712317688,1.3834787467163154
299,0.6062538571758443,1.3791191803773866
300,0.6101625179391024,1.381881598017633
301,0.6194198724419657,1.3748331816935584
302,0.6095453611103946,1.376048420712036
303,0.614276897696354,1.3708333401639774
304,0.6056367002061257,1.3692505993830326
305,0.6138654597267598,1.3664663355185205
306,0.6144826165738603,1.3648051938704566
307,0.6167455254648723,1.3631008885275113
308,0.6095453611349182,1.3579750477446129
309,0.6185969966008716,1.359014497522316
310,0.6155112116725767,1.3521252325644981
311,0.6136597407818135,1.3531193598825926
312,0.6227113763335996,1.3485339242130414
313,0.6239456901749425,1.3422532771453277
314,0.6231228143338484,1.347485495947732
315,0.6225056572169881,1.342561495448797
316,0.6161283686116408,1.3430569412727411
317,0.6181855584902666,1.3376065816341716
318,0.6292943837244896,1.3351116948989996
319,0.6214770621857116,1.3373146298196035
320,0.628882945969477,1.334117287079804
321,0.631763011554317,1.3273950069682927
322,0.6216827813942868,1.3276135563678737
323,0.6255914421636758,1.3274718248606268
324,0.6210656243448663,1.3263567668669167
325,0.6214770623205915,1.3230889475755157
326,0.6056367001448166,1.3294593932770378
327,0.6194198723070858,1.3199078304437522
328,0.6251800040775943,1.3172668169320205
329,0.6233285332971874,1.315788768392805
330,0.6342316394331916,1.3107899667990597
331,0.62085990546736,1.317152808586086
332,0.6227113762232434,1.3061318603275098
333,0.6214770623819006,1.3102942555315136
334,0.6276486320423016,1.3034205697147327
335,0.6262085991517871,1.300859148966827
336,0.6181855585147903,1.3036963734894569
337,0.6177741204287088,1.3010158057910282
338,0.6208599053324801,1.2984276267143708
339,0.6317630117995532,1.299610575882159
340,0.6181855584902666,1.292718203439067
341,0.6274429129686063,1.2893761140626783
342,0.6241514091137578,1.2903278112852925
343,0.625180003967238,1.2881877675416464
344,0.6295001029575884,1.28443343024812
345,0.6295001029085412,1.281436640694906
346,0.63999177133858,1.2842806414355223
347,0.6348487963967793,1.2801202359304484
348,0.6319687305667032,1.2751964406451186
349,0.632174449799802,1.2748793357195027
350,0.6292943837244896,1.2726283152636568
351,0.6264143178698899,1.2713277081456407
352,0.622299938382398,1.271344773540328
353,0.6288829458591207,1.2685786824097876
354,0.6251800040775943,1.2670335986687307
355,0.6297058218350947,1.264441593000855
356,0.6373174242511302,1.264618708135365
357,0.6225056573702606,1.2680436260438803
358,0.6367002673733752,1.2545669646793813
359,0.6280600700425504,1.258706932670171
360,0.6299115407984337,1.255983254836435
361,0.6358773915568048,1.249656899822418
362,0.6315572927258579,1.248438324586915
363,0.6220942191247758,1.2527133716376468
364,0.6327916068246987,1.2489802330713953
365,0.6305286977620214,1.250394834409744
366,0.622299938382398,1.2465061714952803
367,0.6305286977865451,1.2453166544866572
368,0.6327916064936299,1.237584019389032
369,0.6284715077485157,1.2434869563474107
370,0.6445175889366769,1.239766149382561
371,0.6315572925664544,1.240050354947575
372,0.6268257560908512,1.2338135107337043
373,0.6364945484100362,1.2279974680774817
374,0.6336144826044837,1.2313717397930346
375,0.6340259205802089,1.234573742191234
376,0.6348487963722557,1.224738421201755
377,0.632585887775527,1.2256676536164541
378,0.6338202015678227,1.225560024720949
379,0.6350545156053544,1.2217770609142504
380,0.6373174243860101,1.2178984193050477
381,0.6295001027368758,1.2222099631589471
382,0.629705821945451,1.2170186691190008
383,0.6381403002025806,1.2128428427482971
384,0.6408146472655066,1.2099333455155008
385,0.634231639408668,1.2097477328505102
386,0.6436947129852265,1.2101490093685183
387,0.6393746143504686,1.2091464512241743
388,0.6476033737546155,1.2056386625538684
389,0.6315572927503815,1.2083608445452212
390,0.6428718371196088,1.207633406898657
391,0.6282657889200567,1.2069120141023275
392,0.6463690598274401,1.1959992435041755
393,0.6414318042290944,1.2006459220695143
394,0.6364945482751564,1.1989578578825768
395,0.6412260852167082,1.1948175063669817
396,0.6414318040329055,1.195052464835758
397,0.6338202014329428,1.1961799300126494
398,0.6465747787049464,1.1924039474168302
399,0.6288829457242409,1.193330285995984
400,0.6352602345993479,1.190064889367925
401,0.6358773913360922,1.188683341619189
402,0.6342316394331916,1.1873418216571914
403,0.6348487965316592,1.185416952299743
404,0.6385517382641384,1.1805450867733527
405,0.6379345814354306,1.1808038706937412
406,0.6424603990335274,1.1813366193875343
407,0.6523349103650986,1.174560519849977
408,0.6367002673733752,1.175909799696658
409,0.6467804979135214,1.1712175817603414
410,0.6443118698629816,1.1715618558097733
411,0.648014811711948,1.1735085808330787
412,0.6496605637435976,1.1700459840096116
413,0.6358773913360922,1.1714401160510717
414,0.6401974900566828,1.1709987168889848
415,0.6408146472900302,1.1634334451596546
416,0.6334087637269774,1.1682546905371614
417,0.6389631762643871,1.169025241874957
418,0.6401974903264426,1.1631804909683554
419,0.6488376877676236,1.1564278081963764
420,0.6463690596925602,1.1587736528122334
421,0.6469862166561479,1.159685845729182
422,0.6500720014740866,1.153377492789304
423,0.6352602344828607,1.1587376856210423
424,0.6457519028638523,1.1531013207925098
425,0.6426661180459136,1.1509020348876329
426,0.6556264141708998,1.1448470426424862
427,0.6424603990580511,1.1462588522125727
428,0.6459576218762385,1.1411173258806742
429,0.6506891585725543,1.1418154128072096
430,0.6447233078387068,1.1426301595483437
431,0.6453404647777709,1.1446228161242684
432,0.658506480000976,1.1363249060254703
433,0.6377288624230444,1.145041120638452
434,0.6408146472655066,1.1408662621412373
435,0.6486319687184521,1.1367847640875852
436,0.6453404647777709,1.136491327809591
437,0.650483439695048,1.1340352671304816
438,0.6529520673041627,1.1316019431525997
439,0.6385517383131857,1.1371735748109737
440,0.6422546802050684,1.1324164345293373
441,0.645340465023007,1.1282604912675671
442,0.6529520674390425,1.1242587288277945
443,0.6420489610639332,1.1267944491956734
444,0.6395803331421422,1.1231987365992613
445,0.6552149763300545,1.1212661806336892
446,0.6334087636166211,1.1266037468016576
447,0.6391688952522497,1.1218877847095106
448,0.6414318040083818,1.1178799275875189
449,0.6515120344381718,1.1174278076821653
450,0.6521291915121159,1.1189841221840973
451,0.6564492903675864,1.1160627525300555
452,0.6535692242677504,1.115049375866794
453,0.6406089283021676,1.11883384517818
454,0.6482205308285596,1.1146656701261186
455,0.6467804977173326,1.1125862190591482
456,0.6517177534015108,1.1084655956387202
457,0.6447233079000158,1.1109878184544748
458,0.6650894877474585,1.1024508067448673
459,0.6434889939973639,1.1081995496875439
460,0.6533635054147677,1.1049932959246012
461,0.658300761233826,1.099281778430723
462,0.6644723307838707,1.097154026069751
463,0.6508948775358931,1.100165715239171
464,0.6476033736197356,1.1001985180748266
465,0.6465747789256588,1.0987880151964857
466,0.6441061508260718,1.1014351550749462
467,0.6525406293529612,1.0957193579160733
468,0.6445175889366769,1.0923617554162173
469,0.6496605637435976,1.0928187620686396
470,0.6519234724752061,1.0920774919509495
471,0.6599465131367266,1.0866787158224078
472,0.6535692245988193,1.0874805874943219
473,0.6486319686694048,1.0885425983841737
474,0.6531577864514287,1.0877250130346738
475,0.6529520673286864,1.0868124169740283
476,0.6457519028638523,1.0871832500733214
477,0.6558321331587624,1.0842447017009698
478,0.6436947130955828,1.0886611909538697
479,0.6506891584376744,1.0829819600490405
480,0.6566550091837836,1.0838938090468209
481,0.6587121992340748,1.0770258036838884
482,0.6476033737546155,1.0835682874941281
483,0.6513063154257857,1.0756671282764914
484,0.6552149762810073,1.0776887255743977
485,0.6478090927670017,1.0791480320761955
486,0.6570664471717705,1.0764637132702333
487,0.6447233078141832,1.0730152007999354
488,0.6513063156710218,1.0725985115336136
489,0.6461633407046976,1.0719961874329536
490,0.6640608929798109,1.0669966256316858
491,0.6550092571827885,1.0697709550413177
492,0.6527463483408238,1.067016935377939
493,0.6609751079656833,1.061240064536218
494,0.6622094217825024,1.0637144996315038
495,0.6529520674145189,1.0651481053854208
496,0.6585064800622851,1.0640615054889608
497,0.6727010902493267,1.0545409202722826
498,0.6537749433904929,1.0613770278435484
499,0.6657066445516426,1.0540225495283704
