epoch,categorical_accuracy,loss
0,0.42090104924653987,7.503031661495263
1,0.4737708291456155,5.5460363971527356
2,0.4955770417486927,5.034530418445436
3,0.509360213910962,4.862542634048571
4,0.5155317835958866,4.686108198167855
5,0.5167660974985384,4.525356223568017
6,0.5237605431103898,4.443314974701863
7,0.5317835836125068,4.332535284729412
8,0.5254062949458504,4.270658107530774
9,0.5136803126805998,4.24436601977416
10,0.5270520468671438,4.205902596752086
11,0.5293149558439885,4.144907582470773
12,0.5270520468487511,4.1050802374347155
13,0.531783583722863,4.070539945684032
14,0.5262291708298609,4.026696123034099
15,0.5184118493585228,4.01846446031603
16,0.5229376670240595,3.97084251074996
17,0.5231433862326347,3.9442444702549446
18,0.5354865254859967,3.9244194687994582
19,0.5391894671326433,3.897700747156604
20,0.5200576013288634,3.893432200433197
21,0.5410409379069193,3.852743616812368
22,0.518617568560967,3.851782154973165
23,0.5295206748563747,3.821955347669343
24,0.5352808063877779,3.8000893319150935
25,0.5433038468898949,3.7844772882800957
26,0.5365151203333461,3.776193308109267
27,0.545566755774776,3.757699087455277
28,0.5371322774072901,3.7349009362299044
29,0.541452376042048,3.7127266541304254
30,0.5328121786621759,3.7130988641325717
31,0.5488582596296245,3.6893132817865375
32,0.5500925736426326,3.6724218138204487
33,0.5430981278100687,3.6581266469313904
34,0.556675581008999,3.6448085667100667
35,0.558321333022256,3.6324552935941847
36,0.5546183911303733,3.620136861520597
37,0.5599670849067638,3.6111963507913805
38,0.5669615305124843,3.590156659744473
39,0.5667558115307526,3.578693893852854
40,0.5782760749552824,3.5627180851675604
41,0.5679901255621534,3.5541917462575534
42,0.580333264723552,3.5380276392281633
43,0.5786875128022586,3.518661469546053
44,0.5766303228316693,3.5105269978355906
45,0.5772474800404931,3.4971907899546983
46,0.5969965027465518,3.4772006457441997
47,0.5881505861274501,3.471728059544629
48,0.5854762394446401,3.4535145207801197
49,0.5885620241031753,3.4496783313621737
50,0.6029623534129593,3.419759205402452
51,0.6058424191081556,3.4041567160204784
52,0.609339642122532,3.3941783151663865
53,0.5982308168024763,3.3777738562632775
54,0.6085167660607254,3.363236785351899
55,0.6019337583632902,3.353031253696984
56,0.6113968318908015,3.333298553485631
57,0.6163340875811107,3.314688152895129
58,0.6196255915401846,3.3015030444686095
59,0.6161283687465207,3.2861504477253916
60,0.6342316394331916,3.2681738174248567
61,0.6399917713140564,3.255072246385538
62,0.6348487965071355,3.2406750397288833
63,0.6379345814354306,3.2276055843244977
64,0.6391688951664171,3.2078571675662957
65,0.6387574573868808,3.1925301517485787
66,0.6418432422048196,3.1807029558733837
67,0.6543921003295571,3.1610676809192024
68,0.6517177533769872,3.1422056764811797
69,0.6371117054839802,3.1346771469873502
70,0.6541863812313382,3.116654493219689
71,0.6591236369645638,3.0970868640072524
72,0.6683809916390924,3.0853753858965334
73,0.6696153054313879,3.0672488385231693
74,0.6560378522569813,3.0569054189225673
75,0.6572721661657641,3.044002669653611
76,0.6751697181282013,3.019477144432421
77,0.6652952069069863,3.014317093403637
78,0.6696153055417442,2.9967275776752254
79,0.6821641638504088,2.9755529179246403
80,0.6731125281146956,2.965998392589689
81,0.6700267434316367,2.9572500696007644
82,0.6821641638258852,2.9383647625791123
83,0.6796955359715342,2.9249649504971735
84,0.6879242953511575,2.903554302604815
85,0.6854556675213302,2.894033269709556
86,0.6922443941207953,2.8810911658761236
87,0.6823698827892242,2.871145709849414
88,0.6844270724471374,2.8468146148078164
89,0.6899814852297833,2.8404563216362635
90,0.6957416169144591,2.8240889629889017
91,0.7080847560758577,2.8076363033631337
92,0.7000617157699296,2.793611463855947
93,0.7082904752599092,2.7792617902910726
94,0.706439004369146,2.7642259523717003
95,0.7066447232466523,2.7543541014721744
96,0.7117876980780966,2.740838792142101
97,0.7043818143801639,2.73201366040815
98,0.7132277308337313,2.714515620213775
99,0.7159020775901122,2.7008330407541883
100,0.724747994068203,2.682527994084471
101,0.7080847562965702,2.6811850404474526
102,0.7231022424350622,2.663112068931597
103,0.7278337791068543,2.6498330201025584
104,0.7290680929727207,2.6327375884017834
105,0.7344167865467915,2.6263934989153075
106,0.7331824726564015,2.60674366698886
107,0.7405883562685015,2.5932429813843307
108,0.7399711992803902,2.5750545196340937
109,0.7401769183540854,2.573060870636542
110,0.7354453816822933,2.5643769699073924
111,0.7432627032210714,2.5467555514580673
112,0.7405883564646905,2.537571178103543
113,0.7547829663451869,2.517192451925931
114,0.7447027360257531,2.5062787471987833
115,0.75272577666275,2.498553763885749
116,0.74285126500011,2.487596767965449
117,0.760131660090923,2.4741950379406763
118,0.7580744703471771,2.4585057352089974
119,0.7658917919717878,2.450739958481984
120,0.7595145032131679,2.441114908332958
121,0.7687718574707951,2.4245786190131056
122,0.7638346020073293,2.4163783578023184
123,0.7695947337533142,2.397579957565342
124,0.7767948980832684,2.387588147787468
125,0.7755605842909727,2.38035389318115
126,0.767743262862551,2.3687514753602605
127,0.77185764239909,2.363048468516997
128,0.7829664677436694,2.3447753806291747
129,0.777617774010195,2.3359838163771762
130,0.7757663030826464,2.33107183338119
131,0.7823493106697254,2.3143404427685135
132,0.7817321539513737,2.3104316902317596
133,0.7872865664887836,2.295134791864875
134,0.7848179386589562,2.281864421893922
135,0.7938695743210986,2.2677945734615363
136,0.7932524171122748,2.261434077824175
137,0.7955153262239992,2.2497524495135606
138,0.7988068296987317,2.2360852986935895
139,0.8035383667506398,2.2288719747469177
140,0.7969553590286811,2.2230306058184057
141,0.7998354249445898,2.208589161111847
142,0.810327093350105,2.2001294372651197
143,0.8033326476769447,2.1912786256283603
144,0.8117671260199069,2.176756466840231
145,0.8095042173986546,2.1712968681997
146,0.8078584654099213,2.1634423543435264
147,0.8164986627162226,2.1478065364867467
148,0.8144414728621204,2.141156973943767
149,0.8140300348863952,2.1370483848985344
150,0.8156757867034633,2.1219266984865417
151,0.8230816704627051,2.1108077929555034
152,0.8150586299605881,2.1056190412541373
153,0.8164986628511025,2.096743777857178
154,0.8167043818634887,2.0875725934986615
155,0.825138860206451,2.0766839392757594
156,0.8181444147540031,2.077501911068375
157,0.8311047107931567,2.053735922599766
158,0.826990331366974,2.047343322166909
159,0.837687718490592,2.0317503602581732
160,0.8276074881098492,2.0273029633054906
161,0.8306932729277878,2.0219257048583525
162,0.8372762806252231,2.0156579845311144
163,0.833779057966439,2.0034021009414977
164,0.8403620655780416,1.9966949976366064
165,0.8288418021473809,1.9892907101684725
166,0.8341904958318079,1.9805725367808387
167,0.8467393542017816,1.9651392219832247
168,0.8444764452004133,1.960307370093447
169,0.842830693407869,1.9525690120425496
170,0.8508537339590332,1.9410180430234742
171,0.8500308578972267,1.9393958946825227
172,0.8418020982723672,1.9331580011277159
173,0.846739354177258,1.9216302866014623
174,0.8485908248473086,1.9108742010051443
175,0.8545566757405596,1.9024047070240147
176,0.8580538982644638,1.888369734629121
177,0.862373997254814,1.8842139674223786
178,0.8553795515571301,1.8802139382871477
179,0.8638140298633069,1.866105345732095
180,0.8564081463860868,1.8639305290237078
181,0.8650483441215512,1.8504627333381887
182,0.8650483441215512,1.8418669465686333
183,0.8592882123510427,1.8423808155862227
184,0.8714256327452912,1.826302161409982
185,0.8654597817662075,1.8295001953723768
186,0.8666940959999282,1.8192001938746314
187,0.8673112527428034,1.810343295305115
188,0.8716313517331538,1.8007353401998265
189,0.8613454020947886,1.7947451034413275
190,0.8743056983301312,1.7828994148480404
191,0.8714256327452912,1.7839215311634273
192,0.8747171365265688,1.7751207255552002
193,0.8778029210992714,1.7669098411560844
194,0.8747171365510924,1.762760356041022
195,0.876362888208757,1.7570019467233557
196,0.8810944251503088,1.7440045794644148
197,0.8821230198443856,1.7323495044160886
198,0.8753342934043239,1.736493132556326
199,0.884385928710874,1.716285272994372
200,0.8794486731370519,1.7204216650007587
201,0.877597202356645,1.7104173419260238
202,0.8878831517742976,1.701395015269242
203,0.8876774325411988,1.6895356941949045
204,0.8825344579549906,1.6919734286467398
205,0.8872659945654736,1.6868582744211897
206,0.8897346225301809,1.6765595324317557
207,0.8944661593613765,1.6668148193798837
208,0.8882945897254991,1.6649242178007204
209,0.8936432834344498,1.6563823654729628
210,0.8874717135288126,1.653585621369422
211,0.8934375644220636,1.6450633192425328
212,0.8985805389837482,1.6319452421676472
213,0.9020777618019357,1.6265481700379278
214,0.8934375641768274,1.6254144737784741
215,0.9029006378882659,1.6104911688889183
216,0.8959061921660583,1.6125639253034436
217,0.9006377290217775,1.600821126024803
218,0.9000205720336661,1.5943545230841152
219,0.8996091340824646,1.5902269249760892
220,0.8987862579961344,1.5906303209719945
221,0.9101008024389325,1.5783385870952562
222,0.9022834808143219,1.5736150800433824
223,0.9035177947169737,1.5663762699304553
224,0.9082493315726929,1.560165205920976
225,0.9090722072543835,1.5509127572200299
226,0.9080436125603067,1.5444483119650305
227,0.9057807035834621,1.5439928855652723
228,0.9088664882910445,1.541527896622919
229,0.9138037441101027,1.5278433117202417
230,0.9094836453649885,1.5267259511798528
231,0.9158609340132521,1.5211725141305144
232,0.9092779262422461,1.5167447808494638
233,0.9101008024389325,1.5090691227403792
234,0.9144209009388106,1.5007641885143768
235,0.9189467186717873,1.4954129906010662
236,0.9240896933928754,1.4825843374220538
237,0.9156552148905097,1.48364115965462
238,0.9164780908174364,1.482261917567062
239,0.921003908685293,1.4725203851053583
240,0.9203867518320615,1.4678189000630177
241,0.9286155113710883,1.4491621750515935
242,0.9212096276976792,1.4589378726847793
243,0.9164780909277926,1.4565943245337447
244,0.9245011314544332,1.4393874934072284
245,0.9253240073200509,1.4388144984948636
246,0.9259411643939949,1.4331473707294444
247,0.9214153466610182,1.436029536050672
248,0.9245011315893131,1.4270231645800306
249,0.9195638758806112,1.4286720074392891
250,0.9220325037349621,1.424671139768111
251,0.9257354452957761,1.41242879662242
252,0.9271754781862905,1.4071112876810474
253,0.9234725364292877,1.4010166490404137
254,0.9271754784315267,1.3906260372998416
255,0.9329356098464427,1.387784731434687
256,0.9345813619945795,1.3789510313460571
257,0.9366385518732053,1.375388937633093
258,0.9296441062858776,1.377610294177831
259,0.9333470480674041,1.3748963866992097
260,0.9306727012251905,1.3645495125551426
261,0.9382843035308698,1.3555570388374887
262,0.9356099568235362,1.3549373448569448
263,0.9360213946643814,1.3472631069348933
264,0.9347870809824421,1.349343312568955
265,0.9382843035308698,1.3400560742272096
266,0.9413700883488085,1.3328178438770504
267,0.935198518847811,1.3326798615399713
268,0.9356099569338924,1.329658624763426
269,0.9364328328853427,1.3255975984835473
270,0.9360213946643814,1.3191584358488035
271,0.9364328328853427,1.3155203231983386
272,0.9360213947992613,1.3133989756206896
273,0.9349927999703047,1.3080363338608183
274,0.9374614275794195,1.3023435046363332
275,0.9395186176174488,1.299028404061624
276,0.9384900227639685,1.2896876270646938
277,0.9407529316304569,1.2883998922937767
278,0.9465130631802529,1.2764551436010885
279,0.940547212532238,1.2781890507368265
280,0.9436329972152969,1.273484376815336
281,0.948570253034355,1.2605818626052239
282,0.9469245010210982,1.2610731056947517
283,0.9448673113877085,1.2571067324000555
284,0.942192964545495,1.2599491891584336
285,0.942604402275984,1.2561243824006305
286,0.9413700883733321,1.251989863753147
287,0.9475416582299221,1.243085574353337
288,0.9456901873391589,1.2358413512165765
289,0.9452787493634337,1.2369158960521724
290,0.9448673113877085,1.2350669548458044
291,0.9473359391071796,1.2319749335991554
292,0.9432215592395717,1.2265569114361348
293,0.9471302200089607,1.2187923271208234
294,0.9413700885940447,1.2211830453650987
295,0.9516560378522938,1.2087433151050104
296,0.9481588149482737,1.2063410228918767
297,0.9520674758280189,1.2031629569146447
298,0.9502160048268995,1.2018802857551034
299,0.9533017898900743,1.193279097242577
300,0.9537132278657995,1.1892748602965417
301,0.9483645341813723,1.1959748079540846
302,0.9518617569750363,1.1880117459592445
303,0.9461016252045277,1.1862627913789527
304,0.9506274430478607,1.1789392662548621
305,0.9541246655962885,1.170891539890122
306,0.9514503188889548,1.1693505399194282
307,0.9512446000114485,1.1673752826272006
308,0.9516560378522938,1.1647085846757919
309,0.9541246657066447,1.1548426750142298
310,0.9588562023171278,1.1450259047166675
311,0.9561818554749143,1.148376415943663
312,0.9508331620357233,1.1548843622158593
313,0.9565932934506394,1.1412323061219705
314,0.9582390453535401,1.1354702321915586
315,0.9590619213049904,1.1278277105373797
316,0.9602962353425221,1.1253197113444005
317,0.95823904548842,1.1225959362745335
318,0.9592676402928529,1.1168449932203153
319,0.9506274428026246,1.129048212225411
320,0.9520674758525426,1.1239919109222845
321,0.9563875744627769,1.1137045055866928
322,0.9586504833292652,1.1127091250628558
323,0.9549475417929749,1.1061611500720236
324,0.955976136597408,1.1124490075973639
325,0.9549475417929749,1.1006297510706626
326,0.9553589796338202,1.0958857558141935
327,0.9586504833537888,1.0974319608729945
328,0.9572104506594633,1.100720142489278
329,0.9537132278657995,1.0949983841792665
330,0.9537132278657995,1.0950528296196174
331,0.9578276073778149,1.0842204945638234
332,0.9572104504142271,1.083734044982582
333,0.9561818555852705,1.0808104939775638
334,0.9637934582710659,1.0713626624527008
335,0.9580333266109137,1.0754878999421293
336,0.9617362681472039,1.0664495412667232
337,0.9584447645866387,1.0676107807086834
338,0.9586504833292652,1.0657222456854574
339,0.9605019543549083,1.0572418650588096
340,0.9619419872454228,1.0556860623034006
341,0.9666735238559058,1.0422193496910492
342,0.9668792429541246,1.031918453755778
343,0.9592676402928529,1.0527819161845735
344,0.9611191114288523,1.0400891849421297
345,0.9600905163546596,1.038929830618146
346,0.9607076733427709,1.0365766260609708
347,0.9619419872454228,1.0389894805335136
348,0.9637934582710659,1.0252974817620901
349,0.9613248301714787,1.0284051624400898
350,0.9658506479044555,1.0192896114212817
351,0.9646163340876363,1.0192447374372713
352,0.961324830281835,1.0211736369196758
353,0.9677021187952187,1.0067790544859496
354,0.9629705820743794,1.0112328723707553
355,0.9625591440986542,1.0089383891177652
356,0.9639991770136923,1.0073054100696601
357,0.9615305492942212,1.0046091853186712
358,0.9648220530754988,1.001392115391078
359,0.961324830281835,1.0053836646896164
360,0.9615305491593413,0.9987112685893941
361,0.9679078378934376,0.9870022110452478
362,0.9639991771240486,0.9917894421941188
363,0.9635877391483234,0.9896251129481165
364,0.9654392099287303,0.9818698458160497
365,0.9642048961119112,0.9882027684011422
366,0.9664678049783995,0.9761009309253093
367,0.9633820202953407,0.9829447700564838
368,0.9642048960015549,0.9756417467843798
369,0.9683192757588065,0.9675909083974972
370,0.9672906809298498,0.9673269393021765
371,0.9656449289165929,0.9687087535735536
372,0.961324830281835,0.9693389446052154
373,0.9637934580258297,0.9630180824516585
374,0.969142151820613,0.9548073596508997
375,0.967702118905575,0.9512828863640671
376,0.9728450936021394,0.9406826613960235
377,0.9658506479044555,0.9548105120021261
378,0.9672906809298498,0.9498865125699681
379,0.9691421518451366,0.9389740011618967
380,0.9670849619419872,0.9428757149676339
381,0.9664678048680433,0.9449620091284874
382,0.9679078378934376,0.9359578098492524
383,0.9693478706981193,0.9316924344706109
384,0.9711993416992388,0.9229823654631336
385,0.9701707467844496,0.9287052665122667
386,0.9703764658826683,0.9265436561380829
387,0.9656449290269492,0.928073427297529
388,0.9652334911861039,0.9257383222468129
389,0.9697593086738445,0.9171688644588301
390,0.9648220530754988,0.9235759909274132
391,0.9681135567709439,0.9126641590073873
392,0.9695535897963382,0.9143048162274928
393,0.9699650279069433,0.9077369112753618
394,0.9679078377830813,0.9116321962278484
395,0.9711993415888825,0.9031940636578912
396,0.9699650276617071,0.9011095945321589
397,0.9697593086738445,0.9000440918719957
398,0.9683192760040426,0.903633005884885
399,0.9654392100390866,0.902587983226168
400,0.9716107795646077,0.8966705488388589
401,0.9693478708084756,0.8926817575518277
402,0.969142151820613,0.88934173373817
403,0.9701707466495697,0.8839745409227256
404,0.9714050606871014,0.8850644925719204
405,0.9728450936021394,0.8773398717914779
406,0.9689364328327504,0.8839091560497766
407,0.9714050605767451,0.8774125338508082
408,0.9720222176506892,0.8716342906185787
409,0.973050812590002,0.8699911688120123
410,0.9681135570161801,0.8746662152154385
411,0.9701707466495697,0.8691329529589034
412,0.971405060711625,0.868822313071131
413,0.9689364329676303,0.8659424047317066
414,0.9714050605767451,0.8623680890501588
415,0.9709936228462561,0.8651376039960752
416,0.9707879036131574,0.8631585058521474
417,0.9742851264068213,0.8554674506653388
418,0.9734622504553709,0.8509014118014478
419,0.9734622505657272,0.8477715830012276
420,0.9687307138448878,0.8533963381667805
421,0.974902283370409,0.8452796426066596
422,0.975519440444353,0.8441912316167534
423,0.9714050606871014,0.8433063717517213
424,0.9703764658826683,0.8385298290853024
425,0.9701707466495697,0.8427412329914883
426,0.9788109441397981,0.8254693444190607
427,0.970582184735651,0.8326521200472572
428,0.9736679694432335,0.8323822888394143
429,0.9765480352733097,0.8275743862700251
430,0.9742851266520575,0.8291264107089503
431,0.970170746759926,0.8328570841982688
432,0.9714050605767451,0.8264284927985767
433,0.9749022834807652,0.8254630762322698
434,0.9769594733839146,0.8124565304343383
435,0.9749022834807652,0.8172122469362323
436,0.9761365974079408,0.8154920541045843
437,0.9757251594322156,0.8121389006543273
438,0.9775766303229788,0.8079015982418339
439,0.9728450934917832,0.8131254190673702
440,0.9734622505657272,0.8082685577013541
441,0.9709936227113762,0.8129117293162641
442,0.9753137214564904,0.8071727549139548
443,0.9746965644929027,0.8039326569936424
444,0.9711993416992388,0.8069937637474673
445,0.9711993416992388,0.8087801157361415
446,0.9738736885414524,0.8042260931612802
447,0.9695535898208618,0.8055538892181928
448,0.9738736885414524,0.7924383028964647
449,0.9757251595670955,0.794772646746452
450,0.9734622504553709,0.791476725416158
451,0.9757251594322156,0.7868879397840957
452,0.9777823492004851,0.7789695642166632
453,0.976959473359391,0.7820971327979632
454,0.9769594732490348,0.7836829947115732
455,0.9765480352733097,0.7741478945315804
456,0.9755194403339967,0.7796614371658573
457,0.9783995061640729,0.7745364941924816
458,0.975519440444353,0.7775412793268369
459,0.9788109442501542,0.7710074682437792
460,0.9746965644929027,0.7719177072907986
461,0.9714050606871014,0.7759808224431037
462,0.9761365972975845,0.7670301940676068
463,0.9763423162854471,0.7692537771971278
464,0.9753137214564904,0.7688331704550725
465,0.9792223822258794,0.7614909527331707
466,0.9781937871762103,0.7573179766808584
467,0.9734622504553709,0.7626527984234022
468,0.9726393746142769,0.7603517020835084
469,0.9738736885414524,0.760015308035423
470,0.9724336556264144,0.7599616708075698
471,0.9763423162854471,0.7560586102630248
472,0.980456696153055,0.7492423107829562
473,0.9767537543715284,0.7520242332063372
474,0.9763423162854471,0.7510062318308268
475,0.9740794076641949,0.7520284424762965
476,0.9763423162854471,0.7440842793964354
477,0.9767537543715284,0.7450151845913957
478,0.9790166632380168,0.7379210161785117
479,0.9792223821155231,0.736323455581202
480,0.9790166631276606,0.7418523191105949
481,0.9773709112247599,0.7313162347118297
482,0.974079407529315,0.7384638045089673
483,0.9744908453946839,0.7415916513965052
484,0.980456696153055,0.7313525449638626
485,0.9777823493108414,0.7307153483571106
486,0.9775766303229788,0.730383568917545
487,0.9751080024686278,0.7312498167816245
488,0.9821024479455993,0.72115469197142
489,0.975519440444353,0.7259953344243467
490,0.9763423162854471,0.7254781169401866
491,0.9796338200912483,0.7218033563475186
492,0.9788109441397981,0.7202892035668927
493,0.9763423162854471,0.7242269218274532
494,0.9765480352733097,0.7209674380022272
495,0.9788109442501542,0.7160340684893887
496,0.9775766302126225,0.7151559546905593
497,0.9788109442501542,0.71257939517216
498,0.9786052251519355,0.710382009663471
499,0.977988068298704,0.7096636737847225
