epoch,categorical_accuracy,loss
0,0.505451553141573,4.925461682584692
1,0.5138860317542949,4.577427536537313
2,0.5110059657035063,4.430541997092223
3,0.5221147910726093,4.2580378320918015
4,0.5227319481036369,4.192912639254185
5,0.5192347253344967,4.123118395963291
6,0.5311664267592753,4.035943172272771
7,0.5264348899280797,3.9839928076115685
8,0.5258177330748482,3.9646517292164747
9,0.5303435505871125,3.9305290281220833
10,0.5375437153584917,3.872394796458568
11,0.5295206747214948,3.838596433701522
12,0.5307549887835501,3.822502098169819
13,0.5398066242311109,3.7971541164490796
14,0.5379551533587404,3.7713145478422616
15,0.5433038468898949,3.7429280197686605
16,0.5313721457471379,3.739256569839412
17,0.5500925735322764,3.705738743301577
18,0.5379551533587404,3.7071361498586484
19,0.5439210040067552,3.682579753134531
20,0.5574984571872927,3.6530513967464207
21,0.5476239456779254,3.6484627370063327
22,0.5511211684715892,3.6349380695631024
23,0.5564698621560163,3.6152402332010056
24,0.544743879737493,3.6131815396324396
25,0.5609956799748257,3.5867571972986476
26,0.5498868544095339,3.5883279813952074
27,0.5511211685819455,3.578632581579761
28,0.5511211684715892,3.5524526086762913
29,0.5558527050575487,3.548545904498953
30,0.5673729684023768,3.531313986328006
31,0.5500925736426326,3.5324527115714917
32,0.5579098949606981,3.514691685531591
33,0.5535897961910603,3.510067777706257
34,0.580744702705408,3.4778118029074325
35,0.5574984571198528,3.4791419500677803
36,0.5622299938406922,3.469108450635915
37,0.5749845711740048,3.4481933694198723
38,0.5601728040295063,3.441800449787651
39,0.5653157784992274,3.431622695246
40,0.5622299939265248,3.4206608412957835
41,0.5624357127611148,3.4069903656622675
42,0.5731331002832415,3.3902238180940962
43,0.5780703557221837,3.371146122042325
44,0.5704587533306718,3.3701197228983975
45,0.5871219911881372,3.351153103026606
46,0.5844476446156834,3.334461991469621
47,0.5776589177955058,3.324075212402124
48,0.590207776122563,3.3095152110774877
49,0.5825961735900403,3.301924782411426
50,0.5943221558982074,3.2822867652757304
51,0.5869162724087253,3.2789640930841255
52,0.597613659685616,3.2591882803586745
53,0.5912363710863996,3.249850417870696
54,0.6078996092074939,3.231102471438928
55,0.6083110469379829,3.2177326339822914
56,0.5978193785569913,3.2101992128611934
57,0.6017280394612603,3.1945772617840764
58,0.5984365357903388,3.1821166477289693
59,0.6031680725111782,3.1692756704037337
60,0.602345196424848,3.1542086316292925
61,0.6006994446568272,3.1351302101199603
62,0.6204484674671112,3.1239608330776654
63,0.6210656243203427,3.104366890468413
64,0.613454021659071,3.0951329509654277
65,0.6241514090279252,3.08538751812095
66,0.6132483027815647,3.0687486174370964
67,0.6295001029575884,3.0546875172646244
68,0.6319687305667032,3.0395434584496956
69,0.63382020154943,3.022823275177843
70,0.6286772268712582,3.018086505362929
71,0.6430775560216387,2.994710973495565
72,0.62744291292569,2.9881343541383694
73,0.6336144824450802,2.97475401321769
74,0.6385517383131857,2.9623082129461387
75,0.6473976546563966,2.9369458270842976
76,0.6371117052632677,2.9350852932956477
77,0.6482205306936797,2.9150522471308045
78,0.639580333093095,2.9067732634992662
79,0.6445175888263206,2.8891202248901133
80,0.656037852146625,2.872211306900969
81,0.6482205308285596,2.8639344220493976
82,0.6554206952075609,2.8507114040388095
83,0.6498662825965803,2.840797197080595
84,0.6657066446865225,2.820255200378788
85,0.651306315401262,2.8195810258155545
86,0.6591236372097998,2.8039153969550275
87,0.6710553382605934,2.786043813017214
88,0.6720839334451424,2.7672189327209384
89,0.6638551737957593,2.7654269287993793
90,0.6712610573342885,2.7407932432559607
91,0.6778440649704147,2.726336593270866
92,0.6716724953345373,2.7207155004986716
93,0.6753754371160637,2.7062062683038763
94,0.6774326269701659,2.6961683989110687
95,0.682164163580649,2.6810923332394063
96,0.6953301790245666,2.659498947536325
97,0.6836041967163996,2.659460763336822
98,0.682164163580649,2.645709122975798
99,0.6875128572650762,2.6336227378048687
100,0.6879242952408012,2.618244068486728
101,0.6860728246197978,2.6101246470165114
102,0.6975930876948662,2.5887675043536515
103,0.6916272370223278,2.5836838750382114
104,0.6879242954860374,2.576687733348665
105,0.7043818145395674,2.5596564255043255
106,0.7126105737843108,2.546519828416565
107,0.700061715549217,2.5347164868572762
108,0.7027360624527397,2.5228346337803202
109,0.7128162928825297,2.508941989306976
110,0.70067887281935,2.5010369316929775
111,0.7019131866361692,2.4946172978499868
112,0.7107591030284275,2.476130732438418
113,0.7144620449203102,2.4666973440472026
114,0.7218679284588394,2.4545389302741647
115,0.716724953566086,2.444814661210811
116,0.7068504422345149,2.441695611826605
117,0.7093190701992221,2.425506916146199
118,0.7113762601268951,2.4129791733561854
119,0.7167249536519187,2.404448555173562
120,0.7247479942889156,2.3876050470101444
121,0.7270109032657602,2.382181161814966
122,0.7300966878384627,2.3663035754043116
123,0.726188027118121,2.356481594059404
124,0.7282452170825794,2.3464648382724054
125,0.7251594322646407,2.33658521299474
126,0.7239251183619889,2.325424318523521
127,0.7253651512525033,2.321662307889146
128,0.7274223409962493,2.3109275257849835
129,0.7387368853532147,2.297748228425083
130,0.7303024067404927,2.282778235870829
131,0.7249537130560656,2.279421454912055
132,0.7479942396966746,2.2624167752496454
133,0.7438798601601355,2.2586652586131986
134,0.7422341082572348,2.2425451236015435
135,0.7422341080365223,2.2343513053328232
136,0.7463484878182975,2.2267583237585034
137,0.7401769184889653,2.217241224352898
138,0.7467599257940227,2.2047738185808803
139,0.7584859084087349,2.191759559701583
140,0.7502571488083991,2.187598039671806
141,0.747377082978323,2.185093226832045
142,0.7420283893797285,2.174737879779206
143,0.7519029006867761,2.1599840323784254
144,0.7578687514451472,2.147235681627592
145,0.7543715285411271,2.1387410305625885
146,0.7562229992111777,2.1272924124422055
147,0.7554001235907962,2.1283075071317965
148,0.7593087843601852,2.113055985200996
149,0.7562229994073667,2.1033247183733237
150,0.7700061716186831,2.095776175844451
151,0.7597202220048416,2.088205571185412
152,0.7656860728735689,2.0797441648225483
153,0.7683604198261388,2.0670238979508713
154,0.7660975106285816,2.0641313816043874
155,0.7749434271925051,2.0491414251849376
156,0.7605430981770044,2.0484138673971866
157,0.7671261056782507,2.037148975732517
158,0.774120551486291,2.0295952214451147
159,0.7732976755348406,2.018745340405362
160,0.7743262701430847,2.0142527586195946
161,0.7778234931819847,2.0049326514491472
162,0.7844065006341838,1.991096051601048
163,0.7798806830360869,1.9828180410910525
164,0.7755605842909727,1.9810334053139607
165,0.7802921209014558,1.9723489947633914
166,0.7868751287337709,1.9588193551328197
167,0.7860522526719643,1.9585224927832772
168,0.7889323184775169,1.9487877584391478
169,0.7885208804404826,1.9397986842584913
170,0.7907837891720911,1.9330861144928106
171,0.798806829809088,1.9204736721415108
172,0.7800864021343058,1.924921232372418
173,0.7866694095006722,1.9121070657093273
174,0.7963382020650933,1.8952140422349015
175,0.7957210451015055,1.8924525822417968
176,0.8027154907133569,1.8797935929913454
177,0.7988068299194443,1.8802406555878923
178,0.7981896728209766,1.8726690049966994
179,0.7996297057360147,1.8613043610536129
180,0.7973667970044062,1.854330815839267
181,0.797161077930711,1.8477897219048731
182,0.8029212094559833,1.8457370613416364
183,0.8078584653608741,1.8355562460321968
184,0.8113556882894178,1.8242972007236273
185,0.8035383664195711,1.8257039624019749
186,0.809092779202217,1.8196007731127115
187,0.8025097715660908,1.8156786140309664
188,0.8136185969106702,1.7966353954589065
189,0.8156757868138196,1.7886433474101835
190,0.8134128780576875,1.7944711166457172
191,0.8146471919848629,1.7836067225309684
192,0.8123842832287308,1.7687042211215944
193,0.8138243158985327,1.7660559694650757
194,0.8185558527297283,1.7611143901941095
195,0.8150586298257082,1.7518866833186744
196,0.818144414888883,1.7404113850017753
197,0.81999588553441,1.7408939245869852
198,0.8228759516097224,1.7295324420075533
199,0.8241102652916616,1.7240100561211418
200,0.8216416374618344,1.7251346867115402
201,0.8204073237553714,1.721840292111122
202,0.8255502982312234,1.7099154076932315
203,0.8282246452941494,1.7047206775270551
204,0.824933141243112,1.6979348509676098
205,0.8269903310972142,1.697231392977145
206,0.8308989918911268,1.68238443277226
207,0.825961736427661,1.6826721271647516
208,0.8360419666980475,1.6704743004855587
209,0.8356305285874426,1.6668957172659438
210,0.833779057966439,1.6581193563796395
211,0.8313104298423284,1.6582195259273556
212,0.8354248095382709,1.6453167937513586
213,0.83624768582079,1.6428036072498926
214,0.837276280760103,1.6413876963505356
215,0.841390660296642,1.626526181503128
216,0.8430364121995426,1.6289216307695205
217,0.8397449083937414,1.6211744125574563
218,0.8395391892955225,1.618205345969366
219,0.8436535691386068,1.6081656261717578
220,0.8407735033085306,1.6046149190672385
221,0.8481793868715836,1.5954977272960096
222,0.8430364124202552,1.5930785093746958
223,0.8403620655780416,1.5900073837434479
224,0.8547623945690187,1.5737376681720001
225,0.8413906603824747,1.579998753242987
226,0.8512651717140458,1.5676945835640097
227,0.8471507921529832,1.5719745288633853
228,0.8490022628230338,1.5652657595957975
229,0.8481793871168196,1.5573435513185048
230,0.8568195844721681,1.5437277645467362
231,0.8576424603132622,1.5419752236575999
232,0.856819584607048,1.537482774054114
233,0.8504422957625956,1.5404669489053218
234,0.8490022628475574,1.535993601407222
235,0.8578481793011248,1.5233278009435862
236,0.8607282453519134,1.5200953429629591
237,0.8555852704346364,1.5147283288633546
238,0.8607282452415571,1.508587924547829
239,0.8605225262536945,1.5087453191894926
240,0.8668998147670782,1.492370317120092
241,0.8636083110961569,1.488724267696113
242,0.8613454022296685,1.4903481258970306
243,0.8691627238788028,1.4851887900994605
244,0.866076938815628,1.4804568102614326
245,0.8703970375607422,1.4737659826417981
246,0.8677226907185286,1.4674479143287487
247,0.8673112528531597,1.4670237102912693
248,0.8740999794526249,1.4563605739265477
249,0.8629911540222128,1.463684066458755
250,0.8757457314904054,1.4469087709739998
251,0.8763628883191132,1.4420115697092049
252,0.8740999795629811,1.4371497160710074
253,0.8724542275497242,1.4406944677138667
254,0.876362888208757,1.4323796392884967
255,0.8819173008810466,1.418874816648314
256,0.876568607417332,1.426214292200964
257,0.8788315162838204,1.4160000608674148
258,0.8813001439174588,1.4129025749992477
259,0.8808887060520899,1.4048286914040684
260,0.878420078197739,1.4052354597648067
261,0.8740999795629811,1.4037630444960054
262,0.877597202356645,1.3928360283754901
263,0.8767743262948383,1.3984302546207465
264,0.8798601110024208,1.3869643813174244
265,0.8862373998713969,1.375606511704006
266,0.8823287390774843,1.3771707836773828
267,0.8919975315315491,1.3672938320622525
268,0.8915860934209441,1.366000519493337
269,0.8825344579549906,1.3681789645440439
270,0.8870602755776111,1.3614286251750853
271,0.8823287390774843,1.3583398102438762
272,0.8932318452134885,1.3476348205300375
273,0.8913803742368926,1.347986027061927
274,0.8907632173346139,1.339642808261268
275,0.8924089692375146,1.3401651370920191
276,0.8901460606162623,1.3368611948599518
277,0.8909689363470001,1.3336512779556804
278,0.8932318452993211,1.3253075587506697
279,0.8950833161042517,1.3200904641272084
280,0.8889117466032542,1.3239116713579386
281,0.8907632176043737,1.3150529687332533
282,0.8950833160797281,1.3130285478476953
283,0.89076321757985,1.3131719741819328
284,0.895494754325213,1.3006017010439033
285,0.9020777619368155,1.2961275479695944
286,0.9018720428140731,1.2922034228296835
287,0.9031063567412486,1.2869012537524427
288,0.8994034149597221,1.2910144443596323
289,0.9020777619122919,1.2756009863816375
290,0.9059864224364448,1.2721200061173037
291,0.9037235138397162,1.2712251662325158
292,0.9002262908008162,1.2740975969050112
293,0.9072207366088564,1.2635031176358922
294,0.9082493314378131,1.2565919583384773
295,0.9125694302932835,1.2530353509504297
296,0.9012548858504853,1.2559075671639175
297,0.9026949187409998,1.2562197279081597
298,0.9082493313274568,1.244526668773024
299,0.9127751491707898,1.240078301813298
300,0.9051635466198744,1.238814920977883
301,0.9088664882665209,1.2389462671268137
302,0.9113351162557518,1.2330350928580263
303,0.9061921415591873,1.2346053878801444
304,0.9086607695238945,1.223182165581021
305,0.9148323389145357,1.220351275017516
306,0.9035177945820938,1.2254660037828802
307,0.91647809084196,1.2113354199709065
308,0.9146266199266732,1.2133634334433547
309,0.9096893644632074,1.2121255724696411
310,0.9125694300480474,1.2110668284930801
311,0.9179181239777106,1.1979562466930789
312,0.9191524377700062,1.1943727150740286
313,0.91277514903591,1.1948342961898142
314,0.9234725366500002,1.1787728170533407
315,0.9080436123150706,1.1924100051664859
316,0.9117465543418332,1.1907079887105663
317,0.9162723718540974,1.1828748481162314
318,0.9150380580372782,1.1822807541160372
319,0.9166838099401788,1.1834814854301903
320,0.9189467186717873,1.1714634230244285
321,0.9181238429655731,1.1648629123942398
322,0.9162723720748099,1.165838030208116
323,0.9207981898077867,1.1586181069077643
324,0.9228553794657,1.156412736694157
325,0.9160666528417112,1.1590931469264576
326,0.9222382227228247,1.1517906317223348
327,0.9207981895625506,1.1506345519752714
328,0.9203867515868254,1.1463374448788801
329,0.9251182883076647,1.14181153667829
330,0.9279983542726207,1.1355008471284327
331,0.9242954124910943,1.1354878721500077
332,0.9238839744050129,1.132543361645573
333,0.9251182885529009,1.1284634507847675
334,0.9245011314789569,1.134287028615795
335,0.9255297264182698,1.1307729571426242
336,0.9230610986742751,1.125538904636001
337,0.9325241718707176,1.1121449954616167
338,0.9286155112362084,1.1142255226983575
339,0.9245011314544332,1.1165888564033877
340,0.9267640404558015,1.1153335424147377
341,0.9271754784315267,1.1034551406686528
342,0.9337584857978931,1.0976593715618286
343,0.9310841389802031,1.0989360248471112
344,0.930466982102448,1.0956947922191609
345,0.9234725365151203,1.1051131444712083
346,0.9372557087019132,1.0881273236889772
347,0.9302612632494653,1.0885800809385453
348,0.930878419967817,1.0861874668962597
349,0.9349927998599484,1.0796879250874272
350,0.9337584859082493,1.0735107622036741
351,0.9294383872980151,1.080265515700605
352,0.9372557085915569,1.0733755057399055
353,0.9335527670552667,1.074427509670811
354,0.9329356100916789,1.0717442603887195
355,0.9393128987154189,1.060471681134982
356,0.9405472125077144,1.0565197271247186
357,0.9339642050309918,1.063456428588062
358,0.9351985187129311,1.058242753745842
359,0.9354042377007937,1.0614291500638136
360,0.9403414936792553,1.0447338157366195
361,0.9374614275794195,1.0552338657249665
362,0.9364328326401066,1.0470357271801467
363,0.940135774421633,1.0420160540041425
364,0.9448673111424724,1.0352274939200192
365,0.9358156757010425,1.043409021443679
366,0.9384900227639685,1.0327220123212932
367,0.9475416582299221,1.0249557067180117
368,0.9384900227639685,1.036242173204106
369,0.943221559349928,1.0285533058057226
370,0.9378728656900246,1.028384196613581
371,0.9452787491181975,1.0204525969200628
372,0.9458959060817853,1.0154736434645772
373,0.9456901873391589,1.021789879642919
374,0.9479530959849347,1.0130463048916887
375,0.9419872453123963,1.015473518381882
376,0.9438387163380394,1.0068796716631991
377,0.9487759719118614,1.0027054185314057
378,0.939724336691144,1.0105965587244778
379,0.9358156756765189,1.0101504985551926
380,0.9428101212638466,1.0018965389791816
381,0.944867311166996,1.0020914654308963
382,0.9448673111424724,0.9973889527632802
383,0.9463073441678667,0.9918411858310868
384,0.9440444353013783,0.9928139232480705
385,0.9463073441678667,0.984361769473251
386,0.9403414935198519,0.9908469737716429
387,0.9473359391317032,0.9829072401715365
388,0.9471302202541969,0.9860116235637488
389,0.9487759719118614,0.9756770588026888
390,0.9502160050721355,0.9706328063314281
391,0.9446615923998459,0.9828581695594898
392,0.9454844682164164,0.9756976250291631
393,0.9444558731667472,0.9744318048053012
394,0.9489816909242476,0.9708180853035979
395,0.9483645341813723,0.9682378032231522
396,0.9450730302406912,0.972395112388935
397,0.9473359391071796,0.9665396254363312
398,0.9430158403620654,0.9694284852015533
399,0.9561818554749143,0.9501670181591848
400,0.948570253034355,0.9566591880346517
401,0.9555646985113265,0.945473379471792
402,0.9491874098875865,0.9551790047883743
403,0.9481588150586299,0.9498777941185073
404,0.9508331620357233,0.945050460582063
405,0.9479530962056472,0.9502888698804479
406,0.9491874101328227,0.9462715181100764
407,0.9483645339606599,0.9452761519325538
408,0.9512446000114485,0.9433230495065408
409,0.9500102859493931,0.9398766363802528
410,0.9535075088779369,0.9304458518696282
411,0.9491874101328227,0.9345412405153725
412,0.9541246657311684,0.9319673592209007
413,0.9565932934506394,0.9265238660104332
414,0.9522731948404051,0.9256615245496753
415,0.9526846327916066,0.9251558698638676
416,0.9549475415477388,0.9187935950137588
417,0.9586504833292652,0.9114100328077385
418,0.952890351669113,0.9178374030295283
419,0.9547418228051123,0.9141892121422318
420,0.9578276076230511,0.9083149909016723
421,0.9545361035720136,0.9062224772211407
422,0.9535075086327007,0.9144292878555286
423,0.9580333265005574,0.9063297155045158
424,0.9588562024520076,0.9005712582431833
425,0.9570047314263646,0.9019600491150003
426,0.9572104506594633,0.8977710748866516
427,0.9551532605356013,0.9056693198896195
428,0.9530960707918554,0.899540161551872
429,0.9611191111836161,0.8893449368042309
430,0.9561818557201504,0.8994738493429685
431,0.9553589797687001,0.8971744717773746
432,0.9555646985113265,0.892307784142403
433,0.9563875744627769,0.8975455024389052
434,0.9557704176095454,0.8909879360172489
435,0.9563875745976567,0.885679962126911
436,0.9561818557201504,0.8892077355320084
437,0.9559761364870517,0.8810431631693892
438,0.9619419871350665,0.8779916282520204
439,0.9570047316716007,0.8803781034450574
440,0.9605019542200284,0.8726694514368375
441,0.9565932936958755,0.8722361173926007
442,0.9596790782685781,0.866932423240828
443,0.9586504833292652,0.8699141126237173
444,0.9639991770136923,0.8624844586523048
445,0.9584447645866387,0.8651041703394866
446,0.959884797366797,0.8607375643499053
447,0.9578276076230511,0.8607020753691947
448,0.9578276076230511,0.8672947666694588
449,0.9586504833292652,0.8635940278319512
450,0.9586504835745013,0.858804622125145
451,0.9639991770136923,0.8531757428969309
452,0.9582390453535401,0.8573818410455727
453,0.9596790783789344,0.8553072215598003
454,0.963793458136186,0.8487402819307025
455,0.954947541658095,0.8490094846964029
456,0.9598847972564407,0.8483615848930303
457,0.9633820201604608,0.843833544854641
458,0.9580333263656775,0.8468787726662429
459,0.9658506479044555,0.8384218356953166
460,0.9658506480148118,0.829676995832129
461,0.9600905162443033,0.8408709000324767
462,0.9670849619419872,0.8297730414152783
463,0.9619419873803027,0.8314341614580381
464,0.9648220532103787,0.8323594516281532
465,0.9648220530754988,0.8276497515060607
466,0.9660563671375543,0.8235263039829849
467,0.9639991771240486,0.826897374410439
468,0.9617362682575602,0.8252491983605177
469,0.960296235477402,0.8254574175063437
470,0.9679078380283175,0.8179610603337817
471,0.9635877391483234,0.8207788777998802
472,0.962764863196873,0.8193194284602905
473,0.9652334909408677,0.8130763322697381
474,0.9639991771240486,0.8155458203266491
475,0.9609133921957536,0.8158215533384838
476,0.9677021187952187,0.8128609510513766
477,0.9605019544652645,0.8157923646827608
478,0.9629705821847356,0.8120658676753292
479,0.9629705823196155,0.8051804450651521
480,0.9600905162443033,0.8114881468662826
481,0.9607076734531271,0.8063396229172067
482,0.9617362683924401,0.8073643045375387
483,0.968524994881549,0.7979462546126094
484,0.9672906808194935,0.7963654568621563
485,0.9631763010867656,0.802816365425343
486,0.9677021187952187,0.7928709407643364
487,0.9674963999177124,0.7915497282678957
488,0.9654392099287303,0.7913537911612466
489,0.9668792430890045,0.7882114787745246
490,0.9633820201604608,0.7927531852836939
491,0.9635877392832033,0.7951523419442772
492,0.9639991771240486,0.7886252216879808
493,0.9660563670026744,0.7863698246007691
494,0.9654392100390866,0.7868717185657864
495,0.969142151820613,0.7754555169237761
496,0.9654392101739665,0.786091502962032
497,0.9693478708084756,0.7794359782747073
498,0.9703764657723122,0.7764325539189292
499,0.96461633397728,0.7804498600631161
