epoch,categorical_accuracy,loss
0,0.5184118494934026,5.0091146759672
1,0.5046286772146462,4.702106452091219
2,0.5052458341169249,4.538821676537177
3,0.5128574368395057,4.332431572402267
4,0.4924912570165867,4.231095995782359
5,0.4974285127314195,4.176908717384016
6,0.5136803127725633,4.03221015482865
7,0.511417403838635,3.9580464256175185
8,0.514091750656325,3.898962114259947
9,0.4974285126639796,3.890893175140425
10,0.5118288416304331,3.833112977262731
11,0.515326064540584,3.7823821999511216
12,0.5171775353393837,3.760047035486064
13,0.5155317836633265,3.7228741557037504
14,0.5241719809512351,3.703250776419201
15,0.5167660974494912,3.676398421824898
16,0.5206747582250111,3.6568497476006847
17,0.5282863607084867,3.6146097091018747
18,0.5157375025837492,3.6245680533669855
19,0.5282863607759266,3.5992444088811664
20,0.5182061305055401,3.5800325467345697
21,0.5350750875102716,3.5563015259482
22,0.5227319480361969,3.540241965637411
23,0.5066858672036283,3.5357969237364655
24,0.5309607076610564,3.521422678932342
25,0.5126517175818833,3.5033804112759865
26,0.5324007405331782,3.4834609618772574
27,0.5379551532483842,3.468951145628062
28,0.5252005758905479,3.4586816827742264
29,0.5239662619633725,3.4603988170329494
30,0.539189467151036,3.430334796632815
31,0.5371322772540175,3.4206167323381855
32,0.5284920796963493,3.416560833357509
33,0.5291092367948168,3.4069205761642474
34,0.5334293354908838,3.388151140228708
35,0.5326064594536009,3.372457779770745
36,0.5272577659898863,3.3706559810685515
37,0.5297263938442373,3.3479429640610063
38,0.5389837480773407,3.3434640216964726
39,0.5385723103039355,3.324659183127869
40,0.5342522114239414,3.326004054805816
41,0.5556469860942097,3.30655003658319
42,0.5379551533587404,3.303653826269194
43,0.5410409380663228,3.2881142907710608
44,0.5468010696161189,3.27174076654371
45,0.5550298293513345,3.262587434052195
46,0.5453610367010807,3.255666880518339
47,0.5616128367422245,3.241764466621777
48,0.5535897963075475,3.234904357077923
49,0.5673729683533295,3.2181268993460868
50,0.5546183912223368,3.214862891465787
51,0.5640814647927644,3.2046950256792615
52,0.5595556468145515,3.195249145007923
53,0.5723102241969114,3.1783197572068946
54,0.5525612014724599,3.1743069738302916
55,0.5605842419991006,3.1671010282544336
56,0.5712816291227186,3.141624627106476
57,0.5712816292392058,3.1398899327136687
58,0.5673729684698168,3.132141699199445
59,0.5684015632926425,3.1178960793304284
60,0.5784817938573124,3.106500342951172
61,0.580950421601307,3.099056302360781
62,0.5877391481762486,3.080686376016833
63,0.5846533633583099,3.0763698978891
64,0.5930878421059118,3.0576272242796616
65,0.5930878421059118,3.045720412588443
66,0.5922649660195816,3.040136988676519
67,0.5943221557633275,3.024649237291579
68,0.6011108824976725,3.0099334029154727
69,0.5926764040198303,3.0116794384008965
70,0.5908249332394234,2.9966756623606945
71,0.5908249331535907,2.993369648226542
72,0.5912363709699124,2.981534432393733
73,0.5932935608485382,2.9716677100195903
74,0.591030652227286,2.9616862430760853
75,0.60090516337493,2.942646656868218
76,0.6062538570838807,2.934663103480713
77,0.6113968318049688,2.9239734537536237
78,0.6076938899743952,2.911181578541018
79,0.6140711787820623,2.9006992927967974
80,0.6060481383167307,2.895287427311693
81,0.6146883356966028,2.8729041647798264
82,0.6130425836833459,2.8668639287613127
83,0.6173626825204236,2.8602379097219504
84,0.6260028798941648,2.834785349647147
85,0.6278543509811169,2.828363093445022
86,0.6146883356966028,2.8277608946109845
87,0.6307344167744076,2.811038385470496
88,0.6245628469791267,2.7987048199235156
89,0.6311458545907292,2.7871632617678914
90,0.6360831104343111,2.7847072653406517
91,0.6332030448004239,2.7719616545642065
92,0.6369059862508815,2.755875855604579
93,0.6295001029330648,2.749729950715916
94,0.6439004318382092,2.729342182975962
95,0.6383460193007995,2.7273027023840433
96,0.6418432422048196,2.71614410440217
97,0.6465747787049464,2.7024318146327966
98,0.6434889940831966,2.6942445327901616
99,0.6455461838759897,2.6825707173597615
100,0.6548035382439732,2.6727047618880877
101,0.6661180825518914,2.6604459101808975
102,0.6449290269369256,2.6606562709003976
103,0.6515120346098372,2.643592572854738
104,0.6617979839171335,2.6350721908778083
105,0.6607693890881768,2.62435474235858
106,0.6556264142812561,2.610482703901274
107,0.6613865458065284,2.604680188078371
108,0.6632380167218154,2.595177853850518
109,0.6628265789913264,2.581672260187899
110,0.6718782144572798,2.5691774136685117
111,0.6640608928939782,2.5613431920732546
112,0.6694095866029288,2.5462689651821995
113,0.6681752725163499,2.5438601019646843
114,0.6790783790937791,2.524688101481862
115,0.6772269081417068,2.524778695931481
116,0.6768154699452692,2.5072715060746713
117,0.681135568911096,2.500931161834585
118,0.6805184116777484,2.4931664470781687
119,0.6782555029706635,2.491919639546595
120,0.683604196495687,2.474032299382724
121,0.680312692935122,2.464476878298234
122,0.7002674347577922,2.447794336959723
123,0.6877185763878185,2.4438297738756227
124,0.6873071382772136,2.4344192541472047
125,0.691421518169345,2.420026131359007
126,0.6883357334862862,2.416085360153691
127,0.6916272371572075,2.4056074270076944
128,0.6862785434727805,2.3993135973446362
129,0.6994445585611058,2.3874884427170087
130,0.6930672699618894,2.3813664882768206
131,0.7076733182104888,2.367790473633111
132,0.7045875333680265,2.3613910686820163
133,0.6947130221100262,2.3589998786034
134,0.706439004369146,2.339299516259974
135,0.6961530548901843,2.3439044827322144
136,0.707673318320845,2.3321916698011638
137,0.7068504423939184,2.3160059665902804
138,0.7052046904419705,2.312545325623155
139,0.7089076320027844,2.296471315704484
140,0.7019131864399804,2.302788586264357
141,0.7196050193716386,2.2820302225684608
142,0.7041760955026576,2.277135571784086
143,0.7119934170659592,2.2719586272221046
144,0.7099362271873334,2.256455601549178
145,0.710347664942346,2.2539689229413136
146,0.7263937461918162,2.235500602363142
147,0.7214564905321615,2.2273421445468697
148,0.7245422751661731,2.227828984740241
149,0.7272166221677901,2.214656166617357
150,0.7224850854714744,2.2120581484458937
151,0.7226908044348134,2.199870372451252
152,0.732153877876492,2.191986027580062
153,0.7329767538279424,2.182803378137535
154,0.7311252830230118,2.173151443142431
155,0.7379140092914082,2.164554209945575
156,0.7325653158522172,2.1594139850818923
157,0.7370911335606704,2.1519654673623636
158,0.742028389159016,2.136908630852934
159,0.7381197286103395,2.1340814618214834
160,0.7467599259902116,2.1224899775597863
161,0.7296852499976175,2.129551901686856
162,0.7393540422064462,2.1138276208749254
163,0.7426455460122475,2.103814467165456
164,0.7393540423168025,2.099816635542263
165,0.748405677782756,2.0905007424851894
166,0.750668586673768,2.0801407364360887
167,0.7484056777582323,2.0750228561165156
168,0.7529314955402563,2.0675863016537006
169,0.7512857435883085,2.061392453613901
170,0.7531372146997842,2.0519878064573267
171,0.7502571486980428,2.044954305518142
172,0.7570458754078642,2.039138110962652
173,0.7576630323714519,2.0339820152985855
174,0.7531372147243078,2.0276833498975764
175,0.7554001233700837,2.016232097990055
176,0.7551944044925774,2.016621249272877
177,0.7702118903858332,2.0001904303290376
178,0.7642460398481746,1.9972315812596468
179,0.7626002881414629,1.991871976675847
180,0.7720633612765964,1.977521979840688
181,0.7700061714838032,1.9725611495814728
182,0.7747377081188099,1.9690950821025262
183,0.7761777413649168,1.955154261258472
184,0.757868751199911,1.9658549473967921
185,0.7636288827742306,1.9526798911507643
186,0.7798806830360869,1.9367760517694803
187,0.772886237338403,1.9312803770774334
188,0.774943427327385,1.925413864749225
189,0.7790578068639241,1.9192616097894233
190,0.7858465335492218,1.9125050594227424
191,0.7817321538164939,1.9067482365131672
192,0.7788520882071303,1.9025102107766674
193,0.7792635261828554,1.8931839188732893
194,0.774120551486291,1.8849434415098818
195,0.7839950626829822,1.885303948990383
196,0.7848179387693125,1.87750171195134
197,0.7876980044645087,1.8713436997787767
198,0.7837893436951197,1.8595269431893262
199,0.7946924499414801,1.8507866923442668
200,0.7864636907580458,1.8516931646376866
201,0.7891380374040704,1.8411511294612717
202,0.79078378950316,1.8399364747179068
203,0.7889323185020405,1.8338456329458708
204,0.7955153258929305,1.8232040055321461
205,0.7916066652952067,1.8164262421163995
206,0.7905780704049411,1.815494260947858
207,0.8008640195773575,1.803647481715868
208,0.7926352603326141,1.8034898425492454
209,0.7975725157715563,1.7989104338276904
210,0.8010697387614091,1.788001443201366
211,0.7963382020650933,1.7834097910898503
212,0.8023040525782282,1.7768071847451465
213,0.8055955563840295,1.7681687568298854
214,0.8103270930190362,1.765336300973121
215,0.8010697385652201,1.7578751113625177
216,0.8016868957495203,1.7548594574848828
217,0.8053898376168794,1.742154295958013
218,0.7971610778203547,1.7488392154956105
219,0.8167043818634887,1.7324329837558936
220,0.808064184459093,1.7323160849586727
221,0.8140300350212751,1.7209947946703843
222,0.8103270932642723,1.7147599672540375
223,0.8183501336315094,1.712148516419934
224,0.8107385312154739,1.7133072793692186
225,0.8080641841525478,1.7074564143331716
226,0.8173215388270765,1.693991316588566
227,0.811767126265143,1.7043505214021373
228,0.8074470272502691,1.6941694651727102
229,0.8175272577045828,1.6752373453914027
230,0.8257560171945624,1.6780067716844531
231,0.8146471919848629,1.673123508734704
232,0.8191730095829598,1.6672433838631435
233,0.8109442500684566,1.6645356878236692
234,0.821024480473723,1.6542861224986525
235,0.8202016047675088,1.6478426851772079
236,0.8222587945112547,1.6418427615665012
237,0.8218473566704094,1.6384736381178406
238,0.8202016045467962,1.635304581969394
239,0.8253445793291935,1.6366682974700206
240,0.8243159842795242,1.6222899372845956
241,0.8241102653161853,1.6255204156700218
242,0.8220530755479157,1.622491851335591
243,0.8323390249165211,1.6093395744128327
244,0.8234931084629539,1.6095235742332759
245,0.8343962147951469,1.5938507868070904
246,0.8327504628922463,1.5998962660724552
247,0.8304875540257579,1.5884887008258919
248,0.8294589591968013,1.5906667560001775
249,0.8331619010028514,1.5772440307941291
250,0.8370705617722404,1.5753987373037364
251,0.834807652905752,1.5758376867038875
252,0.8393334705283725,1.5704234160162545
253,0.844065007114332,1.5560858032139846
254,0.8397449084795741,1.5503878987784543
255,0.844476445090057,1.5528124140947597
256,0.8374819995027294,1.549018726209583
257,0.8490022628475574,1.5336746073534302
258,0.8407735034188869,1.5425150975158886
259,0.84283069321168,1.5364164960798818
260,0.8446821643231558,1.5245053699982312
261,0.854556675654727,1.5123362457082734
262,0.8415963793948609,1.521770607981263
263,0.8529109236169464,1.5040594080891831
264,0.844065007114332,1.5099897516335363
265,0.8446821640779196,1.5069546737045056
266,0.8485908249821885,1.5042465886959837
267,0.8461221971033139,1.497720597114516
268,0.8522937668740712,1.49327823127942
269,0.8566138655946618,1.4827015810458166
270,0.8522937666288352,1.4825811491805176
271,0.8656655008399028,1.4763817499017942
272,0.8572310223130134,1.4685002860402991
273,0.8621682781565952,1.4632846966027184
274,0.8518823288125135,1.4682723448566388
275,0.8623739970341016,1.4582682445789408
276,0.8568195843618118,1.4526102591924426
277,0.8588767742649612,1.4465118426399648
278,0.8644311871579634,1.4409746407873958
279,0.8605225263885744,1.4507350193769983
280,0.8592882123265191,1.4432489439382201
281,0.863608310961277,1.4312463101965978
282,0.861139683106926,1.439855340600774
283,0.8642254681455772,1.4209065757350063
284,0.8650483438517914,1.4279869079001277
285,0.8644311871334398,1.4198055614588365
286,0.8634025922186506,1.4140621037719623
287,0.8673112527428034,1.4094624691013444
288,0.8681341286942538,1.4078973193297144
289,0.8728656656603292,1.3956818870496563
290,0.8679284099271037,1.3947632120754758
291,0.875128574306105,1.391565747477836
292,0.8699855998057295,1.3890341528892713
293,0.8718370704757802,1.3840901362653182
294,0.8722485086722179,1.3829629179676528
295,0.8722485084515054,1.3710653486381317
296,0.87451141742835,1.3757708616105648
297,0.872248508476029,1.3711242179913767
298,0.8743056985508437,1.367460495207786
299,0.8806829871991072,1.3587366374180019
300,0.8817115821138966,1.3533990767678468
301,0.8813001441381714,1.3461704123439526
302,0.879242954038833,1.3449666008883556
303,0.8804772681008884,1.3408888811389255
304,0.8773914832829497,1.3404252317995968
305,0.8720427894881664,1.3457515278462886
306,0.887060275712491,1.3314367696057374
307,0.8718370705861365,1.3386866182389265
308,0.8913803744330815,1.3198110330401565
309,0.8882945897500227,1.3165493809963493
310,0.8798601110024208,1.3230429403920694
311,0.8874717137985724,1.3147425184375439
312,0.8928204073481196,1.3016705940937559
313,0.8850030856744616,1.3050252809075265
314,0.8909689365677126,1.302844677263757
315,0.8882945896396665,1.2977876233063812
316,0.8909689362611675,1.2951967578639565
317,0.8897346225301809,1.2894491103420873
318,0.8932318452993211,1.284066689232695
319,0.8889117464438507,1.2875891903304584
320,0.8919975315070255,1.2846738606709753
321,0.8940547211649388,1.2743776087848229
322,0.8903517796286485,1.2731227249648929
323,0.892408969396918,1.2676612008773012
324,0.8924089695072743,1.269582013612028
325,0.8991976960822158,1.264126420536053
326,0.8963176300314272,1.2577864393190306
327,0.8967290680071524,1.2600619855718684
328,0.9035177947169737,1.2466720233015551
329,0.8967290682278649,1.2519852557905269
330,0.8959061921660583,1.252168921157917
331,0.8991976961067394,1.2465431261052813
332,0.8981691009221904,1.2347798594671178
333,0.9010491668380991,1.2353511269606083
334,0.8998148530703272,1.2318750164975258
335,0.8971405059828775,1.235425977372407
336,0.8969347871298948,1.2295524062651269
337,0.9066035794245562,1.222988453354764
338,0.8971405059828775,1.215569714684713
339,0.9035177945820938,1.220333415155817
340,0.9045463896562866,1.2104843230532953
341,0.8991976959718595,1.2113693825528102
342,0.9074264556212426,1.2080213245210567
343,0.9061921416695435,1.2010434435071633
344,0.9018720427037168,1.203707813554476
345,0.9061921415591873,1.1958704380016958
346,0.9063978606819297,1.1945848217522552
347,0.908455050401152,1.1896460004560105
348,0.90351779482733,1.1909855385911585
349,0.9123637113054209,1.1746667764775915
350,0.9080436123150706,1.1806083406545673
351,0.9133923061589012,1.1766234214745832
352,0.9092779264874822,1.17789700898926
353,0.9047521086686728,1.1752702838671696
354,0.9101008023285763,1.1736062253068391
355,0.9113351162802754,1.1638882747772568
356,0.9090722074996197,1.1596301595656084
357,0.9140094630979653,1.1625571789208864
358,0.914626620061553,1.1521877471470239
359,0.9098950832058338,1.159160865160007
360,0.9152437770251408,1.1473430169263854
361,0.9135980249873602,1.1475977664179233
362,0.9098950833407137,1.1517108429167355
363,0.9101008023040527,1.1426507449400227
364,0.920386751611349,1.1371059295351773
365,0.9111293973782454,1.1402537763866714
366,0.9127751492811461,1.1359894465478058
367,0.9154494959026471,1.1275938103606589
368,0.9168895289280414,1.1296288413389355
369,0.9216210655140009,1.1234823760611607
370,0.9220325037349621,1.115259199886993
371,0.920592470574688,1.119258746201304
372,0.9158609337925396,1.1191681492747998
373,0.9197695948684738,1.1143939458546483
374,0.9183295617327232,1.1152413058393753
375,0.9173009670141228,1.109354300009471
376,0.9259411645043512,1.1062682583802426
377,0.9279983542480971,1.101551989326014
378,0.9183295618430795,1.1021990816035503
379,0.9193581566475125,1.0980925283616425
380,0.9175066860019854,1.099210806502111
381,0.9187409996839248,1.0940917136369481
382,0.9222382227473483,1.091620276332809
383,0.9230610984290389,1.084284378750975
384,0.9195638758806112,1.089728779715291
385,0.9242954124910943,1.083870826741595
386,0.9216210655140009,1.0838654490072426
387,0.9247068506016993,1.078565954745147
388,0.9214153466364946,1.0787303172200582
389,0.921621065759237,1.075318874363251
390,0.9261468834922137,1.0751527346742666
391,0.9284097923587021,1.0666593421611539
392,0.9224439417106873,1.067231761994761
393,0.9329356100916789,1.052427562807009
394,0.930466982102448,1.0597627633664128
395,0.928409792113466,1.0515577128163534
396,0.9257354454061323,1.0501575474384954
397,0.9251182885529009,1.0581997114305903
398,0.9282040733708395,1.0519918208013368
399,0.9319070150420097,1.048268486163028
400,0.934375642871837,1.0405091631316865
401,0.9302612632494653,1.0415033437518568
402,0.9265583212227028,1.0473531775699185
403,0.9296441060406415,1.0370059592246617
404,0.9351985188232874,1.0311124764016517
405,0.931289858078422,1.0339835257815668
406,0.93272989099346,1.0306741351380904
407,0.9341699237736182,1.0184157290249738
408,0.926969759198428,1.0325800870897544
409,0.9319070149071298,1.0237158144287943
410,0.930466982102448,1.0207820851428595
411,0.9335527668100305,1.0122711325937572
412,0.9325241721159537,1.0155226422346955
413,0.937049989628218,1.0079762001043484
414,0.9319070150174861,1.0135206817795872
415,0.9327298909689364,1.013690054698678
416,0.9312898581887783,1.011202693537316
417,0.9395186175929252,0.9969384312212798
418,0.934787080737206,1.002583456122809
419,0.9306727009799544,1.0000769608404823
420,0.9421929644351387,0.9873197369187047
421,0.9341699237736182,0.9972944945814285
422,0.9391071797275563,0.9873497096924742
423,0.9428101215090827,0.9808322095473689
424,0.9341699239084981,0.9950713141541794
425,0.9415758073366711,0.9898116810776476
426,0.9378728655796683,0.9813828056816505
427,0.9335527668100305,0.9876437366707681
428,0.9360213949341412,0.9761649650253158
429,0.9380785846533635,0.9778376924013116
430,0.9395186175684016,0.974137830945156
431,0.9397243364459079,0.9739018172129906
432,0.9423986832881214,0.9656120091523439
433,0.9378728656655009,0.9686881693222228
434,0.9403414934340192,0.9641650841820267
435,0.9419872453123963,0.9619239884697098
436,0.9395186177032815,0.968269767768097
437,0.936844270726188,0.9621686934934333
438,0.9376671465918057,0.9616701828062572
439,0.939724336691144,0.9610697503959021
440,0.9397243365807878,0.9515326350737295
441,0.9442501544241207,0.9528374462504369
442,0.9481588149482737,0.9461637047602056
443,0.9351985187129311,0.9486846630280461
444,0.9448673112528286,0.9443231675022057
445,0.9471302200089607,0.9382681223350993
446,0.9456901873391589,0.9393377680882483
447,0.9493931291206853,0.9306191578001624
448,0.9452787493634337,0.9351649277496181
449,0.9456901873391589,0.9367696362325523
450,0.947130220119317,0.9273975962867611
451,0.9436329972152969,0.9333585592312863
452,0.9426044023863402,0.9320440377577959
453,0.945073030130335,0.9248768533485168
454,0.9518617568401564,0.9144294675277893
455,0.9469245010210982,0.922523967071071
456,0.9440444354362582,0.9253997011112103
457,0.9456901870939227,0.9169241264631071
458,0.9440444353259019,0.9244569943927733
459,0.9450730301548586,0.9186928370587009
460,0.9440444353259019,0.9176651291385204
461,0.9469245010210982,0.9114553697853269
462,0.9520674758280189,0.9041787051193215
463,0.9481588149482737,0.9089889935298457
464,0.9456901870939227,0.9092803809334284
465,0.946513063045373,0.9033667378110715
466,0.9547418225598762,0.8975006737377487
467,0.9539189466084259,0.8930843739665553
468,0.9461016250696479,0.9056973159864983
469,0.9516560379871737,0.9002296191334994
470,0.9469245011314544,0.8964130431260378
471,0.9471302200089607,0.8950512011682416
472,0.9434272782274343,0.9008601409519339
473,0.9502160049372557,0.8887713691305903
474,0.9493931288999727,0.8863010002467594
475,0.9524789139386239,0.8844474985064412
476,0.9535075088779369,0.8826014235588141
477,0.9510388810235859,0.8831062943472879
478,0.952890351669113,0.8788713432834659
479,0.9508331620357233,0.8777096119100629
480,0.9537132276205633,0.8749618154326428
481,0.9572104506594633,0.8696473806857377
482,0.952478913803744,0.8724172129304388
483,0.9574161694020897,0.8680515921402802
484,0.9524789136933878,0.8683575419848948
485,0.9561818557201504,0.8668326074707732
486,0.954947541658095,0.8658539108400163
487,0.95823904548842,0.859506836645742
488,0.9565932934506394,0.8595563168389344
489,0.9592676403173765,0.8573555381693876
490,0.9495988478633117,0.8665369735826463
491,0.951038880888706,0.8598161295739939
492,0.9545361036823699,0.853374448192387
493,0.9561818557201504,0.8511775038144737
494,0.9539189468536621,0.8572974006621049
495,0.9592676404277328,0.844113682638689
496,0.9545361037068935,0.8512927790625894
497,0.9535075088779369,0.8510207897644184
498,0.9528903518039928,0.8487367186863171
499,0.9545361037068935,0.8444024751005387
