epoch,categorical_accuracy,loss
0,0.5272577657446501,5.320642317108989
1,0.5095659330337045,5.009232021363962
2,0.5048343960676289,4.816643216683035
3,0.5073030240568598,4.666527426848561
4,0.5124459987350316,4.5120466206206675
5,0.5155317834610067,4.4213449869153925
6,0.5044229582083909,4.290748107582913
7,0.512240279814609,4.190260448075204
8,0.5136803125457199,4.060412131766434
9,0.5161489406453069,4.018940369598759
10,0.5223205100359483,3.952174910202215
11,0.5225262292690469,3.896291199889945
12,0.530549269642415,3.8459963113823634
13,0.5163546593879333,3.8246885460361337
14,0.5157375025592256,3.7776696949283717
15,0.5079201810449712,3.7712194665521537
16,0.5198518823164772,3.724924428206465
17,0.5295206746356621,3.691020359107188
18,0.5258177330564555,3.6690904281434147
19,0.5274634848244762,3.621105856817952
20,0.5270520468916674,3.6200572543859333
21,0.5297263936235247,3.591793054417067
22,0.537543715272659,3.5573321379057496
23,0.5258177328296121,3.541658856451352
24,0.5385723102364955,3.5387476362629795
25,0.5321950214778757,3.513415607889109
26,0.5254062948784105,3.5186256877779103
27,0.5439210037615191,3.478949708326489
28,0.538160872217854,3.4578157335955084
29,0.5379551531135043,3.4565251337552456
30,0.5358979632594021,3.4353626524806145
31,0.5371322771865775,3.423385754702783
32,0.54001234312701,3.4067123438982874
33,0.5426866898343436,3.3891726633914336
34,0.5402180622252288,3.3807305831571735
35,0.5317835836186376,3.373717948110769
36,0.5480353835187707,3.3568135917591375
37,0.5533840772031977,3.336442769885774
38,0.5352808064061706,3.3312565507380665
39,0.5400123429921301,3.3307336959984046
40,0.5449495988602355,3.3126809044743584
41,0.559349928010616,3.289355159075607
42,0.5433038469328112,3.29402514324098
43,0.5509154494837267,3.2770746134357966
44,0.5570870190092478,3.268786982042116
45,0.5478296646473952,3.251933824670239
46,0.5577041761077154,3.243829378692291
47,0.5570870191441277,3.2285132295823935
48,0.5570870190092478,3.228623064573202
49,0.5550298291060984,3.2200001243994674
50,0.5521497633863786,3.2072844153150957
51,0.5455667557992996,3.2077752258816368
52,0.5527669204848461,3.189760508936537
53,0.5552355483208044,3.178235937650987
54,0.5663443734630639,3.169485231015791
55,0.557292738082943,3.1608064726923897
56,0.5620242749202695,3.1545186222788972
57,0.5723102243317912,3.1334277728633415
58,0.5649043406338585,3.138229137388087
59,0.5788932318820847,3.1176227010147386
60,0.5762188849417768,3.098941367193888
61,0.5774531988076432,3.0963037148396975
62,0.5753960089964574,3.0890020175471617
63,0.5655214977323261,3.0866940705233263
64,0.5747788521861422,3.0665838542825226
65,0.5646986216950431,3.0699078808643034
66,0.57560172791688,3.051033480720151
67,0.5838304875417394,3.033528110515529
68,0.5821847357001478,3.031395176363884
69,0.5848590823461725,3.0178950890374514
70,0.5743674141000608,3.0151364064662944
71,0.5797161077844878,3.0083792806039544
72,0.5758074470150988,2.998194808995275
73,0.5939107179040896,2.9834969693117
74,0.5770417608073944,2.9792752892263286
75,0.5918535279580238,2.9572259904523612
76,0.5862991153470432,2.9581369538043316
77,0.6027566344250967,2.9459651349331955
78,0.5996708497175143,2.9383762532167292
79,0.5969965027649445,2.9256638032716626
80,0.5959679077827154,2.921244175045168
81,0.5879448673848237,2.9161951055842597
82,0.6004937255586084,2.8919427855910893
83,0.6009051634239773,2.8868091001453724
84,0.5943221557878511,2.8850673679657075
85,0.6101625180801132,2.8625668235532395
86,0.6078996089867814,2.8565040304199263
87,0.6060481380714945,2.8474922024696068
88,0.613248302695732,2.834504931092238
89,0.6192141533192232,2.8232891997592584
90,0.6118082698420031,2.820178119666879
91,0.61077967503757,2.8121731305313658
92,0.6107796748168575,2.799744786217585
93,0.6134540218797836,2.7888046861357023
94,0.6210656243203427,2.7785886868702683
95,0.6260028798941648,2.7670599732519645
96,0.6360831104343111,2.755914666137193
97,0.6181855585393139,2.751847010094353
98,0.6208599052466475,2.743177295246136
99,0.6278543510056406,2.731398751867624
100,0.6270314751032374,2.723154283016215
101,0.6344373585314105,2.7105615438686135
102,0.6295001027981849,2.7036729307239424
103,0.6340259206905652,2.6906787994049677
104,0.6381403002884133,2.679951565620267
105,0.6408146472655066,2.6708660222845935
106,0.6358773914219249,2.6582170041395643
107,0.6432832748746214,2.6555787535563242
108,0.6412260852167082,2.6530685979038373
109,0.6426661180704373,2.6371847142704326
110,0.6578893230128646,2.6157315552810956
111,0.6426661179355574,2.6219128006599832
112,0.6550092573176683,2.603345139775593
113,0.6461633408395775,2.599775917317685
114,0.6541863814765744,2.586085916227628
115,0.6430775559112825,2.5820310514077707
116,0.6570664471962941,2.565882766818196
117,0.6515120345240045,2.563025185807304
118,0.6420489609719696,2.5596787694598686
119,0.6535692245375102,2.5460791297960466
120,0.6708496192972544,2.5291041036957798
121,0.6622094217579788,2.528206617148956
122,0.6622094218928587,2.5148403722056387
123,0.6685867103817188,2.511431644542108
124,0.6652952067107973,2.498023191858922
125,0.6626208598931075,2.489315836352592
126,0.6650894877229347,2.481322842060208
127,0.6757868751776216,2.472004072236024
128,0.6747582801769997,2.459796770588652
129,0.6698210245541304,2.4642592148387465
130,0.6751697182385574,2.4450053406016763
131,0.6821641636664817,2.442386900831755
132,0.6739354043359056,2.431902394572346
133,0.6819584448380226,2.4185228421839637
134,0.6873071383017372,2.415401903304316
135,0.6753754369811839,2.4024577454219895
136,0.6866899814730293,2.397869992270879
137,0.6764040320553767,2.3918585331933877
138,0.6757868752266688,2.3856731708391634
139,0.683604196495687,2.3730685192477776
140,0.691832956034714,2.358880234461119
141,0.6926558319861642,2.3520786898098374
142,0.6897757662664443,2.342237436582561
143,0.6957416169144591,2.3334449875676024
144,0.6928615509740268,2.3240395694866858
145,0.6959473359881544,2.322678413393075
146,0.7000617156350497,2.311521218407181
147,0.6980045256705912,2.306917309785571
148,0.6920386749980528,2.302909499699872
149,0.7012960296971051,2.2828933505996267
150,0.7012960295867489,2.2839052652630927
151,0.6977988066582052,2.273823374363896
152,0.697181649719141,2.263747031883408
153,0.6971816496946174,2.259313927538428
154,0.7150792017735417,2.2490468508813195
155,0.7202221763352263,2.2342471000319817
156,0.7150792018593743,2.2318551969538007
157,0.7021189056240318,2.226646554590228
158,0.7154906397737905,2.2151083547474055
159,0.7078790371983514,2.2116629760516964
160,0.7167249535415624,2.204733819535818
161,0.7138448879567224,2.1982235047729435
162,0.7185764245672055,2.1899617483429004
163,0.7226908041895772,2.176872633828275
164,0.7193993006290121,2.170905178845407
165,0.716724953762275,2.1599941787295958
166,0.7191935816656732,2.15901609512789
167,0.7243365564235467,2.1493812193475224
168,0.7163135155903609,2.142262141024274
169,0.7300966878629864,2.1333218942672425
170,0.7226908042754099,2.1272993671430576
171,0.7257765892527521,2.121502714965403
172,0.7247479942030829,2.1183425823961897
173,0.7181649867018366,2.110241324782396
174,0.7265994649589662,2.10188195480287
175,0.7321538777416122,2.0889530923478863
176,0.732976753852466,2.07603142325757
177,0.7321538776557796,2.0750301160873197
178,0.734622505730843,2.070941993224476
179,0.7463484880390101,2.051395699801795
180,0.742439827269621,2.0529169080630667
181,0.7403826372561154,2.0447355086262444
182,0.7453198931242208,2.038551273720668
183,0.7424398272450974,2.03133379650371
184,0.7414112322199519,2.0280445647617347
185,0.7467599258798553,2.01798284532013
186,0.7516971815885573,2.0109942416991746
187,0.7496399918448113,2.0048080774472834
188,0.7521086194539262,1.999280127324432
189,0.7475828018558293,1.9971998274951677
190,0.7566344374076154,1.985811858284108
191,0.7486113969300221,1.9812136454190818
192,0.7599259410172278,1.9640070044731952
193,0.7572515943957268,1.9621334294187902
194,0.7566344374076154,1.9521364435151976
195,0.7619831312023988,1.9475025610039935
196,0.7535486524793205,1.9460975747127098
197,0.7570458753833406,1.9414892642004111
198,0.7611602551405922,1.929317390249237
199,0.7644517589463935,1.921718388593533
200,0.7601316600050904,1.922333404988915
201,0.7621888500799051,1.9148461100153167
202,0.7737091132040206,1.903582580367667
203,0.7628060069331366,1.9020417142223365
204,0.7765891793406419,1.8898228475817485
205,0.7665089486656158,1.8891968584629617
206,0.7714462044478885,1.882312354421547
207,0.7716519234357511,1.8714442053735807
208,0.7728862372280467,1.871238586491112
209,0.7782349311331863,1.8616248356955112
210,0.7782349309983064,1.8566638885567497
211,0.7673318248868258,1.8552194650564093
212,0.7827607488661631,1.8437968032199692
213,0.7883151615384527,1.8332036690710993
214,0.7743262704741536,1.832377744785333
215,0.7788520879618942,1.825073384645176
216,0.7786463691579587,1.8269629836989831
217,0.7823493108659143,1.8160133326992873
218,0.78440650087942,1.8059340315428174
219,0.7817321539268501,1.8010031034171006
220,0.7858465335737455,1.7968356073013037
221,0.7872865665991398,1.7877692339278572
222,0.7897551944780143,1.787359901451569
223,0.7934581363453734,1.7761597959771125
224,0.7946924499660037,1.7698380119195816
225,0.7959267640893681,1.769460514282842
226,0.7992182678093368,1.7620325149564777
227,0.7918123844424728,1.755762458362591
228,0.8058012753718921,1.7474142367200727
229,0.7996297057605383,1.7443042779209141
230,0.7965439211633122,1.74188562070752
231,0.8053898375310469,1.7305744361347732
232,0.8020983337252455,1.7269966243299726
233,0.803949804726365,1.7186942199355069
234,0.7957210450769819,1.718950066024986
235,0.7922238223323653,1.7144396446585484
236,0.8138243158985327,1.7015870562847493
237,0.805389837641403,1.702139069724539
238,0.8037440855177899,1.7015104342134764
239,0.8049783993346091,1.6960346913833084
240,0.8078584654099213,1.6894078543342648
241,0.8078584653853977,1.681200828554208
242,0.810532812117255,1.674620848946845
243,0.8109442502278601,1.6676312185957265
244,0.8138243160334125,1.6594323524843149
245,0.8193787287915348,1.6489640161643375
246,0.8199958857796462,1.6468277646052791
247,0.8084756224593418,1.6492485060070896
248,0.8117671261547867,1.644816069906078
249,0.8154700679363133,1.6354443384918798
250,0.8296646780988313,1.6244906917125495
251,0.8202016047675088,1.6238115815266836
252,0.818144414692694,1.6186717699349502
253,0.8162929437528836,1.6155237766284312
254,0.8245217033777431,1.6065034902137485
255,0.814441473082833,1.6165017861933455
256,0.8251388602554982,1.5988682647517523
257,0.830281834927539,1.5972871587885136
258,0.8224645135236409,1.593853286180298
259,0.827401769097463,1.5883427501288836
260,0.8282246450489132,1.5838166825002762
261,0.8253445794640734,1.5820338451869693
262,0.8261674553051673,1.572761745713812
263,0.8337790576353703,1.5675790176007072
264,0.8376877186009483,1.558417893760711
265,0.838716313675141,1.560046933629684
266,0.8315161490999508,1.554704877801011
267,0.836041966612215,1.5468338998446516
268,0.8348076528812284,1.546105510510184
269,0.8317218678671008,1.5393340412026888
270,0.8473565108343005,1.532236293666379
271,0.8354248096241036,1.5321622284761895
272,0.8434478501752678,1.5247338398129233
273,0.8411849413946121,1.5220638600133423
274,0.8420078172357062,1.5197544925081905
275,0.8438592883471818,1.512500793152546
276,0.8448878830903058,1.5060434948635357
277,0.836659123551279,1.5088714355305128
278,0.8487965440558838,1.4944251817922194
279,0.840156346344943,1.5019225195537647
280,0.8518823288983461,1.4780134070289892
281,0.8514708907877411,1.4808698591198164
282,0.8502365769954454,1.4846041427181473
283,0.8599053691797506,1.47380866067102
284,0.8516766098001273,1.467160110045941
285,0.8506480148362907,1.4666520899349071
286,0.8477679491410945,1.4676981001963612
287,0.8518823288738225,1.4611911316070996
288,0.8557909895328553,1.454409795713827
289,0.8586710553629313,1.4484362549753351
290,0.8492079818108964,1.4462433078852586
291,0.85825961727685,1.4400261948565303
292,0.8588767744611502,1.4394746687745292
293,0.8605225263640508,1.432785843924911
294,0.8537337997891093,1.4275815863100203
295,0.8566138653739492,1.4277528237717751
296,0.8578481793011248,1.4200412815084578
297,0.8531166424944527,1.4214155925102525
298,0.864225468035221,1.4121383462661432
299,0.8640197491822383,1.4075378131729124
300,0.859699650191888,1.4061374017373693
301,0.8588767742404376,1.4100651602224175
302,0.863608310961277,1.4020009616156512
303,0.8664883769017094,1.3966861029412858
304,0.8668998147670782,1.3896099849631085
305,0.8681341289149663,1.3931344935639458
306,0.8668998148774345,1.382680161895391
307,0.8689570046211804,1.3719529693103627
308,0.8638140299736632,1.3739034072088867
309,0.8666940958895719,1.377752920036771
310,0.8753342935146802,1.366713357177739
311,0.8693684427317855,1.3628424634366485
312,0.8697798807565579,1.3546322262402402
313,0.8720427894391192,1.356329510815716
314,0.8747171363058563,1.3469979104817196
315,0.873688541587256,1.3530310381344135
316,0.8786257970752454,1.3358951566690673
317,0.8765686074418557,1.337501727879918
318,0.8695741617196481,1.3456511884480193
319,0.8786257970752454,1.332383786006073
320,0.8792429541491893,1.3170257191235233
321,0.8856202427729293,1.3125480672651493
322,0.8784200780873828,1.3206184612480953
323,0.8736885413665434,1.3272579576075996
324,0.8852088046868478,1.316258188678119
325,0.8858259618956718,1.3070178855914831
326,0.8847973669563588,1.3107217624829497
327,0.8796543922352708,1.3017732988191568
328,0.8833573337960846,1.2925574495036571
329,0.8808887060520899,1.296750952078712
330,0.8850030856744616,1.2914539697459146
331,0.8856202427729293,1.2862073403036514
332,0.882740176832497,1.2903958132080129
333,0.8952890353128268,1.2752560770479746
334,0.8891174654562369,1.2779008074077502
335,0.8889117464683743,1.2719867993127023
336,0.8893231844195758,1.270270644894992
337,0.884797366821479,1.2706710728223716
338,0.8917918124088067,1.2613482299446446
339,0.886237399736517,1.2662141438350587
340,0.8930261263359821,1.2537008351294794
341,0.8928204072377633,1.2494206470463212
342,0.8944661591161404,1.2478265035939644
343,0.8967290679826287,1.2407026039771742
344,0.8924089695072743,1.2416560420576033
345,0.8893231844440994,1.2453290991173975
346,0.8973462251056199,1.2397176936143124
347,0.8969347871053712,1.23415910991664
348,0.8963176302766633,1.2303843313567164
349,0.8940547211649388,1.2315362512856887
350,0.8948775971163891,1.2241545403305334
351,0.8963176301172598,1.22349848285719
352,0.8948775972022218,1.215716102515148
353,0.892614688360257,1.2186059066970218
354,0.9022834806549184,1.2046167052250736
355,0.8973462250565727,1.2086415708224436
356,0.9074264553760065,1.1992622121227448
357,0.8983748200449329,1.2024394314957607
358,0.9026949188758797,1.1965934167892152
359,0.9016663239365668,1.195455706774318
360,0.8989919771188769,1.1985907287319069
361,0.9024891997776608,1.1886913785961915
362,0.9043406705335442,1.1941411025091053
363,0.9086607692786584,1.1794953862719761
364,0.9014606048383479,1.1842252236044326
365,0.90002057178843,1.179490364595981
366,0.9066035794245562,1.1752030714331672
367,0.9043406705335442,1.1685023452489618
368,0.9084550504256756,1.1659522603456192
369,0.9086607695238945,1.160940071580538
370,0.9090722072543835,1.158661561599854
371,0.9086607695238945,1.1591480108377645
372,0.9055749845955995,1.1633098398896065
373,0.9012548858504853,1.1630877672313933
374,0.906603579559436,1.1540610747826832
375,0.9109236783903829,1.1498838426203082
376,0.9140094630979653,1.1375042860018965
377,0.9103065212060826,1.1450365225588484
378,0.9039292326926989,1.1401702113123102
379,0.9138037441101027,1.1366615498956156
380,0.9103065212060826,1.1401462683925851
381,0.9148323391597719,1.1316794909657923
382,0.9039292328030551,1.1407921368436689
383,0.9144209009633342,1.123045153564888
384,0.9144209010736905,1.1219194324584048
385,0.9173009667934103,1.116578501650542
386,0.9098950833407137,1.1213573931029146
387,0.92264966056367,1.109393298196783
388,0.9199753138563364,1.1079826131079868
389,0.9135980250118839,1.1121695229262145
390,0.9146266199266732,1.1100892483562728
391,0.9193581567823924,1.0989157856062493
392,0.9226496604778374,1.0982923925818056
393,0.917918123756998,1.0964937263544488
394,0.9109236783903829,1.1057601531232195
395,0.9152437770251408,1.092340772128895
396,0.9144209011840467,1.0940005652234035
397,0.9148323390494156,1.093664249209459
398,0.9201810328441989,1.0785618884355976
399,0.9160666530869473,1.086282467135822
400,0.9232668176621377,1.077247297020759
401,0.924089693613588,1.0777992692854002
402,0.9234725366500002,1.0717412708129836
403,0.9228553795515326,1.0692524400372438
404,0.9179181239777106,1.0747014683133118
405,0.9261468832469776,1.0587377500641961
406,0.924501131344077,1.062692662443896
407,0.9179181238673543,1.0655137040050549
408,0.9214153467713744,1.062324677909556
409,0.9189467188066672,1.0629031933327562
410,0.9271754784315267,1.0556734112451363
411,0.9286155111013286,1.0484842192952561
412,0.9242954124665707,1.0495953534003075
413,0.9257354455410122,1.0473134468867684
414,0.9228553796864125,1.0450497520874862
415,0.9306727009799544,1.0417282664219163
416,0.9290269493222899,1.0385461907846842
417,0.9279983542480971,1.035132310697508
418,0.924089693613588,1.039707729610929
419,0.9286155112116848,1.028215749669384
420,0.9247068503564632,1.0366632208071773
421,0.9265583214679389,1.032737553524299
422,0.923472536539644,1.0316372462148848
423,0.9220325036000823,1.0260120424756394
424,0.9271754782966468,1.0244610755685375
425,0.9294383872980151,1.0215469853693113
426,0.9300555442616028,1.0158848126492268
427,0.9349927997250685,1.0138209458364673
428,0.9230610984290389,1.0165605798250263
429,0.9333470479815714,1.0087150673002059
430,0.9323184531280911,1.0056019521156865
431,0.9339642048961119,1.0049647157561556
432,0.9312898581887783,1.0025398845143878
433,0.932318452882855,0.9985918313651094
434,0.9310841389556795,1.0098996313480015
435,0.9286155111258522,1.0029027315354402
436,0.9302612630042292,1.0003469225507389
437,0.9341699238839745,0.9963995908494104
438,0.9372557088367931,0.987337956664445
439,0.9308784199923406,0.9907237594202697
440,0.9310841390905594,0.9883963942552295
441,0.9317012961645034,0.9886824534621609
442,0.9360213947992613,0.9809973409111621
443,0.9339642047857556,0.9789473340359766
444,0.9341699237736182,0.979168112546273
445,0.9358156757868751,0.9757204578629591
446,0.9351985189581673,0.9798420758140453
447,0.9345813619945795,0.9719545300226108
448,0.9430158403620654,0.9613954685298878
449,0.9292326683101525,0.9711294129806594
450,0.9395186177032815,0.9626281002474724
451,0.9409586506183195,0.9638328274884015
452,0.9356099569338924,0.9677475380740571
453,0.9393128987154189,0.9556718498462268
454,0.9345813617493434,0.9618400787282103
455,0.9411643694713022,0.9572571899831552
456,0.9345813617493434,0.9574827283921249
457,0.9360213949096176,0.954747629420695
458,0.940958650397607,0.9496646297000068
459,0.934375642871837,0.9534695124434875
460,0.9358156758113988,0.9516110876366278
461,0.9374614278246557,0.9463246401335765
462,0.9374614278246557,0.9449307061448261
463,0.942192964545495,0.9387134001152526
464,0.9405472125567617,0.9407344451536247
465,0.9417815264594136,0.9337109702037112
466,0.9430158403620654,0.9334846600365967
467,0.9403414935198519,0.9363871980194103
468,0.9389014606048138,0.9337556838891163
469,0.9413700885940447,0.9311240198704912
470,0.9389014606048138,0.9256622026153514
471,0.9389014607396937,0.926166393878994
472,0.9393128986050626,0.9282441255217887
473,0.9409586503730833,0.9212464579484316
474,0.9432215594848079,0.9233235522837974
475,0.9386957416659985,0.9223820355860104
476,0.9434272783377906,0.9174287481161822
477,0.9423986833984777,0.9183923808102548
478,0.9421929643247825,0.9127868923525878
479,0.9450730302652148,0.910949440876463
480,0.9423986835333575,0.9084726520537153
481,0.9421929644106151,0.9065345380316544
482,0.9442501541788846,0.9033562617644291
483,0.9399300556790066,0.9069225751085798
484,0.9465130632906091,0.9008144865529426
485,0.9454844683512963,0.9004866737344338
486,0.9483645339606599,0.8943369502369893
487,0.9500102858390369,0.8907777390664459
488,0.9442501544241207,0.8970636808192919
489,0.9430158403620654,0.8940092738310855
490,0.9426044025212201,0.9007610947942076
491,0.9463073441923903,0.8886966495890599
492,0.9397243365562642,0.8938863310910037
493,0.9479530960707674,0.8879969280042219
494,0.9489816910100802,0.8866398906639098
495,0.9436329973501768,0.8848588732602886
496,0.946513063045373,0.888994047644697
497,0.9463073440575104,0.8830082132060497
498,0.9450730302652148,0.8766088760382255
499,0.942192964545495,0.880311526859329
