epoch,categorical_accuracy,loss
0,0.5130631556740957,5.296618103956495
1,0.5066858672036283,4.864565209434052
2,0.5073030241488233,4.573156105591617
3,0.5142974697361511,4.374936545147765
4,0.5110059658629098,4.2584529115299805
5,0.509154494947623,4.134807407255159
6,0.519234725309973,3.9881175177942403
7,0.5099773708806806,3.8443117394807333
8,0.5194404443223593,3.806802300753551
9,0.5262291708053373,3.759512592112422
10,0.5177946924133278,3.6738148559589145
11,0.5210861962007363,3.6205745146515387
12,0.5210861962681762,3.590063752325639
13,0.5163546594124571,3.5419220393686426
14,0.5204690392371486,3.493008711877072
15,0.527463484842869,3.4451756997747056
16,0.5204690391697087,3.4226504062777363
17,0.5214976341090215,3.3787267519549267
18,0.5278749228002014,3.3619043949184486
19,0.5214976342193778,3.3443775112259613
20,0.5149146267181315,3.3562327233196605
21,0.5223205101524354,3.2858639421151072
22,0.5198518822919536,3.3078815688372787
23,0.5182061305055401,3.2673841584148144
24,0.5321950215453156,3.2200835950333895
25,0.5313721457226143,3.225682209853012
26,0.5245834190189238,3.2219497285931964
27,0.5105945279484937,3.197061339515493
28,0.5270520470020237,3.17084227641211
29,0.5262291709218244,3.1661955813423788
30,0.5223205101708281,3.1510780971498065
31,0.5385723101690556,3.1125193098351143
32,0.5330178975396822,3.1086200533813715
33,0.5344579304301966,3.09464713777198
34,0.5338407736014888,3.08926915990009
35,0.541452376042048,3.076287319522364
36,0.5369265581741913,3.064974242830149
37,0.5476239456595327,3.0302544250284247
38,0.535075087418308,3.044466302365929
39,0.5389837482735297,3.0210284353945633
40,0.5321950216127556,3.0421675028954973
41,0.5354865253940332,3.021401772845358
42,0.5447438798478493,2.99875015369832
43,0.5385723103039355,2.9894830864217883
44,0.5278749228431178,2.997406814304847
45,0.5400123432373662,2.9723066182520084
46,0.5396009051758084,2.968306495534665
47,0.5430981278345923,2.9610870587828226
48,0.5521497635028657,2.9508426791722577
49,0.5498868545198902,2.9271953067669676
50,0.5430981280553049,2.9336591693899363
51,0.5332236164846285,2.936344643527896
52,0.5443324419824804,2.9133961379246025
53,0.5488582594947446,2.9101780533569874
54,0.5393951862737785,2.9067532510527907
55,0.5465953507140889,2.8820552885765354
56,0.5484468215190195,2.8828759843786664
57,0.548446821610983,2.8782327271763424
58,0.5502982925446626,2.865472879411752
59,0.5463896316158701,2.8607277906963646
60,0.5484468216048521,2.859329042844727
61,0.5548241103389483,2.8508623611090775
62,0.54371528486562,2.841136314083681
63,0.5433038468224549,2.8347541333422006
64,0.5502982923852591,2.819360715963791
65,0.5579098951630179,2.81425794258306
66,0.5484468216293757,2.8078733856504874
67,0.5651100596033284,2.793355793404594
68,0.5630528697430952,2.7869262291653807
69,0.5632585887309578,2.777481198237281
70,0.5665500925858064,2.771141500292529
71,0.5628471508655889,2.7641175609879767
72,0.5556469863149223,2.7598636943453796
73,0.5612013988768556,2.7502841939653444
74,0.5712816292392058,2.7394839871250976
75,0.5614071179566817,2.7356450082441093
76,0.5614071177298383,2.724368978542351
77,0.5616128368280572,2.725851760433427
78,0.5554412670818235,2.7168762968342337
79,0.5552355482043172,2.712565086476966
80,0.5772474799056133,2.6890994640712114
81,0.5751902900085948,2.6828685441494873
82,0.568401563452046,2.682835369879168
83,0.5704587531957919,2.6720224907064214
84,0.5749845709532923,2.6602578954278773
85,0.5690187203911101,2.6558133625881193
86,0.574573133112447,2.650394080033937
87,0.5801275456008095,2.6415744160360037
88,0.5813618595770322,2.6271176377924057
89,0.5848590824810523,2.623586897643057
90,0.5811561406566096,2.6169273058246425
91,0.5790989507105438,2.616062216296703
92,0.5793046697658464,2.6006597526964645
93,0.5955564699112155,2.5893008619687903
94,0.5848590824565287,2.5862101312773484
95,0.5865048342245495,2.574223906580398
96,0.5990536926435703,2.5623990579093836
97,0.593704998916227,2.558302539338106
98,0.5924706850074442,2.553187405663345
99,0.5817732976631136,2.5495727684634675
100,0.5941164370452247,2.535162347747671
101,0.597407940851026,2.535498115266456
102,0.5908249329941873,2.5219833364312088
103,0.5953507509724002,2.5158739397491945
104,0.5934992799712807,2.511139832806425
105,0.5920592470562426,2.4977146558520285
106,0.6033737913641609,2.489563891485968
107,0.6006994444361147,2.485152805128649
108,0.606253857194237,2.4750450256797323
109,0.602345196424848,2.4654229376399943
110,0.6111911127925826,2.4582540529349584
111,0.597407940851026,2.459857485711734
112,0.6025509154127106,2.4519453330237146
113,0.6072824522500371,2.4432711110294565
114,0.6153054926601905,2.425987778806657
115,0.6031680723762983,2.421654462176717
116,0.6095453609816456,2.4116989794740755
117,0.6183912774597365,2.4103083977407938
118,0.6311458546397765,2.389745384399549
119,0.6144826167332638,2.392491390959664
120,0.6253857229551006,2.3811055523111753
121,0.6202427483934161,2.3762793025468216
122,0.6188027155887342,2.3695700504092665
123,0.6356716725689422,2.3611239384437535
124,0.6295001027123522,2.351545384479045
125,0.6140711787820623,2.3491737283911878
126,0.6295001029575884,2.337288543830264
127,0.6212713434430852,2.3347324161121468
128,0.6325858876406472,2.321713980419894
129,0.6332030447145912,2.313781495399373
130,0.6262085991272635,2.3120752685576695
131,0.6329973257512522,2.2988160288743438
132,0.6336144825799601,2.293282079883035
133,0.6292943839513331,2.284724748421539
134,0.6428718371196088,2.2701442826311666
135,0.6270314750787138,2.273709910221488
136,0.6451347460351444,2.263308258072336
137,0.6484262497305895,2.253748890549723
138,0.643283274899145,2.248306957740054
139,0.6358773914709721,2.2425687710362388
140,0.6420489611926822,2.2329812417229467
141,0.6443118699242907,2.2332022710975563
142,0.6473976548771092,2.2251348516083236
143,0.642048960947446,2.2182290130278575
144,0.6482205308530832,2.2094248476599354
145,0.6601522320142329,2.201420193124617
146,0.646780497938045,2.202336234434277
147,0.6449290269369256,2.1938059881277425
148,0.6580950420007272,2.1780934979753273
149,0.6558321331342388,2.173384354943921
150,0.663443735954914,2.1641534748599254
151,0.6646780496123298,2.155637380297452
152,0.6613865459414083,2.153012024279706
153,0.6490434065592973,2.1530965731679057
154,0.657066447085938,2.1406302281893517
155,0.6671466777119168,2.1355514360587553
156,0.6638551736608794,2.122936151077217
157,0.664883768624716,2.1206770642650787
158,0.6696153054804351,2.110578225537402
159,0.6677638346755046,2.1051884704449373
160,0.6687924293695814,2.105299641335116
161,0.6622094220277386,2.0966394508211144
162,0.6650894876984111,2.090943435464124
163,0.6679695534426546,2.086623672054913
164,0.6663238017604666,2.0799076478193386
165,0.6739354042010257,2.072843071659561
166,0.6689981486272037,2.0647482123548566
167,0.6749639991403387,2.0549451045797724
168,0.6745525611891371,2.0486615296622603
169,0.6838099156184295,2.051056992588306
170,0.6749639990299824,2.037720531893473
171,0.676404031969544,2.0296883659582523
172,0.6782555030564962,2.027662396112162
173,0.6827813205442368,2.0202971071010998
174,0.6893643284010754,2.0116122707470137
175,0.6821641636051726,2.006245144084019
176,0.6829870396669793,2.0025284739586335
177,0.6897757661315644,1.9942641785006983
178,0.6846327915453563,1.9932316903640301
179,0.6885414524496252,1.9844468359936414
180,0.6916272370468514,1.9724857052322573
181,0.6947130218402664,1.9671119664142565
182,0.6940958648766786,1.964473916777513
183,0.6977988067930849,1.957562009191052
184,0.693684427121666,1.9537216849936254
185,0.6967702117434158,1.9424377860809103
186,0.7000617158557623,1.9447742124026608
187,0.690804361095401,1.9376296477905395
188,0.6998559966717107,1.9281937858740064
189,0.6947130218402664,1.9221812204381759
190,0.6994445585856294,1.918729770921724
191,0.7058218472093694,1.9110471776325844
192,0.7070561611610684,1.9068984850962156
193,0.6986216828548916,1.9050761284933146
194,0.704998971257919,1.9049715139178724
195,0.7134334498706411,1.890780439766266
196,0.7064390041484334,1.8848183505502265
197,0.7037646573307436,1.880326839539034
198,0.7029417816000058,1.872112227035535
199,0.7066447233815322,1.8693110180891876
200,0.7091133511255269,1.86485937980192
201,0.7101419459544835,1.85774469753274
202,0.7156963586022496,1.8535282177288477
203,0.7235136803862637,1.842186692687519
204,0.7078790370634716,1.8444660399779693
205,0.714050606944585,1.8435558949054403
206,0.7185764244323256,1.8309817706035307
207,0.7231022424963712,1.8220213172956152
208,0.7202221764210589,1.8225364035182812
209,0.7202221763352263,1.8162605041487427
210,0.7241308374356841,1.80730304046561
211,0.7237193992392464,1.8031997007000375
212,0.7284509358497294,1.8015313782679203
213,0.7255708702403659,1.7924649429233004
214,0.7270109030940949,1.7896187076890353
215,0.7305081258141879,1.775658761589303
216,0.7255708701545333,1.7782498765104569
217,0.7278337789106654,1.7704354108446692
218,0.7309195637899131,1.7728739145041934
219,0.7337996296445128,1.758343497364395
220,0.7243365562273577,1.7662076541019354
221,0.7383254475982021,1.750939967209997
222,0.7438798600497792,1.746301887310525
223,0.7364739767074389,1.7381620428930509
224,0.7391483232185836,1.737947908332627
225,0.73626825760922,1.7375812533950885
226,0.7370911335606704,1.7277062952800484
227,0.7428512650859427,1.718007398863139
228,0.7364739763763701,1.7170011417975128
229,0.7327710346806763,1.720088208121445
230,0.7348282245838257,1.716759794412192
231,0.7426455462574836,1.7033241709866316
232,0.7438798602091827,1.7024330669311651
233,0.7391483235496524,1.692231844811007
234,0.7473770827330868,1.6921830969910345
235,0.740382637280639,1.6929752770776834
236,0.7500514295753004,1.6800363259755935
237,0.7496399917099315,1.6744239008787163
238,0.7506685865388881,1.6706250054285472
239,0.7484056778931122,1.6668409203531516
240,0.7551944046029336,1.6595313767792388
241,0.7510800247353258,1.6604870762066741
242,0.7582801893105161,1.649095745298554
243,0.7562229994318903,1.648672333839768
244,0.7535486524793205,1.647623940667751
245,0.756017280554384,1.6418038758935323
246,0.7578687511140784,1.6371460523263979
247,0.7663032298371567,1.6272984378697377
248,0.7481999587948934,1.6321372263128928
249,0.7539600904550456,1.6214383975931264
250,0.7648631970079512,1.6195931340215433
251,0.7619831312023988,1.6162623822308941
252,0.7634231639212479,1.6126421796664905
253,0.760131660090923,1.6061244669874812
254,0.7644517589709171,1.6022742464080855
255,0.7743262701430847,1.5897485384894996
256,0.7634231638722007,1.5936259464628042
257,0.7658917918614315,1.5867650196449767
258,0.7704176093736957,1.582610880781706
259,0.7671261058989632,1.5790876782350005
260,0.7700061716432067,1.5822042005343144
261,0.7735033945227032,1.5651012559997475
262,0.7638346018479258,1.574804644897577
263,0.7650689160203374,1.5670779751936759
264,0.7681547007769671,1.5563533008405148
265,0.7669203869111006,1.5614824384555137
266,0.7763834601565904,1.5534951081125856
267,0.7718576426198026,1.5470143558801974
268,0.7802921211221684,1.5386202171539922
269,0.7796749639378681,1.5385947632117665
270,0.7743262703637973,1.54071018453538
271,0.7802921207910996,1.5336911418854369
272,0.777617773948886,1.5321655640556007
273,0.7778234930225812,1.5228422529239807
274,0.7823493106697254,1.5210144410185351
275,0.7811149967425499,1.514652995679683
276,0.776177741033848,1.5200869839418525
277,0.7899609134168297,1.5014471208772109
278,0.7885208806366716,1.5038876849127218
279,0.7829664678785493,1.5012724130052129
280,0.7776177742554312,1.5000782124276661
281,0.7844065007690637,1.4953467917770937
282,0.7981896728700238,1.480172531346288
283,0.7899609135517096,1.4863324849062607
284,0.7844065007690637,1.4825901011090494
285,0.7893437564777656,1.478590782692687
286,0.7957210450401966,1.4653341020485227
287,0.7946924499414801,1.4682420415413329
288,0.800041143956976,1.4583098794226537
289,0.7934581361001373,1.4683591919753611
290,0.7942810120761112,1.457309756841073
291,0.7901666323188596,1.4542245645381815
292,0.794281011965755,1.4507098659471434
293,0.7951038881133942,1.442951666207697
294,0.7924295413202279,1.4428585901890143
295,0.802921209541816,1.4411398764623828
296,0.7975725157960799,1.4391664926762002
297,0.7981896729558565,1.4291134186669943
298,0.8023040528234644,1.428169483217382
299,0.7992182680055256,1.4298134191956842
300,0.798189672735144,1.4176116952236923
301,0.8010697387859327,1.4174462026883683
302,0.7988068297845644,1.4214030646218412
303,0.8055955566292656,1.4070946972842473
304,0.8016868956391641,1.4062639837327795
305,0.8062127132617846,1.4066640447133167
306,0.8082699034714792,1.403550691698785
307,0.8107385313258302,1.394676179729894
308,0.814647191849983,1.389233044797171
309,0.7994239869688646,1.3967420078309762
310,0.8109442500929802,1.3875506258726953
311,0.808269903226243,1.3881444352272974
312,0.8140300348005627,1.3760708473857306
313,0.8115614072772804,1.3808356011705962
314,0.8164986629859824,1.3621099079324737
315,0.807858465495754,1.37638289154471
316,0.8189672905950972,1.364824014910698
317,0.8208187616207403,1.359739636913834
318,0.8148529110830818,1.3583589919529147
319,0.8111499690563192,1.3547643915759857
320,0.8134128780576875,1.351620480151511
321,0.8119728449464605,1.3477133026193675
322,0.815675787034532,1.3499644006679294
323,0.8156757869241757,1.3460761218913615
324,0.8171158198392139,1.342356465304739
325,0.8224645134991173,1.3360270270838264
326,0.8111499690808428,1.3423508512117912
327,0.8202016047675088,1.3332671032254035
328,0.8263731742930299,1.328132480021196
329,0.8265788932808925,1.3213398448480693
330,0.8140300348005627,1.3300494029673497
331,0.8187615716072346,1.322471590916136
332,0.8210244806331265,1.3173650824663155
333,0.833367619990714,1.3080451219961295
334,0.8236988274508165,1.3085133618127414
335,0.8346019335868206,1.2970918773305047
336,0.8335733386475077,1.2975415437218094
337,0.8280189260610507,1.2977318161923412
338,0.8304875540502815,1.2984508016771115
339,0.8306932730136205,1.2945279431083128
340,0.8298703971725264,1.2931692974725837
341,0.8288418019266683,1.2961630553675394
342,0.8360419665018587,1.2793102499340523
343,0.8378934375888109,1.278079347143544
344,0.8339847767090656,1.2692867198173854
345,0.8395391894917115,1.2710333172369093
346,0.8372762805148668,1.2744397865698383
347,0.8325447440392636,1.2742978450423577
348,0.8294589589760888,1.2657915218895146
349,0.8343962149055032,1.2663976054602606
350,0.8409792225171058,1.2602700060273708
351,0.8395391893813552,1.2551448794947415
352,0.8401563463204192,1.253443658241542
353,0.8360419668084038,1.2560448202422754
354,0.8317218678671008,1.2547439822099062
355,0.8395391896020677,1.2464076871122507
356,0.8380991564908408,1.242473820113665
357,0.8413906604069983,1.2334647611736933
358,0.8506480147259344,1.2356231568698848
359,0.840567784320668,1.2347160925764136
360,0.8393334705283725,1.234029874711389
361,0.840156346590179,1.2329646132900205
362,0.8461221969684342,1.229286592111154
363,0.843036412175019,1.2272763782949316
364,0.8436535691631304,1.222640263178397
365,0.8436535692489631,1.2155930997412578
366,0.850442295983308,1.2153784784851827
367,0.8420078173460623,1.219855699708888
368,0.8438592883717055,1.208534126516184
369,0.8508537339590332,1.2031831151540082
370,0.8496194198969779,1.206233495475088
371,0.8463279162260564,1.2069143510311138
372,0.8455050401642499,1.2041493276832673
373,0.850236576774733,1.2038360135198694
374,0.8483851058839698,1.1951282467770492
375,0.8539395184459031,1.1932897080219569
376,0.8533223617030279,1.1925281793142732
377,0.8545566757405596,1.1881109091559203
378,0.8522937666288352,1.1865038655466857
379,0.8524994858374102,1.1801106278922326
380,0.8570253033496744,1.1784288236276281
381,0.8615511209968185,1.1692337873074725
382,0.8545566757405596,1.1798133244364382
383,0.857848179546361,1.1716988939876984
384,0.8551738325937911,1.1690188026604793
385,0.8564081466067992,1.1681248823621837
386,0.8481793869819397,1.1707843723573745
387,0.853939518642092,1.1648239330901111
388,0.8613454022296685,1.1600588560349607
389,0.8524994856166976,1.1595726463437155
390,0.8634025919734144,1.1543041647424719
391,0.8578481795218373,1.1551483883531073
392,0.860728245376437,1.1505137673868266
393,0.8617568400459902,1.143525274735227
394,0.8640197490718821,1.1426328195021787
395,0.8634025920837707,1.1406996845095474
396,0.857848179546361,1.1465990945307518
397,0.8605225262782182,1.141203322790209
398,0.858465336485425,1.1427561352219118
399,0.8629911542429254,1.131865537502569
400,0.8738942605996421,1.1242023540411288
401,0.8607282452660807,1.1342674298581703
402,0.8615511213278874,1.1326325392188468
403,0.8613454022051449,1.1310883290334584
404,0.8718370707210163,1.1208153798535536
405,0.8619625592790889,1.129967390546777
406,0.8712199135121924,1.1165907716241008
407,0.8636083110716333,1.1143931729193701
408,0.8650483439008386,1.1178967484327236
409,0.8656655009502591,1.1121998110859268
410,0.8712199135121924,1.1055121506175198
411,0.8782143590995202,1.0979271670521789
412,0.86833984770664,1.1126881265218453
413,0.8755400124780192,1.1030765841267673
414,0.870808475560991,1.095097421667895
415,0.8691627238542792,1.099279456829196
416,0.8732771033662946,1.093292133108232
417,0.869985599585017,1.0952912160727841
418,0.8724542276600804,1.093727603048926
419,0.8722485086967415,1.0902347990672447
420,0.875540012232783,1.08316386063583
421,0.8716313517086302,1.0865901819204407
422,0.8720427896843553,1.0803638355547056
423,0.8773914832584261,1.0791511371336315
424,0.8747171364407362,1.07168228293711
425,0.8751285743919377,1.0747515206424278
426,0.8710141945243298,1.0756827606828192
427,0.8738942604647623,1.0787100777952692
428,0.8786257971856016,1.0601205726975498
429,0.8790372351613267,1.068203547098489
430,0.8819173009914029,1.056170827639591
431,0.8734828224890371,1.06006955558492
432,0.8780086403323701,1.0637240091289324
433,0.885620242662573,1.0628412828060905
434,0.8817115820280639,1.0502138138798327
435,0.8792429542840692,1.0596634780298753
436,0.8782143590995202,1.054798331336214
437,0.876568607172096,1.0575672360978188
438,0.8823287390774843,1.0518109504270643
439,0.8850030858093415,1.0471118274624762
440,0.8850030858093415,1.0433124022286655
441,0.8747171362813327,1.0508842250737258
442,0.8856202427974529,1.0390503008751633
443,0.8773914832584261,1.0385798989586124
444,0.8854145239199466,1.0280914889566939
445,0.8852088049075604,1.0357062559367158
446,0.8810944249541199,1.0416747119735235
447,0.8872659946758299,1.026593730715022
448,0.882740177077733,1.0294102217969128
449,0.8852088047972041,1.026684264174412
450,0.8872659946758299,1.0252919702759449
451,0.8897346226405372,1.025059108944053
452,0.8823287388567718,1.0296145062023807
453,0.8837687717963334,1.0235975106982287
454,0.8936432832995699,1.0121279163288006
455,0.8841802099682475,1.0176651911881696
456,0.8868545565897485,1.0161079729910472
457,0.8837687717718098,1.0158871401732068
458,0.8911746553348627,1.00968665167815
459,0.8954947541903331,1.0068024672541789
460,0.8866488378225984,1.0110219551000887
461,0.8977576629464652,0.9988263240691395
462,0.8880888706272803,1.0019302915776371
463,0.8895289036771982,0.996881065410833
464,0.8952890350921143,0.9992900561266195
465,0.8850030859442214,1.0045427795153934
466,0.8891174654562369,0.9997129975658119
467,0.8944661591161404,0.992065502951798
468,0.8934375644220636,0.9953594580277374
469,0.8889117465787306,0.9941258571859594
470,0.8901460605059061,0.9940157112234587
471,0.8880888707621601,0.987419137687895
472,0.8924089692620382,0.9880732438172413
473,0.8985805389224392,0.9761783101631766
474,0.8936432831892136,0.9819294230189006
475,0.8938490023977887,0.9815096730338377
476,0.8965233492400023,0.9793290550314921
477,0.8952890353128268,0.9816934972652018
478,0.9008434478747602,0.9726153121419316
479,0.8961119111539209,0.9709042484832384
480,0.8893231845544557,0.9782323008136871
481,0.9002262908866488,0.9645029022183053
482,0.89364328316469,0.973069724490235
483,0.8954947541903331,0.9661641976907405
484,0.9014606048138243,0.9610773206149519
485,0.9008434478747602,0.9601976949230336
486,0.9000205720336661,0.9602280735380977
487,0.8885003085171728,0.9686017226496
488,0.895700473288552,0.9600258287493767
489,0.8971405059583539,0.9587550410712312
490,0.8977576631671778,0.9605362491827397
491,0.9010491667522665,0.9529528200221734
492,0.8899403415180435,0.9570973053363045
493,0.8963176302766633,0.9498341901634387
494,0.9002262910215287,0.9458649258043658
495,0.8994034148248422,0.9517872330215923
496,0.8991976960822158,0.9475753776969745
497,0.8979633821550403,0.9484507653159483
498,0.8957004730678394,0.9432558361038557
499,0.9057807035834621,0.938414937035828
