epoch,acc,loss,val_acc,val_loss
0,0.5030674846625767,0.7165981126465437,0.5327198365227089,0.7093880430077238
1,0.6163087934560327,0.6823506468644172,0.5511247444372236,0.7056510455769264
2,0.66359918200409,0.653654398728002,0.5429447853370191,0.7053189348345641
3,0.6945296523517382,0.6205585071158067,0.540899795561968,0.7049456759220739
4,0.7359406952965235,0.5867132907752367,0.5603271983640081,0.7068035641574665
5,0.7384969325153374,0.5582205939634203,0.5419222903885481,0.7131690385395276
6,0.7612474437627812,0.5350586941393363,0.5470347648261759,0.717028414179211
7,0.7520449897750511,0.5182364524507815,0.540899795561968,0.7220887990329407
8,0.7816973415132924,0.48294905663024185,0.52556237231003,0.7345624804984329
9,0.7783742331288344,0.4708140418085828,0.5388548058478623,0.7391624117921467
10,0.7947341513292433,0.4498068871917413,0.5378323109603367,0.75044137763587
11,0.8126278118609407,0.42955789171113556,0.540899795561968,0.7596082727601923
12,0.8287321063394683,0.4084639710760799,0.5470347648871213,0.7688983597150854
13,0.837678936605317,0.39344151796495014,0.5419222908761117,0.7812520745829327
14,0.8381901840490797,0.3805697376255121,0.5419222903885481,0.7957094986989698
15,0.8450920245398773,0.36809514124700626,0.5347648261758691,0.8090094724072026
16,0.8553169734151329,0.35431127545779956,0.5378323108384458,0.822296926336542
17,0.8604294478527608,0.35465782088492304,0.5408997955010225,0.8371205843055662
18,0.8576175869120655,0.34649288776218284,0.5347648261758691,0.8516050233431389
19,0.8732106339468303,0.3333237342429795,0.5408997955010225,0.8667004681316134
20,0.8773006134969326,0.3235781078202105,0.5388548057869168,0.8825374220046529
21,0.880879345603272,0.3107497619583075,0.53476482629776,0.9029490584488539
22,0.8839468302658486,0.3069700293989513,0.5439672801635992,0.9307048418282975
23,0.8770449897750511,0.3033850122326966,0.5327198364617635,0.9475076606912359
24,0.8844580777096115,0.296646315505412,0.532719836400818,0.9695003256963562
25,0.8844580777096115,0.2876286488673926,0.5214723926380368,0.9910322971382999
26,0.8857361963190185,0.28696920547504856,0.5265848675632282,1.0174362700897248
27,0.8885480572597138,0.27969644302483226,0.5224948875255624,1.0394219043064703
28,0.8926380368098159,0.2767328537071166,0.5224948875255624,1.060252117720606
29,0.8997955010224948,0.2628558630957925,0.5276073619631901,1.0794993285508732
30,0.8977505112474438,0.2650247844572204,0.5214723926380368,1.1022000866189812
31,0.901840490797546,0.25672417251366536,0.5184049080364056,1.123168705675012
32,0.8992842535787321,0.2609689880490059,0.5214723926989823,1.1413270971282616
33,0.9033742331288344,0.2545066408218782,0.5163599182613544,1.1626048787727434
34,0.9074642126789366,0.24365361805830021,0.51738241314888,1.183085219991719
35,0.9074642126789366,0.2422772496633978,0.5112474438237267,1.2089668073537159
36,0.9069529652351738,0.24239591696511018,0.5173824132098255,1.2299076513766267
37,0.9105316973415133,0.2453387998852018,0.518404908097351,1.2513429804082297
38,0.9115541922290389,0.2390981507630436,0.5143149284863033,1.2686175027507947
39,0.9161554192229039,0.2256849150959943,0.51738241314888,1.2846780535146014
40,0.9120654396728016,0.2327657035401506,0.5153374234347743,1.3007257211427747
41,0.9143660531697342,0.22631066574397019,0.5143149285472488,1.3221140290574307
42,0.9207566462167689,0.21935174606572874,0.5132924335987777,1.3536351629073877
43,0.9271472392638037,0.2135793862898657,0.5143149289129214,1.3753907682949293
44,0.9153885480572597,0.2270428593478076,0.5194274028629857,1.4065134522861253
45,0.924079754601227,0.2158317372111455,0.5143149284253579,1.4372279271026331
46,0.9205010224948875,0.2150478433733825,0.5214723926380368,1.453226486354274
47,0.9281697341513292,0.20704429622564335,0.5204498977505112,1.4758141033488548
48,0.9192229038854806,0.21361545642460783,0.5153374233738289,1.5028740455280296
49,0.9256134969325154,0.20363632496636824,0.5122699387112521,1.5242582152470001
50,0.9215235173824131,0.21524495661929097,0.5224948875255624,1.551923506342804
51,0.924079754601227,0.2111415736575312,0.5204498978114567,1.5686900374348178
52,0.9217791411042945,0.20820597536359098,0.5163599182613544,1.5974163058345303
53,0.9243353783231084,0.20579663836273435,0.5194274029239311,1.6311664715378806
54,0.9297034764826176,0.1946126859490369,0.5194274028629857,1.6577990440259438
55,0.9304703476482618,0.19487500155691231,0.5306748471133305,1.690303679868
56,0.9251022494887525,0.19710215274054094,0.5255623720662481,1.7022858850795066
57,0.9317484662576687,0.19186209730331638,0.5204498976286204,1.7186733325810033
58,0.9261247443762781,0.19791153186059923,0.524539877788177,1.7317937085964927
59,0.9317484662576687,0.18576757407200606,0.5204498976286204,1.7527178818462816
60,0.9261247443762781,0.1929975269640394,0.5224948874036714,1.7837326165844813
61,0.9396728016359919,0.17530763752621376,0.5173824129660437,1.8028652316953506
62,0.9284253578732107,0.18271628006957547,0.5132924340253958,1.8416271538822198
63,0.9256134969325154,0.18764727168044185,0.5184049078535692,1.868406656573399
64,0.9271472392638037,0.18767093522721762,0.5143149289129214,1.8993310952722904
65,0.9279141104294478,0.18271106006177656,0.5173824135754981,1.910752964653608
66,0.9289366053169734,0.18255852181121615,0.514314928303467,1.9484318165691352
67,0.9261247443762781,0.18359736772158883,0.5184049078535692,1.964027676358057
68,0.9268916155419223,0.17926563901525822,0.5112474436408903,1.9608530330267908
69,0.9314928425357873,0.1738805427141716,0.5132924334159414,1.9786762259976751
70,0.9289366053169734,0.17479778091844117,0.5112474442503447,2.0017752930186763
71,0.9281697341513292,0.17555269653811775,0.5102249493628191,2.031328906067066
72,0.9274028629856851,0.17272906674258792,0.5204498982380747,2.057226294632582
73,0.9271472392638037,0.1790378790935368,0.5153374233128835,2.0873854309015725
74,0.9373721881390593,0.16464985309812433,0.5122699387721976,2.105412548061285
75,0.929959100204499,0.17001533237093552,0.5163599186879726,2.1093590149850203
76,0.9320040899795501,0.16934479191015592,0.5102249489971465,2.138553421921525
77,0.9322597137014315,0.16595766313206442,0.5102249489362011,2.156018775421174
78,0.9327709611451943,0.16811698562406568,0.5040899796719931,2.1806110536150163
79,0.9348159509202454,0.16405349232424013,0.5030674847844676,2.207509014991651
80,0.9381390593047034,0.1519391416497757,0.5061349693860988,2.2309768687484213
81,0.9327709611451943,0.16384027170013551,0.5132924335987777,2.2491660693428024
82,0.9343047034764826,0.16327489653491778,0.5102249489362011,2.2656227581827673
83,0.9406952965235174,0.15395212967276328,0.51738241314888,2.285335533458031
84,0.9335378323108384,0.162414885767886,0.5153374233128835,2.306969670430283
85,0.9381390593047034,0.15718082327144278,0.5224948880131259,2.310774566693296
86,0.9419734151329243,0.15368753162751655,0.5194274033505493,2.316073350867367
87,0.9394171779141104,0.15792501399365916,0.5184049078535692,2.3499355876860197
88,0.940439672801636,0.1525915092150614,0.5132924334159414,2.3714497684213525
89,0.9378834355828221,0.15816959757015017,0.5255623720662481,2.3906349228935007
90,0.9378834355828221,0.15747480962905416,0.5276073618412993,2.4166002926894734
91,0.9378834355828221,0.1483640682965456,0.5296523522258049,2.4222479924590066
92,0.9317484662576687,0.16505582856132453,0.5286298573382793,2.423598482077351
93,0.9368609406952966,0.1533731638867187,0.5245398773006135,2.4510531630252768
94,0.9348159509202454,0.15891013475771087,0.5224948875255624,2.472323668271242
95,0.9337934560327198,0.15328736353383718,0.5245398773006135,2.4970401318282924
96,0.9355828220858896,0.1553222590977429,0.5276073619631901,2.4963118449798145
97,0.9419734151329243,0.14980955589524564,0.5153374233128835,2.517432610681452
98,0.935838445807771,0.15461230520273278,0.5153374233128835,2.539793258795709
99,0.940439672801636,0.14828657153193936,0.5245398773006135,2.5643830864951167
100,0.940439672801636,0.1457549691474511,0.5214723926380368,2.577448809805092
101,0.939161554192229,0.1491774609179097,0.5245398773006135,2.5711651482221294
102,0.9383946830265849,0.15063924237262982,0.5204498977505112,2.605590139673775
103,0.9320040899795501,0.15633738784458495,0.5255623726757026,2.6255130738568453
104,0.9373721881390593,0.14681247005463866,0.5194274033505493,2.647789587028675
105,0.9350715746421268,0.14813829723798913,0.5224948880131259,2.648195606067868
106,0.9350715746421268,0.15535248934856952,0.5255623726757026,2.6648024479060575
107,0.9435071574642127,0.14644121083836614,0.5296523522258049,2.6718471230660965
108,0.9360940695296524,0.1514526476706464,0.5316973420008559,2.7103716508011146
109,0.9389059304703476,0.14181232254319884,0.5296523522258049,2.717284999254535
110,0.9371165644171779,0.14653712869117108,0.5286298573382793,2.7292647737179307
111,0.9455521472392638,0.1384901555525501,0.521472392516146,2.756437047127566
112,0.9409509202453987,0.1390121419188435,0.5204498982380747,2.7956127033155633
113,0.9353271983640081,0.15025205050875073,0.5265848675632282,2.839806299755666
114,0.9340490797546013,0.15305507600551246,0.5255623720662481,2.8498645755167145
115,0.9394171779141104,0.14557476995364288,0.5265848675632282,2.845177108768549
116,0.9394171779141104,0.14458823645895,0.5204498977505112,2.8773292393284584
117,0.9452965235173824,0.13862861293712764,0.5184049079754601,2.866401292551271
118,0.9371165644171779,0.14458980150749348,0.5235173829006515,2.8713977824447103
119,0.9381390593047034,0.1413916654747688,0.5194274033505493,2.8829362460684433
120,0.9355828220858896,0.14994848706970917,0.5235173829006515,2.872184026460706
121,0.9424846625766872,0.14296677708625793,0.5296523522258049,2.8859657392911386
122,0.9317484662576687,0.16039729884736134,0.5214723931256003,2.9164049917934864
123,0.9458077709611452,0.135322546110258,0.523517382291197,2.9042345999696257
124,0.9409509202453987,0.1447349531092283,0.5245398771787226,2.923916050261515
125,0.9460633946830266,0.13864913969805392,0.5224948880131259,2.9387108426396344
126,0.9442740286298569,0.14774210946082095,0.5255623726757026,2.9445669065955227
127,0.9432515337423313,0.14543794985319694,0.5296523516163504,2.976100300962452
128,0.9412065439672802,0.14247741231767191,0.5316973420008559,2.99392386594433
129,0.9445296523517382,0.14366154698750236,0.5265848675632282,3.0043863616350484
130,0.9394171779141104,0.1407189750720143,0.5286298573382793,3.0178151520727114
131,0.9488752556237219,0.13629430245250038,0.5296523522258049,2.9999216680390215
132,0.9458077709611452,0.13732388448008243,0.5184049084630237,3.037476831174823
133,0.9424846625766872,0.1428402544957241,0.5265848675632282,3.0707115892983654
134,0.9440184049079755,0.1381845984356535,0.5194274033505493,3.0913815054669214
135,0.9401840490797546,0.14562532287433835,0.5184049078535692,3.0987337820369043
136,0.9445296523517382,0.136473819582984,0.5153374231909925,3.107119687983351
137,0.945040899795501,0.13929369372214764,0.5184049078535692,3.0990508236524272
138,0.9406952965235174,0.1465142663179731,0.5224948874036714,3.1008445694890248
139,0.9396728016359919,0.1444137590977312,0.523517382291197,3.1124664908294055
140,0.9371165644171779,0.15408980568341438,0.523517382291197,3.1215880136548377
141,0.9371165644171779,0.14687062336745194,0.5163599186879726,3.144674093445386
142,0.9442740286298569,0.13970163976487937,0.5132924334159414,3.153308129749415
143,0.9447852760736196,0.14373509446444688,0.5173824129660437,3.164140047471216
144,0.9373721881390593,0.14627482698647523,0.5132924334159414,3.1698332886023026
145,0.945040899795501,0.13892382471717452,0.5081799595877681,3.220374851382827
146,0.9409509202453987,0.14334465941159028,0.514314928303467,3.2223234873851627
147,0.9396728016359919,0.14308078779033356,0.5061349698127169,3.243842022550618
148,0.9440184049079755,0.13834310970545302,0.4979550107125124,3.2631451615526634
149,0.946319018404908,0.13983208824002427,0.498977505600038,3.2732920393134433
150,0.9419734151329243,0.13808470123384628,0.49693251533742333,3.2857133011145097
151,0.946319018404908,0.13247139386238496,0.5030674846625767,3.302768348428613
152,0.941717791411043,0.14155789851715717,0.5010224948875256,3.3089302034709593
153,0.9406952965235174,0.13538074417226398,0.5143149284253579,3.3049031220574565
154,0.9401840490797546,0.13682262346544635,0.5081799591002045,3.30655899710938
155,0.9422290388548057,0.143182915321157,0.50920245398773,3.3186780948092847
156,0.9389059304703476,0.14155381070811812,0.5122699386503068,3.3239566870262287
157,0.9455521472392638,0.13908707367252474,0.50920245398773,3.3625048182005774
158,0.9427402862985685,0.1424310728145767,0.5122699386503068,3.367326222558207
159,0.9442740286298569,0.14505652787739026,0.5102249488752556,3.3800420375933187
160,0.943762781186094,0.1376029789630621,0.5132924335378323,3.412730206253582
161,0.946319018404908,0.13887498957430658,0.5173824130879345,3.390409685107584
162,0.9396728016359919,0.14085234524891665,0.5122699386503068,3.422035227523991
163,0.9458077709611452,0.13643231888916837,0.5122699386503068,3.4477284495815907
164,0.946319018404908,0.13352653312597781,0.5153374233128835,3.4723106269212343
165,0.9465746421267893,0.13247488375090383,0.5132924335378323,3.4548087115180515
166,0.941717791411043,0.13697573349093123,0.5102249493628191,3.5002700575534065
167,0.9458077709611452,0.1316472569172002,0.5132924340253958,3.50202928974097
168,0.9452965235173824,0.13502684299565532,0.5143149289129214,3.51107929771907
169,0.9424846625766872,0.14225190256270895,0.5122699391378703,3.528235581267343
170,0.939161554192229,0.14081175744167865,0.5122699391378703,3.5433811453953843
171,0.9452965235173824,0.13711012150246674,0.5204498982380747,3.540599385653537
172,0.9432515337423313,0.1388474927419046,0.515337423800447,3.5526701955463746
173,0.9442740286298569,0.13562223318286226,0.5132924340253958,3.544634336342841
174,0.9424846625766872,0.13721608317215261,0.5112474442503447,3.582876298568975
175,0.9445296523517382,0.13647997964379247,0.5214723931256003,3.5899302120832823
176,0.9468302658486708,0.1341247998467496,0.5173824135754981,3.5973954566417294
177,0.9458077709611452,0.1334943982995361,0.515337423800447,3.5950594392047095
178,0.9473415132924335,0.13345982207476728,0.5173824135754981,3.607022159670028
179,0.9427402862985685,0.13447342840440435,0.5173824135754981,3.6420572018574595
180,0.9445296523517382,0.13151451421935864,0.515337423800447,3.6583799238341475
181,0.9440184049079755,0.1408085325896618,0.5102249488752556,3.670615547273788
182,0.9422290388548057,0.1342211103024902,0.5081799591002045,3.6815805293787234
183,0.9445296523517382,0.1318422249672603,0.5030674846625767,3.693367077529065
184,0.9488752556237219,0.13463787678895797,0.5020449902626147,3.695444244548587
185,0.946319018404908,0.13541638717085794,0.5051124749251914,3.7244454741721746
186,0.9447852760736196,0.13539637946704658,0.5081799595877681,3.754935467413842
187,0.9460633946830266,0.13732345612502536,0.5102249493628191,3.7389648960168134
188,0.9447852760736196,0.14407415035921617,0.515337423800447,3.763753540433014
189,0.945040899795501,0.14038337754935087,0.5102249488752556,3.7661148560802875
190,0.9440184049079755,0.13625718455129363,0.5092024544752937,3.7531634825138958
191,0.9442740286298569,0.1335789383463333,0.5102249488752556,3.767047378914488
192,0.9429959100204499,0.14194188484872533,0.5102249488752556,3.764952399735558
193,0.9468302658486708,0.13154896487365714,0.5204498978114567,3.757707102410876
194,0.9491308793456033,0.1318739426830795,0.5143149284253579,3.738001065263963
195,0.9445296523517382,0.1385582045238686,0.5143149289129214,3.7309777692783097
196,0.9412065439672802,0.14016526276226668,0.5194274033505493,3.696209781252777
197,0.9501533742331288,0.13262413278343976,0.5224948880131259,3.69054285636465
198,0.9424846625766872,0.13866498258063886,0.5184049079754601,3.686961923396417
199,0.9445296523517382,0.13338796693854538,0.5245398773006135,3.6855405615395074
200,0.9427402862985685,0.13504884494106706,0.523517382413088,3.6667621901186456
201,0.9455521472392638,0.1343468330450097,0.5316973415132924,3.6737571050296776
202,0.9470858895705522,0.13372206818959953,0.5265848670756647,3.6929142494630716
203,0.9470858895705522,0.13060352728837352,0.5245398773006135,3.728146887020587
204,0.9481083844580777,0.1350975310570867,0.5184049079754601,3.7612300162910195
205,0.9452965235173824,0.13211557503736335,0.5214723926380368,3.779455290737815
206,0.9427402862985685,0.1321531662942198,0.5204498978114567,3.8110715099638957
207,0.9455521472392638,0.13729250087480846,0.5194274028629857,3.8150516594845825
208,0.9429959100204499,0.13927910521108436,0.5224948875865079,3.8303161647422184
209,0.9521983640081799,0.12680849180021656,0.5296523517991868,3.8424675323236697
210,0.9458077709611452,0.12978035574188507,0.5255623721881391,3.851628256721731
211,0.9468302658486708,0.13607654011292203,0.5143149284863033,3.8818994889717646
212,0.9550102249488752,0.12348113527449119,0.5112474438237267,3.881142257425195
213,0.9452965235173824,0.13199946744432234,0.5092024540486755,3.9260330546365436
214,0.9506646216768916,0.12763587310757862,0.51738241314888,3.9124897038278403
215,0.9414621676891616,0.14024591036826556,0.5194274029239311,3.8821269173807407
216,0.9486196319018405,0.13125222585409696,0.5255623721881391,3.8934500105298127
217,0.9414621676891616,0.14167844313663452,0.5296523517382413,3.880328272505528
218,0.943762781186094,0.13743950871480268,0.5286298569116612,3.9019620111383544
219,0.9447852760736196,0.1374878583205502,0.52556237231003,3.8882867812135222
220,0.9455521472392638,0.13662678381172913,0.5265848671975555,3.85591181801872
221,0.9455521472392638,0.13561671826005714,0.5265848671975555,3.8658049657544717
222,0.9486196319018405,0.1376249918177084,0.5245398773615589,3.8735803636305173
223,0.9435071574642127,0.1430508519974223,0.5214723926989823,3.9097855310498573
224,0.9475971370143149,0.138970605663361,0.5235173824740333,3.899271244407919
225,0.9460633946830266,0.139472302453162,0.5286298569116612,3.890603463830148
226,0.9440184049079755,0.1395187996068859,0.5214723926989823,3.9305664591018896
227,0.9470858895705522,0.1331018219894305,0.5245398773615589,3.932966458529295
228,0.9445296523517382,0.1383497040634994,0.5255623722490845,3.9173379753752475
229,0.9381390593047034,0.1416726185195529,0.5296523517382413,3.924968376237678
230,0.9432515337423313,0.13776524776330024,0.5378323108384458,3.916335037637098
231,0.9521983640081799,0.12678336426768078,0.5378323108384458,3.8783757281937237
232,0.9455521472392638,0.13636131627306128,0.5316973415742379,3.917174799554431
233,0.943762781186094,0.14144482858220006,0.5276073620241356,3.9275001884725684
234,0.9473415132924335,0.13432017368681592,0.5296523517991868,3.9212877058056477
235,0.946319018404908,0.13791176436015676,0.5347648262368145,3.923141307382252
236,0.9445296523517382,0.13242425892220197,0.5286298568507157,3.9417282189328247
237,0.940439672801636,0.14001135066425874,0.5276073620241356,3.9395622075944834
238,0.9478527607361963,0.1335240986754314,0.5276073620241356,3.937729896943262
239,0.9460633946830266,0.13326635501197023,0.5245398773615589,3.9464424763232895
240,0.9501533742331288,0.1313304862727417,0.5255623722490845,3.925816444775322
241,0.9483640081799591,0.1283676686157722,0.5286298568507157,3.9292861971630884
242,0.9452965235173824,0.13355541603300713,0.5306748466257669,3.9558138725460186
243,0.9496421267893661,0.12978376457296267,0.5276073619631901,3.9469226684063248
244,0.9491308793456033,0.13173028115937316,0.5255623721881391,3.929974230764346
245,0.9424846625766872,0.1358672846984766,0.5296523517991868,3.9411160902011613
246,0.9504089979550102,0.12907659623520507,0.5296523517382413,3.9495625222875055
247,0.9478527607361963,0.13600125116560843,0.5306748466257669,3.902328746694241
248,0.9529652351738241,0.12602568151151233,0.5296523517991868,3.944011909098713
249,0.9460633946830266,0.13018588023926828,0.5214723926989823,3.9546912672085752
