epoch,acc,loss,val_acc,val_loss
0,0.5401329243353783,0.7067780943248413,0.5480572598965378,0.7049816052118937
1,0.626278118609407,0.6867498595777952,0.567484662698578,0.7024411122735537
2,0.6658997955010225,0.6668706420496685,0.566462167750107,0.7009305304301053
3,0.6871165644171779,0.6454268802406842,0.5746421267893661,0.6988772958334238
4,0.7050102249488752,0.6227093674166315,0.566462167750107,0.6997561135418819
5,0.7241820040899796,0.5972549169341479,0.5552147240482712,0.7005963992243651
6,0.7354294478527608,0.5722916883193642,0.5582822086499025,0.7026332897155075
7,0.7684049079754601,0.5480614469095242,0.5541922295264183,0.7040644191769246
8,0.7847648261758691,0.5235435442202906,0.5490797550887906,0.710505856936207
9,0.7901329243353783,0.5035173320087675,0.5531697346388929,0.7160426834122048
10,0.8006134969325154,0.4889846563583015,0.5501022498544252,0.725322930968856
11,0.8190184049079755,0.46356428815299505,0.5541922294045275,0.7326380584868917
12,0.8208077709611452,0.4478306357114593,0.5531697345170019,0.7420158567847893
13,0.8320552147239264,0.4230159866054121,0.5398773004916061,0.753076338451089
14,0.8348670756646217,0.40945890832288623,0.5378323105946641,0.7647032534174149
15,0.8496932515337423,0.3883730393733471,0.546012270304323,0.7774891596142743
16,0.8476482617586912,0.38158931535933405,0.5460122696948685,0.7928620943750097
17,0.8517382413087935,0.3598471103209416,0.5419222901447662,0.8079780788753174
18,0.8553169734151329,0.35019066999904463,0.5378323105946641,0.8236757358402806
19,0.8668200408997955,0.3363297516461043,0.544989774807343,0.8400322549913558
20,0.8693762781186094,0.33191243322958486,0.5439672799198174,0.8528088195923648
21,0.86579754601227,0.31971398276297835,0.544989774807343,0.86820472700708
22,0.871676891615542,0.31303802754250043,0.5408997958666951,0.8855395226878379
23,0.8670756646216768,0.3024057362586686,0.5449897754167974,0.9062089960267938
24,0.8765337423312883,0.2870004400153833,0.5357873209415038,0.9200079686071244
25,0.8785787321063395,0.28150635287318004,0.5408997958666951,0.940530069157146
26,0.8816462167689162,0.27493751085609014,0.5419222907542207,0.9650047654266981
27,0.8834355828220859,0.2668576897226716,0.538854806091644,0.9832733907338788
28,0.8865030674846626,0.2635426022158079,0.5439672800417082,1.0101389321812824
29,0.8826687116564417,0.2593337443708642,0.5378323112041185,1.0232738636754042
30,0.8813905930470347,0.25693155514316324,0.5327198362789272,1.0451259116941192
31,0.8839468302658486,0.25752531988489114,0.5327198367664907,1.0700414918195493
32,0.878323108384458,0.2523723831571684,0.528629856606934,1.09750490076459
33,0.8870143149284253,0.24195596143024342,0.528629856606934,1.120909932200894
34,0.8905930470347648,0.23541679137323532,0.5316973418789651,1.1455066100463789
35,0.8877811860940695,0.23795226752636134,0.5296523516163504,1.1672591267187902
36,0.8847137014314929,0.23666611801383441,0.5276073618412993,1.1940640318369329
37,0.8893149284253579,0.22585442418457297,0.5214723930037095,1.2188818496185334
38,0.8987730061349694,0.22406874947508906,0.5265848668318829,1.2454160678606092
39,0.8962167689161554,0.22422705758324918,0.5316973412695106,1.2636028851224357
40,0.8949386503067485,0.2222701085003851,0.5286298572163884,1.288263398445457
41,0.8931492842535788,0.2252436346985811,0.5306748463819851,1.307020507829077
42,0.8819018404907976,0.22576666012375876,0.5419222901447662,1.3125492459913461
43,0.8916155419222904,0.21772269669973535,0.5439672799198174,1.3431412614196356
44,0.8928936605316974,0.2124894048660567,0.5408997957448043,1.3652067750021968
45,0.8905930470347648,0.21607767773795958,0.5419222901447662,1.3877873529198224
46,0.8939161554192229,0.2110559995189035,0.5398773003697152,1.4168475156912774
47,0.8954498977505112,0.2063417572276724,0.5306748469914395,1.446924098064563
48,0.8941717791411042,0.2018459903377209,0.5347648265415418,1.4661303273495476
49,0.9008179959100204,0.20522923983923008,0.5388548054821896,1.4829546748251028
50,0.8990286298568507,0.19680987350292245,0.5316973418789651,1.4989408953058208
51,0.8916155419222904,0.20491656475150025,0.5368098158290293,1.5288111255456578
52,0.8944274028629857,0.20144180785902682,0.5306748469914395,1.5506679057343606
53,0.8931492842535788,0.20521925801148444,0.5327198366445998,1.555819673406566
54,0.9026073619631901,0.1911005406413829,0.5276073623288629,1.5797048147714454
55,0.8928936605316974,0.2038813667916569,0.522494887891235,1.6047019539191436
56,0.8949386503067485,0.20522559490550027,0.522494887891235,1.6383864450552226
57,0.901840490797546,0.1881005324590913,0.519427402619204,1.6534556116306953
58,0.8941717791411042,0.19944701298065712,0.5316973412695106,1.6712482241277558
59,0.8888036809815951,0.19528711098103435,0.5276073617194084,1.6979336025524725
60,0.9054192229038854,0.18210396941576024,0.5316973412695106,1.7228382117665375
61,0.8893149284253579,0.1964293788425274,0.5286298572163884,1.7520244593269254
62,0.8987730061349694,0.18729183963425686,0.5388548054821896,1.7657302804519794
63,0.9038854805725971,0.1830488743226221,0.5378323110822276,1.790122002789823
64,0.9118098159509203,0.17675422747564218,0.5378323110822276,1.8185708509388634
65,0.9049079754601227,0.18169463351216542,0.5378323110822276,1.831858280490025
66,0.9138548057259713,0.17640240499578372,0.5296523519820231,1.8387816939617228
67,0.912321063394683,0.17687694874643548,0.5306748463819851,1.8562866473734256
68,0.9337934560327198,0.175246490999782,0.5429447855198554,1.873826155389501
69,0.928680981595092,0.1810900060067635,0.5357873213071764,1.8948239876692525
70,0.9307259713701431,0.1739670491352647,0.536809816194702,1.9159180791343893
71,0.9256134969325154,0.18619946663121262,0.5419222906323299,1.9372588132788067
72,0.9314928425357873,0.17566514120709556,0.5419222906323299,1.9656012972439725
73,0.9317484662576687,0.1749791027273381,0.5419222906323299,1.9856694083516095
74,0.9322597137014315,0.16771168625915464,0.5347648259320873,2.0190510252502065
75,0.9268916155419223,0.1742622738357458,0.5398773009791696,2.04234495923563
76,0.931237218813906,0.167164080957206,0.555214724292053,2.0544476771159648
77,0.929959100204499,0.17109468513775944,0.5521472390200219,2.074752861249179
78,0.9378834355828221,0.16723711820650686,0.5408997958666951,2.092620995878442
79,0.9309815950920245,0.1697903929053518,0.5429447850322918,2.117047161412385
80,0.9401840490797546,0.1640946328761875,0.5419222907542207,2.13356010899222
81,0.934560327198364,0.1701824098581673,0.5327198367664907,2.1521455442003434
82,0.9314928425357873,0.1627326884815481,0.538854806091644,2.1655041848467413
83,0.9424846625766872,0.15782276956947303,0.5378323112041185,2.2007219199022634
84,0.931237218813906,0.16830474205299878,0.5408997958666951,2.220559106770225
85,0.9383946830265849,0.1592649631126039,0.546012270304323,2.2311212922654025
86,0.9366053169734151,0.16228382120286028,0.546012270304323,2.2573432511590985
87,0.9399284253578732,0.15921264387103434,0.5439672805292719,2.273656240879636
88,0.9350715746421268,0.16296757562638303,0.5408997952572407,2.2900489997766256
89,0.9335378323108384,0.15534159029188332,0.5316973412695106,2.2972914170633794
90,0.9317484662576687,0.1646087055069781,0.5408997952572407,2.3073892333756194
91,0.9366053169734151,0.16486934581600085,0.5429447850322918,2.3194677604244287
92,0.9355828220858896,0.16576437816663753,0.5460122696948685,2.328278061924293
93,0.9373721881390593,0.1541448607888446,0.5388548054821896,2.3701447467862464
94,0.9381390593047034,0.15768476982423865,0.5316973412695106,2.4059949130855944
95,0.9378834355828221,0.15425411003864617,0.5419222901447662,2.4176290283905217
96,0.9412065439672802,0.15593938822029557,0.5357873208196129,2.435128640299682
97,0.9327709611451943,0.1610070259780728,0.5306748463819851,2.45651621369984
98,0.9348159509202454,0.15880159750306533,0.5337423310445618,2.4740831795889417
99,0.9371165644171779,0.15202322346301167,0.5306748469914395,2.4976002567872437
100,0.9307259713701431,0.16212951576295317,0.5276073617194084,2.502077691637909
101,0.9412065439672802,0.1457610709596509,0.5337423310445618,2.5160875283867306
102,0.9419734151329243,0.14689400106485637,0.5357873208196129,2.535255221989013
103,0.9284253578732107,0.16446073587930518,0.5337423310445618,2.539338875158189
104,0.9330265848670757,0.15948908171161308,0.5306748463819851,2.556143610267795
105,0.9363496932515337,0.15368329668855618,0.5265848668318829,2.5624949066673075
106,0.9340490797546013,0.1554589106840346,0.5296523514944596,2.5514012541020086
107,0.9335378323108384,0.1567734573455432,0.5347648259320873,2.5564762946286814
108,0.9363496932515337,0.15425021853488402,0.5316973412695106,2.5773556283646566
109,0.9348159509202454,0.15534454474419904,0.5368098157071385,2.5833713593902274
110,0.941717791411043,0.14731350620343886,0.5337423310445618,2.593706787241992
111,0.939161554192229,0.14835664133230844,0.5408997952572407,2.618509182900739
112,0.9401840490797546,0.15121063730224266,0.5388548054821896,2.6302340152561055
113,0.9399284253578732,0.14399631348855657,0.5357873208196129,2.656186334438363
114,0.943762781186094,0.1433922939596732,0.5337423310445618,2.6552457704622077
115,0.9424846625766872,0.1443233176121195,0.5327198361570362,2.663300857709717
116,0.9414621676891616,0.14503910336148276,0.5276073617194084,2.6989261770053385
117,0.9486196319018405,0.1392705680951019,0.5347648259320873,2.7184002691982716
118,0.9406952965235174,0.14190353501915687,0.5255623725538118,2.7314391016716364
119,0.940439672801636,0.14993988916445486,0.5327198367664907,2.752252457332026
120,0.9340490797546013,0.15369464291720547,0.5306748463819851,2.758661265265966
121,0.9368609406952966,0.14701490920867413,0.5316973417570742,2.783773058518798
122,0.934560327198364,0.15049693654224672,0.5357873208196129,2.7920602128549588
123,0.9371165644171779,0.14830134309264537,0.534764826419651,2.802581476043826
124,0.9406952965235174,0.14677626750830006,0.5316973412695106,2.8166352603089346
125,0.9368609406952966,0.15236426658303703,0.5255623719443573,2.815101036996198
126,0.941717791411043,0.14263303894816245,0.5235173821693062,2.832900809120303
127,0.943762781186094,0.1414056933486876,0.5276073617194084,2.8437821845579245
128,0.9406952965235174,0.14173486569785876,0.5224948872817806,2.877336897001676
129,0.935838445807771,0.14914929888121678,0.5132924332940505,2.9056761518334073
130,0.9412065439672802,0.14438270620529392,0.519427402619204,2.917514746905836
131,0.9337934560327198,0.14909475558801175,0.5153374230691017,2.94155168777107
132,0.9383946830265849,0.14476106062927616,0.521472392394255,2.953152769913703
133,0.9366053169734151,0.1408024253571265,0.5235173821693062,2.943833893062147
134,0.9386503067484663,0.14336583176761072,0.5204498975067294,2.9847812550199544
135,0.9432515337423313,0.13631139689549834,0.5235173821693062,2.9875424915052387
136,0.943762781186094,0.13659511314579315,0.5245398775443952,2.977672267789002
137,0.9381390593047034,0.14437838572178394,0.5306748468695487,2.9820506962774234
138,0.9355828220858896,0.1459943203289816,0.5224948877693442,2.9834411670825234
139,0.9399284253578732,0.14137217247047307,0.5194274031067675,3.000357669799118
140,0.9419734151329243,0.13642084796613954,0.5235173821693062,3.015882222442783
141,0.9381390593047034,0.1478204332551098,0.5204498975067294,3.012398469911275
142,0.9355828220858896,0.15273694678424934,0.519427402619204,3.039765388200132
143,0.9371165644171779,0.1490583740449025,0.5245398770568317,3.0412108008359353
144,0.9383946830265849,0.14553272492558922,0.5265848668318829,3.046078098088442
145,0.9396728016359919,0.14893439168335226,0.5204498975067294,3.0477345996595355
146,0.9389059304703476,0.14526684289695296,0.5184049077316784,3.039301950507369
147,0.9440184049079755,0.13470122597517412,0.519427402619204,3.0384044327862667
148,0.9401840490797546,0.14331654427241694,0.5173824128441528,3.0370372160812096
149,0.9386503067484663,0.13818991094340088,0.5173824128441528,3.052976621928147
150,0.9422290388548057,0.13676614690655822,0.5194274031067675,3.065573697197413
151,0.9383946830265849,0.14553429878074942,0.5153374230691017,3.057839307560755
152,0.9396728016359919,0.14076171066528206,0.5214723928818186,3.0655782134986365
153,0.9399284253578732,0.14001520124315484,0.5214723928818186,3.075320773817035
154,0.9353271983640081,0.14466583783641182,0.521472392394255,3.0809392556091026
155,0.9383946830265849,0.14703110032591107,0.5245398770568317,3.1163862517031182
156,0.9406952965235174,0.14480619184322396,0.5214723930037095,3.095646771429019
157,0.9401840490797546,0.138473804994412,0.519427402619204,3.1318603363992734
158,0.9419734151329243,0.14304519589449485,0.519427402619204,3.1400060838960675
159,0.9363496932515337,0.14233844989343167,0.5153374230691017,3.15205752045099
160,0.9447852760736196,0.13527823274608528,0.519427402619204,3.1558835911116963
161,0.9486196319018405,0.13477279155958893,0.5163599185660817,3.165021504604987
162,0.9401840490797546,0.14041182855125098,0.5224948872817806,3.1729844867086117
163,0.9399284253578732,0.13965028021598885,0.5245398770568317,3.175196190796991
164,0.9406952965235174,0.13922180811320345,0.5204498975067294,3.174800191920228
165,0.941717791411043,0.14376822117038057,0.5255623719443573,3.1618629011396004
166,0.9445296523517382,0.1404866757812188,0.5245398770568317,3.189288409697254
167,0.9422290388548057,0.13633840227907176,0.521472392394255,3.2133114918121777
168,0.946319018404908,0.13233397218469217,0.5276073617194084,3.206805042693951
169,0.9458077709611452,0.13227015355857116,0.5316973418789651,3.1966636334460206
170,0.9442740286298569,0.1308015490784967,0.5337423316540162,3.2055213697605094
171,0.9460633946830266,0.131759089286342,0.5316973418789651,3.2117437982364176
172,0.9445296523517382,0.13681304385478024,0.5337423316540162,3.2388504382779018
173,0.9442740286298569,0.13466367907898313,0.5265848674413373,3.259871764417075
174,0.9473415132924335,0.1344775095818172,0.5408997958666951,3.2520760171008742
175,0.9445296523517382,0.13397032363770686,0.5286298572163884,3.2657155656619548
176,0.9432515337423313,0.13325305088044187,0.5265848674413373,3.2717839594023848
177,0.9447852760736196,0.1353229992777292,0.5214723930037095,3.287621765536521
178,0.945040899795501,0.1345878140753276,0.5296523521039139,3.2905832572948714
179,0.9424846625766872,0.13615086506328455,0.5255623725538118,3.3234631776322128
180,0.9452965235173824,0.14098235227335207,0.5316973418789651,3.328006954037095
181,0.9373721881390593,0.14212383686399166,0.5327198361570362,3.331057334482548
182,0.9470858895705522,0.13087339342737492,0.5368098157071385,3.3340170003153795
183,0.9406952965235174,0.1400197182452508,0.5327198361570362,3.3345234264869146
184,0.9458077709611452,0.13783145310444822,0.528629856606934,3.3509506889159937
185,0.9447852760736196,0.1348699091463245,0.5378323105946641,3.352414857390468
186,0.9435071574642127,0.14183783683552575,0.5265848668318829,3.368163886733338
187,0.9381390593047034,0.14181477044745214,0.5296523514944596,3.3850077083505736
188,0.9488752556237219,0.1298606216008556,0.528629856606934,3.391977187314648
189,0.941717791411043,0.14085616540841772,0.5265848668318829,3.3992010781613837
190,0.9429959100204499,0.1356916034666551,0.5265848673194464,3.4229182195078374
191,0.9481083844580777,0.1299950122711361,0.5265848673194464,3.405452717545086
192,0.9440184049079755,0.13259939018994996,0.5265848668318829,3.407103794971614
193,0.9432515337423313,0.1366468840764344,0.519427402619204,3.3829821496897194
194,0.9452965235173824,0.13312466370212275,0.5245398770568317,3.42397769755381
195,0.9452965235173824,0.13790803760716763,0.5276073622069719,3.4472766987872756
196,0.9475971370143149,0.1293617700796064,0.5296523514944596,3.441299789522323
197,0.9447852760736196,0.13849005828362057,0.5255623719443573,3.444848691515152
198,0.939161554192229,0.14104333692868307,0.5276073622069719,3.438782117361915
199,0.9465746421267893,0.13649813471274386,0.5286298570944975,3.4374364263440933
200,0.9498977505112475,0.13122233352290585,0.5286298570944975,3.4635980258446284
201,0.946319018404908,0.13665213574539176,0.5296523519820231,3.469223713338497
202,0.9452965235173824,0.13721419008475383,0.5296523519820231,3.4722243388981417
203,0.9470858895705522,0.1371974516621884,0.5265848673194464,3.503540949099878
204,0.9427402862985685,0.14346056585419154,0.528629856606934,3.52210378841876
205,0.9442740286298569,0.1382785736600314,0.5296523514944596,3.540419856707255
206,0.9401840490797546,0.14175969770593388,0.5224948872817806,3.5345396846837547
207,0.9465746421267893,0.1334962529532139,0.5296523514944596,3.538291916769219
208,0.9432515337423313,0.1427605904044549,0.5265848668318829,3.5430786073329745
209,0.941717791411043,0.14106852553617247,0.5316973412695106,3.541166067610977
210,0.9458077709611452,0.1342390981523781,0.5357873213071764,3.548252260270538
211,0.9442740286298569,0.1404470524356409,0.5347648259320873,3.5444579931368367
212,0.9447852760736196,0.13639595077691147,0.5316973417570742,3.5585775285166954
213,0.9491308793456033,0.1357094348391141,0.5296523519820231,3.5787019371255044
214,0.9460633946830266,0.1368417876690687,0.5327198366445998,3.597280867016876
215,0.9481083844580777,0.1348489442181246,0.5327198366445998,3.6098139388429606
216,0.9442740286298569,0.13762110125098248,0.5286298570944975,3.6208997101871514
217,0.9447852760736196,0.13818915987459673,0.5316973417570742,3.613246281454168
218,0.946319018404908,0.13344880868442707,0.5224948872817806,3.610784813670293
219,0.9409509202453987,0.1398334420592751,0.5276073622069719,3.6109604199239813
220,0.9422290388548057,0.13503733248371777,0.5235173826568698,3.604968041973855
221,0.9455521472392638,0.13355286040768058,0.5214723928818186,3.629013731435764
222,0.946319018404908,0.13768694766155293,0.5235173826568698,3.639992075219964
223,0.946319018404908,0.13829532878164866,0.5184049077316784,3.65987133931041
224,0.9432515337423313,0.13797271330907546,0.5184049083411328,3.675635701308221
225,0.9381390593047034,0.13830854245490093,0.5163599185660817,3.679994485129608
226,0.9445296523517382,0.1397739578122254,0.522494887891235,3.6764854680297323
227,0.9424846625766872,0.1433613283258762,0.5245398770568317,3.6742332794671166
228,0.9452965235173824,0.13095010826192752,0.5204498975067294,3.6858348219916377
229,0.9440184049079755,0.1373654259616368,0.5184049077316784,3.6717878895790785
230,0.9440184049079755,0.13852344048047602,0.5224948872817806,3.6659093200550976
231,0.9470858895705522,0.13966426085718814,0.5204498975067294,3.6712391593461144
232,0.9460633946830266,0.13321780320447402,0.5276073623288629,3.6744346925817384
233,0.945040899795501,0.13426992449536157,0.5265848674413373,3.7085181711153994
234,0.9401840490797546,0.13419632762975245,0.5204498975067294,3.7103727812172203
235,0.9396728016359919,0.14144657470727748,0.5265848668318829,3.690188385957589
236,0.9432515337423313,0.13837940667913978,0.5245398770568317,3.713254127521944
237,0.9486196319018405,0.1358464536064729,0.5235173821693062,3.7292479130388037
238,0.939161554192229,0.13718383445391139,0.5306748463819851,3.747163668000625
239,0.9435071574642127,0.13351103907226297,0.5235173821693062,3.7404091202164476
240,0.9432515337423313,0.14080390003500295,0.5276073617194084,3.7470669107690666
241,0.9432515337423313,0.13803409000359673,0.519427402619204,3.7402180708746724
242,0.939161554192229,0.14003180438206972,0.5214723928818186,3.730083927176969
243,0.9452965235173824,0.139457594641391,0.521472392394255,3.7287277680476993
244,0.9483640081799591,0.13360172431679834,0.5224948871598897,3.740923795719576
245,0.9414621676891616,0.13619241637991006,0.5286298570944975,3.74647971603768
246,0.9432515337423313,0.13771283839103635,0.5306748462600942,3.745049614116458
247,0.9498977505112475,0.13040826580885242,0.5255623718224663,3.7744656801223755
248,0.9475971370143149,0.13100408002398983,0.5337423309226709,3.7744851314704597
249,0.9486196319018405,0.12280964726441233,0.5337423309226709,3.7880716823605183
