epoch,acc,loss,val_acc,val_loss
0,0.4810838445807771,0.7148497309421469,0.46932515343517855,0.7125996025793392
1,0.5797546012269938,0.6990093493754147,0.5051124749251914,0.7099082596706711
2,0.6592535787321063,0.684293942826901,0.4948875255623722,0.7098175471301946
3,0.7257157464212679,0.6674423635859187,0.5265848670756647,0.7099020517676886
4,0.746676891615542,0.6521925510560564,0.52556237231003,0.7112485721311199
5,0.7650817995910021,0.6399275207080724,0.5112474439456175,0.7134706620545963
6,0.7980572597137015,0.6182404542018056,0.517382413270771,0.7180022763084536
7,0.8110940695296524,0.6024090607473456,0.517382413270771,0.7218336876184662
8,0.8307770961145194,0.5833883917526721,0.5173824133317163,0.7288854528058526
9,0.8397239263803681,0.5681522400832615,0.5163599182308817,0.7343134670413589
10,0.8578732106339468,0.5463428602140618,0.5153374235566652,0.7414612862717642
11,0.8647750511247444,0.5336078468763511,0.5020449898664693,0.7488422959372554
12,0.8719325153374233,0.5233787539546475,0.5071574643040971,0.7584713939996341
13,0.8877811860940695,0.5083586920989803,0.5010224949789437,0.769976790331624
14,0.8911042944785276,0.4983247625803411,0.5112474437780176,0.7751419618573413
15,0.8967280163599182,0.47953682839260997,0.4907975461036881,0.7877533367562636
16,0.8959611451942741,0.47032177777378104,0.5061349694165715,0.7994488235144039
17,0.9100204498977505,0.45549747817111647,0.48977505121616255,0.8164047570803902
18,0.9148773006134969,0.44294327247605975,0.48875255626769154,0.829930854111849
19,0.9128323108384458,0.4407580586298843,0.4856850716660603,0.8412692444456136
20,0.9148773006134969,0.4297213182005658,0.48773006138016595,0.857380398212035
21,0.9210122699386503,0.4182217507518386,0.4846625767175893,0.8733841453836984
22,0.9268916155419223,0.40601429842976217,0.4918200411435773,0.8905559734332781
23,0.9220347648261759,0.40294498071104956,0.4907975462560517,0.904641147771496
24,0.9266359918200409,0.3939817746480306,0.48159509226832165,0.9212619931663716
25,0.9253578732106339,0.38729487301625604,0.4887525564810006,0.9389298449752277
26,0.9233128834355828,0.3826933333417877,0.4856850718184239,0.9517162002181226
27,0.9268916155419223,0.37728929732962374,0.48568507160511487,0.9693719458238722
28,0.9297034764826176,0.36859003983148525,0.4867075664926404,0.9906952719990705
29,0.9294478527607362,0.36318386021567267,0.4959100204803705,1.0096795290769487
30,0.9373721881390593,0.35136061443629196,0.48773006138016595,1.0288234559061094
31,0.9419734151329243,0.34055856510174054,0.480572597167487,1.0445449822763235
32,0.9353271983640081,0.3414065207684211,0.47852760739243594,1.0586844731449838
33,0.9350715746421268,0.3402469242277321,0.4744376280556427,1.0841351040545661
34,0.9373721881390593,0.3316770251421353,0.4754601227298592,1.1063687284543715
35,0.9452965235173824,0.320380280201908,0.480572597167487,1.122842519317424
36,0.9455521472392638,0.3161522748219211,0.4795501023409069,1.1399552366241112
37,0.9399284253578732,0.3187932576565167,0.48568507160511487,1.163297372117852
38,0.9432515337423313,0.31023976977739354,0.4836400820433728,1.1873409852903558
39,0.940439672801636,0.31348349126570063,0.4856850718184239,1.214699665705363
40,0.943762781186094,0.30352832154506065,0.4815950920550126,1.2373046055893224
41,0.9493865030674846,0.2929058240722781,0.4846625767175893,1.2577418656924506
42,0.9447852760736196,0.2970238934387215,0.4867075664926404,1.279661446992605
43,0.9427402862985685,0.29747386590590996,0.4846625767175893,1.3017399771813234
44,0.9493865030674846,0.284074541859344,0.48364008183006374,1.306690907429576
45,0.9481083844580777,0.2864556011185812,0.4846625767175893,1.3275849178037273
46,0.9483640081799591,0.2785082742236631,0.48364008183006374,1.3562903587072173
47,0.9460633946830266,0.28119255416476163,0.4867075664926404,1.384724850547338
48,0.9504089979550102,0.27129139831948623,0.48875255626769154,1.4164570789395665
49,0.9496421267893661,0.26989978445210094,0.4764826176173848,1.4397066558553153
50,0.9478527607361963,0.270835795346457,0.4815950920550126,1.4688368718804514
51,0.9491308793456033,0.26640713604925115,0.48568507160511487,1.4859833834361444
52,0.9521983640081799,0.25993217463873647,0.48670756670594945,1.4985142253903037
53,0.9588445807770961,0.2504814346387586,0.4918200409302682,1.5220035882571479
54,0.9555214723926381,0.25150222207870954,0.4887525564810006,1.5432967232780221
55,0.9542433537832311,0.2502164773048799,0.48670756670594945,1.5768693702596341
56,0.9557770961145194,0.24633280777492406,0.4918200409302682,1.5971097804773562
57,0.9550102249488752,0.24283397560348785,0.4959100206936795,1.6105088427022922
58,0.956799591002045,0.23973748371279313,0.4907975462560517,1.640374519098512
59,0.9524539877300614,0.24295019219745645,0.4938650309186284,1.6496332330450203
60,0.9537321063394683,0.23987705502773354,0.5010224951313074,1.672336150288338
61,0.956799591002045,0.23324478830540352,0.4918200409302682,1.6853204870516538
62,0.9575664621676891,0.23105742675699828,0.4938650307662648,1.705472902286272
63,0.9565439672801636,0.23281172506038883,0.49386503070531934,1.739969589958893
64,0.9583333333333334,0.2268935107989789,0.49488752559284493,1.7621078754495259
65,0.9601226993865031,0.22100541016928746,0.49488752580615397,1.7987261744852203
66,0.9616564417177914,0.21655919437881385,0.48466257677853475,1.82113824105214
67,0.9524539877300614,0.22927548823181104,0.496932515367896,1.8271765177479062
68,0.9593558282208589,0.21643443448290015,0.4979550102554216,1.8500472962978183
69,0.9580777096114519,0.21837918176972793,0.4959100206936795,1.864655426918607
70,0.9570552147239264,0.21883544277072198,0.4795501024932705,1.8954923445461718
71,0.9580777096114519,0.21617044983831651,0.48773006159347504,1.9172270731935717
72,0.9611451942740287,0.20820068118518603,0.4918200411435773,1.939685251083842
73,0.9606339468302658,0.205912093138646,0.4856850718184239,1.95749919351137
74,0.9565439672801636,0.21269876864912077,0.49693251552025963,1.98862319684955
75,0.956799591002045,0.21031657879094162,0.48364008198242736,2.0117760484691534
76,0.9634458077709611,0.1982754497866933,0.4887525564810006,2.0195462284400176
77,0.9593558282208589,0.20450996682200207,0.48466257693089837,2.0403535429441613
78,0.9588445807770961,0.2059919498022836,0.4846625767175893,2.06095831428325
79,0.9565439672801636,0.20689389581938705,0.4907975462560517,2.0930560132477183
80,0.962678936605317,0.19510140960201897,0.4887525564810006,2.11094041104697
81,0.9637014314928425,0.19132111079853736,0.4959100206936795,2.124021020647451
82,0.9690695296523517,0.18076332967827413,0.48977505136852617,2.1415116328647046
83,0.962678936605317,0.189740138261718,0.4918200411435773,2.164966078623672
84,0.9637014314928425,0.18831666383762788,0.49284253603110284,2.184291298891625
85,0.9634458077709611,0.18631178628203815,0.4918200411435773,2.1970757716516287
86,0.9616564417177914,0.18839393280339875,0.4856850718184239,2.209712948535849
87,0.9690695296523517,0.1741898005603525,0.48261758715584724,2.2331888466037366
88,0.9657464212678937,0.18027140800450722,0.48159509226832165,2.256945262413571
89,0.9629345603271984,0.18312209341789315,0.48568507160511487,2.2794679644649016
90,0.967280163599182,0.17374628582676008,0.48568507160511487,2.2937819133750743
91,0.9621676891615542,0.18272735570045093,0.48773006138016595,2.3137790049999527
92,0.9603783231083844,0.18484995960579814,0.4897750511552171,2.3344282031303045
93,0.9631901840490797,0.18034189494597155,0.4867075664926404,2.3332161488952323
94,0.967280163599182,0.16903105215121875,0.49079754604274267,2.3550439709778455
95,0.9649795501022495,0.17484708931792245,0.4815950920550126,2.3608102652192846
96,0.9637014314928425,0.1756072124515818,0.4897750511552171,2.3547535444817416
97,0.9670245398773006,0.16803102012426574,0.4959100204803705,2.348735180856748
98,0.9647239263803681,0.1731441026450666,0.49386503070531934,2.3507921997998635
99,0.9665132924335378,0.16790063528378316,0.49386503085768296,2.3964553527793027
100,0.9647239263803681,0.17063837283593744,0.48773006159347504,2.4303137895275966
101,0.9670245398773006,0.1668682331962088,0.48875255642005516,2.4407518719359165
102,0.9657464212678937,0.16633071718406092,0.4887525564810006,2.456386754361642
103,0.9677914110429447,0.16089426237015636,0.4887525564810006,2.484606585375858
104,0.9631901840490797,0.1724909218542415,0.48261758715584724,2.517790167365825
105,0.9647239263803681,0.16815383113722615,0.48977505136852617,2.526517066975069
106,0.9695807770961146,0.15676242046073413,0.49386503085768296,2.5462173737875036
107,0.9670245398773006,0.1618028533452615,0.4959100206936795,2.5797300563024352
108,0.9677914110429447,0.15919307118818804,0.4907975462560517,2.612107031672035
109,0.9642126789366053,0.16605245037069105,0.48977505136852617,2.6531821501523196
110,0.9621676891615542,0.16994851562508775,0.4948875257452085,2.6200328429052435
111,0.963957055214724,0.16522751914638195,0.49284253597015737,2.619233917848708
112,0.9624233128834356,0.1699016862577456,0.4918200411435773,2.6259548503197045
113,0.9657464212678937,0.16452446534224083,0.4907975462560517,2.655846370509797
114,0.9688139059304703,0.15363977966803471,0.4959100206936795,2.6580320379729163
115,0.96140081799591,0.16971443247636647,0.48057259731985064,2.6937095821513233
116,0.9642126789366053,0.16118023159070005,0.48364008198242736,2.684633906389794
117,0.963957055214724,0.16326208543679954,0.49284253603110284,2.691444189270581
118,0.9637014314928425,0.16295002739122308,0.4856850718184239,2.740260438685037
119,0.9716257668711656,0.14867045335730647,0.48670756670594945,2.7591397606278245
120,0.9683026584867076,0.15583805831297776,0.4887525564810006,2.7768623263314214
121,0.9662576687116564,0.15706460683745596,0.48466257693089837,2.807730432912128
122,0.9629345603271984,0.16845330807755574,0.48364008198242736,2.8257671738451
123,0.9675357873210634,0.15979799152883284,0.48261758709490177,2.8244649842229115
124,0.9683026584867076,0.1555809033368019,0.48773006159347504,2.843991538010736
125,0.9708588957055214,0.14998526863586195,0.49488752580615397,2.8586958532196856
126,0.9680470347648262,0.15510414138527737,0.49897750535625623,2.86600737093904
127,0.968558282208589,0.15300088477890428,0.49488752580615397,2.868024848965292
128,0.9662576687116564,0.15918926573177544,0.48773006159347504,2.888168518772398
129,0.9693251533742331,0.1530684102593268,0.4856850718184239,2.896527617011821
130,0.9670245398773006,0.1554792642684802,0.48159509220737623,2.919660415142348
131,0.97060327198364,0.14587836624227907,0.4856850718184239,2.9491654558903355
132,0.966002044989775,0.1586096464277289,0.48159509220737623,3.0016170103857123
133,0.9734151329243353,0.13888801692209848,0.4959100206327341,3.024512877005985
134,0.9677914110429447,0.15491386236344867,0.4918200411435773,3.0389200992623233
135,0.967280163599182,0.15496253854536085,0.48773006159347504,3.044300831168707
136,0.9677914110429447,0.1536279255962323,0.48670756664500403,3.0581631484938545
137,0.9698364008179959,0.14733222440829793,0.48773006153252957,3.0791844946231337
138,0.9675357873210634,0.1526586019675912,0.5010224951313074,3.0714622016820927
139,0.9680470347648262,0.15114807058697097,0.49182004108263183,3.081565050991035
140,0.973159509202454,0.13882929947539585,0.4938650307967375,3.090636557596593
141,0.9631901840490797,0.1639896606786485,0.48670756664500403,3.086148172799795
142,0.9649795501022495,0.15930990481669186,0.48875255642005516,3.1000693102799555
143,0.9683026584867076,0.1503885256427441,0.48670756664500403,3.1377087872940095
144,0.9741820040899796,0.13695160837383114,0.48568507175747844,3.1314547656747704
145,0.9688139059304703,0.14599872616658668,0.48773006159347504,3.125410268643151
146,0.9711145194274029,0.14237004594690716,0.48466257680900743,3.143692877638803
147,0.9700920245398773,0.14695380279958126,0.48568507175747844,3.1651464430101077
148,0.9690695296523517,0.14822267385957674,0.48057259731985064,3.1785815951770555
149,0.9711145194274029,0.1418676846993969,0.48057259731985064,3.2107082841830263
150,0.9649795501022495,0.15421924391163394,0.48364008198242736,3.2325281482532713
151,0.971881390593047,0.13551977052827555,0.48670756664500403,3.2488687530860823
152,0.9729038854805726,0.13732430553692251,0.4836400820433728,3.2621906227860715
153,0.967280163599182,0.14794170657641317,0.48670756670594945,3.2660633220750617
154,0.9744376278118609,0.1300165968773799,0.4959100206327341,3.2755799317896246
155,0.9693251533742331,0.14426318507313973,0.49386503085768296,3.28091401117711
156,0.97060327198364,0.14107267656087388,0.48875255642005516,3.264112488623777
157,0.9713701431492843,0.1399698878175642,0.48261758709490177,3.2817576326475555
158,0.9688139059304703,0.14202000669266548,0.4846625768699529,3.2837476140394775
159,0.9711145194274029,0.13841963496920034,0.480572597167487,3.312911219392086
160,0.9695807770961146,0.14225642145411369,0.4856850718184239,3.3134169446910087
161,0.9677914110429447,0.1476970470314255,0.4887525564810006,3.2925223953153457
162,0.9657464212678937,0.15235423386584518,0.4918200411435773,3.285345761566318
163,0.9703476482617587,0.14212022011752998,0.4887525564810006,3.3298742220201865
164,0.976482617586912,0.12448588452456187,0.4918200411435773,3.323939940193192
165,0.9744376278118609,0.12925868617763062,0.48670756664500403,3.325638312747386
166,0.9721370143149284,0.13115532189638093,0.4938650309186284,3.3270644424883136
167,0.968558282208589,0.14255865235148277,0.48057259731985064,3.3649032330464244
168,0.9675357873210634,0.14589226947514558,0.4795501024323251,3.3635493782644135
169,0.9721370143149284,0.13521627594234997,0.48159509220737623,3.3892078755579598
170,0.973159509202454,0.13146601304229052,0.4846625768699529,3.4046178580793134
171,0.9726482617586912,0.1337808161242608,0.48159509220737623,3.3825606500200456
172,0.97060327198364,0.1389493171148505,0.4795501024323251,3.384663166931558
173,0.9695807770961146,0.14335991260890824,0.4846625768699529,3.3801374323285187
174,0.9683026584867076,0.14151205699928943,0.48670756670594945,3.3666036621436994
175,0.9708588957055214,0.13495376855439692,0.49488752580615397,3.3464493039683085
176,0.9711145194274029,0.13488830997778106,0.4887525564810006,3.3398584446780277
177,0.973159509202454,0.1320790412144427,0.49693251552025963,3.345829834967303
178,0.9780163599182005,0.1176852489724481,0.4948875257452085,3.3360300229858524
179,0.9703476482617587,0.13673866776357155,0.4959100206327341,3.3633413929149416
180,0.9723926380368099,0.12985022523743242,0.49795501046873064,3.373991191996631
181,0.9726482617586912,0.13250976177751408,0.5000000000304727,3.394245446093975
182,0.9723926380368099,0.1329284396273958,0.49897750535625623,3.412632171849288
183,0.9729038854805726,0.13337824155399405,0.4959100206936795,3.419761850790012
184,0.9716257668711656,0.13522380186675273,0.4907975462560517,3.3951312856927727
185,0.9698364008179959,0.13767056694303798,0.4979550102554216,3.422807357062591
186,0.9749488752556237,0.1272770962954055,0.4959100206936795,3.439587571625817
187,0.973159509202454,0.1316069854930013,0.49795501046873064,3.457468538927886
188,0.9741820040899796,0.12622838282999574,0.49795501046873064,3.4542466321605847
189,0.9729038854805726,0.13101970567415586,0.5030674849063584,3.466945463894335
190,0.97060327198364,0.13747276236247918,0.49897750529531076,3.485178038630261
191,0.9711145194274029,0.1348325166173264,0.49488752580615397,3.490216304919471
192,0.9759713701431493,0.12367516313441448,0.4938650309186284,3.4875558890204243
193,0.9744376278118609,0.12824941518695565,0.5000000002437818,3.474090706838908
194,0.9716257668711656,0.13342606508628235,0.49897750535625623,3.498305745895167
195,0.9746932515337423,0.12635900412356682,0.5010224951313074,3.4911305402197965
196,0.973159509202454,0.1285562606981683,0.5000000001828363,3.509003931271762
197,0.9711145194274029,0.1356565024406632,0.4959100206936795,3.5163892041929903
198,0.9723926380368099,0.13212823096837978,0.5010224951313074,3.5277626499807906
199,0.9703476482617587,0.1375350589294497,0.4948875257452085,3.5566720484712127
200,0.9716257668711656,0.13509111682330172,0.49284253597015737,3.5692141753276676
201,0.9721370143149284,0.13508571304213293,0.5010224950703619,3.5569315366218426
202,0.9721370143149284,0.13427488527171208,0.503067484845413,3.5726303605701784
203,0.9769938650306749,0.11701883643804639,0.5000000001828363,3.54243816871097
204,0.9711145194274029,0.13589432636744406,0.49897750529531076,3.5407737759237152
205,0.9739263803680982,0.12654783630054178,0.4897750513075807,3.5725104852688094
206,0.9713701431492843,0.1366969135747975,0.49488752580615397,3.5590448837826343
207,0.977760736196319,0.12048330235700666,0.4887525564810006,3.544730459497994
208,0.9700920245398773,0.14090087379048938,0.48977505136852617,3.563010490745123
209,0.9752044989775052,0.12280921017130216,0.48670756670594945,3.5865653199896004
210,0.9723926380368099,0.13516922136635381,0.4918200411435773,3.594619288766311
211,0.9726482617586912,0.13328132949053387,0.4918200411435773,3.63373639003387
212,0.9734151329243353,0.12986717839365355,0.4887525564810006,3.653833548227946
213,0.973159509202454,0.13315430779490003,0.48466257693089837,3.6673942421599155
214,0.9729038854805726,0.1268040959881371,0.4918200411435773,3.668474332930364
215,0.9703476482617587,0.1381889257450533,0.49284253603110284,3.632908868887186
216,0.9734151329243353,0.12988549763439622,0.48364008183006374,3.674330280358562
217,0.971881390593047,0.13231589117969228,0.48670756670594945,3.6496497487729314
218,0.9769938650306749,0.11599184118653123,0.4805725973807961,3.6656442351624032
219,0.9729038854805726,0.1293504193029033,0.478527607605745,3.6873962113706122
220,0.9746932515337423,0.12506885013727811,0.48466257693089837,3.703938480291386
221,0.976482617586912,0.12030838465733275,0.48261758715584724,3.7000342088242983
222,0.9716257668711656,0.131163788749884,0.4846625767175893,3.7168243472561513
223,0.971881390593047,0.13149641067978063,0.4754601227298592,3.7386395438804705
224,0.9757157464212679,0.1210338742394145,0.48261758694253815,3.7372237012430203
225,0.9803169734151329,0.10695073259937252,0.47750511250491035,3.7551718743057094
226,0.9680470347648262,0.14126620558995168,0.480572597167487,3.7670842591970244
227,0.9769938650306749,0.11861587841452265,0.4795501022799615,3.7746107836686273
228,0.9726482617586912,0.12617641591404113,0.4815950920550126,3.7782605489095054
229,0.9762269938650306,0.11946316762753059,0.48364008183006374,3.78584483503564
230,0.9769938650306749,0.11536307468370426,0.48261758694253815,3.798375707950085
231,0.9741820040899796,0.12329475022471512,0.4867075664926404,3.803356026335484
232,0.9780163599182005,0.11406220491891746,0.48670756670594945,3.807370517395269
233,0.9772494887525562,0.11817556698873243,0.4887525564810006,3.81474658755437
234,0.9736707566462167,0.127827496829696,0.480572597167487,3.8228475662340657
235,0.9736707566462167,0.12849369464567834,0.47852760739243594,3.826113102138652
236,0.9754601226993865,0.1214774088259855,0.480572597167487,3.8247162286489287
237,0.9723926380368099,0.12915372561305336,0.4815950920550126,3.8491323350153572
238,0.97060327198364,0.13381177229627753,0.47852760739243594,3.886553471805128
239,0.9762269938650306,0.11852380251683341,0.47750511250491035,3.8827112340244536
240,0.9708588957055214,0.1366554991264041,0.48261758715584724,3.8773223919858717
241,0.9785276073619632,0.11136869287807762,0.4795501024932705,3.865683155800911
242,0.9759713701431493,0.1191072260431473,0.48159509226832165,3.8823983196344356
243,0.9744376278118609,0.12299760453143978,0.4805725973807961,3.89802922890474
244,0.973159509202454,0.12384883523109257,0.4754601229431683,3.9110330569963514
245,0.9723926380368099,0.1283745798291848,0.4693251536180149,3.8563314800613497
246,0.9739263803680982,0.12879216570430008,0.47648261783069384,3.8465276632328465
247,0.9746932515337423,0.12901306021311043,0.4775051127182194,3.8356472894945517
248,0.9736707566462167,0.12766554826729623,0.48466257693089837,3.8449991017519087
249,0.9782719836400818,0.11584822924194405,0.4775051127182194,3.8406111857642427
