epoch,acc,loss,val_acc,val_loss
0,0.5674846625766872,0.70176141722802,0.5593047039640462,0.6992213528580461
1,0.6193762781186094,0.6705871672961853,0.5756646217987825,0.6967621891776477
2,0.6449386503067485,0.6417289665140258,0.5807770961145194,0.6956571918323727
3,0.6712678936605317,0.6195765847077399,0.5725971370143149,0.6949364322338611
4,0.6991308793456033,0.5869893418255515,0.588957055092833,0.6958600487445761
5,0.7065439672801636,0.5656633516030809,0.5736196322675131,0.698625650752054
6,0.7208588957055214,0.5463938569242481,0.5756646220425643,0.7016965373893457
7,0.7341513292433538,0.5229373832056128,0.571574642492462,0.7070104823522041
8,0.7569018404907976,0.4885527887714909,0.5633946833922575,0.7122544565815135
9,0.755879345603272,0.47424719718823893,0.5593047038421552,0.7222783934850634
10,0.7837423312883436,0.44525418532650407,0.5582822089546298,0.7311130687746777
11,0.7908997955010225,0.42944802493161705,0.5541922294045275,0.7433059217983472
12,0.809560327198364,0.4058646886992308,0.5511247442543872,0.7519692431198307
13,0.8041922290388548,0.3905942468677318,0.5449897754167974,0.7666034739929231
14,0.8047034764826176,0.3766254402377123,0.5357873214290674,0.7829080698192729
15,0.8225971370143149,0.3548014515626162,0.5490797549668996,0.7984311725708118
16,0.8387014314928425,0.3345392437800308,0.5429447856417463,0.8152563379342327
17,0.8420245398773006,0.3179624619415689,0.548057260079374,0.8333923483918781
18,0.8461145194274029,0.31716389500046555,0.5501022498544252,0.8497646294976061
19,0.8545501022494888,0.3000049620927721,0.5531697345170019,0.8726416904258338
20,0.8611963190184049,0.29890040139113466,0.547034764704285,0.8945740668563998
21,0.858640081799591,0.282351678743928,0.5501022493668617,0.915481278745187
22,0.8721881390593047,0.26989973014970986,0.5501022493668617,0.9349356750769118
23,0.8627300613496932,0.27549307904604264,0.5552147238044894,0.9557493466784861
24,0.8698875255623721,0.2670499353321052,0.563394682904694,0.9749645910136295
25,0.8732106339468303,0.25777327222083,0.5623721880171684,0.9982902534412704
26,0.8844580777096115,0.25146076000906936,0.548057260079374,1.018379619638369
27,0.8882924335378323,0.23646790956305092,0.554192228795073,1.0375832865330827
28,0.9059304703476483,0.23127454395857325,0.5521472396294763,1.061876983242776
29,0.9054192229038854,0.22676202593893116,0.5480572594699197,1.0904139876365662
30,0.9092535787321063,0.22476931815254664,0.5449897749292338,1.1117110909372263
31,0.9141104294478528,0.21758704149528027,0.5521472391419128,1.1415159881480632
32,0.9205010224948875,0.22031842903491178,0.546012270304323,1.174566379475935
33,0.9235685071574642,0.2136347973700194,0.5501022498544252,1.1897005254749384
34,0.9289366053169734,0.20427090837667813,0.5521472390200219,1.209876630691419
35,0.9243353783231084,0.2075622236558021,0.5562372185701242,1.2316637019682029
36,0.9297034764826176,0.19791085583849188,0.5633946833922575,1.2525544082460227
37,0.931237218813906,0.19242831740855926,0.5531697345170019,1.2737278971203998
38,0.9210122699386503,0.20454371712934263,0.5582822089546298,1.299191977105014
39,0.9322597137014315,0.19630470122296387,0.5623721880171684,1.332790550888194
40,0.9320040899795501,0.19306736440990113,0.5623721880171684,1.3469054691630638
41,0.9353271983640081,0.19042830757324436,0.5531697340294384,1.3695202338183585
42,0.9378834355828221,0.1869586245947211,0.5613496931296429,1.3874172064911856
43,0.934560327198364,0.18444342731454377,0.5572597135795406,1.4193577593333395
44,0.9304703476482618,0.18706826602084017,0.556237218692015,1.4458234480797392
45,0.9389059304703476,0.18508974211347615,0.5572597135795406,1.477769162757265
46,0.9322597137014315,0.1799252296213236,0.5552147238044894,1.4989699783500718
47,0.9381390593047034,0.17698506587365898,0.554192228916964,1.5323440514215418
48,0.940439672801636,0.17161225251746812,0.5460122698167594,1.567920989297894
49,0.9314928425357873,0.180095028459782,0.555214724292053,1.5899707266645684
50,0.9399284253578732,0.17189149421416908,0.5582822089546298,1.609036872967133
51,0.9271472392638037,0.18837558814840571,0.5593047033545917,1.6196568215795333
52,0.9381390593047034,0.17026028649572947,0.5623721880171684,1.6450224984399135
53,0.9368609406952966,0.17270004133749106,0.5644171782797831,1.6754612684981223
54,0.9366053169734151,0.1663435757586805,0.554192228795073,1.7097386036426256
55,0.9429959100204499,0.16760593866034276,0.5562372185701242,1.7430561500580521
56,0.9440184049079755,0.16238500845212878,0.5511247441324963,1.7558964156909467
57,0.9427402862985685,0.1640826538052783,0.5531697345170019,1.7818529091485926
58,0.9429959100204499,0.16079148723303907,0.5511247447419508,1.8051719558263362
59,0.9481083844580777,0.15443068326037598,0.5470347651918486,1.8310302010830681
60,0.9473415132924335,0.15812068655782194,0.5572597140671042,1.8633406328033573
61,0.9432515337423313,0.16120037259743503,0.5623721878952775,1.869707902638215
62,0.9378834355828221,0.16617035932823682,0.5552147236825986,1.9106405712587946
63,0.9422290388548057,0.1564929641036656,0.5582822083451753,1.9257669785271394
64,0.9396728016359919,0.1571725421034729,0.5613496936172064,1.9450689922324962
65,0.9511758691206544,0.14877783225236008,0.5613496936172064,1.9827507992707392
66,0.946319018404908,0.15042332674096698,0.5613496936172064,2.006892682584517
67,0.9511758691206544,0.1469844622967921,0.5654396731673087,2.027258729885936
68,0.9406952965235174,0.1609924137897043,0.5582822089546298,2.036548382665482
69,0.9465746421267893,0.14746971791019714,0.5644171782797831,2.063957388903222
70,0.9432515337423313,0.15157865073173812,0.5572597140671042,2.0742759877674906
71,0.9427402862985685,0.1542391239956844,0.5603271987296808,2.1278234088835295
72,0.9414621676891616,0.15604376274871437,0.5613496936172064,2.1405437336377573
73,0.9458077709611452,0.15420875718135288,0.5644171782797831,2.1652904475881036
74,0.9447852760736196,0.15055798560929445,0.5685071572204309,2.1845912499418043
75,0.9424846625766872,0.15534437724707195,0.569529652717411,2.1863917497525676
76,0.9481083844580777,0.14481075584187586,0.5664621680548342,2.2003967096469155
77,0.9473415132924335,0.1487861755008834,0.5736196316580587,2.2330180174977747
78,0.9460633946830266,0.1495402269446289,0.5705521476049364,2.256768918963785
79,0.9486196319018405,0.14191096594484792,0.5633946833922575,2.284161828778273
80,0.9468302658486708,0.14779838713186894,0.5582822089546298,2.3166285770314845
81,0.9455521472392638,0.1438805797958179,0.555214724292053,2.3370835851794127
82,0.9460633946830266,0.14544727734017712,0.5541922294045275,2.347685332434797
83,0.9460633946830266,0.1490856988968781,0.5613496936172064,2.3835459920770066
84,0.9491308793456033,0.13818534942827584,0.5593047038421552,2.4192586912943055
85,0.9486196319018405,0.1413156264947236,0.56032719860779,2.4352719240149594
86,0.9442740286298569,0.14661947514381876,0.5623721878952775,2.458576095859941
87,0.9529652351738241,0.13738888724190934,0.5633946833922575,2.4665159118687447
88,0.945040899795501,0.14597482698948594,0.5654396731673087,2.486979711762723
89,0.9488752556237219,0.14242571724125455,0.5582822089546298,2.5116908016380357
90,0.9473415132924335,0.13984903213253783,0.5613496936172064,2.5164396331354153
91,0.9435071574642127,0.14603185185168419,0.5603271987296808,2.5456006973067677
92,0.9473415132924335,0.142903083386871,0.5633946833922575,2.556547145658232
93,0.945040899795501,0.14532988958807322,0.5654396724359633,2.584949123103682
94,0.9470858895705522,0.1416996415925416,0.5633946826609122,2.601558864969905
95,0.9524539877300614,0.1380309012160467,0.5685071577079944,2.602181964369152
96,0.9534764826175869,0.13885768406961593,0.5644171775484378,2.6052573777902834
97,0.9470858895705522,0.13835898130096053,0.561349693007752,2.6355580788692325
98,0.950920245398773,0.13673164913381292,0.5644171781578922,2.6529031755490293
99,0.9445296523517382,0.14590573018313918,0.5562372184482333,2.691763774992742
100,0.9498977505112475,0.13953685483196274,0.5582822088327388,2.713349905482099
101,0.9470858895705522,0.13872974474127794,0.5623721877733866,2.72413615483204
102,0.9458077709611452,0.1414164752682294,0.5582822088327388,2.7282966550873833
103,0.9460633946830266,0.14260625927604292,0.5623721883828411,2.751162521678246
104,0.9537321063394683,0.13633930174241524,0.5654396730454178,2.7469059579942856
105,0.9496421267893661,0.13653847456344068,0.5654396730454178,2.7581564370839873
106,0.9458077709611452,0.14128363498149474,0.5562372190576877,2.771360013626348
107,0.946319018404908,0.14236911866196825,0.56032719860779,2.7826369842381076
108,0.9493865030674846,0.13689544854841837,0.5644171776703286,2.8080618181599184
109,0.9544989775051125,0.13068234591396308,0.5613496934953155,2.8143866969032523
110,0.9458077709611452,0.1378228444994593,0.5613496934953155,2.8374584784049444
111,0.9458077709611452,0.13849146325895392,0.5664621673234889,2.854480522785694
112,0.9532208588957055,0.13351840713272797,0.5736196321456223,2.8405111284587523
113,0.9591002044989775,0.12522566996530032,0.56850715709854,2.846550402221992
114,0.9532208588957055,0.13052760279434591,0.56850715709854,2.8544213581670284
115,0.9511758691206544,0.1353199492324837,0.5664621673234889,2.8657584843703816
116,0.9557770961145194,0.12763638216964063,0.5613496928858611,2.8809531134817985
117,0.946319018404908,0.14149301738339212,0.5613496928858611,2.9050191533589897
118,0.9542433537832311,0.12753946108625466,0.56850715709854,2.919663761778599
119,0.9544989775051125,0.12732325895005697,0.5623721883828411,2.93368992483689
120,0.9539877300613497,0.12913203519409053,0.5633946832703667,2.9307002545865766
121,0.9493865030674846,0.13513513908917674,0.5664621679329434,2.93286352021075
122,0.9488752556237219,0.1357016133902507,0.5654396730454178,2.9614201079604574
123,0.9486196319018405,0.13096426896644273,0.5613496934953155,2.984881360350455
124,0.9486196319018405,0.1337524055748995,0.5572597139452132,2.970786311875092
125,0.9481083844580777,0.13428085834808753,0.5623721883828411,2.9873794997396645
126,0.9470858895705522,0.13268593980612686,0.5490797542355543,3.013210460695996
127,0.9504089979550102,0.13124738567354488,0.5644171781578922,3.0204594608221074
128,0.9544989775051125,0.129560873041916,0.5654396730454178,3.0135693469661877
129,0.9552658486707567,0.12858327580254014,0.5817995912458268,3.005296082096841
130,0.9550102249488752,0.12706614595005605,0.5746421270331479,3.020849740822135
131,0.9542433537832311,0.12756132406081647,0.5715746423705711,3.013325764113896
132,0.9511758691206544,0.1292080661940916,0.5756646214331098,3.0127686410837624
133,0.9475971370143149,0.1365431783633242,0.5705521469954821,3.0191674183726556
134,0.9527096114519428,0.13200061041518954,0.5766871163206354,3.0128389723705613
135,0.9519427402862985,0.1306932172023811,0.5725971367705331,3.029756142317883
136,0.9552658486707567,0.12634610596488102,0.5705521469954821,3.0449696628106397
137,0.9486196319018405,0.13238465598572982,0.5705521468735911,3.080454581841857
138,0.9537321063394683,0.12697729678988334,0.5674846623329053,3.0807118464588874
139,0.9532208588957055,0.12676124202357966,0.5705521469954821,3.0875826632805885
140,0.9550102249488752,0.12519051146394514,0.5654396725578542,3.1058284812178347
141,0.9560327198364008,0.12572765065421843,0.5674846623329053,3.0966982787859707
142,0.9516871165644172,0.13118090902613228,0.5644171776703286,3.1110134007740604
143,0.9524539877300614,0.12946692939489654,0.5654396725578542,3.0990388520168626
144,0.9498977505112475,0.13074856289569098,0.5603271981202264,3.0931711109137976
145,0.9557770961145194,0.12610449086196707,0.5674846623329053,3.1066971805198063
146,0.9552658486707567,0.12747352401171724,0.5797546009832121,3.1190134052849987
147,0.9537321063394683,0.1290042431137557,0.5705521474830456,3.1097176660057957
148,0.9529652351738241,0.12943842376302356,0.5725971372580967,3.1260681181597563
149,0.9514314928425358,0.13001401012797661,0.5756646214331098,3.1202567272147275
150,0.9539877300613497,0.12766077992618693,0.5766871163206354,3.1535929719363254
151,0.9537321063394683,0.12622499935603215,0.5736196316580587,3.1764659689004193
152,0.9544989775051125,0.1237733073852545,0.5705521469954821,3.1566921687077403
153,0.9527096114519428,0.1295841548797543,0.569529652717411,3.167190331379085
154,0.956799591002045,0.12204151696588364,0.569529652717411,3.1677921634997817
155,0.9557770961145194,0.12308571461763362,0.5664621680548342,3.1791397735385076
156,0.9580777096114519,0.11710574165565592,0.569529652717411,3.201941116212092
157,0.9511758691206544,0.1354684345500357,0.5736196322675131,3.230083810527388
158,0.9552658486707567,0.125125321454858,0.5685071572204309,3.230052916062634
159,0.9498977505112475,0.14197367377929648,0.5664621680548342,3.225365189199311
160,0.9555214723926381,0.1250739988312887,0.5736196316580587,3.2244788817832806
161,0.9575664621676891,0.12813890050403423,0.5766871163206354,3.245611875822695
162,0.9529652351738241,0.1378748906902009,0.5725971373799876,3.260536854983839
163,0.9547546012269938,0.13358372596143944,0.5664621680548342,3.262523793004042
164,0.9532208588957055,0.1323110668754285,0.5736196322675131,3.2604824072988
165,0.9498977505112475,0.14219887990405466,0.580777096480192,3.2796748245176848
166,0.9486196319018405,0.1405414344822885,0.580777096480192,3.2894863097458042
167,0.9501533742331288,0.13607306999358176,0.5766871169300899,3.2686726656915708
168,0.9601226993865031,0.12178116562587718,0.5756646214331098,3.268591403473618
169,0.9527096114519428,0.12881360527562216,0.5725971367705331,3.262574500589039
170,0.9534764826175869,0.1250466314317746,0.5715746423705711,3.2683870945971436
171,0.9557770961145194,0.12387536819605252,0.5705521476049364,3.287490863741541
172,0.9544989775051125,0.12426247274034594,0.5685071572204309,3.2936619337351045
173,0.9575664621676891,0.12223875847148018,0.5664621674453798,3.2818983742064494
174,0.9565439672801636,0.12094335079741625,0.5705521476049364,3.284201330690052
175,0.9565439672801636,0.12352296065516268,0.5715746418830076,3.280954204941576
176,0.9539877300613497,0.12455617122976814,0.5685071572204309,3.2810062852617667
177,0.9537321063394683,0.12574065627495937,0.5674846623329053,3.288670855309578
178,0.9570552147239264,0.1212959682496535,0.5685071572204309,3.2983524282529553
179,0.9555214723926381,0.123310673349596,0.5654396725578542,3.320558865377508
180,0.9529652351738241,0.12710326465117175,0.5685071572204309,3.2847692552032157
181,0.9557770961145194,0.12623307002224562,0.5664621674453798,3.2979668673805906
182,0.9555214723926381,0.12134412357656015,0.5623721878952775,3.307453153567324
183,0.956799591002045,0.12366507331895926,0.5746421265455842,3.320217651823547
184,0.9555214723926381,0.1238343129372548,0.5746421271550387,3.3240075828107587
185,0.9573108384458078,0.11719645934602234,0.5756646214331098,3.3342884974001863
186,0.9532208588957055,0.12757161600945674,0.5725971367705331,3.3340941094669585
187,0.9562883435582822,0.12227020833207054,0.578732106705141,3.3106307917577356
188,0.9601226993865031,0.11567400778302873,0.5685071578298854,3.3728957768598216
189,0.9532208588957055,0.1261771238867978,0.5654396731673087,3.3518702569427177
190,0.9570552147239264,0.11927236141237013,0.5705521476049364,3.359885609710631
191,0.9601226993865031,0.118086157644697,0.5664621680548342,3.364962910094388
192,0.9606339468302658,0.11802362874607367,0.5674846629423598,3.362357166159616
193,0.9578220858895705,0.12182134862966333,0.569529652717411,3.3781513190220713
194,0.956799591002045,0.12090375011592555,0.569529652717411,3.387366027432229
195,0.9550102249488752,0.12399967202196824,0.5674846623329053,3.3670174244235143
196,0.9547546012269938,0.12228907714835949,0.5695296521079565,3.3756363079835543
197,0.9631901840490797,0.1121121254389637,0.5623721885047319,3.388200423468841
198,0.9575664621676891,0.12459121705442362,0.5633946827828031,3.3710922266076677
199,0.9516871165644172,0.12658278503910408,0.5623721878952775,3.3993140485876663
200,0.9547546012269938,0.12427785633044253,0.5644171776703286,3.393915388481749
201,0.9547546012269938,0.12553992253825344,0.5664621674453798,3.402923916258939
202,0.9585889570552147,0.11909992968499783,0.5633946827828031,3.4188763088487653
203,0.9534764826175869,0.12562657917082187,0.5674846623329053,3.4179760500453487
204,0.9634458077709611,0.11221661842247216,0.5705521474830456,3.436336226014759
205,0.9580777096114519,0.12075281985378339,0.5633946827828031,3.4391696813891515
206,0.9552658486707567,0.12140478774265277,0.5633946827828031,3.4605035647780373
207,0.9519427402862985,0.12715547987410383,0.561349693007752,3.453900997380294
208,0.9601226993865031,0.11857999233502307,0.5644171776703286,3.4623193104574286
209,0.9562883435582822,0.12339669466018677,0.56032719860779,3.4661996981361405
210,0.9603783231083844,0.11743003725700826,0.5654396730454178,3.468069160155236
211,0.9575664621676891,0.11975411724885793,0.5807770958707377,3.448651296473232
212,0.9565439672801636,0.12208532697401164,0.5715746418830076,3.446974655358094
213,0.9550102249488752,0.12153594619794492,0.5695296521079565,3.4708613405929754
214,0.9583333333333334,0.11691556377279247,0.5695296521079565,3.485751716393391
215,0.9527096114519428,0.12979095307291164,0.5674846623329053,3.485310195901399
216,0.9591002044989775,0.12023314679753805,0.5644171776703286,3.5119797817768497
217,0.9596114519427403,0.11591650292673482,0.5633946833922575,3.5038870902149224
218,0.9585889570552147,0.11859242602847593,0.5644171776703286,3.496019538438637
219,0.9555214723926381,0.1205744251288885,0.5664621674453798,3.480274974202817
220,0.9601226993865031,0.11705326190663994,0.5674846623329053,3.470008912993355
221,0.9573108384458078,0.12197795263463003,0.5633946833922575,3.4698562422169252
222,0.9547546012269938,0.12218147635856046,0.5644171782797831,3.4644538239711147
223,0.9557770961145194,0.12535840229860723,0.5725971367705331,3.463552426463012
224,0.9619120654396728,0.11400583614204803,0.5725971367705331,3.4620344239022347
225,0.9578220858895705,0.12075568077388717,0.5674846629423598,3.4693577416347825
226,0.9575664621676891,0.11915930884686472,0.5685071578298854,3.498152530510245
227,0.9601226993865031,0.11727937161617727,0.5644171782797831,3.5063907168881783
228,0.9570552147239264,0.12374430867426235,0.5674846629423598,3.520956951660125
229,0.9557770961145194,0.1221027048133268,0.5746421271550387,3.527918013083179
230,0.9583333333333334,0.12104859356987452,0.5777096118176154,3.521686211197898
231,0.9573108384458078,0.12114065347700274,0.5705521476049364,3.5292168380292646
232,0.9621676891615542,0.11327400597875104,0.5736196322675131,3.524132539402
233,0.9565439672801636,0.11782035953793789,0.5705521469954821,3.5442850887165966
234,0.96140081799591,0.11694665044424236,0.5623721885047319,3.541370535189389
235,0.9591002044989775,0.1178065192236247,0.5674846629423598,3.5473541613736765
236,0.9583333333333334,0.11705144185473826,0.5725971373799876,3.556078616826812
237,0.9619120654396728,0.1131592037609506,0.571574642492462,3.5571600776508543
238,0.9596114519427403,0.11871299299969508,0.5725971373799876,3.5588136650545708
239,0.9603783231083844,0.11885823754323284,0.5766871169300899,3.5719747952888348
240,0.9606339468302658,0.11464478294907904,0.5746421271550387,3.575069546455742
241,0.9596114519427403,0.11531717150047391,0.5777096118176154,3.563737372435431
242,0.9588445807770961,0.11995404992244971,0.5746421271550387,3.5624748007651488
243,0.9578220858895705,0.12157143167922833,0.5756646220425643,3.5711214045074087
244,0.96140081799591,0.11321287176710818,0.569529652717411,3.5781541075443197
245,0.9593558282208589,0.11724743109904916,0.5685071578298854,3.5753167645819106
246,0.9596114519427403,0.11593318758018177,0.5654396731673087,3.5846564174917335
247,0.9611451942740287,0.11764128189267313,0.571574642492462,3.5560046095545794
248,0.9616564417177914,0.12047261388206774,0.5695296521079565,3.5922450629236264
249,0.9557770961145194,0.1336270398584124,0.5674846623329053,3.588146713857514
