epoch,acc,loss,val_acc,val_loss
0,0.5521472392638037,0.7053135050830178,0.5644171779141104,0.7026259674860168
1,0.6209100204498977,0.680629288735809,0.5705521473002092,0.7001587423078853
2,0.6615541922290389,0.6550465477268632,0.5797546017145574,0.6998531247940531
3,0.6886503067484663,0.6309695793563359,0.5746421272769296,0.699314214822461
4,0.7024539877300614,0.611585622184847,0.5746421267893661,0.6999846076429012
5,0.7108895705521472,0.5953732085374236,0.5695296523517382,0.7028085646697593
6,0.7229038854805726,0.5734943430604135,0.558282208588957,0.7065541881968882
7,0.7423312883435583,0.5518266413596997,0.5756646217378371,0.7141486375853572
8,0.7574130879345603,0.5301278123826337,0.5685071574642127,0.7209995820478428
9,0.7661042944785276,0.5106892116474472,0.5664621681767251,0.7281617262612091
10,0.772239263803681,0.49139480862636997,0.5664621675672706,0.7384782794306859
11,0.7893660531697342,0.47381464774379456,0.5644171777922196,0.7458909099087393
12,0.7804192229038854,0.4662331481652757,0.5511247448638417,0.7606088102229533
13,0.7903885480572597,0.4476948153753222,0.5511247443762781,0.7705363381372151
14,0.8047034764826176,0.428644599724401,0.5562372193014695,0.7778892036839741
15,0.803680981595092,0.417809651429424,0.5695296528393018,0.7932987048582065
16,0.803680981595092,0.40838254997335327,0.5633946835141485,0.8076539355309219
17,0.804959100204499,0.3965479184879116,0.5715746420048985,0.8195641822122601
18,0.8174846625766872,0.38203905172387026,0.563394682904694,0.8348050769608932
19,0.8156952965235174,0.37997888281545267,0.5582822090765206,0.8493203485426484
20,0.816717791411043,0.37294633988222464,0.5552147238044894,0.8645210500143788
21,0.816717791411043,0.36133254976116563,0.5541922290388548,0.8882512069918627
22,0.8195296523517382,0.3580949383279297,0.5531697346388929,0.904998818911414
23,0.8282208588957055,0.34245656311877665,0.5511247443762781,0.9214306602936337
24,0.8302658486707567,0.3350814621750806,0.557259714188995,0.9339688672609856
25,0.8287321063394683,0.33430461088816327,0.5531697341513292,0.9497918100201035
26,0.8279652351738241,0.3316579852976926,0.5572597137014315,0.9694331767368902
27,0.8284764826175869,0.32796409988208297,0.5521472392638037,0.987886712229325
28,0.8277096114519428,0.32367548535450347,0.5480572597137015,1.0030260284741719
29,0.8366564417177914,0.32005684394656025,0.5439672806511627,1.0164443831014731
30,0.8399795501022495,0.30704282730025506,0.5521472397513673,1.030362634571052
31,0.8402351738241309,0.30501427819879995,0.5480572597137015,1.0530353094658724
32,0.8425357873210634,0.2986341104795109,0.5460122699386503,1.072027263953398
33,0.8453476482617587,0.2961932200717536,0.5408997955010225,1.089380834244024
34,0.8458588957055214,0.29097401596042033,0.550102249549698,1.1070114191324434
35,0.8473926380368099,0.2852168036262926,0.5449897750511248,1.124538315342004
36,0.8525051124744376,0.27955829737620363,0.5541922290388548,1.1434618566177617
37,0.846881390593047,0.28883161461304546,0.5541922295264183,1.1617000575933476
38,0.8553169734151329,0.27322840227427414,0.558282208588957,1.1774927709244023
39,0.8507157464212679,0.2762769971400926,0.5429447853370191,1.197584399172621
40,0.8499488752556237,0.2770206032659866,0.5552147239873259,1.2248729506397051
41,0.8578732106339468,0.27156646156603576,0.5541922290388548,1.2358049349307039
42,0.848159509202454,0.27174485522057623,0.5541922295264183,1.263389124216965
43,0.8637525562372188,0.25883911199608706,0.5501022499763161,1.2897977846044217
44,0.8542944785276073,0.26465537653500804,0.5460122704262138,1.304734300250656
45,0.8591513292433538,0.25609339148964133,0.5429447857636371,1.3254854028210319
46,0.8525051124744376,0.2628291875184923,0.5408997959885861,1.3388826890957135
47,0.8507157464212679,0.2529742285639718,0.5449897750511248,1.361397946295319
48,0.8601738241308794,0.25219610205457255,0.5449897750511248,1.3854509867529683
49,0.8560838445807771,0.2581429683235769,0.5501022494887525,1.3951298980868911
50,0.8588957055214724,0.25353661173447994,0.5501022499763161,1.4152440473833454
51,0.8650306748466258,0.24477580189704895,0.5470347648261759,1.4330052446977737
52,0.8560838445807771,0.2490082046736969,0.5501022494887525,1.4607669275962503
53,0.8594069529652352,0.24619275942475274,0.5480572597137015,1.4773973877444588
54,0.8565950920245399,0.24760787874643056,0.5480572597746469,1.4977161879432226
55,0.8732106339468303,0.23218277480704652,0.540899795561968,1.531931128969953
56,0.8629856850715747,0.2356028164944522,0.5511247444372236,1.5562159376397942
57,0.8652862985685071,0.23348606556105467,0.5429447853979645,1.5743699912400821
58,0.8614519427402862,0.23523393419622643,0.5501022496106435,1.5989855072005883
59,0.8578732106339468,0.2413506235447398,0.5378323108993912,1.620638388066204
60,0.8652862985685071,0.23157495967205804,0.540899795561968,1.6382869562488391
61,0.8652862985685071,0.22776975411091357,0.5368098160118657,1.6646590396182912
62,0.8611963190184049,0.2353157454335982,0.5439672802245447,1.6789291414502696
63,0.8624744376278118,0.23122129587795592,0.5419222904494935,1.7001871701886073
64,0.8642638036809815,0.23962522966973865,0.5460122699386503,1.71495420167295
65,0.8739775051124744,0.23077364393904165,0.5419222904494935,1.7356286738791593
66,0.873721881390593,0.22859564234630217,0.5337423313492891,1.7593531957189485
67,0.8686094069529653,0.236982379177231,0.54396728028549,1.7712066105294568
68,0.8826687116564417,0.22275834404130168,0.5480572598355923,1.7912935891278194
69,0.8826687116564417,0.22421852311839355,0.5490797546621724,1.8190667953471709
70,0.8834355828220859,0.2229274634142351,0.5470347648871213,1.8274281351600443
71,0.8916155419222904,0.21386843779579506,0.5521472393247491,1.8397690179645405
72,0.8773006134969326,0.23074193466416654,0.5449897750511248,1.8458504508609421
73,0.8826687116564417,0.22318917333104615,0.5408997959885861,1.8555591301440217
74,0.8801124744376279,0.22371523990343442,0.5501022499763161,1.8804436390629087
75,0.8773006134969326,0.22630323789602408,0.5541922295264183,1.890080454159368
76,0.8829243353783232,0.21873131845382582,0.5490797550887906,1.9179492789055916
77,0.8882924335378323,0.21864581301595049,0.5511247448638417,1.9571705932266141
78,0.880879345603272,0.2272353775052693,0.5449897755386883,1.978553674459945
79,0.8957055214723927,0.21028442878908418,0.5398773006744424,1.9970901855905607
80,0.8877811860940695,0.21529313568444827,0.5429447853979645,2.0198010857119884
81,0.8813905930470347,0.2178289236954141,0.5408997956229133,2.0341785380689155
82,0.8870143149284253,0.21693025136286495,0.5419222905104389,2.055738835978362
83,0.8921267893660532,0.21051888935770724,0.5378323110212822,2.0781216757916723
84,0.8905930470347648,0.2118115528717119,0.5449897751730156,2.1013354767563395
85,0.8949386503067485,0.2058349136255514,0.5368098161337566,2.1223394819563883
86,0.8928936605316974,0.20908902001953808,0.5306748468086032,2.145057936875123
87,0.8882924335378323,0.21302702693851447,0.5378323109603367,2.1661894533531796
88,0.8905930470347648,0.2170662697107514,0.5337423314102344,2.1586215698402107
89,0.8918711656441718,0.20902871625433184,0.5357873211852856,2.1674379761233653
90,0.8921267893660532,0.2048289412308812,0.5368098160728111,2.200007643923925
91,0.8849693251533742,0.21767477956286238,0.5296523518601322,2.216191353729654
92,0.8949386503067485,0.2057207737933151,0.5368098160118657,2.236772245180875
93,0.8964723926380368,0.20916368381133596,0.5357873211852856,2.2229174475484585
94,0.8980061349693251,0.20249045888582864,0.5337423314102344,2.2338894110759586
95,0.8852249488752556,0.211853081768032,0.5357873211243401,2.2157706819428986
96,0.8990286298568507,0.2025173089194639,0.5398773006744424,2.2221876199991426
97,0.8918711656441718,0.20439815783305645,0.5327198364617635,2.2611856211913874
98,0.891359918200409,0.21112850067683767,0.5419222908761117,2.288366501072921
99,0.8962167689161554,0.20297434839185763,0.5429447857636371,2.306742992137839
100,0.885480572597137,0.2082556868257698,0.5439672806511627,2.325475021374006
101,0.8916155419222904,0.2132362928431946,0.5347648261758691,2.330686125531031
102,0.8936605316973415,0.20884243138363026,0.5276073620241356,2.3411566955180256
103,0.8923824130879345,0.20155979982426805,0.5347648261758691,2.334555779010484
104,0.8872699386503068,0.20908778966813976,0.5337423313492891,2.347007626892355
105,0.8934049079754601,0.19985344911523636,0.5337423313492891,2.359843638289438
106,0.8877811860940695,0.21043805360550286,0.5286298569116612,2.368276740388149
107,0.891359918200409,0.20596265948257564,0.5337423313492891,2.375145129630902
108,0.8916155419222904,0.20204978078177127,0.5245398771787226,2.3970244564649272
109,0.8946830265848671,0.2023233002802102,0.5316973415132924,2.408775125056932
110,0.9003067484662577,0.20148488545527488,0.5378323113260094,2.4067799540385146
111,0.9000511247443763,0.20429147840887005,0.5357873210633947,2.4178462857361462
112,0.9000511247443763,0.19276031979753927,0.5357873210633947,2.4313342700462885
113,0.8888036809815951,0.20596610689211964,0.5276073619631901,2.4332958657317367
114,0.9036298568507157,0.19571606808766753,0.5265848671975555,2.4497540038543733
115,0.903118609406953,0.20078877900519498,0.5286298568507157,2.4704044584360103
116,0.9036298568507157,0.19717138609515622,0.5296523517382413,2.478719806866168
117,0.8957055214723927,0.20120629896781195,0.5255623721881391,2.4921195419288122
118,0.8997955010224948,0.1997066166762316,0.5296523517991868,2.4850735742377843
119,0.8962167689161554,0.2020936846306475,0.5357873211243401,2.4941634010439757
120,0.9097648261758691,0.19011111097345568,0.5337423314711799,2.522434882591107
121,0.9038854805725971,0.19069088666351294,0.5296523517991868,2.5437391516133565
122,0.8957055214723927,0.20085767627615628,0.5306748467476577,2.5576120744209834
123,0.8977505112474438,0.19565912934900062,0.5276073620850811,2.586282554092095
124,0.9015848670756647,0.19474860568719407,0.5286298569726067,2.5892596298444004
125,0.9105316973415133,0.19291989635561874,0.5235173825349788,2.594654712208941
126,0.9041411042944786,0.19278970583206792,0.5316973415742379,2.6057652074135156
127,0.9074642126789366,0.18517514252711414,0.5276073620241356,2.607708736675161
128,0.9008179959100204,0.19460972595068574,0.52658486713661,2.620895123432994
129,0.9100204498977505,0.1885608217101887,0.5347648261758691,2.625134955398388
130,0.9079754601226994,0.18624921188764046,0.5337423312883436,2.6596991562404515
131,0.9066973415132924,0.19373473829774526,0.5276073620850811,2.6827310065306524
132,0.9069529652351738,0.18803594473193272,0.532719836400818,2.681619166108972
133,0.9054192229038854,0.19646399189358107,0.5460122699995957,2.6730470930384223
134,0.9072085889570553,0.18598982463219416,0.5347648262368145,2.6861641831193235
135,0.8992842535787321,0.19764212755094032,0.5337423313492891,2.6849080938503054
136,0.9105316973415133,0.18727729230326864,0.5357873210633947,2.704363811966832
137,0.9051635991820041,0.18887196443136972,0.5337423313492891,2.712604392281827
138,0.898517382413088,0.19659545773865011,0.5398773006744424,2.734981785035085
139,0.9054192229038854,0.19323201514094884,0.5378323108993912,2.76983935408797
140,0.9072085889570553,0.18771192586860774,0.5327198364617635,2.7880021555535874
141,0.9059304703476483,0.19159245026318816,0.5327198365227089,2.8503781749670734
142,0.901840490797546,0.19888386005394784,0.5316973415132924,2.8355563657171645
143,0.9069529652351738,0.1895752516565635,0.5368098160728111,2.8583428625680187
144,0.9107873210633947,0.18008382127816447,0.5316973416351833,2.851490980764596
145,0.9020961145194274,0.19438338345240475,0.5337423314102344,2.8863889829756535
146,0.9112985685071575,0.18746067513473683,0.53476482629776,2.8904684599191866
147,0.9072085889570553,0.18886520245811447,0.5296523518601322,2.893032951589011
148,0.9084867075664622,0.19146226293165503,0.5296523517991868,2.878730409228241
149,0.9118098159509203,0.18531899120666254,0.5265848675632282,2.898590144935561
150,0.9074642126789366,0.185965534551012,0.5255623721881391,2.9157228816018756
151,0.9095092024539877,0.18393235003046218,0.5337423312883436,2.9240812246053496
152,0.9107873210633947,0.1859608645758502,0.5265848675632282,2.9170238513400464
153,0.907719836400818,0.1891210159641102,0.5204498978114567,2.9455443077048398
154,0.9102760736196319,0.18869131105687234,0.5265848670756647,2.9552409132077893
155,0.9051635991820041,0.19827355417005854,0.5296523522258049,2.9811415174987417
156,0.907719836400818,0.19100280354801252,0.523517382413088,2.9920644804012557
157,0.9138548057259713,0.18430306529340568,0.5286298567288249,3.00647812484476
158,0.9158997955010225,0.178692070283529,0.5265848670756647,3.0063435499897277
159,0.9107873210633947,0.18307385482427288,0.5204498982380747,3.0275765932898335
160,0.9212678936605317,0.17918174917255442,0.5214723931256003,3.048695947494975
161,0.9125766871165644,0.18706645272626468,0.5265848675632282,3.04457163128141
162,0.9038854805725971,0.1944753101632639,0.5255623721881391,3.056871205019805
163,0.9120654396728016,0.18319331129331043,0.516359918200409,3.0754566738698137
164,0.912321063394683,0.18434385079242943,0.5306748471133305,3.0750147423617435
165,0.9069529652351738,0.19471566678464777,0.5204498978114567,3.0706130600170614
166,0.918200408997955,0.18520373504433651,0.5204498982380747,3.0788360724419905
167,0.9161554192229039,0.1870602772653042,0.5276073619631901,3.0964702496986933
168,0.9115541922290389,0.18574879493693877,0.5245398773006135,3.1195984145127436
169,0.9125766871165644,0.17780586798315398,0.5214723926380368,3.140967227198595
170,0.9176891615541922,0.18351290099216142,0.5347648261758691,3.1206621709289237
171,0.912321063394683,0.18499337438425403,0.5296523517382413,3.1394397198300665
172,0.9184560327198364,0.18102757518459683,0.5276073619631901,3.139359853019012
173,0.9161554192229039,0.17987034034082983,0.5184049084630237,3.128591464828616
174,0.9097648261758691,0.18536624336778995,0.523517382413088,3.126740623349305
175,0.9133435582822086,0.18867434454598067,0.524539877788177,3.12063841634489
176,0.9258691206543967,0.17420197979133797,0.5255623726757026,3.1284818229987335
177,0.9128323108384458,0.18810811449901213,0.5276073619631901,3.1579987534716087
178,0.9158997955010225,0.1827513223136861,0.5265848670756647,3.162464612832099
179,0.9189672801635992,0.1817973176882067,0.5224948875255624,3.196717834180118
180,0.9176891615541922,0.17867627846560838,0.5194274029239311,3.214185528959965
181,0.9258691206543967,0.17905984383175466,0.5173824130879345,3.2335572223234275
182,0.9281697341513292,0.17192169219438283,0.51738241314888,3.2405823559361244
183,0.9176891615541922,0.18083454083445613,0.51738241314888,3.254494278952632
184,0.9125766871165644,0.1833843162820383,0.5224948875255624,3.24186905225118
185,0.9174335378323109,0.1870018219411495,0.5265848675632282,3.2539446695206844
186,0.9197341513292433,0.17917390103720449,0.5316973420008559,3.221085534261536
187,0.9166666666666666,0.18298762747237043,0.5265848670756647,3.2212553131555977
188,0.918200408997955,0.18419877374220966,0.5306748466867123,3.2047001779201327
189,0.9217791411042945,0.17837093136671375,0.5276073620241356,3.231701053237135
190,0.9189672801635992,0.18072698208939567,0.5276073624507538,3.247141726421676
191,0.9263803680981595,0.17335656839889496,0.5296523517382413,3.2463503873665154
192,0.9151329243353783,0.1831639565390312,0.5286298573382793,3.244391300439347
193,0.9199897750511248,0.18048295293361374,0.5306748471133305,3.2125893887322863
194,0.9202453987730062,0.18144501760937198,0.5286298573382793,3.234705432548601
195,0.9304703476482618,0.17001578497085226,0.5276073618412993,3.217113779610164
196,0.9202453987730062,0.1863407520139266,0.5316973420008559,3.2261913402924023
197,0.9238241308793456,0.18097367958910382,0.5378323107165549,3.2169022477233824
198,0.9222903885480572,0.1787886566278698,0.5296523522258049,3.2442587850527773
199,0.9302147239263804,0.17171360442609143,0.5265848669537737,3.259466009393548
200,0.9256134969325154,0.17903505012789142,0.5357873214290674,3.270341740551658
201,0.9263803680981595,0.1729196174287357,0.5337423311664526,3.28866663447187
202,0.918200408997955,0.18538697639857332,0.5316973413914016,3.2873652834589984
203,0.9291922290388548,0.17266050700273494,0.5306748471133305,3.3085345061522564
204,0.9302147239263804,0.1716873475897044,0.5255623726757026,3.314897150593545
205,0.9256134969325154,0.17280561359625896,0.5276073624507538,3.291936171323
206,0.9248466257668712,0.17729318897660767,0.5316973420008559,3.3026426920861556
207,0.9215235173824131,0.17643011365931457,0.5255623726757026,3.3092105139983943
208,0.931237218813906,0.1752712195148741,0.5276073624507538,3.3234580294486205
209,0.9279141104294478,0.16790253108325423,0.5265848675632282,3.33099232665844
210,0.9235685071574642,0.18368548922743533,0.5224948880131259,3.3431996060782905
211,0.9248466257668712,0.17700163986541498,0.5194274033505493,3.3340456549131554
212,0.9222903885480572,0.18262413692620635,0.5184049084630237,3.3386495254766233
213,0.9281697341513292,0.17812053895801122,0.5235173829006515,3.3787290698911514
214,0.9302147239263804,0.17581767393828412,0.5163599186879726,3.367290670398798
215,0.9261247443762781,0.17938734850025373,0.5163599186879726,3.3703525402794585
216,0.9294478527607362,0.1803310610704383,0.5173824135754981,3.372251156648975
217,0.933282208588957,0.17120004259430802,0.5122699391378703,3.385168085800358
218,0.9294478527607362,0.175125811850854,0.5163599186879726,3.384259073768413
219,0.9320040899795501,0.16851573295754158,0.5163599186879726,3.390740695906563
220,0.9322597137014315,0.17596466950538944,0.5214723931256003,3.3817647449321786
221,0.9325153374233128,0.16741328502877603,0.5143149289129214,3.3914042557675415
222,0.9256134969325154,0.17777568443177424,0.515337423800447,3.400333236819152
223,0.9322597137014315,0.16822799988441428,0.5122699391378703,3.3955547916864814
224,0.9325153374233128,0.1701342351049002,0.5173824135754981,3.403947874568479
225,0.9297034764826176,0.17592263840336986,0.524539877788177,3.4003568553729533
226,0.9281697341513292,0.17641788842975484,0.5286298573382793,3.3929427216145647
227,0.9327709611451943,0.16696204181097768,0.5245398773006135,3.3904678880071346
228,0.9297034764826176,0.17957591721007185,0.516359918200409,3.420884731113301
229,0.9327709611451943,0.17209091995878942,0.5276073624507538,3.4185855534910425
230,0.9268916155419223,0.17796856494037652,0.5296523517382413,3.422265916758032
231,0.928680981595092,0.1725386219186773,0.5378323108384458,3.410444845207386
232,0.9337934560327198,0.1728710852761454,0.5337423312883436,3.4251470000222173
233,0.9274028629856851,0.17651450947871725,0.5337423317759071,3.446290580285351
234,0.9284253578732107,0.17589129806174336,0.5306748471133305,3.455185069628288
235,0.9368609406952966,0.16536206851098192,0.5276073624507538,3.4474210461224515
236,0.935838445807771,0.16347253468870385,0.5286298573382793,3.4732301552115286
237,0.9289366053169734,0.17610721994031425,0.5296523522258049,3.4732286471774487
238,0.9291922290388548,0.1739901530047867,0.5306748471133305,3.460954725132886
239,0.9327709611451943,0.17114243999214993,0.5306748471133305,3.454424037523796
240,0.9350715746421268,0.1685328441529186,0.5255623726757026,3.4773346568421597
241,0.9304703476482618,0.17702725686605236,0.5327198368883815,3.4761029957262286
242,0.9253578732106339,0.18133749782368694,0.5265848675632282,3.4998267340513824
243,0.9304703476482618,0.1754804605995219,0.5255623726757026,3.4995844476305877
244,0.9304703476482618,0.1777294604812419,0.5286298573382793,3.489878439464452
245,0.9327709611451943,0.17655436187251214,0.5276073624507538,3.475733393784193
246,0.9378834355828221,0.16855769854320826,0.5276073624507538,3.5011169388737904
247,0.9294478527607362,0.17844757622065963,0.5357873215509582,3.4909328512375097
248,0.9353271983640081,0.17481401437752572,0.5378323113260094,3.5034031726587527
249,0.9373721881390593,0.16759506331143448,0.5337423317759071,3.5324327848196515
