epoch,acc,loss,val_acc,val_loss
0,0.43609406952965235,0.7292797962824503,0.4458077708392543,0.7169887120007006
1,0.5196830265848671,0.7057919420591405,0.44989775087692013,0.711727997886135
2,0.5973926380368099,0.6901633643177633,0.4795501026151614,0.7077192155861416
3,0.6482617586912065,0.6780162113575847,0.5081799594658771,0.7055712082634674
4,0.6996421267893661,0.664976468724951,0.5255623724319208,0.7045954738901681
5,0.7374744376278118,0.6544504599580979,0.5184049082192419,0.7055865718786946
6,0.7566462167689162,0.6437207122765679,0.5245398775443952,0.7062472242762949
7,0.7791411042944786,0.631204578774107,0.5071574647002425,0.7079516524917508
8,0.8052147239263804,0.6158354483499118,0.5204498977505112,0.7091764120236497
9,0.8126278118609407,0.6035239690408141,0.5184049078535692,0.7123968777968596
10,0.8353783231083844,0.587812049622916,0.5143149289129214,0.7159432399492323
11,0.8448364008179959,0.5767418236332681,0.5173824135754981,0.7187238537948312
12,0.8558282208588958,0.5611832440508899,0.5265848675632282,0.7238320982529342
13,0.8655419222903885,0.5464322379274115,0.5204498976286204,0.7317092105411069
14,0.88420245398773,0.528815382463069,0.5204498982380747,0.7405113092716974
15,0.8872699386503068,0.5178660232352821,0.514314928303467,0.7473716165390483
16,0.8982617586912065,0.5023924580380961,0.5081799595877681,0.7559635906131721
17,0.9036298568507157,0.4924524846374379,0.5102249493628191,0.7665037318972722
18,0.9133435582822086,0.4742206052280886,0.5102249493628191,0.778054928365173
19,0.9107873210633947,0.46498866894250024,0.5040899800376658,0.787937681611574
20,0.9202453987730062,0.4532459355083224,0.5081799589783136,0.8036530222629477
21,0.9233128834355828,0.4433938651850375,0.5010224953750891,0.8219260603859868
22,0.9376278118609407,0.4192439160464,0.5040899800376658,0.8310152948024571
23,0.9309815950920245,0.41850457991071516,0.4969325158249869,0.848874309555397
24,0.9368609406952966,0.40800925461548726,0.5010224947656347,0.8645992705670846
25,0.9432515337423313,0.39472013675362055,0.49693251521553244,0.8813159850965004
26,0.9435071574642127,0.385243744511302,0.497955010103058,0.9006026622464076
27,0.9478527607361963,0.37376338115499064,0.4918200413873591,0.9173491642275227
28,0.946319018404908,0.36956181457925186,0.4805725976245779,0.9373135152282402
29,0.9496421267893661,0.3596703407101348,0.482617587399629,0.9566840650113814
30,0.9555214723926381,0.3513254375789307,0.4795501027370523,0.9757919777146634
31,0.9578220858895705,0.34221097961037683,0.48875255660289146,1.000567518372721
32,0.9616564417177914,0.3293860928900159,0.4867075663402768,1.0216782412402226
33,0.9537321063394683,0.33238741456852855,0.4826175867901745,1.040462550453857
34,0.9603783231083844,0.3198498171165677,0.48261758666828364,1.0667593449902681
35,0.9539877300613497,0.31823277446024256,0.48568507145275125,1.0827561248787099
36,0.9631901840490797,0.30572146439357284,0.481595091902649,1.105458676936924
37,0.9601226993865031,0.30761467578586627,0.47852760772763586,1.1326674071801464
38,0.9611451942740287,0.29755921421119286,0.481595091902649,1.152130341237308
39,0.9555214723926381,0.29867475615444844,0.47341513329000806,1.181679643736295
40,0.9644683026584867,0.28658314168087545,0.4826175872777381,1.2001159356903202
41,0.9644683026584867,0.28150915014719424,0.48159509239021253,1.225577007529682
42,0.962678936605317,0.27802660101396176,0.48159509239021253,1.2483377907661328
43,0.9652351738241309,0.27132154147927257,0.48568507145275125,1.2744506604832375
44,0.962678936605317,0.27201841616191746,0.4856850720622057,1.2949638271624326
45,0.9631901840490797,0.26776694833988546,0.4887525561153279,1.3256004356411581
46,0.9657464212678937,0.2584333836666645,0.4867075663402768,1.3464728964374597
47,0.9700920245398773,0.2500946925217876,0.48466257656522566,1.370661024179439
48,0.9665132924335378,0.24987754987548952,0.4877300618372568,1.3897939208582624
49,0.9695807770961146,0.2433936055635382,0.48875255672478235,1.408362824736441
50,0.9703476482617587,0.2386800208584175,0.4867075669497312,1.4414676661871693
51,0.9693251533742331,0.23802441727286225,0.48466257668711654,1.4671211345064128
52,0.9711145194274029,0.23200467667696667,0.4856850720622057,1.4898839369873327
53,0.9647239263803681,0.23798134191635928,0.4805725976245779,1.5164613643306897
54,0.9729038854805726,0.2256755421437125,0.4836400816777001,1.5480138085371147
55,0.9698364008179959,0.22562123167734205,0.48057259701512345,1.566519332078337
56,0.9675357873210634,0.2265143658668717,0.47955010212759785,1.5750290750238305
57,0.9690695296523517,0.22051028983480847,0.482617587399629,1.5946687028451931
58,0.971881390593047,0.2133260676465883,0.4815950925121034,1.6134030019334977
59,0.9700920245398773,0.21450879176457724,0.4754601226993865,1.6578242900668965
60,0.9693251533742331,0.2123008074509342,0.4805725976245779,1.6687900610496662
61,0.9749488752556237,0.20249862971968935,0.4867075669497312,1.700710094779547
62,0.9711145194274029,0.20681490455058943,0.47955010224948874,1.7233971623067719
63,0.9723926380368099,0.20096604742399266,0.4856850720622057,1.7490796984339052
64,0.9772494887525562,0.1926259985060292,0.4815950925121034,1.7685581979576064
65,0.9693251533742331,0.20060023241857322,0.4856850720622057,1.809615820219668
66,0.9721370143149284,0.195526487988197,0.48364008228715455,1.8402351674858046
67,0.9739263803680982,0.18931062970546614,0.48773006134969327,1.8553672470685652
68,0.9713701431492843,0.1906605552127756,0.4928425356654302,1.867852939906052
69,0.9716257668711656,0.18951280716738086,0.48568507145275125,1.8737503019578619
70,0.9749488752556237,0.1837993007008527,0.48466257717468014,1.9134659474612745
71,0.9772494887525562,0.17554026757555505,0.48364008228715455,1.9267494278695199
72,0.9700920245398773,0.18493720925658758,0.4815950925121034,1.9594967355513622
73,0.9767382413087935,0.1739792924199124,0.48364008228715455,1.9926242399313212
74,0.9762269938650306,0.17209219649159835,0.4918200408997955,2.0192161640019015
75,0.9700920245398773,0.17867495530953437,0.4867075664621677,2.0355705444554366
76,0.9769938650306749,0.16874233432159833,0.48364008228715455,2.0377287820804337
77,0.9711145194274029,0.17632611714501567,0.4805725976245779,2.0722540165992847
78,0.9741820040899796,0.16718762695545555,0.482617587399629,2.0847378211031176
79,0.9713701431492843,0.17341460385083665,0.4775051129620012,2.1178847075971357
80,0.9741820040899796,0.16427695057935754,0.4754601231869501,2.1632799458649994
81,0.9757157464212679,0.16178255164062563,0.4754601231869501,2.189541942990387
82,0.9744376278118609,0.16274657248231775,0.4877300612278024,2.20734667485477
83,0.9749488752556237,0.15809992333618897,0.4856850720622057,2.2350005377045927
84,0.977760736196319,0.1548587259491772,0.4815950920245399,2.271055154273846
85,0.9739263803680982,0.16018262081960472,0.4887525562372188,2.280559494451511
86,0.9741820040899796,0.1579603321987427,0.48773006134969327,2.294893299875084
87,0.9769938650306749,0.14972850089180445,0.48568507157464214,2.2915882947254764
88,0.9767382413087935,0.14997620993352861,0.48466257668711654,2.3336704752440345
89,0.973159509202454,0.15387628361552283,0.48057259713701433,2.351593620206681
90,0.9713701431492843,0.15698070205550008,0.483640081799591,2.3818210614483295
91,0.9741820040899796,0.1543355313394455,0.48568507157464214,2.391876993003798
92,0.976482617586912,0.14762083866113535,0.48466257668711654,2.397827904648576
93,0.976482617586912,0.1442944993148796,0.4867075664621677,2.407337471507566
94,0.9762269938650306,0.14455806204938693,0.4867075664621677,2.4308508198197876
95,0.971881390593047,0.15306275813308962,0.48568507157464214,2.451900015579411
96,0.9762269938650306,0.14770084709416625,0.48568507157464214,2.472622311675963
97,0.9762269938650306,0.14380229205075948,0.49284253578732107,2.4918535179887082
98,0.9800613496932515,0.13713225475483876,0.4928425362748846,2.5079400237108787
99,0.9739263803680982,0.1466630665558735,0.4938650306748466,2.5251174865324804
100,0.9759713701431493,0.1433234073541647,0.48466257668711654,2.54169117112345
101,0.9757157464212679,0.1424557314252439,0.4815950920245399,2.5685782300913993
102,0.9775051124744376,0.13811819916610094,0.48057259713701433,2.5744790475061334
103,0.9746932515337423,0.1413308970462569,0.4785276073619632,2.6114213905451487
104,0.9762269938650306,0.13668469490449123,0.4867075664621677,2.6300543373591574
105,0.9785276073619632,0.13382947494433944,0.48261758691206547,2.628445363483546
106,0.9752044989775052,0.13938165454532958,0.48466257668711654,2.6583302050280424
107,0.976482617586912,0.13507976680079853,0.4795501023104342,2.6964421165013848
108,0.9769938650306749,0.133063256527261,0.4713701432102297,2.7092481098292063
109,0.9741820040899796,0.14057833058397706,0.48159509208548534,2.7323454138203878
110,0.9805725971370143,0.12557435323672791,0.48159509208548534,2.740983340881597
111,0.9821063394683026,0.11791403527640126,0.4713701432102297,2.806428426613837
112,0.9805725971370143,0.1228439073042148,0.4744376278728064,2.842350910046349
113,0.9849182004089979,0.11360542174497265,0.47443762781186094,2.842204984711723
114,0.9759713701431493,0.12924038164759463,0.4662576687116564,2.844697266268584
115,0.9787832310838446,0.12138085015468558,0.4662576687726019,2.823299508397077
116,0.9769938650306749,0.124724290259411,0.47034764838364956,2.8348372187351156
117,0.9782719836400818,0.12232783803209693,0.47546012276033195,2.8435388620645723
118,0.9780163599182005,0.12137448551525612,0.4764826176478575,2.8407821645522167
119,0.9803169734151329,0.11389584418820457,0.4826175869730109,2.860368283004605
120,0.9769938650306749,0.12280966359779147,0.4775051125353831,2.8652698276964434
121,0.9808282208588958,0.11301291247940258,0.4723926380977553,2.896156998499771
122,0.9805725971370143,0.11219626809860787,0.4775051125963285,2.910418912189382
123,0.9757157464212679,0.12509010558479403,0.4723926380977553,2.9257235561168025
124,0.9787832310838446,0.11824311933085963,0.4775051125353831,2.936241678421239
125,0.9831288343558282,0.10603955875632709,0.48057259719795975,2.9619704477626123
126,0.9803169734151329,0.11286525402393321,0.47546012276033195,2.975738699450815
127,0.9798057259713702,0.11179604232006521,0.4775051125353831,2.997064719658444
128,0.9795501022494888,0.11370873845854663,0.48057259719795975,3.0132056052943192
129,0.9775051124744376,0.1190510385865936,0.4877300614106387,3.0561514164041155
130,0.9800613496932515,0.11111449075439957,0.4836400818605364,3.0397152008454493
131,0.9780163599182005,0.11472135287060084,0.4764826176478575,3.0474295060327448
132,0.9787832310838446,0.11333294548018091,0.4867075664621677,3.0498409953829215
133,0.9795501022494888,0.11073621208560491,0.48466257668711654,3.0554756177227436
134,0.9780163599182005,0.11597858497335867,0.48466257668711654,3.0688642319482287
135,0.9762269938650306,0.11783071639347661,0.4867075664621677,3.1032594322914484
136,0.9739263803680982,0.12588082906049208,0.48773006134969327,3.0978501598771606
137,0.9790388548057259,0.1110026714352011,0.4887525562372188,3.0966908219889384
138,0.9818507157464212,0.10217265136433282,0.49079754601226994,3.1020071179832662
139,0.976482617586912,0.11541692209420516,0.483640081799591,3.108912881410439
140,0.9795501022494888,0.10986343333935689,0.4815950920245399,3.1605840246126453
141,0.9798057259713702,0.10874463756452553,0.4815950920245399,3.173085569116479
142,0.9808282208588958,0.10512938640691752,0.4723926380368098,3.17750056292138
143,0.9792944785276073,0.10771669802429241,0.4785276073619632,3.1730049329301333
144,0.9787832310838446,0.10882011025473627,0.48057259713701433,3.171756951599277
145,0.9785276073619632,0.10962300702685715,0.48057259713701433,3.192181078202885
146,0.9746932515337423,0.12013607845472168,0.47955010224948874,3.2077797015020453
147,0.9787832310838446,0.10901728611447084,0.47955010224948874,3.219828771911028
148,0.9805725971370143,0.10335897898076746,0.47443762781186094,3.240296249740694
149,0.9798057259713702,0.10746401901869199,0.4754601226993865,3.2542886938785482
150,0.9785276073619632,0.1100540206003896,0.47648261758691207,3.2733635756135717
151,0.9780163599182005,0.10967762742366771,0.47955010224948874,3.3103245508938968
152,0.9795501022494888,0.10570398360825999,0.4775051124744376,3.3103617539435075
153,0.9775051124744376,0.11315409801062387,0.4785276073619632,3.3242634108217706
154,0.9808282208588958,0.10339322721239004,0.48057259719795975,3.325670773753847
155,0.9792944785276073,0.10749753270534407,0.4785276074229086,3.3146782838006206
156,0.9803169734151329,0.10369131408616565,0.4795501023104342,3.3210608964073636
157,0.9787832310838446,0.10979760974523724,0.4826175869730109,3.325502335172002
158,0.9785276073619632,0.1098948104920319,0.4744376278728064,3.342865705977676
159,0.9823619631901841,0.09923521715743898,0.47034764832270415,3.3581223312331123
160,0.9787832310838446,0.10778895428057585,0.4713701432102297,3.382819052854199
161,0.9813394683026585,0.1008988294240034,0.4775051124744376,3.3995648064252544
162,0.9787832310838446,0.10542020868273844,0.4713701432102297,3.396140673896774
163,0.9772494887525562,0.11345749634083795,0.4713701432102297,3.40459907176792
164,0.977760736196319,0.11158367934311095,0.4775051125353831,3.4062504037026247
165,0.983640081799591,0.09519107935374987,0.4826175869730109,3.4317823958055618
166,0.9826175869120655,0.0955202870817516,0.47034764838364956,3.4417648539708923
167,0.9798057259713702,0.10505515528968506,0.4795501023104342,3.4320181152328146
168,0.9828732106339468,0.0944453042251932,0.4764826176478575,3.436381173280119
169,0.9808282208588958,0.09988283360632164,0.4785276074838541,3.464134088566942
170,0.9823619631901841,0.09759524442514515,0.4764826176478575,3.479778594034581
171,0.9810838445807771,0.09685501210193449,0.4734151329852808,3.5176491259553435
172,0.9805725971370143,0.10098273298705039,0.46319018417097063,3.537281855483728
173,0.983640081799591,0.09330617474174939,0.47546012276033195,3.5097455208043136
174,0.9805725971370143,0.10177765284609697,0.47546012282127736,3.501479097183009
175,0.9818507157464212,0.09774090893993227,0.48057259713701433,3.516093914250411
176,0.9815950920245399,0.09740937514904818,0.48057259719795975,3.538927525830415
177,0.9790388548057259,0.10695585763893245,0.4734151330462263,3.555910270394479
178,0.9803169734151329,0.10606442219701526,0.4764826176478575,3.53196178525991
179,0.9798057259713702,0.10594295794125227,0.4785276073619632,3.5083842092252704
180,0.9798057259713702,0.10831166723845927,0.4815950920245399,3.5201147504623194
181,0.9803169734151329,0.10061995142686099,0.4734151329243354,3.543694983718342
182,0.9767382413087935,0.11289943385953065,0.4713701432102297,3.613364769637219
183,0.9808282208588958,0.10360619489766337,0.4744376278728064,3.61865196540068
184,0.977760736196319,0.11019055204797376,0.4764826176478575,3.6295196644367618
185,0.9833844580777096,0.09584590706570505,0.4723926380977553,3.6426467476203155
186,0.9810838445807771,0.10000612604258495,0.4723926380368098,3.66588369907777
187,0.9795501022494888,0.10620799605831778,0.4703476482617587,3.6758393119936827
188,0.983640081799591,0.08960006943692458,0.4723926380977553,3.6792461535681977
189,0.9803169734151329,0.10355340312320761,0.46830265848670755,3.6716999832106514
190,0.9808282208588958,0.09980545304944179,0.46932515337423314,3.6595576682217525
191,0.9846625766871165,0.09272144073601393,0.4723926380368098,3.6671895893073523
192,0.9803169734151329,0.09935288744500566,0.47341513341189895,3.6906548306985867
193,0.9803169734151329,0.10357543816199576,0.47239263852437335,3.6776802954254464
194,0.9833844580777096,0.09458979279381853,0.47341513341189895,3.7443406723272092
195,0.9795501022494888,0.10224348329510426,0.4703476487493222,3.700988545252014
196,0.9831288343558282,0.09548910381177209,0.4652351738241309,3.7066762559496795
197,0.9813394683026585,0.09950907984348528,0.4703476487493222,3.733784455219417
198,0.9823619631901841,0.09374534332618148,0.4723926379149189,3.7747954737189358
199,0.9859406952965235,0.08379611590065839,0.4631901841100252,3.7988762377717498
200,0.9808282208588958,0.10140736875693734,0.4652351743116944,3.807709484256362
201,0.9803169734151329,0.10343591027830276,0.4662576687116564,3.802190896679775
202,0.9818507157464212,0.09509197134974057,0.4611451942740286,3.809039981818638
203,0.9795501022494888,0.10572126731733603,0.4642126794241689,3.8419440333828603
204,0.9805725971370143,0.09943684563040733,0.4468302659096162,3.8689366869156103
205,0.9823619631901841,0.09419333914214847,0.4529652356613877,3.8782660795379513
206,0.9833844580777096,0.0929533725562515,0.4550102249488753,3.8668823622487074
207,0.9815950920245399,0.10018481713374944,0.4529652356613877,3.8915375546687465
208,0.9798057259713702,0.09931443999607138,0.4591002049865411,3.9169186902192474
209,0.9821063394683026,0.09267983436279745,0.4580777100990155,3.9073593133797675
210,0.9810838445807771,0.09665987546915657,0.4539877300613497,3.9300834747423665
211,0.9795501022494888,0.1057623702354714,0.4601226998740666,3.899470943614749
212,0.9861963190184049,0.08264072870946125,0.4591002043770866,3.8969470425861257
213,0.9826175869120655,0.0964065450100811,0.46830265836481666,3.890751807967578
214,0.9803169734151329,0.10212635009688589,0.4703476487493222,3.88676792663543
215,0.9803169734151329,0.10361887586202115,0.4775051129620012,3.886624825268923
216,0.9859406952965235,0.08661307121011864,0.47852760784952675,3.872560379207744
217,0.9821063394683026,0.0926747917062422,0.4754601231869501,3.892683730291199
218,0.9818507157464212,0.09775293321331587,0.4723926379149189,3.8873885457988653
219,0.9787832310838446,0.10703676934439711,0.47239263852437335,3.8986892924474548
220,0.9823619631901841,0.09641802138010905,0.4764826174650212,3.9046248590044206
221,0.9826175869120655,0.09484457284791094,0.4764826180744756,3.923768905042871
222,0.9798057259713702,0.10359108560777637,0.4815950925121034,3.9290446679284967
223,0.9851738241308794,0.0816801460821692,0.4754601231869501,3.9523210086705496
224,0.9859406952965235,0.08147511213012268,0.4754601231869501,3.97498338792953
225,0.9815950920245399,0.09652926323360217,0.47443762781186094,3.9851463323721856
226,0.9831288343558282,0.09091397651789257,0.482617587399629,3.953601719655386
227,0.9826175869120655,0.09541868587197823,0.48057259713701433,3.9579694071186586
228,0.9854294478527608,0.08662628889815208,0.4775051124744376,3.95277793958387
229,0.9782719836400818,0.10908212146297067,0.4795501027370523,3.9705069538030644
230,0.9844069529652352,0.09045648283814604,0.47955010224948874,3.980008424181636
231,0.9844069529652352,0.09035839348391521,0.4785276073619632,4.019447921000132
232,0.9815950920245399,0.09979530263897832,0.4754601226993865,4.016968971381158
233,0.9810838445807771,0.09808510432214093,0.46830265848670755,4.042871425975807
234,0.9823619631901841,0.09656286348564005,0.468302658547653,4.040857914766651
235,0.9826175869120655,0.0950808890605753,0.47137014314928427,4.006098154863697
236,0.9833844580777096,0.09235029453545017,0.4764826180744756,3.9974056187339113
237,0.9833844580777096,0.09492991513483119,0.4764826180744756,3.9934851937986346
238,0.9867075664621677,0.07884994947593392,0.4775051124744376,3.9965718241069457
239,0.9805725971370143,0.10160644014188848,0.483640081799591,4.045080596927729
240,0.9821063394683026,0.09817179854281231,0.48568507163558755,4.001114955465242
241,0.9803169734151329,0.10360271709919708,0.48159509208548534,3.959350363120955
242,0.9815950920245399,0.09621445465916749,0.4785276073619632,3.9357145783360017
243,0.983640081799591,0.09153815103668132,0.4672801637210729,3.9044822159476564
244,0.9838957055214724,0.08599673815696274,0.4775051124744376,3.899702280820757
245,0.9818507157464212,0.09779953752436765,0.4764826176478575,3.911565458360138
246,0.9808282208588958,0.10099823393521865,0.4764826176478575,3.918181858667323
247,0.9831288343558282,0.0916170249854982,0.4744376278728064,3.9111333010386837
248,0.9849182004089979,0.08587573302608814,0.4754601226993865,3.9155828162936346
249,0.9856850715746421,0.08238930087574664,0.47648261758691207,3.942446735495195
