epoch,acc,loss,val_acc,val_loss
0,0.5135480572597138,0.7165855672705637,0.5204498978724021,0.7134779256545692
1,0.6180981595092024,0.6830633844578436,0.5511247444981691,0.710090005446553
2,0.6551635991820041,0.6541044950972793,0.5766871166863081,0.7073821154840153
3,0.6843047034764826,0.6217775649575855,0.5817995910629904,0.7051235169233232
4,0.7157464212678937,0.5902500785201605,0.5705521473002092,0.7067343005129653
5,0.7290388548057259,0.5623474012610858,0.5674846625766872,0.7090433375235715
6,0.7525562372188139,0.52497239688179,0.549079754601227,0.7145279575223085
7,0.75,0.5111300183463926,0.5470347653137394,0.7158736954681225
8,0.7804192229038854,0.47637964751579037,0.5552147239873259,0.7254129436118472
9,0.7888548057259713,0.44646702277148426,0.5388548057869168,0.7337607339115962
10,0.7995910020449898,0.42435800157685466,0.5276073619631901,0.7411109569857701
11,0.8031697341513292,0.4142105737224922,0.5286298568507157,0.7473538248573101
12,0.8146728016359919,0.3966411698937172,0.5378323113260094,0.7549178607624732
13,0.8315439672801636,0.37461427323413526,0.5388548057259713,0.7629119773340127
14,0.8458588957055214,0.3580217476027631,0.5419222903885481,0.7717352009745951
15,0.8540388548057259,0.35511834849365403,0.5460122704262138,0.78430976677526
16,0.8729550102249489,0.3454625578806688,0.5408997955010225,0.7970840854147461
17,0.8732106339468303,0.3244105034444961,0.532719836400818,0.8063272169518813
18,0.8811349693251533,0.322034631587245,0.532719836400818,0.8175150212090927
19,0.8844580777096115,0.31972273611339813,0.5449897750511248,0.8304594546739309
20,0.8905930470347648,0.3003712662158568,0.5368098159509203,0.8415831960052069
21,0.8895705521472392,0.3021595810210534,0.5368098159509203,0.854638650617229
22,0.8962167689161554,0.29244672590847637,0.5265848670756647,0.8759474837219301
23,0.9003067484662577,0.2799220070517136,0.5265848670756647,0.8931934336211784
24,0.9074642126789366,0.26640278673854584,0.5306748471133305,0.9069845878760995
25,0.9000511247443763,0.27227208862397323,0.5357873215509582,0.9176101400564541
26,0.9072085889570553,0.25505662116780115,0.5296523522258049,0.9321238199869791
27,0.9056748466257669,0.25852378450166474,0.5398773011010605,0.9496429968465325
28,0.9189672801635992,0.2509944241471086,0.5306748466257669,0.9681147490542359
29,0.9210122699386503,0.24612970924450575,0.5296523517382413,0.9870810299075699
30,0.9258691206543967,0.23927374068335278,0.5265848670756647,1.0075935439829447
31,0.9176891615541922,0.24279158533472714,0.5245398773006135,1.0247903255353432
32,0.9276584867075665,0.23527017717224932,0.5357873210633947,1.046045617091875
33,0.9271472392638037,0.23198827199165561,0.523517382413088,1.066694148235282
34,0.9309815950920245,0.22503476963208985,0.5255623721881391,1.085427090434209
35,0.9325153374233128,0.22167980640456234,0.5316973415132924,1.0974572406956022
36,0.9268916155419223,0.22382487573019078,0.5276073624507538,1.1243635598867217
37,0.9363496932515337,0.21404027353766505,0.5368098164384838,1.129905193617495
38,0.9340490797546013,0.21997504155694342,0.5388548062135349,1.1557559026043351
39,0.9399284253578732,0.21408132730329937,0.5265848675632282,1.1822882744432226
40,0.9348159509202454,0.21671456061989253,0.5368098164384838,1.191211219214223
41,0.9317484662576687,0.22071861611309715,0.5439672806511627,1.2038293004279732
42,0.9424846625766872,0.20832645027671612,0.5378323113260094,1.2328118397901882
43,0.9470858895705522,0.19725843490023312,0.5316973420008559,1.2596880353545363
44,0.9427402862985685,0.20306462753404136,0.5316973420008559,1.2843393131267804
45,0.9409509202453987,0.2025581135705936,0.515337423800447,1.322856397228982
46,0.9473415132924335,0.19492909638306358,0.5306748471133305,1.3449709920064072
47,0.9432515337423313,0.19720588877400982,0.5327198368883815,1.3809658323085137
48,0.9465746421267893,0.1862752972692556,0.5276073624507538,1.3997293186577795
49,0.9475971370143149,0.18947571132080687,0.5316973420008559,1.4102316019725214
50,0.9501533742331288,0.18480534607769278,0.5347648266634327,1.4246956653633975
51,0.9491308793456033,0.1873226961414263,0.5316973420008559,1.4262671087904697
52,0.9452965235173824,0.19288589767273706,0.5378323113260094,1.446365042698164
53,0.9460633946830266,0.1926314984972004,0.5429447857636371,1.473156251058988
54,0.9506646216768916,0.1825860849065527,0.5419222908761117,1.5002720824048563
55,0.9458077709611452,0.19111391367173633,0.5357873215509582,1.5273827631293142
56,0.9537321063394683,0.17874790910928529,0.5337423317759071,1.5498973387150676
57,0.9578220858895705,0.17047013427704147,0.5429447857636371,1.5689927624778512
58,0.9557770961145194,0.17558506460277581,0.5327198368883815,1.5805687543560878
59,0.9506646216768916,0.18054216667430775,0.5306748471133305,1.618078404896586
60,0.9544989775051125,0.17554507323813098,0.5286298573382793,1.6461040856648077
61,0.9532208588957055,0.17681168967473238,0.524539877788177,1.6878295359192206
62,0.9455521472392638,0.19198168792851375,0.5173824130879345,1.7031772682759416
63,0.9511758691206544,0.1783661521773153,0.5286298568507157,1.7312886802696743
64,0.9537321063394683,0.172049219927661,0.5337423312883436,1.7463228336872498
65,0.9524539877300614,0.17642464106312072,0.5286298568507157,1.7684904105336632
66,0.9511758691206544,0.17615762195247084,0.5255623721881391,1.7956599682142886
67,0.9524539877300614,0.17778213535471685,0.5296523517382413,1.8101703438047008
68,0.9580777096114519,0.17331611095396288,0.5255623721881391,1.8087904511785216
69,0.9580777096114519,0.16542771670411213,0.5296523517382413,1.8320820199931327
70,0.9539877300613497,0.1740531104946307,0.523517382413088,1.8385928018449031
71,0.96140081799591,0.16280950424556595,0.5316973415132924,1.8468699001827122
72,0.9527096114519428,0.17442331368633088,0.5224948875255624,1.8600335506329995
73,0.9603783231083844,0.166927284471584,0.5316973415132924,1.8738443768585142
74,0.9616564417177914,0.16279773219109556,0.5368098160118657,1.882548775897192
75,0.9562883435582822,0.1721954727221608,0.5337423313492891,1.9078560582455437
76,0.9601226993865031,0.16119168415391372,0.532719836400818,1.9130745021843472
77,0.9593558282208589,0.1612572357942234,0.5265848675632282,1.9205459592776308
78,0.962678936605317,0.15632835140257526,0.5255623721881391,1.9608192780266511
79,0.9555214723926381,0.16834313734786885,0.5204498982380747,1.990302390116124
80,0.9578220858895705,0.1674424019358397,0.5235173829006515,2.0096440534650184
81,0.9570552147239264,0.1635327429066894,0.523517382413088,2.0303910953623143
82,0.9624233128834356,0.1593506588069208,0.5265848670756647,2.0269000910542494
83,0.9631901840490797,0.15850464986724844,0.5286298569116612,2.0601188346652166
84,0.9624233128834356,0.15680672356321768,0.52658486713661,2.0871528438263875
85,0.9631901840490797,0.15296345548456675,0.5184049079754601,2.0968057728983873
86,0.9578220858895705,0.1618758402840979,0.5122699386503068,2.1353377120870265
87,0.9573108384458078,0.16367954990858924,0.5173824135754981,2.135477617961985
88,0.9580777096114519,0.1627877684032015,0.5204498977505112,2.1630591020018533
89,0.9583333333333334,0.16543674155125102,0.5296523517382413,2.1602419105287956
90,0.9583333333333334,0.16512515772217864,0.5255623721881391,2.1687009885511026
91,0.9631901840490797,0.15322029944090268,0.5357873210633947,2.1884653651153627
92,0.9601226993865031,0.15791631692635744,0.5296523517382413,2.2266511117510026
93,0.963957055214724,0.15583580345342007,0.5224948875255624,2.2326351733295464
94,0.962678936605317,0.15499004977612407,0.523517382413088,2.277240832646688
95,0.9624233128834356,0.1568416720579982,0.532719836400818,2.3121532511369827
96,0.9667689161554193,0.14625309229445604,0.5255623721881391,2.3313981813887144
97,0.9642126789366053,0.15693097008517914,0.523517382413088,2.3474606336503916
98,0.9624233128834356,0.16083109723156458,0.5286298568507157,2.3587103280065493
99,0.9575664621676891,0.16871903653890807,0.5357873210633947,2.3498624916700743
100,0.9606339468302658,0.16531827533903298,0.5429447852760736,2.3783317314335175
101,0.9593558282208589,0.1594568244153005,0.5388548062135349,2.411493482277681
102,0.9621676891615542,0.16089237455453853,0.5388548062135349,2.417449104761541
103,0.963957055214724,0.15357760714789842,0.5439672801635992,2.421631556590886
104,0.9647239263803681,0.15347359292894786,0.5398773006134969,2.4231816123112093
105,0.9647239263803681,0.15199427861255616,0.5398773011010605,2.4321325517627117
106,0.9637014314928425,0.14724315669395197,0.5378323113260094,2.431063079151395
107,0.9642126789366053,0.1484527880428759,0.5388548062135349,2.457576994028072
108,0.962678936605317,0.15468552833563956,0.5357873215509582,2.4495451830647474
109,0.9652351738241309,0.14911806619971807,0.5337423317759071,2.490782762597675
110,0.9624233128834356,0.15257545039514822,0.5316973420008559,2.5022182328081812
111,0.968558282208589,0.1434310156021625,0.5347648266634327,2.5220183170646244
112,0.9654907975460123,0.14576252815761206,0.523517382413088,2.5330423465291902
113,0.9598670756646217,0.15595066583961065,0.5316973415132924,2.5482463558758695
114,0.96140081799591,0.15429337209962873,0.5296523522258049,2.541888877658025
115,0.9634458077709611,0.14739495323845214,0.5286298573382793,2.551009285913167
116,0.9667689161554193,0.14486058356510836,0.523517382413088,2.5581922667645727
117,0.9667689161554193,0.1470358675242933,0.5204498982380747,2.56138250042812
118,0.9695807770961146,0.14184325924314603,0.5235173829006515,2.589695023612742
119,0.9652351738241309,0.1473346905961846,0.5255623726757026,2.6071374123813182
120,0.967280163599182,0.1445105075379091,0.5224948875255624,2.618028219979721
121,0.9624233128834356,0.15362168275627378,0.5316973415132924,2.6218693422149784
122,0.9680470347648262,0.14111356082199053,0.5265848675632282,2.6361617681195155
123,0.9634458077709611,0.15106883789041292,0.5265848670756647,2.6463439474320363
124,0.9703476482617587,0.1363360143146632,0.5194274028629857,2.666505248024907
125,0.966002044989775,0.1472148914004396,0.5255623721881391,2.6809214824060232
126,0.963957055214724,0.14852619114768043,0.5173824130879345,2.6806658567338877
127,0.9670245398773006,0.14686184652256332,0.5224948875255624,2.7032830759060165
128,0.968558282208589,0.14014363873955663,0.5143149289129214,2.736034146115824
129,0.9693251533742331,0.13793623767381796,0.5204498982380747,2.738533068775887
130,0.9647239263803681,0.14680342088264922,0.5235173829006515,2.7413078383190257
131,0.9700920245398773,0.13796575135858025,0.5306748471133305,2.773919393679847
132,0.9665132924335378,0.14484088330059208,0.5255623721881391,2.7963788533747076
133,0.9690695296523517,0.13835232872477826,0.5255623721881391,2.8350448052575983
134,0.9662576687116564,0.14476519656998005,0.516359918200409,2.8456638098250626
135,0.9690695296523517,0.13956188052466068,0.5245398773006135,2.879710929769192
136,0.963957055214724,0.14754275954757,0.5306748466257669,2.882983134568103
137,0.9670245398773006,0.14230890325242024,0.5245398773006135,2.9054390428500185
138,0.9713701431492843,0.13315408297477324,0.5122699386503068,2.924204945320488
139,0.9683026584867076,0.1401493392031495,0.5143149284253579,2.9465909038340876
140,0.966002044989775,0.14555620872901262,0.50920245398773,2.9923686659409223
141,0.967280163599182,0.14318742747809013,0.50920245398773,3.0250104668194044
142,0.9647239263803681,0.1468424864707549,0.5184049079754601,3.0224317187911893
143,0.9688139059304703,0.14398872532361856,0.5143149284253579,3.0293167573542683
144,0.9695807770961146,0.14686734415209854,0.5132924335378323,3.048889886625949
145,0.9713701431492843,0.13307531748599313,0.5153374233128835,3.0561949134116766
146,0.9693251533742331,0.13934493302567605,0.50920245398773,3.0713100199319103
147,0.96140081799591,0.15465693383007206,0.5112474437627812,3.0870422824516375
148,0.962678936605317,0.14947429165274576,0.50920245398773,3.103302047784099
149,0.9695807770961146,0.1406770752083914,0.5102249488752556,3.116879245254891
150,0.9700920245398773,0.1396185903979469,0.50817995916115,3.1503486496782984
151,0.9654907975460123,0.14631946518986746,0.5122699386503068,3.15864090392926
152,0.9670245398773006,0.1442142595938866,0.5122699386503068,3.176076927555607
153,0.9649795501022495,0.14691220595670867,0.5122699386503068,3.1596306204064493
154,0.9683026584867076,0.14248369850507786,0.5143149289129214,3.164669078308137
155,0.9665132924335378,0.14379553752808483,0.5204498982380747,3.1642793833843768
156,0.9736707566462167,0.12993831118923024,0.515337423800447,3.1787524774274454
157,0.9716257668711656,0.13348266994294944,0.5132924335378323,3.2059683136657218
158,0.9708588957055214,0.14083398343016276,0.5071574642126789,3.2110734190677572
159,0.9713701431492843,0.1338612468178043,0.5153374233128835,3.2254751474579417
160,0.9708588957055214,0.13986797713063245,0.5132924335378323,3.260182280238177
161,0.971881390593047,0.1404244500100003,0.5071574642126789,3.2740646305747316
162,0.9711145194274029,0.13942320381266451,0.5071574642736244,3.2865077264469824
163,0.9703476482617587,0.14150286222101477,0.5102249489362011,3.2990357251742624
164,0.9711145194274029,0.14112254904091723,0.5122699387112521,3.3185662394408557
165,0.9654907975460123,0.14837629474501424,0.5102249489971465,3.3206790005502524
166,0.9662576687116564,0.14621784533459717,0.5102249489971465,3.3083415523872297
167,0.9688139059304703,0.14261586695970446,0.5030674847844676,3.309323803778806
168,0.968558282208589,0.147501165302497,0.5061349694470443,3.315484935276835
169,0.9739263803680982,0.13508761024334923,0.5122699387721976,3.3288541103433245
170,0.9680470347648262,0.14407096407042935,0.509202454109621,3.339444965916421
171,0.9688139059304703,0.14406261609863405,0.5132924336597232,3.3726730180908078
172,0.973159509202454,0.13204689662149346,0.5173824132098255,3.3611867286432497
173,0.97060327198364,0.13445610654348,0.5153374234347743,3.3599407009795645
174,0.9723926380368099,0.13739021888844563,0.5132924336597232,3.3583754654554747
175,0.9711145194274029,0.14051318599829157,0.5081799592220954,3.3461724024852604
176,0.9708588957055214,0.14122965045136177,0.502044989896942,3.355632500170686
177,0.9688139059304703,0.1424005820219746,0.50817995916115,3.384631052582786
178,0.9703476482617587,0.1366946015255583,0.5030674847235221,3.4142326167756063
179,0.9752044989775052,0.1296066651711191,0.5071574642736244,3.441033412098641
180,0.9713701431492843,0.13483390650866223,0.5051124744376279,3.4312737119709786
181,0.9754601226993865,0.1266478523764386,0.5132924335378323,3.414603167516322
182,0.968558282208589,0.141649793825876,0.5112474437627812,3.421433400035148
183,0.971881390593047,0.13282509192306327,0.5092024544752937,3.4299941097056696
184,0.9665132924335378,0.1425857815457268,0.5102249493628191,3.4449056150479307
185,0.9688139059304703,0.1380103920683539,0.5102249488752556,3.437907529511091
186,0.9716257668711656,0.1309901560315813,0.5132924335378323,3.451531007977351
187,0.9736707566462167,0.12968464597968235,0.5092024544752937,3.4840596151254415
188,0.9711145194274029,0.13543713083662137,0.5143149284863033,3.501541906583041
189,0.9716257668711656,0.13459116726321432,0.5132924335378323,3.5492083626534554
190,0.9721370143149284,0.13166454640085712,0.5030674846625767,3.5604022826641373
191,0.9677914110429447,0.1441056644867778,0.5000000004875635,3.549896509369458
192,0.968558282208589,0.14056305850880765,0.5122699386503068,3.5419756225281698
193,0.973159509202454,0.12905801358825103,0.5132924335378323,3.534071675107523
194,0.9734151329243353,0.12963107173428215,0.516359918200409,3.496576316029991
195,0.971881390593047,0.13794112647359844,0.50920245398773,3.5080179914618808
196,0.9700920245398773,0.13816501009744614,0.5173824130879345,3.517217143181643
197,0.9762269938650306,0.12886531203071033,0.5173824130879345,3.5244258454484685
198,0.9739263803680982,0.13124178736975345,0.516359918200409,3.563645399908834
199,0.9713701431492843,0.1382916337964725,0.5143149284253579,3.5769405213845533
200,0.9703476482617587,0.14277404453795867,0.5102249489362011,3.5778619687250055
201,0.9736707566462167,0.13412252581984963,0.5163599182613544,3.5792717582609024
202,0.97060327198364,0.1411348927484212,0.50817995916115,3.632600950073367
203,0.976482617586912,0.12766553747995255,0.5092024540486755,3.619875964942885
204,0.9726482617586912,0.13792111878502344,0.5132924335987777,3.615771256097743
205,0.9723926380368099,0.13719289160975406,0.51738241314888,3.6050445770193464
206,0.9739263803680982,0.1323232875340799,0.5214723926380368,3.606191649271179
207,0.9700920245398773,0.14060245218147774,0.5184049084630237,3.608721465420869
208,0.9711145194274029,0.13930933302409323,0.5235173829006515,3.6132373268618907
209,0.9744376278118609,0.13256206105945056,0.5184049084630237,3.636488642916845
210,0.9734151329243353,0.1336418846145973,0.5224948880131259,3.621263374336414
211,0.9734151329243353,0.13333928418976154,0.5204498982380747,3.62706955810266
212,0.977760736196319,0.12363075676749333,0.5194274033505493,3.615952018823604
213,0.9752044989775052,0.1303483450400561,0.524539877788177,3.636098766131879
214,0.9744376278118609,0.13277665076202166,0.5204498982380747,3.6197957266084013
215,0.9749488752556237,0.12664413406439354,0.524539877788177,3.6120085019031674
216,0.9762269938650306,0.12974351985048663,0.5327198368883815,3.616061775718486
217,0.9744376278118609,0.1341205978564202,0.5306748471133305,3.643668658894264
218,0.9713701431492843,0.139847864158802,0.5296523522258049,3.6556492934197737
219,0.9721370143149284,0.13831080579349356,0.5224948880131259,3.6782789586268074
220,0.973159509202454,0.13811429481808637,0.5224948880131259,3.673342354214752
221,0.9739263803680982,0.13665079730724752,0.5184049084630237,3.6635784932196995
222,0.9749488752556237,0.1299266272923454,0.5173824135754981,3.6616175876804657
223,0.9754601226993865,0.1307416240663738,0.5163599186879726,3.7038752052681576
224,0.9762269938650306,0.12799287453324273,0.5214723931256003,3.7021845947257823
225,0.9734151329243353,0.13596740131912055,0.5265848675632282,3.6937053169453313
226,0.9695807770961146,0.14180706735464205,0.5265848675632282,3.680298015383855
227,0.9739263803680982,0.13459878024818464,0.5306748471133305,3.6834263942968137
228,0.9716257668711656,0.13973030070098144,0.5306748471133305,3.7047203679270053
229,0.9749488752556237,0.13425402018738672,0.5337423317759071,3.6996200762399623
230,0.9759713701431493,0.12982903513866945,0.5337423312883436,3.692338082931768
231,0.971881390593047,0.1362861294169855,0.5286298568507157,3.689206673811306
232,0.9729038854805726,0.13258928735502415,0.5316973415742379,3.702697128362207
233,0.976482617586912,0.12890077707622435,0.5327198364617635,3.667085352119493
234,0.9762269938650306,0.12844762836862927,0.5337423313492891,3.676872505975891
235,0.976482617586912,0.12972638887069465,0.5286298568507157,3.673536049563948
236,0.9739263803680982,0.13140681201633989,0.5327198368883815,3.672920424026458
237,0.9772494887525562,0.12857242750579106,0.532719836400818,3.666727805673954
238,0.9726482617586912,0.13865094852837562,0.5327198368883815,3.6510182533771225
239,0.9746932515337423,0.12931855749681684,0.5327198368883815,3.6500826983851646
240,0.9744376278118609,0.13298534079319616,0.5388548057259713,3.635920759602802
241,0.9752044989775052,0.1309480441616113,0.5276073619631901,3.6333246279835456
242,0.9749488752556237,0.12851386623940828,0.5296523517382413,3.652808392706093
243,0.976482617586912,0.13039171870927382,0.5316973415132924,3.6697476958448414
244,0.9762269938650306,0.12731100507613827,0.5276073620241356,3.692490671309957
245,0.9762269938650306,0.1297327302213461,0.5224948875255624,3.7357207495254485
246,0.9741820040899796,0.1293561356046936,0.52658486713661,3.717278478579531
247,0.9752044989775052,0.13179300935721835,0.5357873210633947,3.710732309852397
248,0.9762269938650306,0.12837325030431182,0.5286298568507157,3.743130367957741
249,0.9729038854805726,0.1357654388727342,0.5204498977505112,3.772864419746009
