epoch,acc,loss,val_acc,val_loss
0,0.47776073619631904,0.720627296555993,0.5030674846625767,0.7149612240508534
1,0.5777096114519428,0.7034710221495365,0.5470347648261759,0.7118915850887025
2,0.6538854805725971,0.6855373672668675,0.5674846626376325,0.7090902145654877
3,0.7042433537832311,0.6638679178945858,0.5603271984858991,0.7069832028055484
4,0.7300613496932515,0.6439806213164379,0.5685071575861036,0.7049013144643272
5,0.7535787321063395,0.6245610741993645,0.5644171780360013,0.7047451282327648
6,0.7719836400817995,0.5966386138052053,0.5623721882609501,0.7058251372144266
7,0.783997955010225,0.5730241384730504,0.5511247445591144,0.7082513614666243
8,0.8052147239263804,0.5496380168236107,0.5623721883218956,0.708509298677581
9,0.8159509202453987,0.5235752640082548,0.5572597137623769,0.7096040832728209
10,0.8220858895705522,0.5002268806922655,0.5572597137623769,0.7138381507742868
11,0.8341002044989775,0.48053875504583426,0.5654396728625815,0.7178637460940699
12,0.8548057259713702,0.4518993194605431,0.5664621678110524,0.7236784237050328
13,0.8568507157464212,0.4315887562214475,0.5715746422486803,0.7279442824225241
14,0.864519427402863,0.41821615644759197,0.5695296524126837,0.7345810037692876
15,0.8665644171779141,0.4058795500630494,0.5695296524126837,0.7430760443576274
16,0.8706543967280164,0.39201774595949057,0.5685071575251581,0.7528523666239467
17,0.8813905930470347,0.3708606401347919,0.5664621678110524,0.7615601224158195
18,0.8780674846625767,0.36334458852838153,0.5593047035983735,0.7740910973529387
19,0.8811349693251533,0.3545403135273842,0.5644171780360013,0.7807967415372774
20,0.8908486707566462,0.33254097350292167,0.5603271984858991,0.7915774084063883
21,0.8806237218813906,0.3349015670076226,0.5644171780969468,0.8005440942105096
22,0.8954498977505112,0.31970182786446166,0.5654396729235269,0.8137411237494346
23,0.897239263803681,0.31055043421396206,0.5705521473611547,0.8266284950915533
24,0.8951942740286298,0.30765603376068706,0.5582822087717934,0.84232788948925
25,0.8957055214723927,0.30321793693950083,0.567484662698578,0.8500157094928141
26,0.8974948875255624,0.2925805875189709,0.5746421269112569,0.8614375362123204
27,0.9003067484662577,0.2891941152223536,0.5766871166253627,0.8742495975123836
28,0.8992842535787321,0.2858677424170488,0.5725971370752604,0.8844804736977949
29,0.9041411042944786,0.2803107416885762,0.558282208710848,0.9048022373078547
30,0.9046523517382413,0.27536200057021926,0.5603271984249536,0.9195637176373254
31,0.90439672801636,0.27445366649539926,0.5562372188748513,0.935830452203263
32,0.906441717791411,0.26756425416725543,0.5582822086499025,0.9519698463822192
33,0.9051635991820041,0.2650218621840994,0.5490797547231179,0.98004988439244
34,0.9153885480572597,0.2441655859686358,0.5511247444981691,0.9931533334201587
35,0.9130879345603272,0.2537779616066283,0.5531697342732201,1.0084969429394464
36,0.912321063394683,0.24978028039746977,0.5572597138233224,1.0218719066042599
37,0.9084867075664622,0.24756480722949062,0.559304703659319,1.0348462973148058
38,0.9166666666666666,0.24485659471318766,0.559304703659319,1.04821913203335
39,0.9166666666666666,0.23948737339008075,0.5582822087717934,1.065506605039101
40,0.9176891615541922,0.23885143888021051,0.5501022496715889,1.0892422674623734
41,0.9179447852760736,0.2336839847342856,0.5582822087717934,1.102738475994586
42,0.9230572597137015,0.23116510503131188,0.5572597138842679,1.1204492046301595
43,0.9263803680981595,0.22473944847020635,0.5552147241092167,1.1327601875995565
44,0.9284253578732107,0.21689508526237464,0.5613496933734247,1.1458427767080763
45,0.9202453987730062,0.2348453883988238,0.5623721883218956,1.1590392411608395
46,0.9363496932515337,0.21022645924964078,0.5480572598965378,1.179025411362053
47,0.9258691206543967,0.22032915448849918,0.5603271985468445,1.1947247019087122
48,0.9258691206543967,0.2186066590569502,0.5511247445591144,1.209390497402667
49,0.9360940695296524,0.2107047270716821,0.5460122701214867,1.2450673363203895
50,0.9258691206543967,0.22200102205931044,0.5460122700605412,1.2650557463885816
51,0.9371165644171779,0.20637598962871576,0.5490797547840633,1.2730702444575803
52,0.9309815950920245,0.21302510171763003,0.5511247444981691,1.288030302841483
53,0.931237218813906,0.2106280241214912,0.5552147241092167,1.2926798598166624
54,0.9378834355828221,0.2055137948816783,0.5398773007353879,1.3113168309802659
55,0.9350715746421268,0.20683193442950706,0.5480572598355923,1.3163486833708906
56,0.9327709611451943,0.21414490066971514,0.5531697342732201,1.327257011565694
57,0.9355828220858896,0.20162458824477555,0.5603271984858991,1.3404163948597352
58,0.9355828220858896,0.2065317136500267,0.5531697342732201,1.3677337423180267
59,0.9427402862985685,0.1937803927130982,0.5449897752339611,1.3926301811857944
60,0.9394171779141104,0.1939619932864585,0.5501022496106435,1.4212681520692165
61,0.9340490797546013,0.2004362831391196,0.5449897751120701,1.4339367095190567
62,0.9314928425357873,0.20552237871234402,0.5603271984249536,1.4364647987186299
63,0.9409509202453987,0.19008168803646033,0.5613496933124792,1.4462165232816357
64,0.9419734151329243,0.1855166692797148,0.5552147240482712,1.464172962496861
65,0.933282208588957,0.20000531946466987,0.5541922292216911,1.474868683727241
66,0.9414621676891616,0.19116776428949125,0.550102249549698,1.4902282804555445
67,0.9414621676891616,0.1892762540673917,0.5460122701214867,1.5088059536518494
68,0.9435071574642127,0.1837714196226592,0.5501022496106435,1.5272229819697594
69,0.9414621676891616,0.18971193757037688,0.5521472393856945,1.535964456316396
70,0.9422290388548057,0.18814003141501687,0.5460122700605412,1.561962240800292
71,0.9414621676891616,0.18949476808522864,0.5480572598355923,1.5765134186344887
72,0.946319018404908,0.17746745248026155,0.5449897751730156,1.593527140061548
73,0.9371165644171779,0.19467830915453488,0.5552147240482712,1.6129227679199967
74,0.9435071574642127,0.1838407937612514,0.5613496933734247,1.6399589350374686
75,0.9427402862985685,0.18463745067212237,0.55214723944664,1.6645676407102183
76,0.9422290388548057,0.18290843645487825,0.5562372189967423,1.6859377488524392
77,0.9465746421267893,0.17595621821582927,0.5511247445591144,1.7075579146909812
78,0.9470858895705522,0.17057238595373547,0.5470347650090122,1.7364439530362867
79,0.9452965235173824,0.17940299142845326,0.5470347650090122,1.7545767118106834
80,0.9427402862985685,0.18744370987322675,0.5480572598965378,1.756873882621344
81,0.9427402862985685,0.17987832512348464,0.5460122700605412,1.7834278649835256
82,0.9465746421267893,0.17575484428912827,0.5480572598965378,1.8030440636695284
83,0.9511758691206544,0.16552323346732828,0.5449897752339611,1.8342075396656747
84,0.9473415132924335,0.16804428326998264,0.5470347650090122,1.866398266244276
85,0.950920245398773,0.17025969980440744,0.5470347650090122,1.886266505547584
86,0.950920245398773,0.1707243524446078,0.5501022496715889,1.9004234853210138
87,0.9496421267893661,0.16871987729655208,0.5521472393856945,1.9410498975976114
88,0.9486196319018405,0.1708418016297198,0.5541922291607457,1.978831433567289
89,0.9491308793456033,0.16471124702497006,0.5470347649480668,1.996140277702628
90,0.9506646216768916,0.16766045475664315,0.5490797547231179,2.0214838840234988
91,0.946319018404908,0.17363469067252488,0.5460122700605412,2.0380017518509628
92,0.9460633946830266,0.17418164900048866,0.5378323110212822,2.0664563851853823
93,0.9475971370143149,0.172480057719295,0.5378323110212822,2.097291552947343
94,0.9468302658486708,0.17034994132801556,0.5316973416961288,2.126053829622171
95,0.9516871165644172,0.16341065156801102,0.5368098161337566,2.1543767998311174
96,0.9498977505112475,0.16721175254488285,0.5398773007963332,2.164914181383597
97,0.9511758691206544,0.16157328975834487,0.5470347648871213,2.167847013668536
98,0.950920245398773,0.17057495623644145,0.54396728028549,2.1889490023224876
99,0.9555214723926381,0.161661575451219,0.54294478545891,2.205705921098986
100,0.9550102249488752,0.15776027851797075,0.5541922290998003,2.2117449388913584
101,0.9565439672801636,0.15793342865500715,0.5429447853979645,2.215831956492855
102,0.9552658486707567,0.1597554831782733,0.5501022496106435,2.2472362971744655
103,0.9506646216768916,0.16534825233106476,0.5449897751120701,2.2955180087216305
104,0.9550102249488752,0.16446060120510908,0.5470347649480668,2.3212526844079266
105,0.9608895705521472,0.15554866740948584,0.54396728028549,2.346211032633401
106,0.956799591002045,0.15693431477879455,0.54396728028549,2.3567013330986164
107,0.9534764826175869,0.16327906758019772,0.54396728028549,2.3862721393444786
108,0.9478527607361963,0.16941271573000402,0.5480572598965378,2.417584288583455
109,0.9583333333333334,0.15187451441473268,0.5439672803464355,2.414318460628299
110,0.9596114519427403,0.15124105337572977,0.5511247445591144,2.4409879760508155
111,0.9560327198364008,0.15800274372222722,0.5470347650090122,2.473226354653606
112,0.956799591002045,0.15994776038030173,0.5460122700605412,2.488292283075719
113,0.9575664621676891,0.1525493169428137,0.54294478545891,2.511520898659049
114,0.9619120654396728,0.14778657387065985,0.5408997956838588,2.513773879146771
115,0.9575664621676891,0.15508900415190402,0.5449897751730156,2.5347472207434096
116,0.9593558282208589,0.15227038294442594,0.5460122700605412,2.539489670033835
117,0.9547546012269938,0.16142415768773521,0.5470347649480668,2.53598757072948
118,0.9550102249488752,0.16113712127436647,0.5460122700605412,2.5500012492353443
119,0.9606339468302658,0.14908749172902058,0.5460122700605412,2.5511052106299528
120,0.9644683026584867,0.1436614064473072,0.5419222905104389,2.554456227152382
121,0.9588445807770961,0.1477732123437591,0.54294478545891,2.583859477794
122,0.9550102249488752,0.15733077061688241,0.5449897751730156,2.6083164444242763
123,0.9593558282208589,0.15234219938029053,0.5480572598965378,2.6251678315652174
124,0.9557770961145194,0.1631765837623054,0.558282208710848,2.6556259810558855
125,0.9598670756646217,0.1494270084551507,0.5572597138233224,2.657827942405498
126,0.9644683026584867,0.14467745449523498,0.5613496933124792,2.64434454582464
127,0.9616564417177914,0.153523787307593,0.5541922290998003,2.659085955356528
128,0.9611451942740287,0.1562171719038901,0.5593047034764826,2.6608245387399125
129,0.9621676891615542,0.15223012808215156,0.5562372188748513,2.68220751807246
130,0.9667689161554193,0.14617251950660853,0.5552147239873259,2.678181207009376
131,0.9629345603271984,0.15210389216375253,0.5531697341513292,2.675253536559809
132,0.968558282208589,0.1441276048620542,0.5511247444981691,2.685398441150876
133,0.9642126789366053,0.14725440546321722,0.5562372189357968,2.709306792003733
134,0.9652351738241309,0.14774915059468496,0.5572597138233224,2.7357828870628995
135,0.9629345603271984,0.14885185372488144,0.5552147240482712,2.738541892213568
136,0.9688139059304703,0.13980126065527734,0.5511247444981691,2.744497964231027
137,0.9583333333333334,0.1592492105130769,0.5429447853370191,2.755868024377491
138,0.9606339468302658,0.1585251453860162,0.5429447853370191,2.764314049835829
139,0.9624233128834356,0.15301291470878695,0.5552147239873259,2.7771810861209176
140,0.9647239263803681,0.14952776553623515,0.5572597137623769,2.7925298789283737
141,0.9621676891615542,0.15336638513822984,0.5480572597746469,2.8061747234048044
142,0.96140081799591,0.155216409567675,0.5501022496106435,2.804311909314801
143,0.9698364008179959,0.14004284266862402,0.5470347649480668,2.8173356114721004
144,0.966002044989775,0.14389649180577332,0.5449897751730156,2.822264817107187
145,0.9606339468302658,0.15720316216136293,0.5439672803464355,2.822854599825931
146,0.9642126789366053,0.1464854337137901,0.5490797547231179,2.8249637593033365
147,0.9683026584867076,0.1385489524721124,0.5449897751120701,2.824134578490306
148,0.9606339468302658,0.14862084288172928,0.5480572598355923,2.81052014871609
149,0.9649795501022495,0.14175155281959623,0.5552147239873259,2.8163420232527097
150,0.967280163599182,0.14234783314549362,0.5521472393247491,2.8284018078708453
151,0.9624233128834356,0.14732140796316182,0.549079754601227,2.852156996483208
152,0.9624233128834356,0.15183547040131437,0.5398773007353879,2.8539303119440995
153,0.9675357873210634,0.1383002064893582,0.5449897751120701,2.8425049128464153
154,0.9693251533742331,0.13482121637201505,0.5337423313492891,2.8581500892015077
155,0.9654907975460123,0.14582318899455976,0.5368098160728111,2.878831336834679
156,0.9693251533742331,0.13789594194762303,0.5429447853979645,2.900180527037638
157,0.9649795501022495,0.14677430532400348,0.5480572598355923,2.9226026910458116
158,0.9621676891615542,0.15239149984162764,0.5388548057869168,2.939199307701095
159,0.9652351738241309,0.14158231463351864,0.5480572597746469,2.94835772397328
160,0.9652351738241309,0.14824204878207364,0.5408997956229133,2.949748897357465
161,0.9649795501022495,0.1435540981727875,0.5429447853979645,2.95178884133727
162,0.967280163599182,0.14063277060512627,0.5429447853979645,2.969118597561109
163,0.9670245398773006,0.13718835713917005,0.5439672803464355,2.9751966999108563
164,0.9690695296523517,0.1326256770572048,0.5378323109603367,2.9822211753127523
165,0.9654907975460123,0.13969028808161282,0.5357873211852856,3.0141777533938794
166,0.9649795501022495,0.14285191083003163,0.5378323109603367,3.039732003748295
167,0.9688139059304703,0.1380751192996351,0.5388548058478623,3.031634033335742
168,0.9690695296523517,0.1360698541614907,0.5398773007353879,3.0465638652169633
169,0.9631901840490797,0.14210492863123647,0.5388548059088077,3.066966080226781
170,0.9657464212678937,0.136793510664582,0.5439672803464355,3.0947712925557953
171,0.9675357873210634,0.14294390551029781,0.5419222905104389,3.1121180959518213
172,0.9662576687116564,0.14511015090961885,0.5521472393856945,3.1252907809548094
173,0.971881390593047,0.13518921403187673,0.5439672802245447,3.1157465624662994
174,0.9690695296523517,0.13615564595153726,0.5470347648871213,3.1176555327355007
175,0.9677914110429447,0.14170937154800126,0.5460122699386503,3.1255433252252685
176,0.9675357873210634,0.1449513286961612,0.5408997955010225,3.138221956713312
177,0.9726482617586912,0.12956058121227293,0.5429447853370191,3.158154496386007
178,0.968558282208589,0.14091361419189197,0.550102249549698,3.161737594136431
179,0.9624233128834356,0.14894328772229407,0.5480572597746469,3.144784857159012
180,0.9677914110429447,0.13386761261519722,0.5439672802245447,3.1493823572170516
181,0.9716257668711656,0.1312167085173915,0.5460122699995957,3.1696849083851695
182,0.9667689161554193,0.14300788571802872,0.5480572597746469,3.1867542598388923
183,0.9624233128834356,0.14541979202646418,0.5398773006744424,3.1748790896987136
184,0.9667689161554193,0.1412835717963051,0.5378323108993912,3.2012884914265576
185,0.9700920245398773,0.12924632996869234,0.5337423313492891,3.2292786034582095
186,0.9680470347648262,0.1409595480421082,0.5398773006134969,3.237015328280521
187,0.9652351738241309,0.14470877108337446,0.5419222903885481,3.2507972200467785
188,0.9693251533742331,0.14042226133719543,0.5368098159509203,3.2466283293101927
189,0.9690695296523517,0.13593212358181217,0.5378323108384458,3.2690736481992255
190,0.9698364008179959,0.1350959662218523,0.540899795561968,3.291513909103924
191,0.97060327198364,0.13439681110541757,0.5347648261758691,3.314526185423806
192,0.9675357873210634,0.13929818189704832,0.5357873210633947,3.3073608460845634
193,0.9642126789366053,0.14659827141613072,0.5388548057259713,3.330650314962937
194,0.9693251533742331,0.13923644193720477,0.5357873210633947,3.34612396060811
195,0.9698364008179959,0.13878288298296781,0.532719836400818,3.3485302749586983
196,0.9665132924335378,0.1450447954146043,0.5306748466257669,3.3529302854479455
197,0.9711145194274029,0.1342429043477542,0.5368098159509203,3.3466569299834394
198,0.9703476482617587,0.13579564588811013,0.5368098159509203,3.328256764051129
199,0.9680470347648262,0.14171656631009466,0.532719836400818,3.3289017579794415
200,0.9690695296523517,0.13763958965342468,0.5337423312883436,3.3528887333314112
201,0.9688139059304703,0.13558109441356914,0.5337423312883436,3.34410007648429
202,0.9680470347648262,0.13920594741169418,0.5357873210633947,3.3541083930704003
203,0.9683026584867076,0.13686600504233548,0.5368098160118657,3.385905236554292
204,0.9683026584867076,0.1407861193082084,0.5449897750511248,3.374103006897285
205,0.9667689161554193,0.14355694293853938,0.5398773006134969,3.3641111797106533
206,0.9726482617586912,0.1343481018682199,0.5419222903885481,3.351960017393459
207,0.9683026584867076,0.13882745505293453,0.5429447852760736,3.358270477419738
208,0.9667689161554193,0.14224668886276354,0.5337423312883436,3.385125000296439
209,0.9711145194274029,0.13536743103604618,0.5368098160118657,3.392882982889811
210,0.9734151329243353,0.13020566555315244,0.5327198364617635,3.3735411952122103
211,0.9708588957055214,0.13437977015728356,0.5337423313492891,3.375602170246023
212,0.97060327198364,0.13569496550686763,0.5357873211243401,3.395553231970664
213,0.9708588957055214,0.13563147185709334,0.5419222904494935,3.3489337523290716
214,0.9746932515337423,0.12727515932728664,0.5419222904494935,3.360056189671616
215,0.9670245398773006,0.14240018220462194,0.5368098160118657,3.3676651972203167
216,0.97060327198364,0.13597529809655343,0.5398773006744424,3.380374472565446
217,0.9741820040899796,0.13144727499207104,0.5429447853370191,3.394698539882106
218,0.9726482617586912,0.13186637179617502,0.5480572597746469,3.4010819696453694
219,0.9700920245398773,0.1337366235311046,0.5449897751120701,3.4388865108138944
220,0.973159509202454,0.13067013954701842,0.540899795561968,3.4501433918568742
221,0.9729038854805726,0.12908163476270645,0.5368098160118657,3.4553720838940705
222,0.968558282208589,0.1319730711190491,0.5449897751120701,3.4668978923181326
223,0.9716257668711656,0.13335250642584875,0.5398773006744424,3.476895258226765
224,0.973159509202454,0.12761492765144825,0.5439672802245447,3.4759289764919163
225,0.9657464212678937,0.14112183617728863,0.5357873211852856,3.5227082970195998
226,0.9729038854805726,0.1314383390186267,0.5357873211852856,3.5176074968037674
227,0.9716257668711656,0.12862372247536488,0.5398773007353879,3.5394278791540725
228,0.9736707566462167,0.1281882539117263,0.5408997956229133,3.53368768418981
229,0.9711145194274029,0.12920968208637218,0.53476482629776,3.545561496953048
230,0.9677914110429447,0.13907776120859666,0.5276073620850811,3.5467533665444466
231,0.9734151329243353,0.1303644592289057,0.5337423314102344,3.5646168663945423
232,0.973159509202454,0.12844310467777076,0.5378323109603367,3.5604117896659244
233,0.9736707566462167,0.1300770874860828,0.53476482629776,3.5822444556924706
234,0.973159509202454,0.12851466701684067,0.5368098161337566,3.5816437949432185
235,0.9726482617586912,0.13211361978561112,0.5347648261758691,3.594914305673299
236,0.973159509202454,0.1323428980259564,0.5296523517991868,3.618193398224064
237,0.9688139059304703,0.13521526915407864,0.5398773006744424,3.6217596311510705
238,0.9754601226993865,0.12490504183225593,0.5388548057869168,3.6251800962264795
239,0.971881390593047,0.13320683459379923,0.5439672802245447,3.588608976765888
240,0.9734151329243353,0.1297059656408423,0.5480572597137015,3.6021370887756348
241,0.9700920245398773,0.1333335519050284,0.5480572597137015,3.6043337127669943
242,0.9716257668711656,0.13285011316674375,0.549079754601227,3.621207309403059
243,0.9721370143149284,0.13115249802729834,0.5429447857636371,3.647017788058166
244,0.9754601226993865,0.1268542559173697,0.5511247448638417,3.6450658322355745
245,0.9739263803680982,0.126920088272397,0.5480572597137015,3.6421710601369783
246,0.9746932515337423,0.13148611390883205,0.5470347648261759,3.653237899632054
247,0.9726482617586912,0.13092011169117165,0.5470347648261759,3.651199822533106
248,0.9721370143149284,0.13285096489456777,0.5470347648261759,3.661762531062089
249,0.973159509202454,0.13121602355154013,0.5398773011010605,3.6568024065840707
