epoch,acc,loss,val_acc,val_loss
0,0.5074130879345603,0.7200909848105932,0.5593047034764826,0.711390572213444
1,0.6117075664621677,0.6941751812133321,0.5644171779750559,0.7077557063053965
2,0.658997955010225,0.6718068655526955,0.5725971370143149,0.7057485219647304
3,0.6894171779141104,0.6479991626885772,0.5736196320237313,0.7025685388373939
4,0.7016871165644172,0.6259114034092987,0.5787321064613592,0.7013780406403883
5,0.7308282208588958,0.5900183003129159,0.5807770962973557,0.7008581892844358
6,0.7520449897750511,0.5570827221577884,0.5797546012879393,0.7001710662081198
7,0.7515337423312883,0.5314193619662755,0.5685071575861036,0.7010288635889689
8,0.7678936605316974,0.501607316647083,0.5695296524126837,0.7049638018286302
9,0.7806748466257669,0.46920258867228687,0.5623721882609501,0.7113584790736863
10,0.7855316973415133,0.44679231371860073,0.5644171779750559,0.7170132975149253
11,0.7939672801635992,0.4202765881527665,0.5685071575861036,0.7253438871818574
12,0.7988241308793456,0.40316793072686846,0.5705521474221001,0.7346023503988067
13,0.8052147239263804,0.38902877225466304,0.5715746423096257,0.7426487202537084
14,0.8018916155419223,0.3826334322888427,0.5664621678719979,0.7508149121436605
15,0.8113496932515337,0.35652877887090045,0.56134969343437,0.7608131843110535
16,0.8080265848670757,0.34975712967309,0.5746421269722024,0.7746379570483186
17,0.8128834355828221,0.33727680411806865,0.5736196320237313,0.7894891454154485
18,0.8179959100204499,0.328782742130732,0.5613496933734247,0.7996361816343842
19,0.8210633946830266,0.3204056167163732,0.5654396728625815,0.8171193294973705
20,0.8195296523517382,0.31501843336901053,0.5685071575251581,0.8317255637397064
21,0.8348670756646217,0.3035820800590125,0.5674846626376325,0.8475122161681911
22,0.8202965235173824,0.30170198604616894,0.5644171779750559,0.8582843088664891
23,0.821319018404908,0.2989644051085708,0.566462167750107,0.8703115064429847
24,0.8335889570552147,0.28706772195780933,0.5695296524736291,0.8829381807206355
25,0.8335889570552147,0.2831193813577995,0.5623721882609501,0.9018586537589325
26,0.8425357873210634,0.27278079284480744,0.5562372189357968,0.9215078941395921
27,0.8310327198364008,0.2758567163183645,0.5613496933734247,0.936695769520625
28,0.8433026584867076,0.26730800400238586,0.5552147239263804,0.952022095643182
29,0.8381901840490797,0.2695192377138235,0.5582822086499025,0.9666560700578436
30,0.8348670756646217,0.26889402753005,0.5674846626376325,0.9824476675996995
31,0.8356339468302658,0.2677175496497281,0.5695296524126837,1.0003667426255582
32,0.841002044989775,0.2564496835255672,0.5695296524126837,1.0155968544185772
33,0.8346114519427403,0.26663396176872567,0.567484662698578,1.034258979473621
34,0.83640081799591,0.254953067300266,0.5736196320237313,1.0424744841511264
35,0.8473926380368099,0.2476973949278303,0.5766871166863081,1.05468294713151
36,0.8811349693251533,0.2514797383290858,0.5674846626376325,1.0726318113155404
37,0.8895705521472392,0.2496456375273215,0.5623721882609501,1.0888318808288417
38,0.8890593047034765,0.24698033404740333,0.5695296523517382,1.0976532485587465
39,0.8888036809815951,0.24332475320936955,0.5705521473002092,1.1129028862970738
40,0.8898261758691206,0.2451870574907291,0.5705521473002092,1.1266956385415512
41,0.8880368098159509,0.24176219562811355,0.5674846626376325,1.1476242105897463
42,0.8877811860940695,0.23946096664313646,0.5654396728625815,1.1610348141754088
43,0.8867586912065439,0.2399483491001929,0.5685071575251581,1.1703210952091803
44,0.8844580777096115,0.24050060006007096,0.5644171779141104,1.190794570558154
45,0.898517382413088,0.23475001560398406,0.5633946830265849,1.2123258967097308
46,0.8974948875255624,0.2413243324722493,0.5695296524126837,1.2308171092854443
47,0.8982617586912065,0.22499739294890733,0.5725971370143149,1.2441367583772156
48,0.8969836400817995,0.23281114677953818,0.5685071574642127,1.2691856147321456
49,0.9026073619631901,0.2317969911181366,0.5725971370143149,1.2843698570333375
50,0.9041411042944786,0.2268046853580114,0.5674846625766872,1.3051473438617887
51,0.8980061349693251,0.21811793714091335,0.5633946830265849,1.3162129127662363
52,0.9051635991820041,0.22646316091371949,0.558282208588957,1.3226401686424614
53,0.9112985685071575,0.21988184719607387,0.556237218813906,1.3507929879463523
54,0.9069529652351738,0.2224975093620199,0.5603271983640081,1.3620693410588676
55,0.9051635991820041,0.22989559243671245,0.549079754601227,1.3976740763962634
56,0.9097648261758691,0.21827807964600912,0.5603271983640081,1.4296531316449061
57,0.9100204498977505,0.21915797295014552,0.558282208588957,1.454917471101679
58,0.9056748466257669,0.2225299668336451,0.5633946835141485,1.4570070158972086
59,0.9054192229038854,0.21776887122351213,0.5572597137014315,1.4719699604135836
60,0.8992842535787321,0.22693241026503908,0.549079754601227,1.4876395646779814
61,0.9102760736196319,0.21171943803750176,0.558282208588957,1.4984946275293705
62,0.9097648261758691,0.20898690623953053,0.5552147239263804,1.5062479972839355
63,0.9112985685071575,0.20894669689588508,0.5623721886266229,1.529063661649427
64,0.9105316973415133,0.2125099212662574,0.5582822090765206,1.5505982691037388
65,0.9013292433537833,0.22062107097883166,0.557259714188995,1.5617536574541182
66,0.9120654396728016,0.20718958364430137,0.5593047034764826,1.5876793958901871
67,0.911042944785276,0.2083069707108909,0.5541922290388548,1.6063038837202732
68,0.9092535787321063,0.20962310732477527,0.5644171779141104,1.62744459637835
69,0.90439672801636,0.21539550315748696,0.5705521472392638,1.6312811808595873
70,0.911042944785276,0.20977109542653605,0.5695296528393018,1.6389900640963533
71,0.91359918200409,0.20341448111036803,0.5705521477268274,1.6410936065978068
72,0.9105316973415133,0.21016018955010335,0.5633946830265849,1.6601856415500913
73,0.9171779141104295,0.1982723337070586,0.5633946830265849,1.675741155942281
74,0.908997955010225,0.21007352116649136,0.5715746421267893,1.7037848629103116
75,0.9120654396728016,0.20293989203154186,0.5766871170519807,1.7152745309295343
76,0.9072085889570553,0.2048174775451239,0.5715746426143529,1.732700891777538
77,0.91359918200409,0.20057815477891933,0.5664621676891616,1.7744880305233666
78,0.91359918200409,0.20181451871960684,0.5777096119395063,1.7897640764103833
79,0.9197341513292433,0.19560442305720413,0.5705521472392638,1.8197448380398116
80,0.906441717791411,0.20505911410464345,0.5644171784016739,1.8475580817595094
81,0.9171779141104295,0.19153307082706678,0.5623721886266229,1.8718275823963688
82,0.9189672801635992,0.19610238904114394,0.5582822090765206,1.8873431324227457
83,0.912321063394683,0.19921678012134109,0.5674846630642507,1.9029236661388342
84,0.9074642126789366,0.19732376844726945,0.5705521477268274,1.9184366515809042
85,0.9107873210633947,0.19125840873105152,0.5756646215550008,1.918211048366102
86,0.9215235173824131,0.19053689370613644,0.5715746420048985,1.9400824647252057
87,0.9199897750511248,0.18758286133499966,0.5736196317799496,1.9693342179120927
88,0.9179447852760736,0.18991112648099964,0.5695296528393018,1.983119832957449
89,0.9161554192229039,0.1889849187528185,0.5777096119395063,2.0022180489967205
90,0.9210122699386503,0.19008479393820576,0.5746421272769296,2.0231394324078393
91,0.9100204498977505,0.2004008586604171,0.5787321063394683,2.023687055505858
92,0.9169222903885481,0.1905676438825506,0.5736196319018405,2.062149808938274
93,0.9151329243353783,0.1923975030946829,0.5756646216768916,2.0562667168966344
94,0.9156441717791411,0.19533794880644675,0.5746421267893661,2.079948930896377
95,0.9271472392638037,0.18808225888172297,0.5777096114519428,2.0901895193478324
96,0.9238241308793456,0.18170907944136114,0.5746421267893661,2.1010115824350306
97,0.9199897750511248,0.18849119915796447,0.5756646216768916,2.112576893258436
98,0.9230572597137015,0.18858162717463292,0.5705521472392638,2.108520817902922
99,0.9217791411042945,0.1846520343684955,0.5797546012269938,2.113299992918237
100,0.9189672801635992,0.18373784169950855,0.5797546012269938,2.1360832279688986
101,0.9230572597137015,0.18406667339411736,0.5828220858895705,2.150107333508981
102,0.9212678936605317,0.18612893300553773,0.5807770961145194,2.167866445026515
103,0.9205010224948875,0.1887331665598298,0.5746421267893661,2.1687339556485354
104,0.9238241308793456,0.1804635245924347,0.5756646216768916,2.1878114829034163
105,0.9212678936605317,0.18583814802832888,0.5736196319018405,2.211891764755873
106,0.9197341513292433,0.18652047404299485,0.5756646216768916,2.2357882405107494
107,0.918200408997955,0.18681131696408512,0.5715746421267893,2.26177285785324
108,0.9268916155419223,0.18445605393080136,0.5725971370143149,2.27676005890033
109,0.9263803680981595,0.1755316467433863,0.5725971370143149,2.299257587070114
110,0.9210122699386503,0.18658198894654804,0.5664621676891616,2.293321491019126
111,0.9258691206543967,0.17814620655860394,0.5766871165644172,2.2952457234903347
112,0.9212678936605317,0.18220137871786618,0.5705521472392638,2.315633850838753
113,0.9233128834355828,0.17829218561663948,0.5613496932515337,2.3664022598773666
114,0.9225460122699386,0.1779052135829789,0.5685071574642127,2.3740869918971463
115,0.9243353783231084,0.18093229815028683,0.5838445807770961,2.3837724331697805
116,0.9148773006134969,0.1911777318864756,0.573619631962786,2.4252335479166853
117,0.9228016359918201,0.18073388032142856,0.5674846625766872,2.4663489410969865
118,0.931237218813906,0.1760063992321857,0.5644171779141104,2.4749595694746707
119,0.9235685071574642,0.18620711281621383,0.5705521472392638,2.490269661924834
120,0.9320040899795501,0.17111947376791442,0.573619631962786,2.5114802246444796
121,0.9243353783231084,0.1824192605562249,0.566462167750107,2.505235946007789
122,0.9230572597137015,0.18285700575218122,0.5674846625766872,2.527337561843342
123,0.929959100204499,0.1752373247058845,0.5705521472392638,2.5285654048490622
124,0.924079754601227,0.17496620245079808,0.5766871170519807,2.5557644177068233
125,0.9279141104294478,0.17910580559498449,0.5715746426143529,2.593360139304631
126,0.9238241308793456,0.1840553998886198,0.5613496932515337,2.6025493530164225
127,0.9207566462167689,0.18443494547607953,0.5654396732891995,2.6251884286876592
128,0.9251022494887525,0.1773177088221158,0.5725971370143149,2.615102593396583
129,0.9251022494887525,0.17744536725289983,0.5674846625766872,2.6295755484840377
130,0.9148773006134969,0.18768086407813558,0.5695296523517382,2.6391461987680698
131,0.9268916155419223,0.1777784204860894,0.5736196319018405,2.6449831687599605
132,0.9291922290388548,0.17457225735933501,0.5715746421267893,2.659718851857878
133,0.9307259713701431,0.1759985509977994,0.5715746426143529,2.6652910616744028
134,0.9343047034764826,0.16763895978591192,0.573619632389404,2.661424442302961
135,0.9274028629856851,0.17397738508651592,0.5797546017145574,2.69251383496696
136,0.9256134969325154,0.18163143656005157,0.573619632389404,2.6929928754248746
137,0.9291922290388548,0.17547683548829796,0.5746421267893661,2.687411700289674
138,0.9271472392638037,0.1771770414947732,0.5695296528393018,2.703765175825248
139,0.9261247443762781,0.1772885622041479,0.5674846630642507,2.716350600275769
140,0.9307259713701431,0.16959573045098708,0.5695296523517382,2.7191435369245847
141,0.9335378323108384,0.17230739537436052,0.5623721886266229,2.7356053549331634
142,0.9378834355828221,0.16735411915311052,0.5695296528393018,2.751270165960238
143,0.9335378323108384,0.16950484138203056,0.5633946830265849,2.7710721170975385
144,0.9294478527607362,0.17437275826687218,0.5644171784016739,2.7870904258423788
145,0.9291922290388548,0.17277453704175286,0.5674846630642507,2.7948585629219416
146,0.933282208588957,0.16664919028618586,0.5705521477268274,2.8028142544877066
147,0.9279141104294478,0.17157548324705876,0.5664621676891616,2.8115333618561915
148,0.9353271983640081,0.1689634891741115,0.558282208588957,2.8203591768970764
149,0.9304703476482618,0.1718833742697546,0.5633946830265849,2.8369924242023554
150,0.933282208588957,0.17386946773845968,0.5552147239263804,2.830098521246257
151,0.9360940695296524,0.16585628423222734,0.558282208588957,2.8229445879688537
152,0.9325153374233128,0.16881253008096497,0.5644171779141104,2.826945331686601
153,0.9337934560327198,0.17211522411836924,0.556237218813906,2.8421184777725936
154,0.9353271983640081,0.16540461251462651,0.5501022494887525,2.856121778975723
155,0.9256134969325154,0.17800353043893608,0.556237218813906,2.8557385559706114
156,0.9284253578732107,0.17421636454654374,0.5582822090765206,2.869678806429748
157,0.931237218813906,0.17544701908751256,0.5633946835141485,2.8680554635685644
158,0.9343047034764826,0.16578530886635215,0.5603271983640081,2.9162882212968446
159,0.9340490797546013,0.1693181045703849,0.5695296523517382,2.939718767177839
160,0.929959100204499,0.17149785543451035,0.5633946830265849,2.9472711325179337
161,0.9340490797546013,0.17077609115034525,0.5603271983640081,2.977023518158614
162,0.9355828220858896,0.1684690333735236,0.5603271988515718,2.9970547777499648
163,0.9355828220858896,0.1671826189616219,0.5623721886266229,3.0579618242376907
164,0.933282208588957,0.16651673157887956,0.5633946835141485,3.0460915126683523
165,0.9307259713701431,0.16653205667658574,0.5593047039640462,3.0604968953473923
166,0.9363496932515337,0.16957942696558673,0.5552147244139439,3.0603339296664687
167,0.9350715746421268,0.1708231375748882,0.5593047039640462,3.0518436875567603
168,0.933282208588957,0.16986312066606704,0.5633946835141485,3.0583287299532587
169,0.9325153374233128,0.17202169137315515,0.5654396732891995,3.093383706664259
170,0.9343047034764826,0.16220572849846082,0.5633946835141485,3.0779067070693813
171,0.9360940695296524,0.16798918503803223,0.573619632389404,3.082488648974335
172,0.9353271983640081,0.16674992695054638,0.5685071579517762,3.0771845357305923
173,0.9409509202453987,0.16443879177112034,0.5695296528393018,3.080893332241503
174,0.9371165644171779,0.1655357583656389,0.5705521477268274,3.084111014758151
175,0.9371165644171779,0.16902824742662395,0.5623721881390593,3.1560456699145107
176,0.9378834355828221,0.16609578593376956,0.5593047039640462,3.20301329528871
177,0.9276584867075665,0.1741503222116054,0.5695296528393018,3.195136944940485
178,0.9366053169734151,0.16564456265274977,0.5552147244139439,3.228924930705127
179,0.934560327198364,0.1631313728774252,0.557259714188995,3.246687319624887
180,0.9317484662576687,0.17319404716262543,0.5541922295264183,3.253667937709754
181,0.931237218813906,0.16894430400525623,0.5552147244139439,3.253265762134076
182,0.933282208588957,0.16787397075284477,0.5531697346388929,3.2556488148273868
183,0.935838445807771,0.1685617046396425,0.5490797550887906,3.254438103829912
184,0.9399284253578732,0.16285537652564683,0.5439672806511627,3.255772799314409
185,0.9297034764826176,0.17200659864519272,0.548057260201265,3.2702457256356143
186,0.9327709611451943,0.16888937325138745,0.5460122699386503,3.268507069117696
187,0.9394171779141104,0.1591028845688073,0.5480572597137015,3.263927398283789
188,0.9378834355828221,0.1647795245264693,0.5470347648261759,3.2587017018370834
189,0.9371165644171779,0.16762797680734856,0.5429447852760736,3.284799871269179
190,0.9340490797546013,0.16715004388052507,0.5460122699386503,3.3117576045248893
191,0.9389059304703476,0.16178705811439603,0.5511247443762781,3.3120532962198395
192,0.9363496932515337,0.16929393023983833,0.5593047034764826,3.30405869025638
193,0.9422290388548057,0.15779554434044474,0.557259714188995,3.319137965243287
194,0.9406952965235174,0.16260460119671616,0.5603271988515718,3.3301664422626143
195,0.9363496932515337,0.16679782217753203,0.5593047039640462,3.3305330754301545
196,0.9378834355828221,0.16279617174393315,0.5541922295264183,3.318835490076576
197,0.934560327198364,0.1637897315856016,0.5623721886266229,3.3097242158371003
198,0.9389059304703476,0.16404408030592835,0.5593047039640462,3.282397084928485
199,0.9386503067484663,0.16154153229847765,0.5613496937390973,3.287920384319282
200,0.9412065439672802,0.1650737992550698,0.5623721886266229,3.3159913119606688
201,0.9386503067484663,0.1660053584656101,0.5552147244139439,3.328869747481707
202,0.9309815950920245,0.1712416551230144,0.5613496937390973,3.338356918596295
203,0.9368609406952966,0.1658409277171445,0.5582822090765206,3.3357970305015705
204,0.9406952965235174,0.16497158274389728,0.5593047039640462,3.3448035990046088
205,0.9401840490797546,0.16377752291034822,0.5705521477268274,3.3437920016501335
206,0.9412065439672802,0.16154304827070187,0.5685071579517762,3.3355133343328
207,0.9368609406952966,0.16611234261701932,0.5725971375018785,3.3662680765358703
208,0.941717791411043,0.16005159180100953,0.5695296528393018,3.3714868681074894
209,0.9378834355828221,0.16560245066088888,0.5746421272769296,3.3795978155116604
210,0.9406952965235174,0.1615663823235498,0.573619632389404,3.3867228728374332
211,0.9381390593047034,0.16190220921439383,0.5725971375018785,3.3989840153536184
212,0.9325153374233128,0.1710568258733106,0.5685071579517762,3.3913630483584414
213,0.9447852760736196,0.15603283009585184,0.5725971375018785,3.377695586296191
214,0.9325153374233128,0.1693529883106306,0.5756646221644551,3.3725624030840664
215,0.9307259713701431,0.17376445514170913,0.5797546017145574,3.3443550990403064
216,0.9378834355828221,0.1616152588559928,0.5807770961145194,3.362746722371544
217,0.9360940695296524,0.1678232031061118,0.5715746421267893,3.3431975349083025
218,0.9381390593047034,0.16489206577493126,0.565439672801636,3.3735765620974676
219,0.946319018404908,0.15889206437245468,0.5685071574642127,3.3825365234250184
220,0.939161554192229,0.16255338856443793,0.5705521477268274,3.382797876993815
221,0.9368609406952966,0.1653470038864876,0.5654396732891995,3.37172020724946
222,0.9368609406952966,0.16587427036040645,0.5664621681767251,3.3506650251844907
223,0.9401840490797546,0.16586983977895084,0.5685071579517762,3.3535547880551078
224,0.9394171779141104,0.16228005990904046,0.5705521477268274,3.3403604215883282
225,0.9440184049079755,0.15661053496635766,0.573619632389404,3.343987261590782
226,0.9399284253578732,0.16089989808683258,0.5685071579517762,3.3477807288764687
227,0.940439672801636,0.1627509122245882,0.5664621681767251,3.358026242207408
228,0.939161554192229,0.1680823072394954,0.5541922295264183,3.3850072751503535
229,0.9412065439672802,0.16131625847094874,0.5613496937390973,3.3953909737444605
230,0.9343047034764826,0.166019245007043,0.5644171784016739,3.378827964845123
231,0.933282208588957,0.16462834734766763,0.5623721881390593,3.3798302682630856
232,0.939161554192229,0.16638320315713043,0.5715746421267893,3.3960482654883575
233,0.9460633946830266,0.15768240620753515,0.5644171779141104,3.4022576677287284
234,0.9465746421267893,0.15372466209110308,0.5674846625766872,3.4079482852803173
235,0.9452965235173824,0.15807338494708445,0.5705521472392638,3.4206596113177654
236,0.9386503067484663,0.16650138210299556,0.5644171779141104,3.445003757203771
237,0.9368609406952966,0.1643906719601715,0.5695296523517382,3.438684727760424
238,0.943762781186094,0.15967897980917695,0.5664621676891616,3.441078184084902
239,0.9406952965235174,0.16310563461058955,0.5644171779141104,3.4572990442833773
240,0.9396728016359919,0.167114341642959,0.5623721881390593,3.476776435087551
241,0.9337934560327198,0.16768941063822412,0.5613496932515337,3.464328864356979
242,0.9399284253578732,0.16330506488040913,0.5633946830265849,3.457721718006095
243,0.9378834355828221,0.16625207671724215,0.5705521472392638,3.4874843146903385
244,0.9383946830265849,0.16469052440062135,0.5613496932515337,3.495250580988535
245,0.9317484662576687,0.17308825214825768,0.5664621676891616,3.5018099890164804
246,0.9373721881390593,0.16652940935883787,0.565439672801636,3.4779055493984727
247,0.9383946830265849,0.17709821042107657,0.5603271983640081,3.481073745189269
248,0.9447852760736196,0.16028097881373696,0.5633946830265849,3.4632338989975504
249,0.9376278118609407,0.17042624841468954,0.5603271983640081,3.4867643247109004
