epoch,acc,loss,val_acc,val_loss
0,0.4757157464212679,0.7164795399931068,0.4948875257452085,0.7129926679080737
1,0.5950920245398773,0.7015089537712207,0.5143149286081942,0.7116563287249372
2,0.6451942740286298,0.6917708362538391,0.5061349695079898,0.7120114010292085
3,0.6960633946830266,0.6786967997414447,0.5112474439456175,0.7123398912464914
4,0.7494887525562373,0.6598315006141039,0.5204498978724021,0.7132324120505943
5,0.7630368098159509,0.6444978721302711,0.5265848671975555,0.7159092536001849
6,0.7916666666666666,0.625835565823475,0.5214723926989823,0.7183382124744797
7,0.8098159509202454,0.6111593109942165,0.5327198366445998,0.7203147812367461
8,0.8241308793456033,0.594656287404901,0.5184049081582964,0.7239809276379935
9,0.846881390593047,0.5741080596646893,0.5255623724319208,0.7297617440818521
10,0.8502044989775052,0.5561878377674547,0.5337423314711799,0.734278098449629
11,0.86579754601227,0.5441470371067889,0.5439672803464355,0.7405199541392258
12,0.8714212678936605,0.5241920032627987,0.535787321246231,0.7487972727338716
13,0.8790899795501023,0.5111269652234021,0.5337423314711799,0.7556576099863813
14,0.8849693251533742,0.5002384063900126,0.5449897751730156,0.7614316372296074
15,0.8962167689161554,0.48265564831731755,0.5439672802245447,0.7707142074171507
16,0.8949386503067485,0.47282863729814323,0.54396728028549,0.7801588247158776
17,0.9138548057259713,0.45359878452277624,0.5439672802245447,0.7882177851682791
18,0.9051635991820041,0.44557265672215657,0.53476482629776,0.7973430847829105
19,0.8995398773006135,0.44496085794913015,0.5276073620850811,0.804313947452358
20,0.9036298568507157,0.4313546507514571,0.5306748466867123,0.8132862364587609
21,0.9102760736196319,0.4205034150911499,0.5388548057869168,0.8208367215099998
22,0.9146216768916156,0.40858606601053954,0.5398773006744424,0.837822834041221
23,0.9166666666666666,0.39904112769538397,0.5357873211243401,0.8517645346362654
24,0.9189672801635992,0.3867521707143764,0.5439672802245447,0.8584249415768193
25,0.924079754601227,0.37517438588210655,0.5357873211243401,0.8697681105210006
26,0.924079754601227,0.3653593176713019,0.5398773006744424,0.8826565714457771
27,0.9243353783231084,0.359802228541462,0.5439672801635992,0.893170620888045
28,0.9235685071574642,0.3498913064324783,0.5378323108993912,0.90347151095638
29,0.9271472392638037,0.3396478258149512,0.5388548057869168,0.9142734921539244
30,0.9276584867075665,0.333942770165656,0.540899795561968,0.9258186557541596
31,0.9268916155419223,0.3309413227566912,0.5439672802245447,0.9422451797682327
32,0.9222903885480572,0.3286252873197411,0.5419222904494935,0.9528754689942108
33,0.9302147239263804,0.31315344852416305,0.5419222904494935,0.9724461211992431
34,0.931237218813906,0.30714365267071014,0.5470347648871213,0.9838055847612627
35,0.9366053169734151,0.30074841015665565,0.5398773006744424,0.9965968117392137
36,0.9335378323108384,0.2943821711530471,0.5419222904494935,1.0085132648608437
37,0.9389059304703476,0.2873620008764091,0.5337423313492891,1.0147187546474559
38,0.9350715746421268,0.282887720988572,0.5398773006744424,1.032591361941004
39,0.9368609406952966,0.28281204826017586,0.5449897750511248,1.046785412878103
40,0.9360940695296524,0.2762400521944393,0.5368098159509203,1.066785230470825
41,0.9376278118609407,0.27215915705041166,0.5439672801635992,1.0796955680067066
42,0.9386503067484663,0.2660127503374603,0.5337423313492891,1.0948352956333043
43,0.9435071574642127,0.25353312394857896,0.5388548057869168,1.107416174285007
44,0.9473415132924335,0.24914347482483323,0.5429447852760736,1.127087303222079
45,0.9458077709611452,0.2446223087684996,0.5429447852760736,1.1446329640464548
46,0.9452965235173824,0.24605107944313978,0.5439672801635992,1.1610994363367435
47,0.9383946830265849,0.25200343671386227,0.5357873210633947,1.1811229497620908
48,0.9537321063394683,0.226593617601263,0.5398773011010605,1.205982451546168
49,0.9493865030674846,0.23255063858500288,0.5368098159509203,1.2211482183577336
50,0.9458077709611452,0.23158961909314607,0.5419222908761117,1.2391559551098594
51,0.9542433537832311,0.2190176926873213,0.5419222903885481,1.2504907195553459
52,0.9483640081799591,0.22876874087778337,0.5408997953791316,1.2651334801090763
53,0.9496421267893661,0.2237942535087375,0.5419222908761117,1.2751236746891388
54,0.9562883435582822,0.21104379607734017,0.5357873215509582,1.2941914080110795
55,0.9504089979550102,0.22115786620444317,0.5368098159509203,1.308236318619461
56,0.9527096114519428,0.21953059958412116,0.5368098159509203,1.3350716102830227
57,0.9506646216768916,0.21929339049783952,0.5357873209415038,1.3558663751450053
58,0.9603783231083844,0.2008696463880851,0.5296523516163504,1.378632765849919
59,0.9552658486707567,0.20103377442052758,0.5357873209415038,1.4048934584990114
60,0.9565439672801636,0.2026562549341432,0.5398773009791696,1.427491851379535
61,0.9596114519427403,0.19716666772931143,0.5398773009791696,1.4312378565470378
62,0.9542433537832311,0.20868963149427636,0.5398773009791696,1.4480579947645191
63,0.9544989775051125,0.20845740855288653,0.5429447856417463,1.47876565514898
64,0.9598670756646217,0.19463751850562105,0.5276073624507538,1.5087364843774183
65,0.9603783231083844,0.19097268796223074,0.523517382291197,1.5337131654801788
66,0.9575664621676891,0.19504751248288985,0.521472392516146,1.5449170644541703
67,0.9621676891615542,0.18563461029456438,0.5337423311664526,1.5625602630993585
68,0.9631901840490797,0.18149992716946242,0.5214723931256003,1.5888536303077494
69,0.962678936605317,0.18545847308416308,0.5194274027410948,1.6172991164622863
70,0.9588445807770961,0.18951902018978065,0.523517382291197,1.638073537734876
71,0.9611451942740287,0.18087719441801006,0.5173824129660437,1.6649776823925337
72,0.9644683026584867,0.17716050987533752,0.5255623720662481,1.6841662734564096
73,0.9611451942740287,0.1850402722085668,0.5347648265415418,1.7084752674726864
74,0.9606339468302658,0.18332632402518045,0.5265848674413373,1.7341538635987201
75,0.9637014314928425,0.18156104539435333,0.5378323113260094,1.772674621004756
76,0.9619120654396728,0.1780651916420289,0.5316973413914016,1.7935703941649455
77,0.963957055214724,0.1741280866546865,0.5265848669537737,1.8240267104166417
78,0.96140081799591,0.18106093972250972,0.5255623720662481,1.8621626090418342
79,0.9695807770961146,0.16200236846637628,0.5194274027410948,1.8774096066235033
80,0.9629345603271984,0.17597044958658745,0.5204498976286204,1.8971013671781387
81,0.9649795501022495,0.17069952650060438,0.5286298567288249,1.92137838897042
82,0.9665132924335378,0.16488117899875213,0.5194274027410948,1.9495757545186454
83,0.973159509202454,0.15657183899713684,0.5163599180785181,1.9635746227939193
84,0.9683026584867076,0.16210886363724747,0.5194274027410948,1.9740551861273488
85,0.9698364008179959,0.159893449479695,0.5245398771787226,1.9865086907501845
86,0.9637014314928425,0.171833174345074,0.5184049084630237,2.018091954336576
87,0.9675357873210634,0.1683768252470742,0.5184049084630237,2.0343820785452253
88,0.9683026584867076,0.1576966446174922,0.5276073624507538,2.045156526175501
89,0.9698364008179959,0.15837266897984564,0.5184049084630237,2.0621673968184457
90,0.9713701431492843,0.15454254712307625,0.5214723931256003,2.0893726202607885
91,0.9677914110429447,0.16206543676265667,0.5173824135754981,2.114123350028368
92,0.9711145194274029,0.15167657662266845,0.5235173829006515,2.1252871756660916
93,0.9649795501022495,0.16177945350942435,0.5173824135754981,2.1500405797197777
94,0.967280163599182,0.15821667323327016,0.5173824135754981,2.1635557186384142
95,0.9677914110429447,0.16159195695186684,0.5092024544752937,2.191502364622791
96,0.9700920245398773,0.15278415119843006,0.5092024538658392,2.2101125519699845
97,0.9695807770961146,0.15505942306148007,0.5061349692032625,2.255445199510071
98,0.9683026584867076,0.16084965277303215,0.5081799595877681,2.2887061951350582
99,0.97060327198364,0.1563463320151916,0.5122699391378703,2.288649191641856
100,0.9695807770961146,0.1537063841713718,0.5051124749251914,2.2972987334421076
101,0.9690695296523517,0.16231934299620138,0.5102249493628191,2.3188479977882714
102,0.9723926380368099,0.14495441268801934,0.5092024544752937,2.3372480298843854
103,0.9716257668711656,0.15511202455663975,0.5163599180785181,2.364754932789715
104,0.9677914110429447,0.15836874994397895,0.5132924334159414,2.3854446296555376
105,0.9754601226993865,0.13741093709424962,0.5153374231909925,2.40165755036906
106,0.9739263803680982,0.14063611471214177,0.5092024544752937,2.4217417476611147
107,0.9726482617586912,0.14424773706370825,0.5071574640907881,2.4511261415384054
108,0.971881390593047,0.15159071835637825,0.5102249487533648,2.4404481963877296
109,0.9749488752556237,0.1452026324830416,0.5092024544752937,2.463872714764258
110,0.973159509202454,0.14287993494718354,0.5102249493628191,2.476566713280473
111,0.9711145194274029,0.14603372481946808,0.5092024538658392,2.503629770259428
112,0.9734151329243353,0.1397911053310874,0.5071574647002425,2.521821108332441
113,0.9716257668711656,0.1521556397675249,0.5102249487533648,2.5447777590137317
114,0.9703476482617587,0.15457637558533127,0.5092024544752937,2.568113954520664
115,0.9734151329243353,0.13873666288723488,0.5061349692032625,2.5788329461844666
116,0.9775051124744376,0.12776347840917135,0.5102249487533648,2.594989189584806
117,0.9762269938650306,0.14325720992068816,0.5040899794282113,2.6041094920386567
118,0.9780163599182005,0.13292338926124184,0.5061349692032625,2.6166231722431923
119,0.9711145194274029,0.1515140958770287,0.5051124743157369,2.6255333445554863
120,0.9726482617586912,0.144909449957753,0.5092024544752937,2.6778174302329316
121,0.9759713701431493,0.13836873030187163,0.5061349698127169,2.6767180975229463
122,0.9757157464212679,0.13796364379654388,0.5081799595877681,2.682881393315602
123,0.9767382413087935,0.14160953655625658,0.5010224947656347,2.6937430980015384
124,0.9780163599182005,0.12968608407124663,0.5102249487533648,2.6995055295207018
125,0.9749488752556237,0.14001957575480142,0.5051124743157369,2.7112802135432426
126,0.9744376278118609,0.13663718739718747,0.5030674845406858,2.725073486018035
127,0.9757157464212679,0.13632482511195182,0.5081799589783136,2.7422395318076167
128,0.9759713701431493,0.1335537394695365,0.5102249492409283,2.7480763313960446
129,0.9752044989775052,0.1332317912200721,0.4979550105906215,2.7649491386667107
130,0.9792944785276073,0.1213519536339676,0.506134969690826,2.788904937985972
131,0.9775051124744376,0.13181775390858055,0.5102249493628191,2.8080307654807903
132,0.9782719836400818,0.12872033947145525,0.5092024544752937,2.834693891626682
133,0.9780163599182005,0.12473377292872938,0.5143149287910306,2.843470371086417
134,0.9769938650306749,0.13170804599859964,0.5092024544752937,2.8449620220558773
135,0.9762269938650306,0.1333558903150032,0.5071574647002425,2.8793247872335046
136,0.9739263803680982,0.14210281457089208,0.5122699391378703,2.8909153596998967
137,0.9785276073619632,0.12451006545245281,0.5112474442503447,2.888004895368237
138,0.9775051124744376,0.12588326046376627,0.5051124744376279,2.9139062402682314
139,0.9800613496932515,0.12371949714385659,0.5051124743157369,2.915060144260617
140,0.9741820040899796,0.13526201220743495,0.4928425356654302,2.924533957596449
141,0.9785276073619632,0.12726180133522166,0.5,2.9321567631937975
142,0.9769938650306749,0.12991641186071076,0.5010224953750891,2.9336197083713085
143,0.9810838445807771,0.11730596362203664,0.5081799595877681,2.9300066586164855
144,0.9759713701431493,0.13235692853576567,0.5132924340253958,2.9359161546625243
145,0.9780163599182005,0.13116345589633857,0.5143149289129214,2.949758449215099
146,0.9782719836400818,0.12562031771203003,0.5173824135754981,2.9796086688714523
147,0.9775051124744376,0.13069963925241937,0.5204498982380747,2.9888429948888673
148,0.9729038854805726,0.14679117554109278,0.5194274032286583,2.9914723442132245
149,0.976482617586912,0.13385822126500932,0.5102249492409283,3.028810379207744
150,0.9798057259713702,0.123522651882686,0.5173824135754981,3.060167222910376
151,0.977760736196319,0.12936472173604985,0.515337423800447,3.061164997838026
152,0.9759713701431493,0.12916909884242436,0.5132924340253958,3.0904319461869316
153,0.9798057259713702,0.12583151186963043,0.5163599180785181,3.088402285410095
154,0.9795501022494888,0.12129417427478392,0.5122699385284158,3.0969352385749116
155,0.9813394683026585,0.11579268480553949,0.5122699390159794,3.1007894889464893
156,0.9792944785276073,0.11792052627097366,0.5081799594658771,3.1285813196061336
157,0.9790388548057259,0.12225193771055627,0.5153374231909925,3.1472645273969215
158,0.9810838445807771,0.12018074004592827,0.5020449902626147,3.159968384935812
159,0.9775051124744376,0.128153885449978,0.4989775049905836,3.168209368465868
160,0.9808282208588958,0.11887203060959015,0.5102249493628191,3.177460948869982
161,0.9767382413087935,0.13136123299050184,0.5112474438237267,3.1615966302485554
162,0.9729038854805726,0.1386821225194112,0.5214723926380368,3.147898496538096
163,0.9780163599182005,0.12573917200960263,0.5132924340253958,3.141538935936302
164,0.9772494887525562,0.12754685689975148,0.5132924340253958,3.1841224575822826
165,0.977760736196319,0.12203910288635207,0.5143149289129214,3.1793387087332445
166,0.9808282208588958,0.12087660248568453,0.5112474442503447,3.185708148835383
167,0.9813394683026585,0.11917547215774259,0.5143149289129214,3.1971379257662407
168,0.9815950920245399,0.11605087911485407,0.5122699391378703,3.2123348985956732
169,0.9754601226993865,0.13374228604854008,0.5102249493628191,3.2298959920255195
170,0.9805725971370143,0.12276502883019867,0.5143149289129214,3.2469479359975866
171,0.9752044989775052,0.13051515619569518,0.5143149289129214,3.250944812361204
172,0.9849182004089979,0.10857536467763544,0.5163599180785181,3.2501185754569275
173,0.9805725971370143,0.12015531271513254,0.5132924334159414,3.268953869435441
174,0.9826175869120655,0.11421182738704672,0.5102249493628191,3.2718757456797034
175,0.9785276073619632,0.12395240953820615,0.5122699385284158,3.2934927935493015
176,0.9798057259713702,0.1190785688856628,0.5061349698127169,3.3104227452190376
177,0.9798057259713702,0.12019916082939974,0.5081799595877681,3.3206751546489195
178,0.983640081799591,0.10999233556000977,0.49693251533742333,3.3511508905570686
179,0.9841513292433538,0.10821262983212929,0.5020449902626147,3.3659648168793974
180,0.9798057259713702,0.12299756379702828,0.5030674851501402,3.385533316247546
181,0.9800613496932515,0.11996994565235325,0.498977505600038,3.388277687665631
182,0.9810838445807771,0.11607413045711557,0.4969325158249869,3.3997721218623997
183,0.9808282208588958,0.11949722340867563,0.5030674846625767,3.4212794269764593
184,0.9861963190184049,0.10362064760703982,0.5030674846625767,3.4284920160999572
185,0.9785276073619632,0.11781329812447718,0.498977505600038,3.4448270544196444
186,0.9815950920245399,0.11988350153274088,0.5051124744376279,3.496068992497731
187,0.9828732106339468,0.11565720362318317,0.5030674846625767,3.495182817455206
188,0.9821063394683026,0.11972376498525128,0.5061349698127169,3.5166989128526245
189,0.9815950920245399,0.11581308070135994,0.5081799595877681,3.5245049453220485
190,0.9798057259713702,0.12505543760665844,0.5020449902626147,3.533701418855195
191,0.9810838445807771,0.11859577907923541,0.5020449902626147,3.5430324443278867
192,0.9823619631901841,0.11747206721630077,0.4979550107125124,3.5533665996387693
193,0.9828732106339468,0.1135839408678755,0.5000000004875635,3.5567787439545238
194,0.9854294478527608,0.10535773915259629,0.498977505600038,3.564837833611268
195,0.9828732106339468,0.11083351859560042,0.49591002032800685,3.572385691426283
196,0.9803169734151329,0.11790220049383206,0.4999999998781091,3.601822127593807
197,0.9821063394683026,0.11487205887255249,0.5061349698127169,3.606855143798641
198,0.9833844580777096,0.11238667511348832,0.49488752604993574,3.6409878379728164
199,0.9833844580777096,0.11641460732539739,0.4918200413873591,3.66910113781264
200,0.9810838445807771,0.11549182856314509,0.4867075664621677,3.6654852650648246
201,0.9818507157464212,0.11577013598141739,0.4856850720622057,3.6735099502867716
202,0.9856850715746421,0.10426371127123238,0.49591002044989774,3.6559122930031367
203,0.9785276073619632,0.1258634036837302,0.5020449898359965,3.6827462431355733
204,0.9821063394683026,0.11151870295923424,0.4959100205108432,3.6885941594168696
205,0.9805725971370143,0.11921579797575078,0.4938650307357921,3.6943488906010042
206,0.9821063394683026,0.11432099321015286,0.49182004096074095,3.6929223006000793
207,0.9851738241308794,0.10864686835671496,0.4948875256233176,3.7079621097549094
208,0.9833844580777096,0.11467286256467638,0.4948875255623722,3.70706528876213
209,0.9844069529652352,0.10142197882745163,0.5,3.722069738345156
210,0.9821063394683026,0.11672428549707302,0.5020449897750511,3.7228722465062676
211,0.9833844580777096,0.11671462624594721,0.5071574647002425,3.7240206449309743
212,0.9844069529652352,0.11124888678026101,0.49795501022494887,3.7697596111180594
213,0.9815950920245399,0.1150455498622239,0.5020449898359965,3.76193437254502
214,0.9818507157464212,0.11504464275784532,0.5020449897750511,3.7109454833656734
215,0.9846625766871165,0.1034711039718431,0.5040899796110477,3.7133172343357455
216,0.9821063394683026,0.11339497154079575,0.5040899796719931,3.720154508735017
217,0.9844069529652352,0.10710460971469528,0.5081799592220954,3.7243345997816215
218,0.9838957055214724,0.10978419225518202,0.502044989896942,3.7302773281596675
219,0.9838957055214724,0.10808540408352889,0.5040899796719931,3.7388016299967384
220,0.9831288343558282,0.11241446905493249,0.509202454109621,3.74867712013073
221,0.9828732106339468,0.114797678865599,0.49795501034683975,3.766828620360673
222,0.9821063394683026,0.11769251286191199,0.4959100205717886,3.761540221777918
223,0.9833844580777096,0.11168544082797621,0.49897750523436535,3.761059743982639
224,0.9849182004089979,0.10591578651181516,0.5040899796719931,3.7668705820305948
225,0.9823619631901841,0.11021960887806548,0.4959100205717886,3.7607465394923048
226,0.9851738241308794,0.10966941235865064,0.502044989896942,3.7917117394796422
227,0.9833844580777096,0.10951458018250261,0.5051124745595187,3.7855468201003437
228,0.9838957055214724,0.10994274424415669,0.5153374233738289,3.7889517226345943
229,0.9813394683026585,0.11582759426476277,0.5102249489362011,3.7894274262075287
230,0.9841513292433538,0.10632005352184085,0.5061349693860988,3.798809814550638
231,0.9815950920245399,0.11561348635878543,0.5051124744985732,3.8321522457224217
232,0.9821063394683026,0.11181262041802055,0.5020449897750511,3.832686691927764
233,0.9833844580777096,0.1158216938010754,0.5132924335987777,3.8474899523097315
234,0.9826175869120655,0.1124675366684703,0.5071574642736244,3.857728061012939
235,0.9849182004089979,0.10679549694152697,0.5092024540486755,3.853969384312386
236,0.9874744376278118,0.09299552333988782,0.5102249488752556,3.868412673595249
237,0.983640081799591,0.10840218613240372,0.5010224953750891,3.8636711219093307
238,0.9854294478527608,0.10068131835487479,0.5010224953750891,3.8721127558827155
239,0.9782719836400818,0.12123417039163761,0.4887525562372188,3.906985405276402
240,0.9864519427402862,0.09747426101370335,0.4928425358482665,3.933968393836772
241,0.9867075664621677,0.09656879049868672,0.49591002044989774,3.9472505758632668
242,0.9851738241308794,0.10779974442013446,0.4918200408997955,3.9527648894577183
243,0.9792944785276073,0.12137993353519946,0.49284253578732107,3.9845375614907357
244,0.983640081799591,0.11082242626567317,0.4938650307357921,3.964634975772694
245,0.9854294478527608,0.09722761392349602,0.49182004096074095,3.936945554425136
246,0.9818507157464212,0.11667059208047414,0.49591002044989774,3.8923421842188923
247,0.9846625766871165,0.11158819242184391,0.4948875255623722,3.8872040103062044
248,0.9861963190184049,0.10474197924563734,0.49284253578732107,3.898166641867234
249,0.9808282208588958,0.11769513154291912,0.4938650306748466,3.931909045802547
