epoch,acc,loss,val_acc,val_loss
0,0.5598159509202454,0.7045156881365552,0.575664621859728,0.7009001733822813
1,0.6012269938650306,0.6665408408958732,0.5787321065223047,0.6995159764231348
2,0.6132413087934561,0.6373576612072732,0.5981595092633994,0.698025829587246
3,0.625,0.6070167322344088,0.5869120655006183,0.6969243615926652
4,0.6388036809815951,0.5763952296935707,0.5807770962364103,0.6968833234900103
5,0.6574642126789366,0.5475087671679709,0.5889570553366148,0.6993889989053301
6,0.6733128834355828,0.5239562319100268,0.5807770962364103,0.7024211744589308
7,0.6935071574642127,0.5012329321941228,0.5654396728625815,0.7092682739952103
8,0.7011758691206544,0.4840690457016412,0.5654396728625815,0.7147169803061612
9,0.7474437627811861,0.4583851332130608,0.5623721881390593,0.7215891395122239
10,0.7804192229038854,0.42596961944868716,0.5623721882000048,0.7289261490045638
11,0.7911554192229039,0.4149250371080722,0.5613496933124792,0.7348861682146849
12,0.8044478527607362,0.40151424331167723,0.5633946830875303,0.7507496632193739
13,0.8300102249488752,0.38209113850427795,0.5511247444372236,0.7634437319447414
14,0.8402351738241309,0.3606289368587525,0.5501022494887525,0.7743306691417421
15,0.8614519427402862,0.35528443372810303,0.5562372188748513,0.7866224925698434
16,0.8637525562372188,0.34447248368419264,0.5613496933124792,0.7961134998344936
17,0.8698875255623721,0.3284044644218281,0.5593047034764826,0.810700488480566
18,0.8747443762781186,0.32111131188084496,0.5449897751120701,0.8300084370533137
19,0.8719325153374233,0.3195733045264012,0.5460122699995957,0.8446234915641675
20,0.8780674846625767,0.30737717336916,0.5511247443762781,0.8543165359029009
21,0.8826687116564417,0.30352295761459447,0.5541922290998003,0.8745663875451117
22,0.8885480572597138,0.2902199355675886,0.5541922290998003,0.8928205759734952
23,0.8821574642126789,0.29842532193002524,0.5511247444372236,0.9097892175179074
24,0.8911042944785276,0.2812038146584068,0.5511247443762781,0.9219524007145856
25,0.8941717791411042,0.27883140498997,0.549079754601227,0.9351218263551989
26,0.8992842535787321,0.2686230508583943,0.5398773006134969,0.9614296549424559
27,0.8951942740286298,0.2675273104557474,0.5276073619631901,0.9761574516998478
28,0.9005623721881391,0.2599420348193748,0.5194274028629857,0.9963051014882656
29,0.9066973415132924,0.2495528286768615,0.5255623721881391,1.0169354989240993
30,0.9049079754601227,0.24923962750805423,0.5245398773006135,1.034837418782443
31,0.9033742331288344,0.2495113799999828,0.5398773006134969,1.0498187851564529
32,0.9008179959100204,0.2510132412968969,0.5368098164384838,1.0716540079662893
33,0.9066973415132924,0.24238134463506242,0.5316973415132924,1.0931034195398748
34,0.9056748466257669,0.24054787160184973,0.5347648266634327,1.1179414404925636
35,0.9118098159509203,0.23809441509666132,0.5347648266634327,1.1434956859713439
36,0.9176891615541922,0.23306537268717595,0.5419222908761117,1.1513685968024598
37,0.9151329243353783,0.23227583892750106,0.5439672801635992,1.1852956744547027
38,0.9156441717791411,0.23040883898247483,0.5398773006744424,1.2056390888120498
39,0.918200408997955,0.22099056279244841,0.5368098159509203,1.225783344914333
40,0.9194785276073619,0.22308388590081338,0.5429447857636371,1.2420677312312682
41,0.9148773006134969,0.22521955000354713,0.5408997955010225,1.2549265659659918
42,0.9268916155419223,0.2138775287535049,0.5511247443762781,1.2757378148642542
43,0.9279141104294478,0.210254994973327,0.5480572597137015,1.3108588447356273
44,0.9228016359918201,0.2151715507414687,0.5480572597137015,1.3499038238954446
45,0.9222903885480572,0.21366758529546315,0.5378323108384458,1.3758708855369584
46,0.9230572597137015,0.21263758749805833,0.5419222903885481,1.3926385628908933
47,0.9279141104294478,0.19832624598636706,0.5470347648261759,1.420324359203409
48,0.9294478527607362,0.20114760848946855,0.5511247443762781,1.4456854558917398
49,0.9327709611451943,0.20165968276484125,0.5501022494887525,1.4785563887262636
50,0.9271472392638037,0.2004197726220441,0.556237218692015,1.4927919086503105
51,0.9279141104294478,0.19632032184513068,0.5541922295264183,1.5158965173186945
52,0.9243353783231084,0.2071951067185597,0.5562372193014695,1.558278044796185
53,0.9322597137014315,0.19456434268161563,0.5511247448638417,1.599119992343926
54,0.928680981595092,0.20246591508876083,0.5460122704262138,1.6194885401150445
55,0.9261247443762781,0.20045384313675035,0.548057260201265,1.6454054460935066
56,0.928680981595092,0.19903448949318478,0.5521472397513673,1.6770478469950045
57,0.9304703476482618,0.19468357012529072,0.5664621676891616,1.7081905352313582
58,0.9294478527607362,0.192534028843868,0.5541922290388548,1.7348230528685213
59,0.931237218813906,0.1948530506837831,0.5572597137014315,1.7576784312359395
60,0.9371165644171779,0.1861110592607584,0.549079754601227,1.783751905086338
61,0.9350715746421268,0.18792847490627584,0.5429447852760736,1.8021589997843488
62,0.9330265848670757,0.19367850219910862,0.5398773011010605,1.8076212440287895
63,0.939161554192229,0.18263782563872621,0.5521472397513673,1.8210517482523538
64,0.9447852760736196,0.1761073144895533,0.5593047039640462,1.8224850875955905
65,0.9455521472392638,0.17568871129022298,0.5552147244139439,1.857367728629239
66,0.934560327198364,0.1891544318637965,0.5613496937390973,1.876242527932477
67,0.9335378323108384,0.19158707949159579,0.5633946835141485,1.8807012805665686
68,0.9363496932515337,0.18580202907628565,0.5623721886266229,1.908888950913474
69,0.9414621676891616,0.17564908236813692,0.5603271988515718,1.9257150296053271
70,0.9378834355828221,0.18212956071265637,0.557259714188995,1.9517825137374347
71,0.943762781186094,0.17430123839154077,0.5593047039640462,1.960862151927987
72,0.945040899795501,0.17016695500760967,0.557259714188995,1.9984099548043406
73,0.9491308793456033,0.16858318888397547,0.5644171784016739,2.010740408868146
74,0.9401840490797546,0.18247846268681173,0.5562372193014695,2.045653726425639
75,0.941717791411043,0.17650618657073605,0.5633946835141485,2.063763380050659
76,0.9498977505112475,0.16493204673314144,0.5603271988515718,2.0806272619828614
77,0.9412065439672802,0.17220127152884665,0.5593047039640462,2.133323939543804
78,0.9427402862985685,0.1695795032388106,0.5603271983640081,2.1451203969358668
79,0.9470858895705522,0.16677150431951862,0.5593047039640462,2.145877105814304
80,0.9445296523517382,0.16795740811371365,0.5633946835141485,2.1555840208486545
81,0.9447852760736196,0.16582074258590768,0.5623721886266229,2.178170117863848
82,0.9481083844580777,0.1666731135824463,0.5531697346388929,2.217736241763842
83,0.9483640081799591,0.1627884950252642,0.5562372193014695,2.2288105448818403
84,0.9422290388548057,0.1749108964558272,0.557259714188995,2.2528358710080325
85,0.9465746421267893,0.16539262463710058,0.549079754601227,2.278359311733753
86,0.9458077709611452,0.16562604747240284,0.5521472392638037,2.2758953200771277
87,0.9460633946830266,0.1661970622395689,0.5593047039640462,2.2813795422240024
88,0.9468302658486708,0.16406720702999208,0.5470347653137394,2.3151308593086912
89,0.9458077709611452,0.1668730799588689,0.5470347653137394,2.3413172319135294
90,0.9514314928425358,0.1562205732843871,0.5541922295264183,2.350430344267613
91,0.9498977505112475,0.16434976933923967,0.5593047034764826,2.3702214700312703
92,0.9475971370143149,0.16438342961492228,0.5480572597137015,2.3633777407780747
93,0.9455521472392638,0.16960972355552978,0.5480572597137015,2.362527321696525
94,0.9501533742331288,0.15670854529720143,0.5460122699386503,2.3972611992880855
95,0.9473415132924335,0.15888872044827554,0.549079754601227,2.4158029678165303
96,0.945040899795501,0.16274758115989787,0.5501022494887525,2.43791664743716
97,0.9498977505112475,0.15916770727112736,0.5511247444372236,2.4672165521570997
98,0.9534764826175869,0.15584658883161584,0.5490797546621724,2.4991332860568307
99,0.9481083844580777,0.1607448562964462,0.5603271983640081,2.5264193314472347
100,0.9504089979550102,0.1597029502695933,0.5541922290388548,2.5265683006411437
101,0.9470858895705522,0.16153124806705427,0.5541922290388548,2.5275347871526863
102,0.9445296523517382,0.16855057808884813,0.5511247443762781,2.5400915301894362
103,0.950920245398773,0.15596078954835124,0.5521472392638037,2.5361412736779587
104,0.9470858895705522,0.16280611340863085,0.558282208588957,2.5143292315898496
105,0.9429959100204499,0.16810850209436534,0.5644171779141104,2.526907013969187
106,0.9486196319018405,0.15738337726193216,0.5613496932515337,2.559228047759011
107,0.945040899795501,0.16666359081102539,0.565439672801636,2.590673018574471
108,0.9524539877300614,0.15437523671759174,0.565439672801636,2.603582846362654
109,0.9511758691206544,0.15776234929943134,0.5521472393247491,2.6184239553283817
110,0.9524539877300614,0.15820931894647564,0.5582822086499025,2.624065003268314
111,0.9452965235173824,0.16479241061795707,0.5572597137623769,2.6151399514914044
112,0.9496421267893661,0.15509511457264788,0.5613496933124792,2.635165608489928
113,0.9486196319018405,0.15977806660417154,0.5562372188748513,2.655478561338959
114,0.9527096114519428,0.1549620358368614,0.5613496932515337,2.669310211891533
115,0.9491308793456033,0.15717056686923303,0.556237218813906,2.6545852873710523
116,0.9493865030674846,0.1584372090933757,0.5654396732891995,2.6652798057821387
117,0.9498977505112475,0.16353695566912613,0.5541922295264183,2.692858768143293
118,0.9570552147239264,0.14608445455813457,0.558282208588957,2.695555186710475
119,0.9493865030674846,0.16027033185788214,0.5582822090765206,2.6946381215912676
120,0.9429959100204499,0.16935715502878396,0.5531697341513292,2.6871807336319686
121,0.9537321063394683,0.15722773053468128,0.5593047039640462,2.6955221523292714
122,0.9504089979550102,0.15564473327592107,0.5613496937390973,2.701993386438288
123,0.9516871165644172,0.15504940177155907,0.5603271988515718,2.694535794677422
124,0.9498977505112475,0.15566463512511342,0.5552147244139439,2.7105145590924535
125,0.9498977505112475,0.15582363679243255,0.5623721886266229,2.7150865742033976
126,0.9537321063394683,0.15176175862306954,0.5562372193014695,2.7225206732018594
127,0.9496421267893661,0.15847424379643243,0.5633946835141485,2.7401149453317215
128,0.9547546012269938,0.148602748697277,0.5664621681767251,2.776354540101346
129,0.956799591002045,0.1436882580350513,0.5593047039640462,2.765457287887854
130,0.9488752556237219,0.1543974902153259,0.5603271988515718,2.7735051991749393
131,0.9539877300613497,0.14791512949456953,0.558282208588957,2.8033443852680104
132,0.950920245398773,0.15931163874506218,0.5582822086499025,2.791450595075611
133,0.9504089979550102,0.1543604532877604,0.5552147239873259,2.8106887043131885
134,0.9562883435582822,0.14588490165084417,0.5572597137014315,2.8574989470967487
135,0.9573108384458078,0.14397732261377855,0.558282208588957,2.873358253564815
136,0.9516871165644172,0.15082334829132493,0.5460122699995957,2.902764822563998
137,0.9570552147239264,0.14582458274069496,0.5470347648871213,2.898315955281014
138,0.9537321063394683,0.14789172865313255,0.5562372188748513,2.9025772519881983
139,0.9552658486707567,0.14604707718169763,0.550102249549698,2.911002214700898
140,0.9537321063394683,0.15047701829111162,0.5490797546621724,2.9345125371936884
141,0.9547546012269938,0.14692284821976426,0.5470347648871213,2.942603924523102
142,0.9591002044989775,0.14169542342119665,0.5511247444372236,2.9640114507304625
143,0.9578220858895705,0.14703439256835324,0.5552147239873259,2.9288995924171495
144,0.9552658486707567,0.14658694796584135,0.5541922290388548,2.936433775537097
145,0.9501533742331288,0.155665258292284,0.54396728028549,2.9444241084935476
146,0.9560327198364008,0.15084111896212116,0.5501022496715889,2.9525914084935723
147,0.9552658486707567,0.15485190435604085,0.5480572598965378,2.9725513175465093
148,0.9519427402862985,0.16584126244476236,0.55214723944664,2.9867383590261385
149,0.9491308793456033,0.1668758716716113,0.5480572598355923,3.014264829319679
150,0.9534764826175869,0.15586094271795395,0.5490797547231179,3.001345094240029
151,0.950920245398773,0.1590995890048384,0.5552147239873259,3.005075611707379
152,0.9532208588957055,0.15757314400682665,0.5521472393856945,3.0142196351033776
153,0.9550102249488752,0.15391566520575853,0.5490797547231179,3.030455782369602
154,0.9486196319018405,0.1682833251686184,0.5521472393247491,3.043323293541594
155,0.9557770961145194,0.14957567810219977,0.5470347649480668,3.0191249603630332
156,0.9565439672801636,0.1532582950860201,0.5511247444981691,3.0354404498219245
157,0.9560327198364008,0.1575147107334956,0.5511247444981691,3.036706818149621
158,0.9562883435582822,0.15360175042674099,0.550102249549698,3.060882708777679
159,0.9514314928425358,0.16127605178604829,0.5521472393247491,3.058541364221241
160,0.9583333333333334,0.14418198130186838,0.5572597137623769,3.054306233099877
161,0.9575664621676891,0.15591760802488386,0.5552147239873259,3.069362463882852
162,0.9491308793456033,0.16134268219119932,0.5582822086499025,3.078354302115723
163,0.9565439672801636,0.15178068326538569,0.5562372188748513,3.1033306677648627
164,0.9565439672801636,0.15623842563731538,0.5552147239873259,3.107411820464339
165,0.9537321063394683,0.1514361934062162,0.5541922290388548,3.097350281440407
166,0.9544989775051125,0.1531326482815245,0.5593047039640462,3.1085395159653118
167,0.9603783231083844,0.14283574872282628,0.5674846625766872,3.130237162966426
168,0.9603783231083844,0.14422820339356462,0.5613496932515337,3.1357091774969743
169,0.9555214723926381,0.1481188567381939,0.5603271983640081,3.1398976205073006
170,0.9537321063394683,0.1464117166637643,0.565439672801636,3.154871716333557
171,0.9573108384458078,0.14681835356787426,0.5623721881390593,3.1919005487594134
172,0.9537321063394683,0.14630355775843856,0.5572597137014315,3.2338328829572243
173,0.9537321063394683,0.14907980795591644,0.5541922290388548,3.2216494926889494
174,0.9565439672801636,0.1451450103935776,0.558282208588957,3.232851348284076
175,0.9598670756646217,0.1400014038420528,0.5541922290388548,3.24323035651677
176,0.9516871165644172,0.15399860174743676,0.5572597137014315,3.223661230629451
177,0.9560327198364008,0.1437196264496732,0.5613496932515337,3.227461216152324
178,0.9550102249488752,0.1498966232886831,0.5623721881390593,3.25742480116144
179,0.9570552147239264,0.1476222390046149,0.5593047035374281,3.263326265573014
180,0.9601226993865031,0.1392126390081973,0.5521472393247491,3.2930668136581076
181,0.9608895705521472,0.14207568886577474,0.5521472393247491,3.3033972478839275
182,0.9565439672801636,0.14692014982973384,0.5552147239263804,3.3150077919287186
183,0.9573108384458078,0.14499432349802283,0.5470347648871213,3.325556898409604
184,0.9519427402862985,0.15016380161168874,0.5531697346388929,3.325575196669877
185,0.9560327198364008,0.14240800048432223,0.5541922295264183,3.3346378934895333
186,0.9578220858895705,0.1421374597554314,0.5541922295264183,3.3227378244536543
187,0.9585889570552147,0.13706008267183245,0.5501022499763161,3.310423937799497
188,0.9550102249488752,0.141918123438802,0.5521472392638037,3.326100129047542
189,0.9593558282208589,0.14371221794428757,0.5521472392638037,3.3648990482884193
190,0.9573108384458078,0.14391099740817748,0.5511247443762781,3.372133795225303
191,0.9560327198364008,0.14145604380861626,0.549079754601227,3.4017076619076096
192,0.9557770961145194,0.140170478694339,0.5388548057259713,3.4290950839504872
193,0.9570552147239264,0.14397322362125042,0.5449897750511248,3.4122819383695324
194,0.9496421267893661,0.15354101113015156,0.5429447852760736,3.442513632628084
195,0.9570552147239264,0.14164512511533217,0.5439672801635992,3.4444097175676154
196,0.9598670756646217,0.14476202064191881,0.5501022494887525,3.463822211712172
197,0.9578220858895705,0.1415937067845604,0.5470347648261759,3.4863941225781274
198,0.9565439672801636,0.1447060549048924,0.5460122704262138,3.452714519266702
199,0.9621676891615542,0.13357736284564609,0.5429447852760736,3.440997800456478
200,0.9601226993865031,0.1317961710545183,0.5480572597137015,3.450857306794399
201,0.9593558282208589,0.13759398176991866,0.5439672801635992,3.4774866435669196
202,0.9591002044989775,0.14280522572817492,0.5470347648261759,3.4709403334463547
203,0.9560327198364008,0.14292831542179874,0.549079754601227,3.4852060267286555
204,0.9580777096114519,0.1383515019388774,0.5613496932515337,3.4977125000124816
205,0.9642126789366053,0.12988971860923162,0.5531697341513292,3.5249367774386102
206,0.9534764826175869,0.1496279860383894,0.5572597137014315,3.4925832153585548
207,0.9547546012269938,0.144180039122914,0.5552147239263804,3.500219922368024
208,0.9598670756646217,0.136203905068536,0.556237218813906,3.5035477396413106
209,0.9575664621676891,0.14357228506287914,0.5531697341513292,3.5350270573590676
210,0.9544989775051125,0.14611240776526171,0.5613496932515337,3.555198258905079
211,0.9591002044989775,0.13752227818978102,0.5511247443762781,3.5720934536315667
212,0.9591002044989775,0.1396760662488167,0.5541922290998003,3.5732395488060327
213,0.9578220858895705,0.1436155224961737,0.5562372188748513,3.5928865327425528
214,0.9588445807770961,0.14428007439662585,0.5593047035374281,3.6051575508585736
215,0.9580777096114519,0.14111275201499585,0.5521472393247491,3.6303914153990324
216,0.9542433537832311,0.14800104457725044,0.5470347648871213,3.6040099159583967
217,0.9670245398773006,0.13119747344183533,0.5378323108993912,3.5677097316656132
218,0.9624233128834356,0.13509995357756235,0.5419222904494935,3.591169730773489
219,0.9619120654396728,0.13479040776415593,0.5439672802245447,3.6009654296687774
220,0.9606339468302658,0.13671209446796367,0.5460122699995957,3.6130984351191295
221,0.9601226993865031,0.14041543055653327,0.5541922290388548,3.606412632089939
222,0.9591002044989775,0.14059463716235873,0.5531697346388929,3.630190070177636
223,0.9621676891615542,0.1332962553955782,0.5593047039640462,3.622172091392408
224,0.9634458077709611,0.1315978688696411,0.5603271988515718,3.6463837857626697
225,0.9565439672801636,0.14321495196448758,0.5603271988515718,3.6468506415197455
226,0.956799591002045,0.14178197432484607,0.5521472392638037,3.690628594903614
227,0.9591002044989775,0.13850331943337416,0.5593047039640462,3.715820321276144
228,0.9601226993865031,0.1345058441360182,0.5541922295264183,3.688475852607462
229,0.9611451942740287,0.14195354880121344,0.558282208588957,3.686201747941093
230,0.9555214723926381,0.14466892329096062,0.5593047034764826,3.684661268456582
231,0.962678936605317,0.13652650602847521,0.5593047034764826,3.701257573071189
232,0.9591002044989775,0.13659755970924667,0.5531697341513292,3.685443720203236
233,0.9644683026584867,0.1365054255553306,0.5521472393247491,3.649843566013016
234,0.9624233128834356,0.1375211251476791,0.550102249549698,3.6531195923350825
235,0.9583333333333334,0.14136554248981437,0.5531697342122747,3.659362981168283
236,0.9642126789366053,0.13104576516919342,0.5460122699995957,3.689082290009731
237,0.9608895705521472,0.1390072616361889,0.5490797546621724,3.6879641166250154
238,0.9606339468302658,0.14072765321575548,0.5470347648871213,3.6974733621796214
239,0.9634458077709611,0.13142231828961637,0.5531697342122747,3.6855899970711863
240,0.9637014314928425,0.12958896926514699,0.5398773006744424,3.7123997772154387
241,0.9652351738241309,0.1323673905069599,0.5449897751120701,3.7206133957533263
242,0.9601226993865031,0.1379643985677838,0.5388548057869168,3.7523538076560676
243,0.9603783231083844,0.13851113242605712,0.5429447853370191,3.7433401041479444
244,0.9565439672801636,0.14665948354271535,0.5378323108993912,3.7456864364795646
245,0.9591002044989775,0.14138160125640029,0.5388548057869168,3.7360550104230947
246,0.9624233128834356,0.13844958221985518,0.5398773006744424,3.7591459580481907
247,0.9596114519427403,0.1356165039682559,0.5429447857636371,3.7195330904549126
248,0.96140081799591,0.13420809355920565,0.5449897755386883,3.7407177035793935
249,0.9560327198364008,0.14408898871612938,0.5439672801635992,3.7380128326103974
