epoch,acc,loss,val_acc,val_loss
0,0.5084355828220859,0.7194727250890985,0.5623721878952775,0.7105353140635968
1,0.592280163599182,0.6838878033595095,0.5705521469954821,0.7045798578389095
2,0.6446830265848671,0.6576687438843928,0.5869120656834546,0.6976268072069788
3,0.662321063394683,0.6316790007862333,0.578732106705141,0.6962261360847145
4,0.6906952965235174,0.6074979221162621,0.5685071573423218,0.6948616678973161
5,0.7198364008179959,0.578177171128903,0.5838445805333143,0.6926756085549883
6,0.7213701431492843,0.5586075514615922,0.5817995908801541,0.6940068971891344
7,0.7359406952965235,0.5403962155426938,0.5725971375018785,0.694775466294864
8,0.7507668711656442,0.5157146359391983,0.5674846630642507,0.6966110009601023
9,0.7655930470347648,0.4899657546620671,0.5746421266674752,0.7014628347687438
10,0.7727505112474438,0.4773113233302025,0.580777096602083,0.7029969439916084
11,0.7822085889570553,0.4571664422323855,0.5838445812646597,0.7028765209125839
12,0.7806748466257669,0.45074388366535395,0.586912065317782,0.7054287515778727
13,0.793200408997955,0.43931064686160876,0.586912065317782,0.7136962311399495
14,0.8085378323108384,0.41878713597305467,0.5838445806552053,0.7242197084768175
15,0.815439672801636,0.40983578002038423,0.5899795504679222,0.7291053397036281
16,0.8220858895705522,0.3927775108862996,0.5910020453554478,0.7323326138143403
17,0.8172290388548057,0.39034941207411833,0.5991820044556522,0.7365566566434131
18,0.8289877300613497,0.38418146937415154,0.5889570555803966,0.7439035613600218
19,0.8323108384458078,0.3672375031775492,0.5930470351304988,0.7491350693205383
20,0.8333333333333334,0.36936580141385394,0.59509202490555,0.756452096142408
21,0.8361451942740287,0.35434830456911176,0.5920245402429732,0.7625719924402139
22,0.8443251533742331,0.34311729703090915,0.5899795499803586,0.7746780107601532
23,0.8381901840490797,0.3461333053731236,0.5858895709178199,0.7882895786581839
24,0.8366564417177914,0.3395112923256946,0.586912065317782,0.7993605597618899
25,0.841002044989775,0.3345564212535788,0.5838445812646597,0.8127253580922242
26,0.8519938650306749,0.32136727244819846,0.5879345602053074,0.8224807675386987
27,0.8494376278118609,0.3144335813195671,0.5746421265455842,0.836313031202445
28,0.8609406952965235,0.3039925650584917,0.578732106705141,0.8534069086876384
29,0.851482617586912,0.30723262473118085,0.5766871169300899,0.8619755398032611
30,0.8545501022494888,0.30285523783087975,0.5858895709178199,0.8722156476389411
31,0.8568507157464212,0.295298890985838,0.5899795499803586,0.8870709765176832
32,0.8668200408997955,0.28759954287718165,0.5817995913677176,0.9029010876799898
33,0.8594069529652352,0.28507940007986954,0.5971370141930376,0.9169173227253623
34,0.864519427402863,0.27850297343267744,0.5930470346429353,0.9301596684933684
35,0.8617075664621677,0.27508481367965415,0.5930470346429353,0.9467067063951785
36,0.8655419222903885,0.27382724148607934,0.5930470346429353,0.9658928854821406
37,0.8576175869120655,0.2747743537455249,0.588957055092833,0.9787736492410516
38,0.8686094069529653,0.2607650074246958,0.5858895704302564,0.993954682398915
39,0.8663087934560327,0.26716692334303827,0.5981595090805631,1.0157130920082513
40,0.8785787321063395,0.2586933643174318,0.5971370141930376,1.0339633093533585
41,0.8773006134969326,0.2528426321737605,0.5869120658053455,1.0464242630941005
42,0.8729550102249489,0.25517860134198866,0.5930470351304988,1.0663561009190565
43,0.8767893660531697,0.25296997687263234,0.5889570549709422,1.0841439335867915
44,0.8747443762781186,0.2461651949429073,0.5838445811427688,1.0993466014023452
45,0.8742331288343558,0.2508313384036589,0.5828220862552432,1.1144654441221116
46,0.8813905930470347,0.24301477480519768,0.5920245402429732,1.1320057262672236
47,0.8765337423312883,0.24237848583662194,0.5899795504679222,1.1416170487374615
48,0.875,0.24518574113007216,0.586912065195891,1.1600451986238756
49,0.8834355828220859,0.23357509920689715,0.5828220856457887,1.1720554965161594
50,0.8813905930470347,0.23748628420332457,0.5848670760302943,1.178070854311828
51,0.8839468302658486,0.23401036224726032,0.5838445811427688,1.1904248842676237
52,0.8801124744376279,0.2290662964520279,0.59509202490555,1.2010996952378676
53,0.8852249488752556,0.225027911989723,0.5991820038461978,1.2060614561010723
54,0.8836912065439673,0.2281460584672682,0.5940695294085699,1.2367546418205604
55,0.8839468302658486,0.2256338187095334,0.6063394680588767,1.2441614907699616
56,0.8890593047034765,0.22429037945828798,0.6053169731713511,1.2694341836531469
57,0.8885480572597138,0.22048211411586324,0.6073619635558567,1.2868658678419507
58,0.8852249488752556,0.21622327521656676,0.6145194271590813,1.3020038139113133
59,0.8916155419222904,0.21171682201523967,0.6134969327591192,1.3103619256877703
60,0.8798568507157464,0.22775598388386162,0.6012269936212489,1.329113728551533
61,0.8967280163599182,0.20425222055312314,0.6083844583214914,1.3344797069065897
62,0.8867586912065439,0.21587048211955828,0.610429447608979,1.36217709370186
63,0.8877811860940695,0.20611195592304923,0.6032719833963001,1.3901740110237417
64,0.8939161554192229,0.20498636642238602,0.5991820044556522,1.4080772169528564
65,0.897239263803681,0.2035774036114445,0.6012269936212489,1.434623522261169
66,0.8885480572597138,0.2073306387979804,0.6094069527214534,1.4461339586595328
67,0.8949386503067485,0.19488204107572207,0.6104294482184334,1.4626406470203204
68,0.8962167689161554,0.1986686395355529,0.6032719840057544,1.484722951926093
69,0.8888036809815951,0.20351513763146897,0.60429447889328,1.5040968374971964
70,0.8944274028629857,0.19708108789228468,0.602249489118229,1.5267355563938008
71,0.8982617586912065,0.19617394226886986,0.6032719833963001,1.5545585544318996
72,0.9003067484662577,0.19167377234480376,0.602249489118229,1.5635442365654164
73,0.897239263803681,0.194448990933978,0.602249489118229,1.5716684286335982
74,0.8890593047034765,0.1988818192652642,0.6042944787713891,1.603713111643411
75,0.897239263803681,0.19055088434238862,0.6063394680588767,1.6235702159702168
76,0.8918711656441718,0.20073200016452003,0.6022494885087745,1.6394268866696973
77,0.8918711656441718,0.20072687062261538,0.5991820044556522,1.666782755549456
78,0.8875255623721882,0.20289503076020438,0.5950920242960955,1.6996290062102803
79,0.8936605316973415,0.19217009458439482,0.5991820038461978,1.6917951967574825
80,0.8962167689161554,0.1904079855890118,0.5961145191836211,1.7178325043621727
81,0.9015848670756647,0.17808002446814306,0.5961145191836211,1.7412877129143245
82,0.9008179959100204,0.1828352630382179,0.5879345600834166,1.7647518853224615
83,0.8982617586912065,0.1810654012337784,0.5817995907582633,1.7827052285091034
84,0.9023517382413088,0.18157292076658862,0.5910020447459933,1.7968355419689406
85,0.8969836400817995,0.18299087061563885,0.586912065195891,1.8140256246418553
86,0.897239263803681,0.18473955976694884,0.5807770958707377,1.842699448998964
87,0.8946830265848671,0.17892355290536743,0.5950920242960955,1.8370680991857329
88,0.8954498977505112,0.1872748384568345,0.5797546015926666,1.8771546801175076
89,0.8890593047034765,0.18631878801467228,0.5869120658053455,1.9044351689898407
90,0.8951942740286298,0.1809096477148723,0.5838445811427688,1.9020331905419596
91,0.8967280163599182,0.17669984375284736,0.5889570555803966,1.9230164035941437
92,0.8977505112474438,0.17807007512431935,0.5940695295304609,1.9328705116283673
93,0.9013292433537833,0.177343040613309,0.5910020448678842,1.9436821986317392
94,0.9020961145194274,0.16722810725492934,0.5899795499803586,1.9479732503676463
95,0.9013292433537833,0.17384905576827825,0.5991820044556522,1.9760572066823885
96,0.8982617586912065,0.17283813004783813,0.5899795504679222,2.01250219101311
97,0.9010736196319018,0.17805806611396052,0.5838445811427688,2.028837167656007
98,0.903118609406953,0.18229713118758914,0.5889570549709422,2.0517477903873154
99,0.903118609406953,0.17473396661944673,0.5950920242960955,2.0759754168719113
100,0.9130879345603272,0.16852446113749273,0.5899795498584677,2.0955235343769285
101,0.9107873210633947,0.16225990040536306,0.6022494885087745,2.0929310987332115
102,0.9051635991820041,0.17330554167307716,0.5930470345210443,2.092796596525149
103,0.9046523517382413,0.1703172040863271,0.5889570555803966,2.10579823374992
104,0.897239263803681,0.17698972707267677,0.5899795498584677,2.1306697946872206
105,0.9143660531697342,0.17091641466919874,0.5899795498584677,2.139642373428267
106,0.8982617586912065,0.17165837292169014,0.5920245396335189,2.1476885541085085
107,0.9010736196319018,0.1724100277620103,0.6002044993431778,2.1698942513553643
108,0.9100204498977505,0.167928100637863,0.5899795504679222,2.1824891910962534
109,0.9133435582822086,0.16403381462477468,0.5930470351304988,2.196533518578621
110,0.9148773006134969,0.16067923840082007,0.5930470345210443,2.2046232967045167
111,0.911042944785276,0.1648648053575269,0.5940695294085699,2.2173274655527377
112,0.911042944785276,0.1628214778466215,0.5920245396335189,2.2542917494393566
113,0.9222903885480572,0.16976528119577708,0.5869120658053455,2.289456234144043
114,0.9337934560327198,0.16632493611249943,0.5899795504679222,2.296006663445315
115,0.924079754601227,0.17177004809729404,0.5858895709178199,2.2955266905220983
116,0.9228016359918201,0.17228889575033832,0.5817995913677176,2.3095849906008667
117,0.9279141104294478,0.16452916048787122,0.5838445805333143,2.316979607190091
118,0.9271472392638037,0.16629880666732788,0.5817995907582633,2.3478077613502926
119,0.9297034764826176,0.16961852541852337,0.5930470345210443,2.3537112213595024
120,0.933282208588957,0.15678014400546536,0.5899795498584677,2.364797516103171
121,0.9309815950920245,0.161267497971014,0.5899795498584677,2.3781007406414165
122,0.9337934560327198,0.16363257716708876,0.5879345600834166,2.385375139903437
123,0.9302147239263804,0.16288333738142727,0.5889570549709422,2.3698936710572194
124,0.9212678936605317,0.1734244542192584,0.5848670754208399,2.40137052024069
125,0.9348159509202454,0.15372988167228388,0.5817995907582633,2.4216213443284142
126,0.9371165644171779,0.1537887695529222,0.5828220856457887,2.437666320361974
127,0.9327709611451943,0.1590844437571391,0.5838445805333143,2.451459890006754
128,0.931237218813906,0.1662588386143156,0.5838445805333143,2.485803336453584
129,0.9268916155419223,0.15890235464509522,0.5858895703083654,2.502518341341389
130,0.9258691206543967,0.15930588753676853,0.5879345600834166,2.4913609142439985
131,0.9279141104294478,0.16051336667349977,0.5899795498584677,2.4968089818466903
132,0.9309815950920245,0.16097522263390399,0.580777096480192,2.5026308405374946
133,0.9304703476482618,0.1605717488593119,0.587934560692871,2.4950485834070997
134,0.9294478527607362,0.1626276544510465,0.5920245402429732,2.5078729864034672
135,0.9263803680981595,0.1597606070903425,0.5838445811427688,2.5132366601674834
136,0.9297034764826176,0.16176486426701575,0.5858895709178199,2.5067037924179516
137,0.9245910020449898,0.15940188276743353,0.586912065195891,2.516506722124564
138,0.9320040899795501,0.1590180552444575,0.5848670754208399,2.5322131830246657
139,0.9243353783231084,0.1654218751594333,0.5961145191836211,2.5405831295532195
140,0.9302147239263804,0.16212621739549382,0.587934560692871,2.5361039614141108
141,0.929959100204499,0.1534005562586287,0.5889570555803966,2.5252522208207955
142,0.9396728016359919,0.1531259923076337,0.5817995907582633,2.5277267806612884
143,0.9337934560327198,0.1526558333074632,0.5879345600834166,2.534553822564201
144,0.9291922290388548,0.1618393048613593,0.5787321060956865,2.536809362273031
145,0.9304703476482618,0.1649004944080224,0.5787321060956865,2.5338671787628613
146,0.9355828220858896,0.15688494844305004,0.5787321060956865,2.543640248858368
147,0.9314928425357873,0.1637734826235196,0.580777096480192,2.5583144350773472
148,0.9314928425357873,0.16503708210825188,0.5817995913677176,2.5621283507785915
149,0.929959100204499,0.16207660530486234,0.5756646220425643,2.579317817171171
150,0.9412065439672802,0.14892371434619334,0.5725971373799876,2.6191591251115858
151,0.9399284253578732,0.16136821925426797,0.5756646220425643,2.6516236980999905
152,0.9389059304703476,0.15879165148076835,0.5910020453554478,2.6737024650008157
153,0.9414621676891616,0.15663909954771185,0.5848670760302943,2.702439296221197
154,0.9302147239263804,0.16800452610344488,0.5869120658053455,2.720780849944351
155,0.941717791411043,0.15387545378996795,0.5746421271550387,2.7536594753128862
156,0.9368609406952966,0.1539831158147024,0.569529652717411,2.7557100313572795
157,0.9373721881390593,0.15914679778804564,0.569529652717411,2.743126106652258
158,0.939161554192229,0.15250941059706402,0.578732106705141,2.757631615870813
159,0.9452965235173824,0.1435369464943989,0.578732106705141,2.755146845474321
160,0.9409509202453987,0.1476320590831507,0.5828220862552432,2.7655624999590445
161,0.9360940695296524,0.15995094658528858,0.5828220862552432,2.7862034938574323
162,0.940439672801636,0.1522222201517023,0.5848670760302943,2.7800297437269994
163,0.9363496932515337,0.1546441264191532,0.580777096480192,2.8035991430770157
164,0.9455521472392638,0.15317185354135276,0.5746421271550387,2.8169260554030875
165,0.945040899795501,0.14854785888351058,0.5756646220425643,2.8095969110422585
166,0.9412065439672802,0.14943846383709117,0.5664621680548342,2.824418164957277
167,0.9302147239263804,0.15925538704439174,0.569529652717411,2.8317297243633153
168,0.935838445807771,0.1549173012101577,0.5746421271550387,2.8492651170991925
169,0.9435071574642127,0.14467406251557277,0.5705521476049364,2.836312342031358
170,0.935838445807771,0.1559157111664857,0.5685071578298854,2.847710556535389
171,0.9412065439672802,0.14797944516126363,0.5766871169300899,2.8795110994077655
172,0.9360940695296524,0.15872775368651484,0.5777096118176154,2.929100871817466
173,0.9366053169734151,0.15192309047851582,0.5705521471173729,2.943037180325249
174,0.9424846625766872,0.1492988792055711,0.5725971373799876,2.9471707378184626
175,0.9406952965235174,0.1480630833373723,0.5644171777922196,2.9425875389746605
176,0.9373721881390593,0.1498542944605487,0.5623721880171684,2.956204289063842
177,0.9337934560327198,0.15453294623483177,0.5685071573423218,2.9638164535865705
178,0.9447852760736196,0.14664608255363926,0.5603271982421173,2.963378857493644
179,0.9483640081799591,0.13625633754674155,0.5644171782797831,2.965249651048812
180,0.9427402862985685,0.14392000174717426,0.5613496936172064,2.9694727705544
181,0.935838445807771,0.15136627955000337,0.5603271982421173,2.9925942299068584
182,0.943762781186094,0.14483313643371645,0.5623721880171684,3.007241368537544
183,0.9468302658486708,0.14169676659784922,0.563394682904694,3.0177290800402745
184,0.9501533742331288,0.14112310161802666,0.5654396726797452,3.0445151114512563
185,0.9419734151329243,0.14345857918506263,0.563394682904694,3.058535254074752
186,0.9432515337423313,0.14350059655912084,0.5705521471173729,3.0482238562804302
187,0.9429959100204499,0.14583077929258834,0.5725971368924241,3.047835625997594
188,0.9432515337423313,0.14127927063250104,0.5644171777922196,3.0520553647374813
189,0.9496421267893661,0.14631187470900256,0.5654396726797452,3.060761994866993
190,0.9401840490797546,0.14403183892338797,0.5613496931296429,3.0660804205389356
191,0.9427402862985685,0.14428866028420032,0.563394682904694,3.062319483006171
192,0.9409509202453987,0.15310697623191435,0.5705521477268274,3.033804920309648
193,0.9498977505112475,0.1425972292333049,0.5725971368924241,3.007598345021285
194,0.9399284253578732,0.14658077035274486,0.5644171782797831,2.9949493637358
195,0.9442740286298569,0.1427454111339612,0.5705521471173729,3.0112447821533266
196,0.9447852760736196,0.14709744564350885,0.5674846624547962,3.046474227144674
197,0.9429959100204499,0.14606586224370938,0.563394682904694,3.0653293196165246
198,0.9435071574642127,0.14448661870629753,0.5613496931296429,3.117447725346727
199,0.9401840490797546,0.145825640144158,0.5562372191795786,3.15513409622364
200,0.9468302658486708,0.14073895909090228,0.5490797550887906,3.184523267004875
201,0.9424846625766872,0.15128082390455624,0.5613496931296429,3.165998666076816
202,0.9447852760736196,0.14051893394600395,0.563394682904694,3.179816065634199
203,0.9445296523517382,0.14169996617274294,0.5593047033545917,3.179085082559254
204,0.9381390593047034,0.14987483712061783,0.5613496931296429,3.1793283036393865
205,0.9429959100204499,0.14717560412327937,0.5613496931296429,3.1822454787958376
206,0.9409509202453987,0.1492736912684816,0.5613496936172064,3.184745590623415
207,0.9409509202453987,0.1537864970648947,0.5644171782797831,3.1718926897809547
208,0.9409509202453987,0.15112586444384726,0.5654396731673087,3.1725026941982026
209,0.9386503067484663,0.15397740844141974,0.5644171782797831,3.1924262358854643
210,0.945040899795501,0.14239442305818414,0.563394682904694,3.205996100400367
211,0.9442740286298569,0.14296331193397138,0.5582822084670662,3.2211718856678906
212,0.9389059304703476,0.1453573287051392,0.5582822084670662,3.2260483193738816
213,0.940439672801636,0.14290880151321553,0.5654396732891995,3.218321181026217
214,0.9419734151329243,0.14356809732616557,0.5633946835141485,3.231351281967631
215,0.9504089979550102,0.1393691397944355,0.5705521471173729,3.262120345862609
216,0.940439672801636,0.14697289375439743,0.5685071573423218,3.291612851839124
217,0.9409509202453987,0.1477493534058881,0.5685071573423218,3.3073898015090535
218,0.946319018404908,0.14121470144799395,0.5664621675672706,3.2894608945202974
219,0.9442740286298569,0.14001070508440092,0.563394682904694,3.2930900670268053
220,0.9460633946830266,0.14077084701972992,0.5644171777922196,3.280115429365318
221,0.9498977505112475,0.13636895628733625,0.5787321062175774,3.2773265804493596
222,0.9412065439672802,0.14669765952540323,0.5705521471173729,3.3035866229324498
223,0.9468302658486708,0.1378246428166918,0.5664621675672706,3.304993034140464
224,0.9442740286298569,0.14797325779689602,0.5623721880171684,3.3139336757620907
225,0.9455521472392638,0.1465164766721199,0.5674846624547962,3.3040887709775584
226,0.9455521472392638,0.14879407723013366,0.5777096113300518,3.3164774591449824
227,0.9514314928425358,0.13319646929731643,0.5736196317799496,3.324128334751402
228,0.945040899795501,0.1442349984449599,0.563394682904694,3.333796703498544
229,0.9468302658486708,0.1354380538858519,0.5654396726797452,3.3411610365401505
230,0.9422290388548057,0.14640087766881368,0.5674846624547962,3.311159727275981
231,0.9452965235173824,0.13944924027032404,0.5715746420048985,3.3000533190729184
232,0.9424846625766872,0.14502951393098187,0.5685071573423218,3.3033912206232428
233,0.9455521472392638,0.13710394482640645,0.5746421266674752,3.2949545441960995
234,0.9458077709611452,0.1390189451674011,0.5654396726797452,3.308279755169141
235,0.9406952965235174,0.14268394586285443,0.5633946833922575,3.3222408928510356
236,0.9473415132924335,0.13897236325380016,0.5644171777922196,3.325363217199751
237,0.9424846625766872,0.1382694693552692,0.5664621675672706,3.335841415849931
238,0.9429959100204499,0.14377121374407184,0.5705521476049364,3.3485691323114564
239,0.9501533742331288,0.13293543538737637,0.5725971373799876,3.3570152099390946
240,0.943762781186094,0.14143256535315563,0.571574642492462,3.352172255759834
241,0.9498977505112475,0.13658923542999296,0.5654396731673087,3.3447570708144174
242,0.9491308793456033,0.13292610399988775,0.5572597140671042,3.3526415312948403
243,0.9424846625766872,0.14178645257325748,0.5572597140671042,3.373287211166569
244,0.9427402862985685,0.13573558682648196,0.5613496936172064,3.3572157482428056
245,0.945040899795501,0.13879883090502645,0.555214724292053,3.3896664378589403
246,0.9493865030674846,0.1350551923481721,0.569529652717411,3.358687095115521
247,0.9440184049079755,0.14459478170258624,0.5633946833922575,3.3418764994919665
248,0.9427402862985685,0.14308459608832752,0.5705521476049364,3.3373455479588734
249,0.943762781186094,0.14110215861495043,0.571574642492462,3.329437040356283
