epoch,acc,loss,val_acc,val_loss
0,0.462666666674614,0.7221964949925741,0.4893390190626767,0.7192061912022165
1,0.5946666666666667,0.6978031926472982,0.5074626868213418,0.7178261285143366
2,0.6855999999682109,0.6768948050816854,0.5266524520891307,0.7168621559387077
3,0.7357333333015442,0.6565202520370483,0.5362473348818863,0.717494162669314
4,0.7813333333015442,0.6282175850550333,0.531982942494248,0.7206495624107084
5,0.8135999999682109,0.6057895188331603,0.5351812367373184,0.7234072785641847
6,0.8349333333015442,0.585362240155538,0.5309168443496801,0.7276821957468224
7,0.852,0.5576609142303467,0.5309168443496801,0.7327331322342602
8,0.8698666666666667,0.5312939346313477,0.5309168443496801,0.7390758991241455
9,0.8789333333015442,0.511810526752472,0.5533049040511727,0.7443785852969074
10,0.8898666666666667,0.4854302463054657,0.5394456290614122,0.75674272968825
11,0.9029333333015442,0.4641635613441467,0.5415778251599147,0.7644875331728189
12,0.9066666666666666,0.44201567033131917,0.5394456290614122,0.7752268264796942
13,0.9178666666348775,0.42438929373423256,0.5415778251599147,0.7872447781979657
14,0.9154666666666667,0.4066007489204407,0.5330490405117271,0.7964933447237971
15,0.9245333333333333,0.38533094611167906,0.5415778251599147,0.8096391309553118
16,0.9234666666666667,0.3779356370925903,0.5415778251599147,0.823105440338029
17,0.9282666666666667,0.36255376927057903,0.5383795309168443,0.8400648372259729
18,0.9282666666666667,0.3537974038441976,0.5330490405117271,0.8624894535109433
19,0.9282666666666667,0.33739306987126666,0.5351812369279516,0.8792154355598157
20,0.9330666666984558,0.3273897583325704,0.5373134330899985,0.8897897273238534
21,0.9365333333333333,0.3141368046283722,0.5437100215761392,0.9084159939019665
22,0.9325333333333333,0.31215696028868356,0.535181236673774,0.9235250304248541
23,0.9362666666666667,0.30034460485776265,0.5383795311710219,0.9366571753263981
24,0.9386666666348775,0.2870238714694977,0.535181236673774,0.9548193664947299
25,0.9408000000317891,0.27863146810531614,0.5394456289978679,0.9820602702687798
26,0.9429333333333333,0.2700938377300898,0.5351812367373184,0.9959695575588039
27,0.9426666666666667,0.262500186419487,0.5426439233044825,1.0081142029528425
28,0.9431999999682109,0.2613907560984294,0.5447761196571627,1.0291086589095435
29,0.9496,0.24656358601649603,0.535181236673774,1.0615647763077385
30,0.9472,0.24285081861019134,0.536247335008975,1.083749028411247
31,0.9464,0.2422520901521047,0.5405117273330688,1.1138799564162296
32,0.9421333333333334,0.24755844527085621,0.5437100215761392,1.1272705668833718
33,0.9474666666666667,0.23997633163134258,0.536247335008975,1.1443360484739356
34,0.9525333333333333,0.2237631472826004,0.5351812369279516,1.15589920417078
35,0.9418666666666666,0.23447568155924478,0.5298507463322011,1.1820458476223163
36,0.9506666666666667,0.22347369058132172,0.5277185501066098,1.212798929163642
37,0.9544,0.21149475944836935,0.5362473348183419,1.2381795370248334
38,0.9552,0.21348472094535828,0.5319829424307037,1.2658960620985864
39,0.9480000000317892,0.21705433298746746,0.5330490405752715,1.2774781054779412
40,0.9549333333015442,0.20029494740168255,0.5351812367373184,1.299824062695127
41,0.9592,0.19453483109474182,0.5351812367373184,1.3207996448219965
42,0.9552,0.1992772837082545,0.5415778252234591,1.3450387418905556
43,0.9576,0.19326565353075664,0.5341151386562949,1.3716958806967177
44,0.9541333333015442,0.19388437410990397,0.5383795309168443,1.3787420238258996
45,0.9533333333333334,0.1983403065999349,0.5373134330899985,1.3957851690524168
46,0.9589333333333333,0.18766252098083497,0.5309168443496801,1.415104702591642
47,0.9528,0.19226110147635142,0.5362473348183419,1.4357926848092313
48,0.9562666666348775,0.18848205134073892,0.5373134330899985,1.441535360269201
49,0.9589333333015442,0.184241188955307,0.5255863539445629,1.4703904888523158
50,0.9578666666666666,0.18512196567853292,0.5341151385927505,1.5008256003292384
51,0.9536,0.18476912828286488,0.5298507462686567,1.5253638695043796
52,0.9544,0.18156735093593598,0.5383795309168443,1.5465362674391854
53,0.9562666666348775,0.17597121947606403,0.5298507462686567,1.5755764141774127
54,0.9634666666666667,0.1690862627943357,0.5373134328358209,1.5971340317207614
55,0.9586666666348775,0.17611217589378356,0.5362473347547975,1.6179456039786593
56,0.964,0.1610473656098048,0.5319829424307037,1.6434737265999637
57,0.9666666666666667,0.16132017345428468,0.5277185501066098,1.6860776549971688
58,0.9647999999682109,0.16352165311177572,0.5341151388469281,1.7090706827798123
59,0.9645333333333334,0.1598066981077194,0.5298507465228343,1.7219626695108312
60,0.9621333333333333,0.1620068233291308,0.5319829426848812,1.753680842263358
61,0.9586666666666667,0.17312774636745454,0.5309168443496801,1.79153443806207
62,0.9581333333015442,0.16931365683873495,0.5277185501066098,1.8316681067318297
63,0.9586666666666667,0.1688176035483678,0.5245202558635395,1.8497536647548554
64,0.9591999999682108,0.16744036300977072,0.5223880597014925,1.9054977987875055
65,0.9674666666666667,0.15796472162008285,0.5191897654584222,1.9453380982250548
66,0.9647999999682109,0.1567749450047811,0.5245202559270838,1.9716520957601096
67,0.9623999999682109,0.15967667220433554,0.5287846482511777,1.977001363534663
68,0.9679999999682108,0.1542261918703715,0.5351812367373184,1.9876958655395995
69,0.9634666666666667,0.16115547579924266,0.531982942494248,2.0106311792503795
70,0.9648,0.15729820166428884,0.5351812367373184,2.033915513359916
71,0.9642666666666667,0.15863488714694976,0.5277185501701542,2.0428337903419282
72,0.9621333333333333,0.16277475657463072,0.5351812367373184,2.057270490030236
73,0.9669333333333333,0.14877617257436115,0.5373134328993653,2.077451923000279
74,0.9696,0.146778360414505,0.5415778252234591,2.106440755349995
75,0.9637333333333333,0.15722247609496118,0.5479744136460555,2.124928841967064
76,0.9642666666666667,0.16016262114048005,0.5426439232409381,2.1348557007084015
77,0.968,0.15016897710959118,0.5330490405117271,2.1670178180056086
78,0.9682666666666667,0.15044689024686814,0.5287846482511777,2.1660156402506554
79,0.9634666666348776,0.15760858019193014,0.5330490405752715,2.1789965072928714
80,0.9682666666666667,0.14322250368595124,0.5383795309803887,2.212482767318612
81,0.9709333333333333,0.13996817932128905,0.5383795309803887,2.2330418522678204
82,0.9698666666666667,0.1354231071472168,0.5383795310439331,2.249653531544244
83,0.9698666666666667,0.1388845658461253,0.5383795309803887,2.2492285598315664
84,0.9706666666666667,0.1393261506954829,0.5287846482511777,2.256092182862987
85,0.9661333333333333,0.14404427664279937,0.5362473348183419,2.2700685163550793
86,0.9685333333333334,0.14412172462542852,0.535181236673774,2.2762843057799187
87,0.9682666666666667,0.14517321952184042,0.5309168444132246,2.29757830735717
88,0.9688,0.1453310945947965,0.5266524520255863,2.31009499299755
89,0.968,0.14364741421341895,0.5394456289978679,2.3330653257715674
90,0.9690666666666666,0.14192234915892282,0.5298507462686567,2.3486198062327373
91,0.9712,0.13943415599664052,0.5277185503607874,2.3574446246568073
92,0.9690666666666666,0.1432398119390011,0.5266524520255863,2.399096561139072
93,0.9730666666666666,0.13184416521191597,0.5319829426848812,2.4167288457915217
94,0.9682666666666667,0.1380598803917567,0.5373134330899985,2.4153602428273606
95,0.9698666666666667,0.13910616123278935,0.5373134330899985,2.4208029541633787
96,0.9712,0.13132838127613067,0.536247335008975,2.4464244044411667
97,0.9706666666348776,0.13188580354054769,0.5319829426848812,2.457193204843159
98,0.972,0.13118833822409312,0.5383795311710219,2.4609362458877726
99,0.9728,0.1288078994035721,0.5287846484418108,2.5001356459375637
100,0.9690666666666666,0.13892740437587103,0.5362473347547975,2.514317665527116
101,0.9698666666666667,0.13766130661567053,0.5405117270788913,2.5321241792585294
102,0.9722666666666666,0.13154786450664202,0.5277185503607874,2.5500263232412115
103,0.9717333333015442,0.12969157632191977,0.5255863539445629,2.5771962747390846
104,0.9682666666666667,0.13812330412467322,0.523454157782516,2.626747686979867
105,0.9722666666666666,0.13417401115894317,0.5255863539445629,2.6670831429170394
106,0.9714666666666667,0.13573978047768276,0.523454157782516,2.650116888444815
107,0.9736,0.12921970786650974,0.5149253731978728,2.673425452287263
108,0.972,0.1367738698919614,0.5202558635394456,2.7015010863224833
109,0.9733333333333334,0.1334395769794782,0.5170575692963753,2.725495692255146
110,0.9712,0.13639422486225763,0.5106609808102346,2.7683154382685355
111,0.9738666666666667,0.1286685760219892,0.5202558635394456,2.816070936890299
112,0.976,0.12889792127609254,0.5191897654584222,2.817630964047365
113,0.9757333333015442,0.12668864687283835,0.5191897654584222,2.842633686086008
114,0.9730666666666666,0.1273184927304586,0.5202558635394456,2.852187312742286
115,0.9752,0.13072384879191717,0.5223880599556702,2.8699481502524824
116,0.9725333333333334,0.12936171426375706,0.523454157782516,2.889659262923544
117,0.9744,0.13139128909111022,0.5191897654584222,2.89345774772579
118,0.9744,0.12743703201611836,0.523454157782516,2.9198159424226677
119,0.9778666666666667,0.12192606079975764,0.5085287846481876,2.9373225601497235
120,0.9770666666666666,0.1238865558385849,0.5255863541987404,2.9429256016257477
121,0.9741333333015442,0.1298696026325226,0.5213219616204691,2.9657975885151293
122,0.976,0.12640782366593678,0.5191897654584222,2.9754057184719582
123,0.9714666666666667,0.13427163681586585,0.5213219616204691,2.990505134627255
124,0.9768,0.12289843179186186,0.524520256117717,3.0106747165671797
125,0.9738666666666667,0.12795649367968243,0.512793177226459,3.022427502471501
126,0.9778666666666667,0.12512854522069294,0.5213219616204691,3.035623018167166
127,0.9786666666666667,0.11539088017940521,0.5170575695505528,3.0619476177036633
128,0.9759999999682109,0.12555592794418335,0.52025586360299,3.0869735827578157
129,0.9690666666666666,0.13678695094982782,0.5170575692963753,3.0993774938685044
130,0.9746666666666667,0.12710932724674542,0.5106609808102346,3.1191628863816576
131,0.9783999999682108,0.12147849973042806,0.5138592750533049,3.1338695717264593
132,0.9770666666666666,0.12485179987947147,0.5149253731343284,3.133470896718853
133,0.976,0.12379253872036934,0.5170575692963753,3.168020406511547
134,0.9730666666666666,0.1340532853225867,0.5170575692963753,3.1765233936594495
135,0.9770666666666666,0.1251977789759636,0.5181236676315764,3.185577842472459
136,0.972,0.13296754409472147,0.5170575691692865,3.1979361775079007
137,0.9778666666666667,0.12387616703510285,0.5202558634123569,3.213339503131696
138,0.9768,0.12343015139102936,0.5138592749262161,3.2566314892474013
139,0.9717333333333333,0.13556097923119864,0.512793177226459,3.268868811349116
140,0.9784,0.12078940513531367,0.5138592749262161,3.2235217196092423
141,0.9792,0.12199669768214226,0.5106609806831457,3.213551684483282
142,0.9821333333333333,0.11521960810820261,0.5021321964162245,3.2242576171086035
143,0.9784,0.11507444920341174,0.5074626868213418,3.222951957666035
144,0.976,0.12282780803442002,0.5021321964162245,3.2450063696293943
145,0.9786666666666667,0.11809767316579818,0.503198294497248,3.266511504329852
146,0.9778666666666667,0.11944227978388468,0.5074626868213418,3.2527319241180095
147,0.976,0.12143727229634921,0.5106609810644122,3.265575142557433
148,0.976,0.12715142018000286,0.5053304906592948,3.2863005900433833
149,0.976,0.12365347807606061,0.5106609808102346,3.2876771528329423
150,0.9770666666666666,0.12217130433718364,0.5053304904051172,3.3080306800443733
151,0.9816,0.11290189188321431,0.503198294497248,3.3134880742030357
152,0.9789333333333333,0.11497698917786281,0.5042643925782714,3.3254298960476287
153,0.9768,0.12479181063175201,0.5000000002541776,3.31918883577847
154,0.9818666666666667,0.10847941479285558,0.5000000002541776,3.3272705855908424
155,0.9773333333333334,0.1193832030514876,0.5031982942430704,3.3625685690816787
156,0.9770666666348775,0.12306762431462606,0.503198294497248,3.3919041522784528
157,0.98,0.11163605436484018,0.5063965883590519,3.379239992800552
158,0.9784,0.11856567972103754,0.5053304906592948,3.394424278853036
159,0.9776,0.12177791604200999,0.5074626865671642,3.3992312168007466
160,0.9816,0.11093794351021449,0.5127931769722814,3.4024515680666925
161,0.9781333333333333,0.11871728506684304,0.5063965884861408,3.399242800690218
162,0.9808,0.11007958539326985,0.5053304904051172,3.4099987214053873
163,0.98,0.11926749435464541,0.5063965884861408,3.4182943209910444
164,0.9786666666666667,0.11665933982133865,0.511727078891258,3.4201129057259956
165,0.9813333333333333,0.11433626100619634,0.509594882729211,3.4146262221753214
166,0.9776,0.12100098370114962,0.5159914714695294,3.4111059957475804
167,0.9802666666666666,0.11398150062163671,0.5191897654584222,3.4166111066651497
168,0.9754666666666667,0.12155949139595032,0.5213219618746466,3.444505543088608
169,0.9824,0.10593510830203692,0.5213219616204691,3.4435603796546137
170,0.9810666666666666,0.1107039176106453,0.5191897655219666,3.458457502474917
171,0.9789333333333333,0.11165259579420089,0.519189765585511,3.4590607080886615
172,0.98,0.11155980782111485,0.5127931770358258,3.456823640286541
173,0.9829333333333333,0.10561702804366747,0.5223880597650369,3.445988924010222
174,0.9797333333333333,0.11257491580645243,0.5213219616840135,3.4466957319011566
175,0.9826666666666667,0.10631161888837815,0.5095948828562998,3.480692949884736
176,0.9797333333333333,0.11297927309473356,0.5106609808102346,3.520180140985355
177,0.9808,0.10897201997041703,0.5042643923876382,3.5428656123594435
178,0.9816,0.1088163500269254,0.5074626865671642,3.5538576299956106
179,0.9736,0.1294460460046927,0.5085287846481876,3.601740329250344
180,0.9775999999682109,0.11606919994354248,0.5063965884861408,3.602730690034976
181,0.9818666666666667,0.10703103033701579,0.5063965885496852,3.57802777758031
182,0.9784,0.11804789148966471,0.508528784711732,3.5738504487060028
183,0.9794666666666667,0.11464941708644232,0.52025586360299,3.5713746120680625
184,0.9792,0.11627977176109949,0.5191897655219666,3.5863210351736563
185,0.9786666666666667,0.12080567591985067,0.5127931770358258,3.6082241774113704
186,0.9853333333333333,0.10168058535257975,0.5159914712788962,3.6170565827823142
187,0.9842666666666666,0.10809452056090037,0.5149253731978728,3.61628244833143
188,0.9824,0.10953554585178693,0.5181236674409431,3.656578346101968
189,0.9826666666666667,0.10775055250724157,0.5181236674409431,3.66551750606057
190,0.98,0.11148404395580291,0.5181236674409431,3.6807858903270794
191,0.9834666666666667,0.10886169591347376,0.5127931770358258,3.6934966242897995
192,0.9818666666666667,0.11069894133806228,0.5181236674409431,3.7011155223033065
193,0.9824,0.10689348980387052,0.5191897654584222,3.715760399791986
194,0.9818666666666667,0.10935684994061788,0.5138592751168493,3.719198802895129
195,0.98,0.11217190147638322,0.5181236674409431,3.6997724362273714
196,0.9797333333333333,0.11331377743283907,0.519189765585511,3.685237043702018
197,0.9824,0.10445991613864898,0.5149253731978728,3.706143419371485
198,0.9791999999682108,0.11312430623372396,0.523454157782516,3.7010961483790674
199,0.9797333333015442,0.115567378505071,0.5234541580366936,3.751984006052078
200,0.9808,0.11084898819526036,0.514925373388506,3.775181177074213
201,0.9784,0.1168252246816953,0.5127931769722814,3.771425080451884
202,0.9805333333333334,0.11682248794635137,0.5063965887403183,3.76918917830819
203,0.9802666666348775,0.11455406492551168,0.4978678038379531,3.782256621033398
204,0.9802666666666666,0.11393511386712392,0.5042643925782714,3.766457374162003
205,0.9850666666666666,0.1010020172894001,0.5074626868213418,3.7730646880704963
206,0.9829333333333333,0.10734535331130028,0.5053304902780285,3.7928913229309926
207,0.9848,0.09754010920325915,0.5063965884861408,3.7873259424400736
208,0.9842666666666666,0.10426160108248393,0.5,3.753930059831534
209,0.9861333333333333,0.10085026982227961,0.5010660981445678,3.7516007835168574
210,0.9826666666666667,0.11081322147448858,0.5021321964162245,3.768559952026237
211,0.9850666666666666,0.10062256328662236,0.4957356077394506,3.7808287057286893
212,0.9837333333333333,0.10721095473766327,0.5021321964162245,3.7891035140958675
213,0.9861333333333333,0.09770909885764122,0.5074626868213418,3.773105572027438
214,0.9824,0.10899438842535018,0.5159914714695294,3.7659790871748284
215,0.984,0.10571091688076655,0.514925373388506,3.772943086461472
216,0.9794666666666667,0.11703584790229797,0.514925373388506,3.7859692441375015
217,0.9808,0.11361070863207182,0.5149253731343284,3.7766826549318555
218,0.9805333333333334,0.11660603829026223,0.5181236673773987,3.7775719181052656
219,0.9858666666666667,0.09617477953036627,0.5095948829833887,3.76586206787939
220,0.9842666666984559,0.1023652208328247,0.5106609810644122,3.7660647806074063
221,0.9845333333333334,0.09904892001549404,0.511727078891258,3.762202275078942
222,0.9824,0.10446251329382261,0.5149253731343284,3.774398100147369
223,0.9818666666666667,0.108694091963768,0.511727078891258,3.756576859874766
224,0.984,0.10005770210226377,0.5031982942430704,3.7784777358650907
225,0.9829333333333333,0.10513274860580762,0.5042643923240938,3.7846802668784982
226,0.984,0.09843049255212148,0.5074626868213418,3.81872877586625
227,0.9853333333333333,0.09269236868222555,0.5063965887403183,3.832659941492304
228,0.9818666666348775,0.10534925629297892,0.5095948829833887,3.83841839629704
229,0.9797333333333333,0.11123941472768784,0.5031982942430704,3.8277558731371912
230,0.9826666666666667,0.10548780061006546,0.49573560793008375,3.847379212694636
231,0.98,0.11129047061602275,0.5085287849023652,3.8332553972313397
232,0.9789333333333333,0.11860749889016152,0.49893390217315414,3.833857362966802
233,0.9824,0.1051324404001236,0.49893390217315414,3.8805447260199832
234,0.9799999999682109,0.11203421607017518,0.5138592749262161,3.821772731443458
235,0.9778666666666667,0.1201151976108551,0.5074626864400754,3.8426856450688867
236,0.9808,0.11166126546263695,0.5021321960349581,3.85503716661986
237,0.9810666666666666,0.11157155417998632,0.4999999998729112,3.835629539957433
238,0.9810666666666666,0.10745496073365211,0.49573560793008375,3.8246908792808876
239,0.9853333333333333,0.09977488798101743,0.503198294497248,3.83220809151623
240,0.9837333333333333,0.10321230408151945,0.5000000002541776,3.848049219737429
241,0.9864,0.095172418876489,0.49680170562984083,3.898148281487829
242,0.9816,0.10682154302199681,0.4978678037108643,3.904220154036337
243,0.984,0.10349249264001846,0.5031982941159816,3.895606749093355
244,0.9837333333333333,0.10231186075210572,0.49893390179188774,3.9158364984272387
245,0.9826666666348776,0.1064943738937378,0.4978678037108643,3.903511233421277
246,0.9832,0.10496628265182177,0.4999999998729112,3.9064478909791407
247,0.9834666666666667,0.10388607781728108,0.4957356075488174,3.9436863093996353
248,0.9872,0.09211147724986077,0.49893390179188774,3.956643431425603
249,0.9850666666666666,0.09687178102731704,0.4893390190626767,3.954836864207091
