epoch,acc,loss,val_acc,val_loss
0,0.6181333333651224,0.6981839482943217,0.6215351813002181,0.6935539947135616
1,0.6258666666666667,0.6594759321848551,0.6247334755432885,0.6884053331702503
2,0.6269333333492279,0.6261161611874898,0.6257995736243119,0.6845919201368971
3,0.6272,0.5928379454930623,0.6257995736243119,0.6827332742178618
4,0.6322666666348775,0.5654505704720815,0.6257995736243119,0.6817737714822358
5,0.6343999999682108,0.5350597357749939,0.6257995736243119,0.6827470605561474
6,0.6410666666984558,0.5173696511745453,0.6257995736243119,0.6863705529841279
7,0.6522666666666667,0.4964362906932831,0.6215351813002181,0.6922267949911577
8,0.7277333333333333,0.475480442237854,0.614072494733054,0.6982442181247638
9,0.788,0.45511792840957643,0.6055437100848664,0.7072233405194557
10,0.8133333333333334,0.44555969721476235,0.6044776119402985,0.7138832522861993
11,0.8456000000317891,0.42737812248865764,0.6002132197432934,0.7211933050836835
12,0.8559999999682109,0.40936410778363547,0.6066098081658898,0.7268470571493544
13,0.8709333333015442,0.3989178573290507,0.5991471215987256,0.7424847287918205
14,0.8826666666666667,0.3833197510560354,0.5980810235812466,0.757029474162852
15,0.8903999999682108,0.3722713671207428,0.5948827292746318,0.772711342458786
16,0.8938666666666667,0.3643486161867778,0.600213219679749,0.78453570007007
17,0.9005333333015442,0.3574721807479858,0.5927505331125849,0.7965862128271985
18,0.8978666666984558,0.3499851710955302,0.5948827292746318,0.813564887941519
19,0.9077333333333333,0.33661921916008,0.5874200427074676,0.829290892015388
20,0.9133333333015442,0.32549329334894817,0.5842217484643972,0.8398720259859618
21,0.9152,0.31910331234931943,0.5831556503833738,0.8586660493919844
22,0.9221333333333334,0.3041513129552205,0.5778251599782566,0.8735436681491225
23,0.9234666666348775,0.2989092815558116,0.5874200427074676,0.8923316662753823
24,0.9261333333333334,0.29009556202888487,0.5852878465454208,0.9139706414899846
25,0.9216,0.2869944717407227,0.5842217484008528,0.9337206578203864
26,0.9317333333015442,0.27063801878293353,0.5842217484643972,0.9557111641999755
27,0.9232,0.2753540298918883,0.5874200426439232,0.9724108247614619
28,0.9250666666666667,0.2703078453540802,0.582089552238806,0.9991848097681236
29,0.9346666666666666,0.25854192562103273,0.5799573561403034,1.0210902985733454
30,0.9370666666348775,0.24745548647244772,0.5756929638162096,1.0386554818671903
31,0.9336,0.24575048842430114,0.5746268657351862,1.0608177121514197
32,0.9391999999682109,0.23771296424865723,0.5767590618972331,1.09371226784517
33,0.9362666666666667,0.235576744556427,0.5756929638162096,1.1173236372628446
34,0.9362666666348776,0.23504983908335367,0.5714285714921158,1.145578180548987
35,0.9304,0.23632589987913769,0.5746268657351862,1.1717289965798352
36,0.9415999999682109,0.22229803368250528,0.5735607676541628,1.1941117597287143
37,0.9378666666984559,0.22067076228459676,0.575692963879754,1.216487615347417
38,0.9389333333333333,0.22167081243197123,0.5724946696366837,1.2469585478178729
39,0.9397333333015442,0.21646013938585917,0.567164179168022,1.2610363645085902
40,0.9426666666984558,0.2131813010851542,0.5650319830695195,1.2989177579310403
41,0.9394666666666667,0.2134435222864151,0.5703624734746368,1.3244095855176068
42,0.9405333333333333,0.2160931186199188,0.567164179168022,1.3595692488684583
43,0.9418666666348775,0.20822479416529338,0.5724946695731393,1.3903644659371772
44,0.9445333333333333,0.20088525912761687,0.5767590618972331,1.4160859038326532
45,0.9437333333333333,0.19987549136479696,0.567164179168022,1.4425167445180767
46,0.9445333333015442,0.2017961704572042,0.5682302772490455,1.4639101534255787
47,0.9453333333333334,0.19824349959691365,0.5703624734110924,1.481724267066923
48,0.9442666666348776,0.19585096974372865,0.5660980810869986,1.4995610907133707
49,0.9466666666666667,0.19487397197882333,0.5650319830695195,1.5311406192494863
50,0.9498666666666666,0.18889058381716411,0.5660980811505429,1.555934445944422
51,0.9429333333333333,0.19786024414698283,0.5692963753936133,1.5901090946278846
52,0.9490666666666666,0.1860490677277247,0.567164179168022,1.6118281157032004
53,0.9501333333333334,0.18742815367380777,0.5650319830059751,1.641615110673884
54,0.9496,0.19039574615955354,0.5682302772490455,1.663896744185165
55,0.9514666666666667,0.18286579265594483,0.5618336887629047,1.6954098713677574
56,0.9490666666666666,0.18405564630031584,0.5511727080162145,1.7323940486541942
57,0.9528000000317891,0.17971454518636068,0.5586353945833787,1.7386140086249249
58,0.9570666666348775,0.17562533214886983,0.5607675906818813,1.7724541468915147
59,0.9504,0.18216323290665945,0.5650319830695195,1.7920305413732143
60,0.9533333333015442,0.17650668999354044,0.5660980811505429,1.8232891991702733
61,0.9453333333333334,0.19042305732170742,0.5660980811505429,1.8530406235123493
62,0.9525333333333333,0.17402705129583676,0.5735607677177071,1.8715830159339824
63,0.9528,0.17756640428702036,0.5820895523023504,1.8973696069168384
64,0.9479999999682108,0.18080716546376546,0.5714285714921158,1.9217770186060272
65,0.9576,0.16889542846679687,0.5746268657351862,1.9254297488279688
66,0.9536,0.17336229231357575,0.5714285714285714,1.942441913873148
67,0.9496,0.18001026982863744,0.5703624734110924,1.9686318328385668
68,0.9536,0.17112934030691782,0.5639658849249517,1.990264203756857
69,0.9549333333333333,0.17177309527397155,0.5852878466089652,2.0172478537569676
70,0.9536,0.1687292800426483,0.5767590619607775,2.0450664324038574
71,0.9498666666348775,0.1777219335714976,0.5767590619607775,2.064561378218726
72,0.9511999999682108,0.1735927741130193,0.5735607677177071,2.0859372539560934
73,0.9549333333333333,0.16773115654389065,0.5650319830695195,2.095319144507207
74,0.956,0.16647787974874179,0.5660980811505429,2.1168766840180355
75,0.9589333333015442,0.16193954242070516,0.5628997869074726,2.1179938860285255
76,0.9565333333333333,0.16644513680140177,0.5639658849249517,2.14521546404499
77,0.9562666666666667,0.16516373111406962,0.5671641792315664,2.1656500540816706
78,0.9528,0.1698533543964227,0.5682302773125899,2.1700269255810962
79,0.9504,0.17487650506099064,0.5746268657351862,2.176598085777592
80,0.9570666666666666,0.1633540660182635,0.5714285714921158,2.171764669642011
81,0.9573333333015442,0.16098243209520977,0.5692963753936133,2.200425936469137
82,0.9605333333333334,0.15616979371706644,0.5692963753300689,2.215795115875537
83,0.9610666666666666,0.15829910541375478,0.5682302771855011,2.2259844813519702
84,0.9616,0.15763905088504154,0.5639658849249517,2.2536207160461688
85,0.9538666666348775,0.16738636077245075,0.5660980810234542,2.2965955515660204
86,0.9544,0.1691247964223226,0.5597014925373134,2.309401293044914
87,0.9586666666348775,0.16112191329002382,0.5671641791044776,2.313742517662455
88,0.9543999999682109,0.16535707581837972,0.5650319829424307,2.3293972660991935
89,0.9576,0.16855298498471577,0.5650319829424307,2.3581274353873245
90,0.9605333333651225,0.15874898398717244,0.5628997867803838,2.404048780388415
91,0.9535999999682109,0.16857336961428324,0.5671641793586552,2.4141586014965197
92,0.9605333333333334,0.15555894508361817,0.5671641791044776,2.4222889637896245
93,0.9581333333333333,0.15876407452424368,0.5660980810234542,2.4281419568987035
94,0.9592,0.1574979644060135,0.5671641791044776,2.4355363393389085
95,0.9682666666666667,0.1411759874999523,0.5671641791044776,2.452334697820993
96,0.9629333333333333,0.15186925092538198,0.5735607675906184,2.4647889045764133
97,0.9608,0.15331003410816194,0.5703624734110924,2.4681899100224345
98,0.9573333333333334,0.1594862283150355,0.567164179168022,2.4724348648778918
99,0.9592,0.1587583834330241,0.5692963753300689,2.4840872491092316
100,0.9608,0.1538421684106191,0.5735607676541628,2.494449797978025
101,0.9629333333333333,0.1498655368447304,0.570362473347548,2.506949535056726
102,0.9584,0.15940950016975403,0.5735607675906184,2.5272269447220923
103,0.9645333333015442,0.1459943268140157,0.570362473347548,2.5588209232541796
104,0.9618666666666666,0.14991182136535644,0.5714285714921158,2.570756543165585
105,0.9632,0.14731177223920822,0.5735607675906184,2.6007392858899734
106,0.96,0.1552690139532089,0.5639658848614072,2.6340502167561417
107,0.9608,0.15109735712607703,0.5756929637526652,2.646103141150241
108,0.9605333333333334,0.15397109906872114,0.5735607678447959,2.6568297160459733
109,0.9610666666666666,0.1527798187971115,0.5682302771855011,2.6690293878380422
110,0.9616,0.14873716580073038,0.5714285714285714,2.688637298307439
111,0.9613333333333334,0.15326566796302796,0.5607675906183369,2.694757745718397
112,0.9677333333333333,0.14280716255108516,0.5639658848614072,2.696286576134818
113,0.9632,0.1495746818780899,0.5597014926644023,2.7459167732612917
114,0.9632,0.1453179160118103,0.5618336887629047,2.7619689949539934
115,0.9687999999682109,0.1378663281917572,0.5692963753300689,2.766269418476487
116,0.9634666666666667,0.14428892222245535,0.5682302772490455,2.798292798528285
117,0.9664,0.14280260252157848,0.5618336886993603,2.8087741866040585
118,0.9632,0.14742333835760751,0.5597014926008578,2.8045071055894213
119,0.9655999999682109,0.14228619604110718,0.5597014926008578,2.797750464888778
120,0.9661333333333333,0.14349233793417612,0.5628997868439282,2.807252640409002
121,0.9648,0.1435132725973924,0.5692963753300689,2.814718533680637
122,0.9634666666666667,0.14559108672936757,0.5607675906818813,2.8399103562206602
123,0.964,0.14486592422326405,0.5650319830695195,2.8493148080829873
124,0.9648,0.14513003528912863,0.5607675907454257,2.8612798221075715
125,0.9594666666666667,0.15430309431751568,0.5650319830059751,2.8725433807129037
126,0.9674666666666667,0.13878067362507185,0.5586353945198343,2.8857174356863187
127,0.9653333333333334,0.1436607996106148,0.5618336887629047,2.877066880655187
128,0.9658666666666667,0.14169329712986947,0.5628997868439282,2.8833627756724733
129,0.96,0.1524939709941546,0.5628997868439282,2.8752490503193218
130,0.9645333333333334,0.1435554067134857,0.5671641791044776,2.8757206992045647
131,0.9653333333333334,0.14360479147831598,0.5639658848614072,2.89524544327498
132,0.9650666666666666,0.14117208994626998,0.5671641791044776,2.9141301168307567
133,0.9706666666666667,0.13044135235150656,0.5660980810869986,2.920190620524034
134,0.9632,0.14495773396492004,0.5628997867803838,2.9244999555128217
135,0.9650666666666666,0.14012817701896033,0.5703624734110924,2.9359472245295675
136,0.9664,0.14035443256696065,0.5746268656716418,2.933889596446999
137,0.9621333333333333,0.151980154834191,0.570362473347548,2.9479151783721536
138,0.9677333333015442,0.13885217462380728,0.5671641791044776,2.95274033475278
139,0.9703999999682108,0.13425714127222696,0.5639658849249517,2.9994497721129134
140,0.9650666666666666,0.1491861861427625,0.567164179168022,2.9723644673443044
141,0.9661333333015442,0.14236234475771586,0.5692963753300689,2.974460098026658
142,0.9661333333015442,0.14036144841512044,0.5724946695731393,3.001106417255361
143,0.9664,0.14346800372203192,0.567164179168022,3.003460001589647
144,0.9586666666666667,0.15315370329419772,0.5799573561403034,3.0201214051195806
145,0.9669333333015442,0.14102454578081766,0.5682302773125899,3.0380656673455797
146,0.9642666666348775,0.14696907445589702,0.5660980811505429,3.062122823841282
147,0.9650666666666666,0.1435765818754832,0.5639658849884961,3.0779677667597465
148,0.9645333333333334,0.14035282801191012,0.5660980811505429,3.1095028208262883
149,0.9666666666666667,0.14092760544617972,0.575692963879754,3.0905012499803166
150,0.9656,0.14240351905028026,0.575692963879754,3.0965411373292966
151,0.9712,0.13285640358130138,0.5692963753936133,3.1350273074371726
152,0.9672,0.14020441139141718,0.5788912581228244,3.127406675932504
153,0.9656,0.14022826413313547,0.575692963879754,3.141693999772387
154,0.9626666666666667,0.1451583017965158,0.5767590619607775,3.1542973472619615
155,0.9621333333333333,0.14826371506055197,0.577825160041801,3.1398405642397624
156,0.9696,0.13125786531766256,0.5724946696366837,3.1370902203801854
157,0.9674666666666667,0.13632874928911526,0.5735607677177071,3.1426298694569925
158,0.9666666666666667,0.13850169980128607,0.5746268657987306,3.12639246922312
159,0.9661333333333333,0.13880061228275298,0.5810234542848713,3.1259135076486224
160,0.9674666666666667,0.1360601388235887,0.5746268657987306,3.1561769163176447
161,0.9682666666666667,0.13473519992033642,0.5746268657987306,3.1754343514757624
162,0.9719999999682108,0.12764690022468567,0.5724946696366837,3.1697184871763056
163,0.968,0.1362992959856987,0.575692963879754,3.1821173025346767
164,0.9719999999682108,0.12482560353279114,0.5671641792315664,3.1993533716018776
165,0.9666666666666667,0.1379262108127276,0.5692963753936133,3.212624187916835
166,0.9709333333333333,0.1297371740937233,0.5714285715556602,3.2422191359595196
167,0.9698666666348775,0.1300670041402181,0.5671641792315664,3.243682656969343
168,0.968,0.1360910590251287,0.5714285715556602,3.25406021248303
169,0.9717333333333333,0.12879402738809587,0.5703624734746368,3.2826912825041488
170,0.9672,0.13614119555950166,0.5735607677177071,3.2783111610900617
171,0.9656,0.1394254159927368,0.5724946696366837,3.283962543585153
172,0.9733333333333334,0.12441343646049499,0.5746268657351862,3.2785241344590177
173,0.9674666666666667,0.1363695447166761,0.5735607676541628,3.2887544337112002
174,0.9682666666666667,0.1333109507282575,0.5820895523023504,3.2702689831699137
175,0.9658666666666667,0.14177293870449068,0.5724946695731393,3.3191582307632546
176,0.9727999999682109,0.12543447949091593,0.5820895524929836,3.321988934392868
177,0.9704,0.1330688683350881,0.5778251599147122,3.324297574537395
178,0.9674666666666667,0.13405865326325098,0.5714285714285714,3.347716354866272
179,0.9645333333333334,0.15025407372117042,0.5767590618336887,3.3393718296530914
180,0.9674666666666667,0.14343919801314672,0.5746268656716418,3.3661941871968413
181,0.9685333333015442,0.1478656601746877,0.5767590618972331,3.3537493809453967
182,0.9682666666348775,0.1464222270488739,0.5724946695731393,3.355778480643657
183,0.9725333333333334,0.13170730873346329,0.5820895523023504,3.355804023457997
184,0.9650666666666666,0.14773299790620803,0.579957356076759,3.3438728735136833
185,0.9696,0.1422916079322497,0.5820895524929836,3.345291860068022
186,0.9682666666666667,0.13851167730093003,0.5810234544119601,3.3573923192298745
187,0.9698666666666667,0.14038086047768591,0.5735607675906184,3.3356634182716483
188,0.9706666666348776,0.13703993196487427,0.5735607675906184,3.3226917354282794
189,0.9682666666666667,0.13846789948741595,0.5703624734110924,3.3205150795389593
190,0.9722666666666666,0.1351072919289271,0.5767590618972331,3.3170272231356166
191,0.9688,0.14120370675722757,0.5724946695731393,3.3476744236976606
192,0.9704,0.13910978573560714,0.5756929637526652,3.346599080669346
193,0.9690666666666666,0.13506619322299956,0.5714285714285714,3.356944780614076
194,0.9698666666666667,0.13696762439608573,0.582089552238806,3.3651454341945364
195,0.9690666666348775,0.14084384841918945,0.5852878465454208,3.359090584427563
196,0.9719999999682108,0.13325709028244018,0.5831556503833738,3.3603772191859003
197,0.9717333333333333,0.13597612808942794,0.5799573561403034,3.357382608629239
198,0.9712,0.1352241216560205,0.5831556503833738,3.364587130068716
199,0.9666666666666667,0.14540851797262827,0.5863539446264442,3.3745375004912743
200,0.9717333333015442,0.13160158454577128,0.5778251599782566,3.370263369098655
201,0.9671999999682108,0.1396422341187795,0.581023454221327,3.3834085261135467
202,0.9709333333333333,0.1340313108742237,0.5799573561403034,3.3895336092153845
203,0.9701333333333333,0.14241432387828826,0.5767590618972331,3.3873473652390276
204,0.9704,0.14235952043930689,0.5767590618972331,3.3877756519358297
205,0.9727999999682109,0.13144936594963075,0.5735607676541628,3.4160189069410376
206,0.968,0.14760828661521275,0.5639658849249517,3.4594370591869232
207,0.9666666666666667,0.14929057586987812,0.5714285714285714,3.4753106509698735
208,0.9661333333333333,0.15098691746791204,0.5607675906818813,3.4729856712731726
209,0.9712,0.13401099364360172,0.567164179168022,3.4949006373440024
210,0.9725333333333334,0.1269948149720828,0.5735607675906184,3.4843311380984177
211,0.9714666666666667,0.12993436757127444,0.5724946695095949,3.4930989198339013
212,0.9738666666666667,0.125792325480779,0.5660980810234542,3.499427537165725
213,0.9685333333333334,0.13404580060243607,0.5682302772490455,3.5017845706899027
214,0.9722666666348775,0.12711905846595764,0.570362473347548,3.4843199959695976
215,0.9661333333333333,0.1364292310913404,0.5714285714285714,3.492242284420965
216,0.9712,0.12988318357666334,0.5671641791044776,3.4924110268224786
217,0.9701333333333333,0.12725876810948053,0.5650319829424307,3.4901806215233386
218,0.9725333333333334,0.1270350527405739,0.5735607675906184,3.5140001738249365
219,0.9704,0.1303168633063634,0.5735607675906184,3.5049036042268344
220,0.9717333333333333,0.12882940687338512,0.5692963752665245,3.5058310189480975
221,0.9696,0.14021064347426096,0.5724946695095949,3.514636442351189
222,0.9730666666666666,0.13285102041959762,0.5714285714285714,3.531987586763622
223,0.9706666666666667,0.14079210993846258,0.5692963753300689,3.5366874574852396
224,0.9725333333333334,0.1318186523795128,0.5682302772490455,3.530927608262247
225,0.9725333333333334,0.1285342449784279,0.5692963752665245,3.536490223809346
226,0.9698666666666667,0.13477810430526732,0.5671641791044776,3.5323226101108705
227,0.9690666666666666,0.14095123323202133,0.5597014925373134,3.557603052175884
228,0.9730666666348775,0.12749090865453083,0.5660980810869986,3.558721439670652
229,0.9714666666348776,0.12991819637616475,0.5692963752665245,3.5537966370328404
230,0.9722666666666666,0.1312435219724973,0.5788912579957356,3.5249631816644404
231,0.9746666666666667,0.12744076529741288,0.5692963752665245,3.5425891855886498
232,0.9709333333333333,0.1324857306599617,0.5746268656716418,3.526181794432943
233,0.9733333333333334,0.1257218915383021,0.579957356076759,3.5112453930413543
234,0.9704,0.138942729951938,0.5778251599147122,3.5109085629997985
235,0.9733333333015441,0.12381381168365478,0.5788912579957356,3.5067262090345435
236,0.9730666666348775,0.13556209616661072,0.5831556503198294,3.505715966478848
237,0.9722666666348775,0.13700156132380167,0.582089552238806,3.5267986681923937
238,0.9728,0.1264232825199763,0.5767590618336887,3.5388401957717277
239,0.9738666666666667,0.13036266226768495,0.5735607675906184,3.553544320023136
240,0.9728,0.13066999561786652,0.5714285714921158,3.55491431893062
241,0.9709333333333333,0.1363663304209709,0.5692963753300689,3.56763887456231
242,0.9696,0.1339448864777883,0.5714285714921158,3.548834480456452
243,0.9706666666666667,0.12887898615598678,0.5735607677177071,3.5311998614370186
244,0.9714666666666667,0.1275165508409341,0.5852878466089652,3.5625387285309813
245,0.9725333333333334,0.12687437849839528,0.5767590618972331,3.559957603910076
246,0.9730666666666666,0.12453890774647394,0.5767590618972331,3.5544258038372374
247,0.9714666666666667,0.1274632356961568,0.5692963753300689,3.5583024431647523
248,0.9733333333333334,0.12129099493424098,0.567164179168022,3.5724904410112135
249,0.976,0.11699079159498214,0.5714285714921158,3.594414565608954
