epoch,acc,loss,val_acc,val_loss
0,0.5373333333333333,0.7213319142023722,0.5309168443496801,0.7194546354350759
1,0.6573333333015442,0.6952396695454915,0.5469083155650319,0.7142203249402647
2,0.7191999999682108,0.6704497795740764,0.5447761194029851,0.7148377276432794
3,0.7546666666666667,0.6454182255109151,0.5426439232409381,0.7153718967173399
4,0.7685333333015442,0.623434314441681,0.5394456289978679,0.7217712613311149
5,0.7970666666666667,0.5955173485438029,0.5618336886993603,0.7216194822335802
6,0.8189333333651225,0.5657221100489298,0.5565031983577875,0.7253607861014572
7,0.8293333333651225,0.5427898323376974,0.5511727080162145,0.7302594127685531
8,0.8448,0.5155817923227946,0.5469083156921207,0.7362064848830705
9,0.8493333333651225,0.4895629281679789,0.5415778252870035,0.7431377622364427
10,0.8709333333333333,0.46100497827529907,0.5437100214490505,0.7536492844634473
11,0.8762666666666666,0.43727675099372865,0.5447761195300739,0.7656944104349181
12,0.8765333333333334,0.41643624749183655,0.5522388060972381,0.7799346551203779
13,0.8829333333333333,0.39547857999801633,0.5543710023863737,0.7920980494159625
14,0.8810666666348775,0.38551710052490235,0.5511727081433034,0.8077389109871789
15,0.8885333333333333,0.3669925127029419,0.5490405119812565,0.8218392249363572
16,0.8986666666984559,0.34435332158406573,0.5522388062243269,0.8413611930062268
17,0.8968,0.3340392967224121,0.5490405119812565,0.8562544708821311
18,0.9074666666348775,0.3146947647412618,0.5469083158192096,0.8778063302863636
19,0.9034666666666666,0.30723370219866436,0.5447761196571627,0.8986210056713649
20,0.9114666666666666,0.29144581876595815,0.547974413900233,0.9147783886395029
21,0.9082666666348775,0.28531889028549196,0.5543710023863737,0.9323057593313108
22,0.9154666666348775,0.2747452399730682,0.5501066100622799,0.9578644893825181
23,0.9117333333651225,0.27073041254679364,0.5543710023863737,0.9754639895740094
24,0.9208,0.2580400999546051,0.5522388062243269,0.9988990185865715
25,0.9138666666666667,0.25822048388322194,0.5501066100622799,1.0159381335732272
26,0.9157333333015442,0.25207887193361916,0.5533049043053503,1.0405407457717701
27,0.9197333333015442,0.24093508176803588,0.5415778251599147,1.0609232619373021
28,0.9178666666666667,0.24423442538579304,0.5405117270788913,1.086082316410821
29,0.9210666666666667,0.23250612316131591,0.5415778252234591,1.1109348593998565
30,0.9178666666666667,0.23780364059607187,0.5415778251599147,1.1471492212210128
31,0.9191999999682109,0.2250670981725057,0.5373134328358209,1.168892641565693
32,0.9242666666666667,0.22269141529798508,0.5405117273330688,1.1916473610823088
33,0.9248,0.21446002937157949,0.5341151385927505,1.2180770655939066
34,0.9269333333333334,0.21347945590813955,0.5319829426848812,1.2273433526187563
35,0.9175999999682108,0.21608059485753378,0.5373134330899985,1.2460722468300922
36,0.9312,0.20539823869069418,0.536247335008975,1.2582789334152806
37,0.9258666666348775,0.2072431082089742,0.5351812367373184,1.2901214404400987
38,0.9269333333333334,0.20635350558360419,0.5330490405117271,1.3182209430218759
39,0.9285333333333333,0.202218563524882,0.5426439232409381,1.3392679963284717
40,0.9234666666666667,0.2083725725253423,0.5341151385927505,1.363330615100576
41,0.9298666666348775,0.20288336431185405,0.5341151385927505,1.3933244839405963
42,0.9290666666666667,0.19465866624911626,0.535181236673774,1.4164979534108502
43,0.9277333333333333,0.19910911095937092,0.5373134328358209,1.4291584433268891
44,0.9311999999682109,0.19500333734353384,0.5373134328358209,1.463327407328559
45,0.9338666666666666,0.18790450107653936,0.5287846484418108,1.4789673018811353
46,0.9250666666666667,0.19661930737694105,0.5213219616204691,1.5173155043933437
47,0.9261333333333334,0.19233204604784648,0.523454157782516,1.5387256376778902
48,0.9330666666348775,0.1892428897857666,0.526652452279764,1.555851860849588
49,0.9290666666666667,0.1950101562857628,0.5287846481876333,1.5752400668190996
50,0.9301333333015442,0.1884583057085673,0.5213219616204691,1.595867070816219
51,0.9288,0.19284276375174522,0.5277185501066098,1.6152964957487355
52,0.9293333333333333,0.1922659812529882,0.5266524520255863,1.6315211410969814
53,0.9376,0.1796279355128606,0.5277185503607874,1.6398600550856925
54,0.9368,0.1799334986448288,0.5298507465228343,1.6597190899635428
55,0.9346666666666666,0.18302594763437907,0.5213219618746466,1.69421288224934
56,0.9408,0.1727569148739179,0.5287846484418108,1.708826026428483
57,0.9322666666348776,0.17948380341529846,0.5319829426848812,1.7309421354265355
58,0.9335999999682109,0.18168751424153645,0.5287846484418108,1.7460085804274341
59,0.9325333333015442,0.18418536218802134,0.5309168446038578,1.7620234705491868
60,0.9362666666666667,0.17972844734986623,0.5330490407659046,1.773138355598775
61,0.9344,0.17875651592413586,0.5255863541987404,1.8060813514408527
62,0.9330666666666667,0.177383815630277,0.5341151388469281,1.8330365915034117
63,0.9365333333015442,0.17221707073847453,0.536247335008975,1.8389316494785137
64,0.9370666666666667,0.17505317477782567,0.5426439234951158,1.8586108313440515
65,0.9365333333015442,0.17124121079444884,0.5437100213219617,1.8790178243031126
66,0.9362666666666667,0.1714961379289627,0.5437100213219617,1.8998335757489397
67,0.94,0.16448247734705607,0.5287846481876333,1.9122376243697046
68,0.9386666666666666,0.1644436052640279,0.523454157782516,1.943501776977897
69,0.9330666666666667,0.171909747894605,0.5298507462686567,1.960052630794582
70,0.9322666666666667,0.1716242361744245,0.523454157782516,1.9843549003987424
71,0.9378666666666666,0.16458777287403742,0.5319829424307037,2.002952662358152
72,0.9352,0.17077546249230702,0.5277185501066098,2.039803923065983
73,0.9312,0.17140457168420156,0.5319829424307037,2.0730813342625143
74,0.9317333333015442,0.1716872760772705,0.5287846481876333,2.091852021369853
75,0.9333333333333333,0.17193123558362325,0.5298507462686567,2.105237925230567
76,0.9354666666666667,0.16658502600193023,0.5234541580366936,2.133592332604089
77,0.9368,0.16847774058977763,0.5202558637936232,2.1425045344875313
78,0.9341333333333334,0.17207373074293136,0.5191897657125998,2.1454194133469797
79,0.9336,0.17005766588449478,0.5309168446038578,2.1291471557068165
80,0.9375999999682109,0.16601092896461486,0.5309168446038578,2.1547743153216232
81,0.9389333333015442,0.16452310593922934,0.5309168446038578,2.1857741356912705
82,0.9368,0.164783418349425,0.5255863541987404,2.1963710167260566
83,0.9370666666666667,0.1616948341290156,0.5287846484418108,2.23222614681797
84,0.9373333333015442,0.16298746391137442,0.5234541580366936,2.251135715289411
85,0.9397333333333333,0.16721162248452504,0.5213219618746466,2.256662830869272
86,0.9362666666348776,0.1686010621547699,0.5277185503607874,2.2706683002301116
87,0.9367999999682108,0.16965078510443368,0.5319829426848812,2.2962578331737884
88,0.9346666666348775,0.16197371439933778,0.524520256117717,2.281072324527098
89,0.9394666666666667,0.16287865163286527,0.5309168446038578,2.317619852674033
90,0.94,0.16809034291903177,0.526652452279764,2.3617895981396186
91,0.9392,0.16174169106880823,0.5309168446038578,2.3823132054892175
92,0.9352,0.16387985645135245,0.526652452279764,2.3950091963892044
93,0.9397333333333333,0.16909446430206299,0.526652452279764,2.414513027490075
94,0.9434666666666667,0.1584187067667643,0.5309168446038578,2.41013094229993
95,0.9424,0.1596940399646759,0.5341151388469281,2.415084459634224
96,0.9384,0.15967249715328216,0.5287846484418108,2.448806065486184
97,0.9437333333333333,0.16074631227056185,0.524520256117717,2.4675678035089454
98,0.9391999999682109,0.15911573968728385,0.5298507465228343,2.4874672528777295
99,0.9327999999682108,0.16742365067005158,0.5255863541987404,2.4947315904377367
100,0.9421333333015441,0.1613427723089854,0.526652452279764,2.508132142552943
101,0.9354666666666667,0.16601064754128456,0.5341151388469281,2.535537367690601
102,0.9434666666666667,0.1593447591384252,0.5330490407659046,2.531293271192864
103,0.9336,0.16359854778051378,0.5309168446038578,2.5593911785560883
104,0.9490666666348775,0.1506268576780955,0.5287846481876333,2.5754611634496434
105,0.9317333333015442,0.16710777695973714,0.5341151385927505,2.595399829370381
106,0.9405333333333333,0.1628167306105296,0.5277185501066098,2.633452813508414
107,0.9376,0.16457487850983937,0.5309168443496801,2.6607353844876482
108,0.9357333333333333,0.1684637705405553,0.531982942494248,2.6745897401878826
109,0.9410666666348775,0.16290381472905477,0.5255863539445629,2.67017177020563
110,0.9432,0.15956015983422597,0.5202558637936232,2.6882629689377255
111,0.9378666666666666,0.16430470383961995,0.5373134330899985,2.687498253799959
112,0.9461333333333334,0.15513263833522797,0.536247335008975,2.7075722349732163
113,0.9402666666666667,0.15896415792703628,0.5383795311710219,2.726503499281178
114,0.9421333333333334,0.15528987848560016,0.5309168446038578,2.740725151765575
115,0.9399999999682108,0.1532741934299469,0.5298507465228343,2.769809969452653
116,0.9424,0.15397084087133409,0.5213219618746466,2.7586432850437124
117,0.9450666666666667,0.15345624032815297,0.5277185503607874,2.763885712318583
118,0.9424,0.1586498588959376,0.5341151388469281,2.7683440820494694
119,0.9461333333333334,0.15453700058460235,0.5223880597014925,2.7858841836071218
120,0.9408,0.16007993555863698,0.5287846481876333,2.7528680171539532
121,0.9354666666666667,0.16439463162024817,0.5298507462686567,2.7738449253253084
122,0.9394666666666667,0.15908277089595796,0.524520256117717,2.769210838814026
123,0.9442666666666667,0.15601446345647177,0.5330490407659046,2.7567826504392157
124,0.9408,0.16288546906312307,0.5255863539445629,2.7832006754905683
125,0.9394666666666667,0.15942793998916943,0.5298507462686567,2.799433499511117
126,0.944,0.1520002813855807,0.5309168446038578,2.8139754597312097
127,0.9397333333333333,0.1588701668103536,0.5191897657125998,2.8409754353037266
128,0.9456,0.15389875776966414,0.5234541580366936,2.8457548287885785
129,0.9442666666984558,0.1618743020693461,0.5298507462686567,2.860672661998887
130,0.9389333333333333,0.16445149567921957,0.5309168446038578,2.8585719241262244
131,0.9378666666666666,0.16573199564615884,0.5351812369279516,2.8660847746741287
132,0.9450666666666667,0.15229042629798253,0.5287846484418108,2.8908454871126836
133,0.9346666666348775,0.16663339219093323,0.5319829424307037,2.923706945579952
134,0.9453333333333334,0.1516017447948456,0.5330490405117271,2.9332473288212757
135,0.9407999999682108,0.1571021510442098,0.5415778251599147,2.925092882947373
136,0.9408,0.15759904587666193,0.5383795311710219,2.9269457651353847
137,0.9408,0.15575877962112428,0.536247335008975,2.9542417666042793
138,0.9442666666348776,0.1521978018204371,0.5373134330899985,2.963405557786986
139,0.9378666666666666,0.1635171504040559,0.5373134330899985,2.969258654346344
140,0.9432,0.155434223930041,0.5341151384656617,3.0000070036093054
141,0.9450666666348775,0.1508000872294108,0.5341151384656617,3.0173058629290126
142,0.9453333333015442,0.15295046708583832,0.5373134330899985,3.033947228114488
143,0.9501333333015441,0.14531511402130126,0.5405117273330688,3.0239475886704823
144,0.9421333333333334,0.15540543047388394,0.5341151388469281,3.0413073219978477
145,0.9418666666666666,0.16062097811698914,0.5447761196571627,3.0420827118318474
146,0.9445333333015442,0.15029275995890298,0.5415778254140923,3.0443234819847382
147,0.944,0.15360179446140926,0.5383795311710219,3.037678490823774
148,0.9469333333333333,0.1517132362206777,0.536247335008975,3.0522838739443943
149,0.9485333333015442,0.15019753767649333,0.5309168446038578,3.069495440800307
150,0.9413333333015442,0.15529692069689432,0.5309168446038578,3.066340827484375
151,0.9421333333015441,0.15463367013931276,0.5255863541987404,3.0890000565473965
152,0.9421333333333334,0.15550458098252615,0.5298507465228343,3.0823407712013227
153,0.9450666666666667,0.148542181066672,0.5394456292520454,3.106478369820601
154,0.9477333333333333,0.1511775418519974,0.5341151388469281,3.1134545462472096
155,0.9493333333333334,0.14728167776068052,0.5287846484418108,3.1187250771756365
156,0.9461333333015441,0.15139013113975525,0.5287846484418108,3.1452697502778793
157,0.9496,0.14984318857987722,0.5341151388469281,3.169343362230736
158,0.9506666666666667,0.14603566715717314,0.5330490405117271,3.177780373010046
159,0.9466666666666667,0.15067077742020288,0.5287846481876333,3.182861504015892
160,0.9429333333015442,0.15618072849114736,0.5298507465228343,3.197029560613734
161,0.9482666666666667,0.14810637021064757,0.5298507465228343,3.2028331614252346
162,0.9437333333015442,0.15510220502217612,0.5255863541987404,3.2003204024422653
163,0.9424,0.1550874859015147,0.5255863541987404,3.2112013282043845
164,0.9453333333333334,0.15172453605532646,0.5255863541987404,3.2217026295692426
165,0.9461333333015441,0.1491063692410787,0.5309168446038578,3.230090568314737
166,0.9469333333333333,0.14869748589197795,0.5277185503607874,3.2165467517970723
167,0.9525333333333333,0.14346920479536057,0.5298507465228343,3.200467649045021
168,0.9437333333015442,0.1524203067938487,0.5394456292520454,3.200937014907154
169,0.9445333333333333,0.15306140369971594,0.536247335008975,3.2211185223512304
170,0.9418666666666666,0.1580509955763817,0.5351812365466851,3.2097625981515914
171,0.9503999999682109,0.1430967915693919,0.5298507465228343,3.2130382439729246
172,0.9450666666348775,0.15117049306233724,0.5287846484418108,3.2243223927422626
173,0.9431999999682109,0.15289704918861388,0.5255863541987404,3.2543726488471285
174,0.9474666666666667,0.1516217896302541,0.5181236676315764,3.2807541869596633
175,0.9472,0.14840086662769317,0.5213219618746466,3.2859724155112877
176,0.9434666666666667,0.15089013098478318,0.524520256117717,3.3013273754607892
177,0.9501333333333334,0.14116454881827037,0.5298507465228343,3.3194910376819213
178,0.9519999999682108,0.13764064679145813,0.5277185503607874,3.3071991492436132
179,0.944,0.1517087547580401,0.524520256117717,3.329039129875362
180,0.9413333333333334,0.15394192974964777,0.5319829426848812,3.3226090306158005
181,0.9453333333015442,0.15376182389259338,0.5287846484418108,3.3126737319075983
182,0.952,0.14626875998973846,0.5373134328358209,3.3097409998684295
183,0.9477333333333333,0.15315046502749124,0.5341151388469281,3.291199293726289
184,0.9442666666666667,0.1506534139196078,0.535181236673774,3.303949566029791
185,0.9514666666666667,0.14166313606301945,0.5405117273330688,3.285567400043707
186,0.9488,0.1459753568649292,0.5330490405117271,3.292947937938959
187,0.9477333333333333,0.14977690991957981,0.535181236673774,3.315247659235875
188,0.9490666666666666,0.14649860347310703,0.535181236673774,3.3156700261366137
189,0.9413333333015442,0.15610024847984313,0.5362473347547975,3.3257401996075724
190,0.9472,0.14492989939848583,0.5373134328993653,3.3377495564377386
191,0.9498666666666666,0.14242346266905467,0.5298507463322011,3.351429973838172
192,0.9482666666348776,0.150062468401591,0.5319829424307037,3.3504137357414914
193,0.9472,0.14933283415635426,0.5373134328993653,3.357786891302829
194,0.9528,0.14394743908246357,0.5341151385927505,3.36225401414737
195,0.9495999999682109,0.1447349594116211,0.5383795309803887,3.334642309623995
196,0.9477333333333333,0.14822981343269348,0.5447761194665295,3.344127825836637
197,0.9509333333333333,0.14414792720476785,0.5373134328993653,3.353260125178518
198,0.9485333333333333,0.1417563751022021,0.5298507463322011,3.38989311698149
199,0.9501333333015441,0.14240772856076558,0.5330490405752715,3.4073148597278067
200,0.9469333333015442,0.14603866035143534,0.5362473347547975,3.421162425836266
201,0.9536,0.13880611396829287,0.536247335008975,3.43947529335266
202,0.9458666666666666,0.15026025080482164,0.5351812369279516,3.463239540677589
203,0.9528,0.1409977535625299,0.5223880597014925,3.4871353589649647
204,0.9474666666666667,0.14817763128678005,0.5223880597014925,3.4978811324023997
205,0.944,0.14747928507328034,0.5234541580366936,3.5290539468021027
206,0.9528,0.133546732121706,0.524520256117717,3.5131730286043084
207,0.9458666666348775,0.15122776720523834,0.5277185503607874,3.5316752823176922
208,0.9501333333333334,0.14814554448127745,0.5287846484418108,3.540819646961399
209,0.9487999999682108,0.142413024520874,0.524520256117717,3.561480747357106
210,0.9472,0.15077623375058175,0.5330490405117271,3.537263182943055
211,0.9482666666666667,0.14479665178457896,0.5277185501701542,3.5491033693366467
212,0.9496,0.1426177070538203,0.5341151385927505,3.540680606227948
213,0.948,0.13974444327751795,0.5287846481876333,3.5292253346839693
214,0.9533333333333334,0.13685400978326798,0.5330490405752715,3.5252706226763695
215,0.9482666666348776,0.14399652287165324,0.5319829424307037,3.505681874655457
216,0.9501333333333334,0.1466744021574656,0.5287846481876333,3.54072728899242
217,0.9538666666666666,0.13639807455539704,0.5373134328358209,3.5307535494822684
218,0.9485333333015442,0.14413604078292847,0.5373134328358209,3.5409957539043955
219,0.9509333333333333,0.1452209410707156,0.5405117271424357,3.5411968327788657
220,0.9450666666666667,0.15562120741208393,0.5362473347547975,3.5473973522308286
221,0.9490666666348775,0.1407764273325602,0.5373134328358209,3.568258699323577
222,0.9496,0.14859194371700288,0.5383795309168443,3.570788403818094
223,0.9525333333015442,0.14441527994473774,0.5394456289978679,3.5747971361888244
224,0.9493333333333334,0.14427313285072643,0.5223880597014925,3.5932376669414006
225,0.9450666666666667,0.14531219462951026,0.5213219616204691,3.60158057253498
226,0.9504,0.1463658387005329,0.5287846481876333,3.606050934110369
227,0.9488,0.14753236720959345,0.5309168443496801,3.610294061937312
228,0.9479999999682108,0.15023138256073,0.535181236673774,3.6218816034321084
229,0.9530666666666666,0.14386803916891416,0.5341151385927505,3.6585432700256804
230,0.9498666666666666,0.14921578463117283,0.5223880597014925,3.6678827627381283
231,0.9514666666666667,0.1439026392420133,0.5309168443496801,3.634749244271057
232,0.9482666666666667,0.14846586110790572,0.5277185501066098,3.657394067056652
233,0.9477333333333333,0.1481408579826355,0.5298507462686567,3.6590643259508013
234,0.9485333333015442,0.1487397829135259,0.5394456292520454,3.656628738842539
235,0.9538666666666666,0.14180541019241016,0.5405117273330688,3.6577494429118595
236,0.9538666666666666,0.14190413778026897,0.5309168443496801,3.655411159051761
237,0.9498666666666666,0.14427667953968049,0.5341151385927505,3.6582344945814054
238,0.9546666666348775,0.13892617947260538,0.5394456289978679,3.6655791644602695
239,0.9517333333015442,0.1470781086762746,0.5394456289978679,3.663492809734873
240,0.9528,0.14369273587266604,0.5298507463322011,3.713032848545229
241,0.9490666666666666,0.14272761619289717,0.5362473347547975,3.716881298052985
242,0.9485333333333333,0.14850808274348576,0.5298507462686567,3.7309679547860934
243,0.9504,0.14478556300997733,0.5383795309168443,3.7367920443447415
244,0.9514666666666667,0.14635883994897206,0.5405117270788913,3.7517613251326183
245,0.9477333333015442,0.14755072366396585,0.5469083155650319,3.749465101563346
246,0.9488,0.14897637103796005,0.5458422174840085,3.7402571686295305
247,0.9498666666666666,0.1421278121391932,0.5415778251599147,3.7606249135186167
248,0.9477333333015442,0.15543743929862977,0.5437100213219617,3.767344595781013
249,0.9514666666666667,0.1437699553489685,0.5426439232409381,3.7708833237955055
