epoch,acc,loss,val_acc,val_loss
0,0.5928000000079473,0.7050333777427673,0.6162046908951009,0.703090257227802
1,0.6322666666984558,0.6989073041598002,0.6215351813002181,0.6994855450923001
2,0.6426666666666667,0.6931990321159363,0.6215351813002181,0.6961077506354114
3,0.6493333333015442,0.6861375851949056,0.6204690832191947,0.692655208522577
4,0.6599999999682109,0.6756293630599975,0.6183368870571478,0.6890340266959754
5,0.6693333333651225,0.6667535464286805,0.6194029851381713,0.6857867564982189
6,0.6853333333651225,0.6492527089436849,0.6194029851381713,0.6834375090690564
7,0.6986666666348775,0.6320509047508239,0.6151385928140775,0.6820167174725644
8,0.7141333333651225,0.6139622310320536,0.6183368869936035,0.6811014890416599
9,0.7250666666348775,0.5916191916147868,0.6130063966520305,0.681671208283032
10,0.7432000000317891,0.5746220116615295,0.6002132197432934,0.6834876084886888
11,0.7458666666984558,0.552179298210144,0.59914712166227,0.6874294390302222
12,0.7525333333492279,0.5314853680610657,0.5959488274191996,0.6904618474466206
13,0.7674666666984558,0.5097409426371257,0.6002132197432934,0.6938045675566455
14,0.7674666666825612,0.48882271410624184,0.6023454159053404,0.6991617839727828
15,0.7725333333333333,0.46989404474894203,0.59914712166227,0.70650603382318
16,0.7864,0.448535840066274,0.5927505331761294,0.7132526041348097
17,0.7810666666348776,0.4373309455871582,0.589552238933059,0.7204733673951773
18,0.7807999999682108,0.4240938495000203,0.5927505330808127,0.728404040402695
19,0.7895999999682108,0.40828859356244407,0.5959488274191996,0.7382272775493451
20,0.7946666666984558,0.39044769090016684,0.5863539446899886,0.7482844455155737
21,0.8165333333015442,0.3773931138833364,0.5852878466089652,0.7613331561149564
22,0.8304,0.36517796897888183,0.5884861407567189,0.7712771175766805
23,0.8522666666348775,0.3554605454444885,0.5788912580275078,0.7818736713578198
24,0.8570666666984558,0.34111561943689983,0.5724946695413671,0.79698531968253
25,0.8765333333333334,0.33346025319894157,0.574626865703414,0.8085784802813012
26,0.8698666666666667,0.3319919966141383,0.5788912580275078,0.8188276524736937
27,0.8826666666348775,0.32749303862253826,0.5714285714603436,0.8391133135061528
28,0.9005333333333333,0.31341334042549135,0.5724946695413671,0.8520160829588803
29,0.9141333333015442,0.296942942460378,0.5714285714603436,0.8661519515234778
30,0.9106666666666666,0.2889812909444173,0.5650319829742029,0.8807620549761156
31,0.9167999999682108,0.2826271942615509,0.5692963752982967,0.8977650348057371
32,0.9208,0.2791069008509318,0.5692963752982967,0.913871517821924
33,0.9173333333651225,0.27688146748542786,0.5714285714603436,0.9300056507846693
34,0.9197333333015442,0.2736560554504395,0.5650319829742029,0.9495771022747829
35,0.9298666666348775,0.2639613681475321,0.5671641791362498,0.969548826278654
36,0.9354666666348775,0.25646398781140645,0.5607675906501091,0.9862282909055763
37,0.9341333333333334,0.2593813017765681,0.5682302772172733,1.0045603292583147
38,0.9248,0.26180669459501904,0.5735607677177071,1.0209608283886777
39,0.9325333333333333,0.24555425259272257,0.5724946696366837,1.0407481424844087
40,0.9346666666666666,0.243010218834877,0.5714285715556602,1.0587358464564343
41,0.9349333333333333,0.23718571702639263,0.5682302773125899,1.0796232848787612
42,0.9392,0.2389215564250946,0.5618336888264491,1.1001266617256442
43,0.9493333333333334,0.2259744866291682,0.5597014925690856,1.118093237948062
44,0.9496,0.22504931110541027,0.5565031983260152,1.1379282019539936
45,0.9442666666666667,0.23041902128855388,0.5586353944880622,1.1618039455495155
46,0.9479999999682108,0.2221205172220866,0.5565031984213319,1.1775776366435133
47,0.9461333333015441,0.21955679778258005,0.5586353945833787,1.202062065667435
48,0.9464,0.21790559927225112,0.5692963752982967,1.2252593236183054
49,0.9461333333333334,0.2133658800125122,0.5714285715556602,1.247893792225608
50,0.9525333333333333,0.21132007279793422,0.5724946696366837,1.2689634632708422
51,0.9496,0.2116599870522817,0.5767590619607775,1.2896206394187424
52,0.9490666666666666,0.20555701613426208,0.577825160041801,1.3029493975486837
53,0.9546666666666667,0.19324553450743356,0.5735607677177071,1.3292872341456952
54,0.9437333333333333,0.21171354073286056,0.5650319830695195,1.3472924435824982
55,0.9504,0.20302390808264414,0.5682302773125899,1.3668536219769702
56,0.9495999999682109,0.2012781588872274,0.5682302773125899,1.3913587893504324
57,0.9570666666984559,0.18543409814834594,0.5703624734746368,1.4156618209790066
58,0.9512,0.19371342769463856,0.5682302773125899,1.4318006765613678
59,0.9501333333333334,0.20002424799601237,0.5767590619607775,1.4565116906725268
60,0.9469333333333333,0.1991777960618337,0.5724946695413671,1.479534396230539
61,0.9594666666666667,0.1855529251217842,0.5735607676223905,1.5005176814634409
62,0.9493333333015442,0.19392897152900695,0.5724946695413671,1.5236447482729263
63,0.9477333333015442,0.19647229855855305,0.5756929637844375,1.545889385727677
64,0.9557333333333333,0.18344882434209187,0.5724946696366837,1.5674067931388742
65,0.9530666666348775,0.18255981205304464,0.5724946695413671,1.5948978497275412
66,0.9549333333333333,0.17920182238419852,0.562899786812156,1.6143676436532026
67,0.9525333333333333,0.17860007994174956,0.5639658848931794,1.640259744261882
68,0.9557333333015442,0.17362614046732586,0.5692963752982967,1.65407616497357
69,0.9512,0.18425026636918385,0.5692963752982967,1.6737959105322864
70,0.9514666666666667,0.18287835692564647,0.5639658848931794,1.7053202398296103
71,0.9546666666666667,0.1793841207186381,0.5650319829742029,1.722818309055971
72,0.9541333333333334,0.17700024205048878,0.562899786812156,1.7507969402809387
73,0.9565333333333333,0.17544238138198853,0.5692963752982967,1.7768388973878646
74,0.9573333333333334,0.17338016259670258,0.5682302772013872,1.7902823933151994
75,0.9570666666666666,0.17177523760000865,0.5703624733793202,1.8152696532227084
76,0.9506666666348775,0.18140501192410788,0.5682302772172733,1.8312020032390603
77,0.9517333333333333,0.17816898945967358,0.5735607676223905,1.847384123405668
78,0.9621333333015442,0.16556577361424765,0.5724946695413671,1.8644649951951082
79,0.9594666666348776,0.16584615527788799,0.5692963752982967,1.8857668030744932
80,0.9565333333015442,0.17205608248710633,0.5756929637844375,1.9069174052809856
81,0.9522666666666667,0.1726666758855184,0.5788912581228244,1.9239871715431782
82,0.9562666666666667,0.1663935493906339,0.5820895523658948,1.9428130949992362
83,0.9490666666348775,0.1812931028842926,0.5788912581228244,1.9608630457920815
84,0.9554666666666667,0.1726834441026052,0.5842217485279416,1.9799315375305697
85,0.9552,0.17139383647441864,0.5863539446899886,1.986000134238302
86,0.9586666666666667,0.16893067878087362,0.5842217485279416,2.012270567005377
87,0.9557333333651225,0.1715645888010661,0.5767590619607775,2.0433204357049615
88,0.9573333333015442,0.16285028761227927,0.5810234542848713,2.0636509745868286
89,0.9592,0.16399819578329722,0.5810234542848713,2.092293741352268
90,0.9543999999682109,0.16828073507944744,0.575692963879754,2.1104726618541076
91,0.9578666666666666,0.16071785938739777,0.5767590618654609,2.1290591647630053
92,0.9565333333333333,0.16681240309079487,0.5820895522705781,2.1462447546692545
93,0.956,0.16303601352771124,0.5724946695413671,2.16451642254014
94,0.9528,0.17288895713488261,0.5767590618654609,2.185316007020377
95,0.9594666666666667,0.15821702114741007,0.5767590618654609,2.2084130874828998
96,0.9554666666666667,0.1656717534184456,0.5767590618654609,2.2297908400675888
97,0.9578666666348775,0.16484766349792482,0.5820895522705781,2.2452847484840768
98,0.9552,0.16423256233135858,0.5810234541895547,2.2507772293172157
99,0.9597333333015442,0.1561990188598633,0.5756929637844375,2.2770556854540858
100,0.9528,0.16869729759693144,0.5778251599464843,2.3128143261744776
101,0.9586666666984558,0.1614815655708313,0.5703624733793202,2.330568507790311
102,0.9626666666666667,0.15316464744210243,0.5767590618654609,2.348453717953615
103,0.9607999999682109,0.1604514847278595,0.5703624733793202,2.3608348923705536
104,0.9597333333333333,0.15507088342110317,0.5756929637844375,2.3709541699017036
105,0.9570666666666666,0.15692426363627116,0.5714285714603436,2.3906368223080503
106,0.9629333333333333,0.14935595584114392,0.5756929637844375,2.404661921804139
107,0.9562666666666667,0.16563806705872217,0.5831556503516017,2.412491592008676
108,0.9613333333333334,0.15392833528518676,0.5831556503516017,2.4359550760753117
109,0.9616,0.15405234790643058,0.5820895522705781,2.4485812390536896
110,0.9621333333333333,0.15277634177207947,0.5735607676223905,2.4659430472327193
111,0.9629333333333333,0.15373030775388083,0.5724946695413671,2.489438947584075
112,0.9554666666666667,0.15885091484387714,0.5788912580275078,2.512364869432917
113,0.956,0.16289329948425293,0.5703624733793202,2.5126632291879227
114,0.9554666666666667,0.1600066820780436,0.5671641791362498,2.5302424644356343
115,0.9634666666666667,0.14876971476475398,0.5671641791362498,2.5441935647016902
116,0.9597333333333333,0.15513437163829805,0.5724946695413671,2.56184054742744
117,0.9594666666348776,0.15922470064163208,0.5714285714603436,2.5644065464483394
118,0.9674666666666667,0.15004699462254842,0.5724946695413671,2.5726027376870357
119,0.9637333333333333,0.1475485738436381,0.5724946695413671,2.5880751192951
120,0.9621333333333333,0.1497503034353256,0.5714285714603436,2.607464877781329
121,0.9602666666666667,0.150862364534537,0.5767590618654609,2.6109223009935065
122,0.9599999999682108,0.1534642915725708,0.5735607676223905,2.633546379837654
123,0.9570666666666666,0.16231483814716338,0.5788912580275078,2.630613924852058
124,0.9605333333333334,0.15534231595993042,0.5714285714603436,2.6504587354436357
125,0.9632,0.15017397795716922,0.5682302772172733,2.6630376356242818
126,0.9621333333333333,0.15033631435235342,0.5703624733793202,2.6689129272249463
127,0.9618666666666666,0.15046120619773865,0.5682302772172733,2.6816734677947154
128,0.96,0.15515859524011613,0.5714285714603436,2.693408772889485
129,0.9626666666666667,0.148908988293012,0.5671641791362498,2.7045572886843163
130,0.9621333333333333,0.1467780083378156,0.5682302772172733,2.711988175601593
131,0.9653333333333334,0.14851220202445983,0.5767590618654609,2.741224553285123
132,0.9666666666666667,0.14702605894406637,0.5756929637844375,2.7597970108487715
133,0.9632,0.14949357335964839,0.574626865703414,2.774358226800524
134,0.9607999999682109,0.15969459988276163,0.5767590618654609,2.7832099664440033
135,0.9621333333333333,0.14718143483400345,0.5703624734746368,2.794959142518196
136,0.9653333333333334,0.14253451282978058,0.5682302773125899,2.821116746361576
137,0.9541333333333334,0.15467253538767498,0.5724946696366837,2.839109043576824
138,0.9576,0.15458231497903666,0.5703624734746368,2.8469768424532305
139,0.9608,0.14807029899756113,0.5714285715556602,2.8548465019095937
140,0.9610666666666666,0.15365637513796487,0.5735607677177071,2.8421812911531816
141,0.9624,0.15168631194929283,0.5714285714603436,2.857106425360576
142,0.9589333333015442,0.15479905220667523,0.5703624734746368,2.8579932570711635
143,0.9658666666666667,0.14188896275758744,0.5746268657987306,2.866262279339691
144,0.96,0.15351372736295063,0.574626865703414,2.8840498812417232
145,0.9632,0.14796849778493246,0.5767590618654609,2.9044672390545356
146,0.9685333333333334,0.14176517328818639,0.5788912580275078,2.91094826126912
147,0.964,0.1446657834192117,0.5778251599464843,2.915495142499521
148,0.9653333333333334,0.1413863680422306,0.5820895522705781,2.9217129780539572
149,0.9605333333333334,0.14869226293563842,0.5820895522705781,2.9160775335104483
150,0.9613333333651225,0.1515570816040039,0.5842217484326251,2.921221084432053
151,0.9629333333333333,0.14409846176703772,0.5799573561085313,2.9418181295333894
152,0.9653333333015441,0.14911084073384603,0.5724946695413671,2.949846014539316
153,0.9623999999682109,0.1466949718952179,0.5767590618654609,2.9634047225594267
154,0.9648,0.14323402581214906,0.5682302772172733,2.975141009796403
155,0.9632,0.14651333490610122,0.5756929637844375,2.999748789171166
156,0.9637333333015442,0.14595511584281923,0.5756929637844375,2.996853930101212
157,0.9624,0.15112967831293742,0.5778251599464843,3.0058711556229256
158,0.9696,0.13390789624055227,0.5799573561085313,3.01850904635529
159,0.9589333333333333,0.1531740760644277,0.5746268656875279,3.0156923184262663
160,0.9637333333333333,0.1412896872629722,0.5724946695413671,3.017204960780357
161,0.9653333333333334,0.1389750693500042,0.5671641791203638,3.027894741944921
162,0.9568,0.1589524399379889,0.572494669525481,3.0551111642231565
163,0.9645333333333334,0.1443491708914439,0.5714285714444576,3.0628757832655267
164,0.9661333333015442,0.14091360375086467,0.5714285714444576,3.053644603249361
165,0.9677333333333333,0.13774173675378162,0.5735607676065044,3.0640303737827455
166,0.9674666666348776,0.1416875543117523,0.570362473363434,3.0690141710391177
167,0.9626666666666667,0.1442163222372532,0.570362473363434,3.077137998934748
168,0.9597333333333333,0.156555654724439,0.5767590618495748,3.1070506679477976
169,0.9656,0.14234341748158136,0.5714285714444576,3.1394582394597883
170,0.9594666666666667,0.15563711380163828,0.5714285714444576,3.14139226250557
171,0.9597333333333333,0.1501278282602628,0.5639658848772934,3.141281846743911
172,0.9634666666666667,0.1423964794109265,0.5618336887152464,3.15830991517252
173,0.9578666666666666,0.15284053408602874,0.5671641791203638,3.142888131172164
174,0.9656,0.13770412849287192,0.574626865703414,3.159101801386266
175,0.9629333333015442,0.14673063627878824,0.5682302772172733,3.2026289409157562
176,0.964,0.14421742815971375,0.5692963752982967,3.1931263521027717
177,0.9632,0.15097906828721364,0.5714285714603436,3.1775040677361397
178,0.9623999999682109,0.1471399137020111,0.5746268656875279,3.1783667464754473
179,0.9634666666666667,0.14274495695432027,0.5682302772013872,3.196420987786006
180,0.9639999999682108,0.14509233309427896,0.5682302772013872,3.2248354100469334
181,0.96,0.14865839337905248,0.5660980810393402,3.2322732685471394
182,0.9637333333333333,0.1464087255438169,0.5639658848772934,3.233130075784126
183,0.9647999999682109,0.14563072009086608,0.5628997867962698,3.240396525051548
184,0.9661333333333333,0.13658897684812546,0.5628997867962698,3.257511866880632
185,0.9664,0.1450496150414149,0.5618336887152464,3.258889649722622
186,0.9664,0.13832392632563908,0.5660980810552264,3.265956693620824
187,0.9664,0.1430394491404295,0.5682302772172733,3.2652537390621488
188,0.9631999999682108,0.14560326908429463,0.574626865703414,3.262782178199622
189,0.9663999999682109,0.13881287978490195,0.5671641791203638,3.2678479548456316
190,0.9664,0.14263189023534456,0.5639658848931794,3.2753453793556195
191,0.9698666666666667,0.13499757260282835,0.5607675906501091,3.268343283931838
192,0.9624,0.15130868218541146,0.5597014925690856,3.2879587948195206
193,0.9634666666666667,0.14348053809007008,0.5607675906501091,3.292806555213196
194,0.9653333333333334,0.1401325844705105,0.5597014925690856,3.307654220158103
195,0.9629333333015442,0.14931296361287436,0.5703624733793202,3.303074995337773
196,0.968,0.1402515375316143,0.5692963752982967,3.316236533589963
197,0.9677333333333333,0.13837871611913044,0.5735607676223905,3.340919564781921
198,0.9682666666666667,0.1361905588924885,0.5767590618654609,3.3261051665999486
199,0.9637333333015442,0.13870536230405173,0.5703624733793202,3.3248397648207413
200,0.9682666666348775,0.13653076753616333,0.5650319829742029,3.327914355914476
201,0.9706666666666667,0.1362639285504818,0.5692963752982967,3.3518756823753244
202,0.9650666666666666,0.14765541566212972,0.5703624733793202,3.3626210298111188
203,0.9656,0.13956011302073795,0.5692963752982967,3.357562641599285
204,0.9650666666666666,0.1420125180443128,0.5735607676223905,3.3556063881815117
205,0.9650666666666666,0.14042644501129786,0.5703624733793202,3.355888012884014
206,0.9688,0.13750533471107482,0.5756929637844375,3.3674058314325457
207,0.9664,0.1440349261045456,0.5714285714603436,3.353305692611727
208,0.9605333333333334,0.14281973737478257,0.5735607676223905,3.346792365442207
209,0.9656,0.14589129422505698,0.5714285714603436,3.3643276035658585
210,0.964,0.1477942832628886,0.5714285714603436,3.365608526445401
211,0.9653333333015441,0.14208424838383993,0.5660980810552264,3.346991690491308
212,0.9650666666666666,0.14194718061089515,0.5703624733793202,3.337517150683698
213,0.9616,0.14562485048969587,0.5692963752982967,3.335091174030101
214,0.9661333333333333,0.1416811716636022,0.5788912580275078,3.3190523403794017
215,0.9693333333333334,0.14234822643995285,0.5756929637844375,3.322117254423943
216,0.9666666666666667,0.1371747486213843,0.5735607676223905,3.339105426121368
217,0.9626666666666667,0.1508500916391611,0.5703624733793202,3.337748688167092
218,0.968,0.13748386426866055,0.5692963752982967,3.3479517517821877
219,0.9634666666666667,0.14488830986817677,0.5703624733793202,3.3627262684836317
220,0.968,0.13781745252609254,0.5671641791362498,3.3596896769395515
221,0.9661333333333333,0.13546143285036086,0.5639658848931794,3.3622777914441726
222,0.9653333333333334,0.13718884081244467,0.5618336887311325,3.38550102380293
223,0.9655999999682109,0.1430042564233144,0.562899786812156,3.38585209592319
224,0.9664,0.13509446902275085,0.5682302772172733,3.4025071719562066
225,0.9672,0.14747900422414145,0.5692963752982967,3.390789177372003
226,0.9669333333333333,0.13940466702779133,0.5682302772172733,3.416608394590268
227,0.9674666666666667,0.13674668604930243,0.5714285714603436,3.405471136829238
228,0.9581333333333333,0.1574560321966807,0.5660980810552264,3.4194353760432588
229,0.9642666666666667,0.1430954196790854,0.5639658848931794,3.416797297341483
230,0.9663999999682109,0.1345906555334727,0.5618336887311325,3.4350651637323377
231,0.9688,0.13949009854396185,0.5607675906501091,3.4846661411114592
232,0.9719999999682108,0.13019192973772684,0.562899786812156,3.482980201493448
233,0.9645333333015442,0.14857127378781637,0.5671641791362498,3.4832593555897793
234,0.9661333333333333,0.1389960837582747,0.5714285714603436,3.4836771310265386
235,0.9685333333333334,0.14001861731012663,0.5703624733793202,3.4833662342161005
236,0.9634666666666667,0.14992111459771792,0.5692963752982967,3.4752358160039254
237,0.972,0.1278255573272705,0.5692963752982967,3.488959701839032
238,0.9661333333333333,0.14008679203391075,0.5692963752982967,3.477252213939675
239,0.9698666666348775,0.1346785108089447,0.5724946695413671,3.4642195284747874
240,0.9602666666666667,0.1553692408879598,0.5714285714603436,3.4498083230529004
241,0.9634666666666667,0.14554622994860014,0.5692963752982967,3.4485345090121857
242,0.9712,0.12978474757174652,0.5682302772172733,3.4660426680721454
243,0.9624,0.1454834873576959,0.5671641791362498,3.466928198393474
244,0.9661333333333333,0.14002203008830547,0.5735607676223905,3.475047668668507
245,0.9632,0.14141714412371317,0.5692963752982967,3.4916233386058035
246,0.972,0.12358298947811126,0.5703624733793202,3.4872426793519367
247,0.9696,0.1315020486632983,0.5714285714603436,3.5026199090709564
248,0.9637333333333333,0.14505429345766704,0.5639658848931794,3.5172175659553835
249,0.9650666666348775,0.13926400989691418,0.5703624733793202,3.5362580112302737
