epoch,acc,loss,val_acc,val_loss
0,0.5165333333651225,0.7146466826121013,0.5309168443496801,0.7063698180194603
1,0.58,0.7009132615407307,0.5735607676541628,0.7013917590763523
2,0.6216000000317892,0.6899710707028707,0.581023454221327,0.6987833852198586
3,0.6584000000158946,0.6755455625216166,0.6044776120673873,0.6945455969015418
4,0.6602666666348775,0.6680640969276428,0.6226012793812417,0.6894145895168979
5,0.6805333333333333,0.6550956567446391,0.6204690832191947,0.6861310851599361
6,0.6850666666666667,0.6455726231575012,0.6226012793176973,0.683845163408373
7,0.7034666666348776,0.6300811296780904,0.6151385928776218,0.6833116914163521
8,0.7058666666666666,0.6234428879737854,0.6130063966520305,0.6815523400998065
9,0.7103999999682109,0.6071040342330932,0.6151385928140775,0.6812369772620293
10,0.7290666666348775,0.5903138271013896,0.6044776120038429,0.6800484537824131
11,0.7298666666666667,0.5785558425585429,0.6034115139228194,0.681537133290061
12,0.7442666666348775,0.5590713016827901,0.5970149253731343,0.686002864639388
13,0.76,0.5409270347118378,0.591684434968017,0.6888304299383021
14,0.7602666666348775,0.5312439795811971,0.5884861407249466,0.6934884754833637
15,0.7626666666348775,0.5189779813130697,0.582089552238806,0.6983974077808324
16,0.7738666666666667,0.49782155488332114,0.5874200426439232,0.7007488392309339
17,0.7773333333015442,0.48805547196070354,0.5863539445628998,0.7049735962454953
18,0.7717333333015441,0.4800566828250885,0.5831556503198294,0.7105608745170301
19,0.7741333333015442,0.47021434680620827,0.5767590618336887,0.7171312864147016
20,0.7821333333015442,0.45915802427927654,0.5735607675906184,0.7221506146479771
21,0.7869333333651225,0.44700768397649127,0.5884861407249466,0.7275219305491905
22,0.793333333349228,0.43470196453730264,0.5884861407249466,0.7305142155079953
23,0.8002666666666667,0.42035942006111143,0.5788912579957356,0.7413294234001306
24,0.7903999999682109,0.41709453039169314,0.5788912579957356,0.7508667604501313
25,0.8037333333333333,0.40395381375948586,0.5863539445628998,0.7584869410437561
26,0.8010666666666667,0.3987956103006999,0.5735607675906184,0.7647144662291765
27,0.8112000000317892,0.3845956469217936,0.5788912579957356,0.767573156590655
28,0.8069333333015442,0.38115706048011777,0.5810234544119601,0.7761032489825413
29,0.8015999999682109,0.3784788722197215,0.5767590620878663,0.7878611143718142
30,0.8109333333333333,0.36587008949915567,0.5703624736017255,0.8007715353325232
31,0.8170666666984558,0.3602147099494934,0.5650319831966083,0.8101420562658737
32,0.8191999999682108,0.3519540863196055,0.5671641793586552,0.8200895694781468
33,0.8146666666984558,0.3506226900100708,0.5639658851155849,0.8312837800491594
34,0.8165333333015442,0.3472933275858561,0.5682302774396787,0.840789412130425
35,0.8314666666348776,0.3280761110305786,0.5671641793586552,0.8568338501427982
36,0.8338666666348775,0.32862597301801044,0.5692963755207021,0.8693394449982308
37,0.8248000000317891,0.3217424370129903,0.5724946697637725,0.8810125441947726
38,0.8250666666984559,0.3167436345100403,0.5735607678447959,0.8970752214826246
39,0.8357333333651225,0.30360001198450726,0.5660980812776317,0.9081806193536787
40,0.8298666666348775,0.3039774399280548,0.5650319831966083,0.9323685461524199
41,0.8421333333651225,0.2893978703816732,0.5628997870345613,0.9453118937864486
42,0.8437333333015442,0.2900727059205373,0.5575692966294441,0.9612315832170596
43,0.8416,0.2939572805563609,0.5575692966294441,0.9801273803466927
44,0.8469333333333333,0.28661975031693776,0.5575692966294441,0.9879988360760817
45,0.8525333333015442,0.28124982673327126,0.5628997870345613,1.0061007382264777
46,0.8413333333333334,0.2854020905335744,0.5533049043053503,1.0216798484960854
47,0.8536,0.2719489126245181,0.5554371004673972,1.042747965753714
48,0.8578666666348775,0.271790146112442,0.5628997870345613,1.0635720646457631
49,0.8602666666666666,0.2624986319859823,0.5565031985484207,1.077566335704535
50,0.8663999999682108,0.25036734874248506,0.5543710023863737,1.106210248302549
51,0.8728,0.2536812536716461,0.5543710023863737,1.130151232422542
52,0.8714666666666666,0.2542808349291484,0.5554371004673972,1.152002718402887
53,0.8738666666348776,0.2522515793800354,0.5554371004673972,1.1690781581630585
54,0.8775999999682108,0.24231755521297454,0.5490405119812565,1.1881880490764627
55,0.8776,0.24497686587572098,0.5458422177381861,1.2098772391073231
56,0.88,0.2419696605761846,0.5437100215761392,1.2286874866688937
57,0.8749333333333333,0.23899424521923066,0.5458422177381861,1.2425319815495375
58,0.8776,0.2379381822268168,0.5575692966294441,1.254275723561041
59,0.8837333333333334,0.23323874582449594,0.5554371004673972,1.2756355042650755
60,0.8866666666348775,0.22541947498321532,0.5437100215761392,1.3050258294351573
61,0.8941333333333333,0.22131784116427103,0.5437100215761392,1.3240089899441327
62,0.88,0.22340019406874975,0.5554371004673972,1.338507737686385
63,0.8877333333333334,0.22260251779556275,0.5575692966294441,1.361071598809411
64,0.8762666666348775,0.22235381619930267,0.5597014927914911,1.3881485790077812
65,0.8877333333333334,0.21515479815800984,0.5511727081433034,1.3985916032974146
66,0.8776,0.23075457675457,0.5522388062243269,1.418571533933123
67,0.8842666666666666,0.21388551573753356,0.5469083158192096,1.4453779209905595
68,0.8863999999682108,0.2112296705087026,0.5415778254140923,1.477978398042447
69,0.8877333333333334,0.21645671209494272,0.5330490407659046,1.5023643177455421
70,0.8855999999682108,0.21400652503967285,0.5383795307897555,1.5120559165726846
71,0.8826666666666667,0.2076305948416392,0.5426439234951158,1.5261109719144257
72,0.8893333333015442,0.20772513270378112,0.5405117273330688,1.534766607193042
73,0.8917333333333334,0.2076414438486099,0.5405117273330688,1.5543426925947925
74,0.8970666666984558,0.20353543197313945,0.5437100215761392,1.5607055656945528
75,0.8842666666984558,0.20928675082524617,0.5458422177381861,1.5782543636842576
76,0.8890666666666667,0.2056936402440071,0.547974413900233,1.6120177728535017
77,0.8922666666666667,0.19984273846149445,0.5522388062243269,1.6204773840873734
78,0.9010666666666667,0.19626021010080974,0.5522388062243269,1.6264732626201248
79,0.8986666666666666,0.19388969437281292,0.5458422177381861,1.6467388840372374
80,0.8970666666984558,0.19570369760195414,0.5501066100622799,1.6575547085642053
81,0.8898666666348776,0.19506055886745452,0.5554371004673972,1.6826817259859683
82,0.8887999999682109,0.19744018511772155,0.5543710020051074,1.6871557812700901
83,0.8936000000317892,0.195483788728714,0.5597014927914911,1.702591873689501
84,0.8943999999682108,0.19264819725354512,0.5660980812776317,1.7251062121218457
85,0.8951999999682109,0.19017471030553182,0.5575692966294441,1.7462420847370173
86,0.8872,0.20683409254550933,0.5586353943292012,1.7724562888460627
87,0.8887999999682109,0.19707688584327698,0.5565031981671543,1.7832793167659216
88,0.8890666666666667,0.1949076912174622,0.5565031981671543,1.7976218942386002
89,0.8949333333015442,0.19101863293647767,0.5607675904912481,1.8097896255663972
90,0.8816000000317892,0.19662631815274556,0.5618336889535379,1.8239413959893591
91,0.8879999999682109,0.19219072232246398,0.5565031985484207,1.8328613863825036
92,0.8994666666666666,0.1836390735467275,0.5586353947104675,1.8449802952788785
93,0.8896,0.19019780933062236,0.5597014927914911,1.8631381210741966
94,0.8917333333015441,0.18925212094783783,0.5565031985484207,1.873526912254057
95,0.8933333333333333,0.1880401702562968,0.5469083154379432,1.8990710671268292
96,0.8957333333651225,0.18161670018831888,0.5565031981671543,1.909907207814361
97,0.8912,0.1896917138338089,0.5565031981671543,1.932554406143709
98,0.8903999999682108,0.18728223148187,0.5597014924102246,1.9467030903423772
99,0.9010666666348776,0.1781744435787201,0.5458422173569197,1.9716468904572508
100,0.8968,0.18112866689364115,0.5575692962481777,1.9853199168817321
101,0.9018666666348775,0.18321047525405884,0.5597014924102246,2.000865286601378
102,0.9056,0.17877126773198446,0.5618336885722716,2.010005394278813
103,0.8973333333333333,0.18514257808029652,0.565031982815342,2.0234814061284827
104,0.9016,0.18059642517169316,0.5660980808963654,2.051342291618461
105,0.9010666666984558,0.1795350786368052,0.5671641789773888,2.069564597693079
106,0.8946666666348775,0.18627132563591003,0.5597014924102246,2.086721500099849
107,0.8928,0.18603221130371095,0.5597014924102246,2.0960537502760572
108,0.9,0.17662717216412227,0.5543710020051074,2.1050400566190546
109,0.8965333333333333,0.18035692736705145,0.5565031981671543,2.1322334071974764
110,0.9112,0.17345009406208992,0.5554371000861308,2.157891384828319
111,0.9,0.18189580356081328,0.5543710020051074,2.1750890283442255
112,0.8986666666666666,0.18189630233446757,0.5469083154379432,2.204960408749611
113,0.8967999999682108,0.18260461076100667,0.5458422173569197,2.222262231525836
114,0.8986666666348775,0.18063937882582345,0.5415778250328259,2.232840023061106
115,0.8967999999682108,0.17856757398446402,0.5415778254140923,2.2504279877839566
116,0.9015999999682108,0.1752403510570526,0.5522388062243269,2.2539991935941455
117,0.8938666666666667,0.1872108226219813,0.5458422177381861,2.2666012854464275
118,0.9056,0.17261589450041454,0.5554371000861308,2.2801978827031184
119,0.8981333333333333,0.1760654307126999,0.5533049039240839,2.291944436172941
120,0.9082666666348775,0.1698116384824117,0.5501066096810135,2.3079219708310514
121,0.9005333333333333,0.17393974725405376,0.5490405115999901,2.3216760372047993
122,0.9,0.17551387707392374,0.5533049039240839,2.351250134043094
123,0.9069333333015442,0.17188040444850922,0.5575692962481777,2.3690531167394315
124,0.9021333333333333,0.18053524389266967,0.5490405119812565,2.3868098416562273
125,0.9005333333333333,0.17407985773881277,0.5447761196571627,2.3962984196921147
126,0.9021333333333333,0.1755401336669922,0.5501066096810135,2.4246109665583955
127,0.9016,0.17443542035122714,0.547974413900233,2.435337688368775
128,0.904,0.17444311665395895,0.5533049043053503,2.444771614156044
129,0.9125333333015442,0.16358951065540314,0.5511727081433034,2.4567688655243245
130,0.9,0.1749971436659495,0.5490405119812565,2.460712601635248
131,0.8989333333333334,0.1751519892136256,0.5458422177381861,2.46579978715128
132,0.8962666666666667,0.1740777047554652,0.5543710023863737,2.481826244895138
133,0.9058666666348775,0.16601243710517882,0.5522388062243269,2.489269381647171
134,0.8976,0.17753157990276813,0.5447761196571627,2.4824757565821667
135,0.9085333333333333,0.17236839460829895,0.5469083158192096,2.4976686094361327
136,0.9069333333015442,0.16833847309748332,0.5533049043053503,2.503255875634232
137,0.9013333333015442,0.17635072139104208,0.5490405119812565,2.495076695993257
138,0.9032,0.17011876204013823,0.5565031985484207,2.508899562648619
139,0.9002666666348775,0.17457089231014253,0.5554371004673972,2.523230320355023
140,0.9053333333015442,0.171649068403244,0.5447761196571627,2.536986266117869
141,0.9061333333651225,0.16712248546282452,0.5469083154379432,2.5422900678760714
142,0.9023999999682109,0.17549781153996785,0.5405117273330688,2.5695091366513707
143,0.9069333333651225,0.16846969836552939,0.5437100211948728,2.584972092846055
144,0.9079999999682109,0.16818819495836893,0.539445628870779,2.603654366820606
145,0.9015999999682108,0.17606003805796305,0.539445628870779,2.6006849986403737
146,0.9114666666666666,0.16091262166897455,0.5426439231138493,2.61440980510671
147,0.9141333333015442,0.15940232822100323,0.5437100211948728,2.63813534372651
148,0.9042666666348775,0.1690957231760025,0.5501066100622799,2.631779614287907
149,0.9066666666348775,0.16440657179355622,0.5447761196571627,2.6442005192038853
150,0.9061333333333333,0.17141695917447408,0.5437100215761392,2.6380258216532564
151,0.9048,0.16834978087743124,0.5554371004673972,2.6529049024398903
152,0.9037333333333334,0.16649984043439228,0.5447761196571627,2.6660548359600464
153,0.9032,0.17091464915573598,0.5490405115999901,2.6808040706333576
154,0.9024000000317891,0.16873888889948527,0.5405117269518025,2.702235472481896
155,0.9072,0.16516372848550478,0.5362473346277087,2.691467183993569
156,0.9053333333333333,0.1625831397086382,0.5362473346277087,2.728544871690177
157,0.9111999999682109,0.16067186776796977,0.5383795307897555,2.7449592456126264
158,0.9026666666666666,0.17101633671124777,0.5426439231138493,2.7389781586905277
159,0.9047999999682108,0.16969615139961242,0.5426439231138493,2.7287338395108547
160,0.9018666666666667,0.16542209780216216,0.539445628870779,2.7566050964632014
161,0.9098666666666667,0.16656381491025288,0.5373134327087321,2.7798032186178765
162,0.9008,0.1682188860654831,0.5341151388469281,2.785260574141545
163,0.9090666666348776,0.16497423150539398,0.5426439234951158,2.7899269193474416
164,0.9159999999682109,0.1579417805512746,0.5437100215761392,2.792675852521396
165,0.9181333333015442,0.1598185499986013,0.5511727078891258,2.7954998107861355
166,0.9085333333015442,0.1696223905801773,0.551172707762037,2.81231808408237
167,0.9088,0.1661436348348856,0.5543710020051074,2.832799882014423
168,0.9087999999682108,0.16715103675524393,0.5501066096810135,2.835916172975162
169,0.9058666666666667,0.16272224277655284,0.5554371000861308,2.8304221691099056
170,0.9098666666666667,0.16096095107396444,0.5469083154379432,2.8248456073468176
171,0.9135999999682108,0.1584197461048762,0.5447761192758963,2.8285815888630554
172,0.9125333333015442,0.16194221859773,0.5501066096810135,2.857471930192732
173,0.9119999999682109,0.1537840821901957,0.5479744135189667,2.8651625794896693
174,0.9098666666666667,0.15870849255720773,0.5501066096810135,2.880710467092518
175,0.9061333333333333,0.16664429887235166,0.5522388058430605,2.865102092848658
176,0.9135999999682108,0.15934744647343954,0.551172707762037,2.8758674943879217
177,0.9162666666348775,0.15410432955423992,0.5501066096810135,2.868979713301669
178,0.9007999999682108,0.16241545900503795,0.5469083154379432,2.879141503559755
179,0.9202666666666667,0.15296710445086162,0.5458422173569197,2.88230183637981
180,0.9157333333333333,0.15290356971025468,0.5554371000861308,2.888266999584271
181,0.9133333333333333,0.15636324939727783,0.5607675904912481,2.878938107602378
182,0.9176,0.15845616367260615,0.5554371000861308,2.8850621567097807
183,0.9138666666348775,0.15904351364771524,0.5522388058430605,2.8857136189556325
184,0.9152000000317891,0.1570781897385915,0.5479744135189667,2.9053777087726065
185,0.904,0.16229579689304033,0.551172707762037,2.91528555579277
186,0.9130666666666667,0.1603703331232071,0.5522388058430605,2.9381370142833
187,0.9157333333015442,0.15439731888771058,0.5469083154379432,2.9247762775624486
188,0.9178666666348775,0.1540522381623586,0.5522388058430605,2.925386298185727
189,0.9069333333015442,0.1616747559070587,0.5458422173569197,2.922535786496551
190,0.9135999999682108,0.1554456277926763,0.5490405115999901,2.92553953270414
191,0.9138666666666667,0.15489194513758023,0.551172707762037,2.92617395285096
192,0.9162666666348775,0.15473277786572776,0.551172707762037,2.9374087995557643
193,0.9170666666666667,0.15016776555577913,0.5490405115999901,2.963609298409175
194,0.9242666666348776,0.14180634274482726,0.5533049039240839,2.9740310899738565
195,0.9114666666666666,0.15870047736962636,0.551172707762037,2.9926236285837984
196,0.9117333333333333,0.15422799586455027,0.5522388058430605,2.9952474631734494
197,0.9112,0.16210357823371888,0.5543710020051074,2.9987560182746287
198,0.9117333333015442,0.1552371118704478,0.5543710020051074,2.9950753280094693
199,0.9167999999682108,0.1531722315788269,0.5522388058430605,3.0110952178044106
200,0.9136,0.15107452380657196,0.5437100211948728,3.049722395471927
201,0.9176,0.15206709938247998,0.5469083154379432,3.0869483093717207
202,0.9130666666666667,0.15484457391897838,0.5501066096810135,3.1087619739809016
203,0.9136,0.15398106015523275,0.551172707762037,3.1137389587695155
204,0.9130666666666667,0.1584567319015662,0.5458422173569197,3.1219634043890783
205,0.9181333333333334,0.15202518650690713,0.5469083154379432,3.1142568501836454
206,0.9189333333651225,0.14605791227022807,0.5426439231138493,3.112092067946249
207,0.9168,0.1450359632809957,0.539445628870779,3.122867630997192
208,0.9178666666348775,0.15193774245580038,0.5458422173569197,3.1319417617976795
209,0.9199999999682108,0.1480166708469391,0.5522388058430605,3.1389901236430413
210,0.9194666666666667,0.15198011887868246,0.5469083154379432,3.1548661611227593
211,0.9168,0.1516917265812556,0.5533049039240839,3.1770043022342835
212,0.9173333333015442,0.14688032627105713,0.5479744135189667,3.1866980198858137
213,0.9213333333333333,0.15049551447530587,0.5405117269518025,3.183652341492903
214,0.9149333333015441,0.15266736977100373,0.539445628870779,3.195414340318139
215,0.9138666666666667,0.153367727603515,0.5415778250328259,3.2144440628572313
216,0.9221333333333334,0.1454620064973831,0.5405117269518025,3.2164646979334
217,0.9224,0.14602644596099854,0.5415778250328259,3.2228658316231993
218,0.9253333333333333,0.14809460101922353,0.5405117269518025,3.2419387064000436
219,0.9210666666666667,0.14788381940523784,0.539445628870779,3.2496399752366774
220,0.9231999999682109,0.14483458383083345,0.5405117269518025,3.247816665340334
221,0.9176,0.15149257531166077,0.539445628870779,3.2594515906213952
222,0.9154666666666667,0.1516531029154857,0.5426439231138493,3.2886449223134053
223,0.9226666666666666,0.1501566753546397,0.5426439231138493,3.3000486171576005
224,0.9253333333015442,0.15176162798404694,0.5437100211948728,3.2946429832149415
225,0.9146666666666666,0.14912760719060897,0.5501066096810135,3.3061236196489476
226,0.9213333333333333,0.1515071512858073,0.5447761192758963,3.319373122664657
227,0.9245333333015442,0.14379243490695953,0.539445628870779,3.3415523139652668
228,0.9256000000317891,0.14587590821584065,0.5415778254140923,3.348087864898161
229,0.9229333333333334,0.14392613557974498,0.5341151388469281,3.3369731455723612
230,0.9264,0.1398174523750941,0.5458422177381861,3.3350845227109343
231,0.9296,0.14544282955328625,0.5437100215761392,3.348037208321252
232,0.9192,0.15195556288659573,0.5490405117270789,3.345988283787709
233,0.9287999999682108,0.14650113023122152,0.5426439232409381,3.319189215011434
234,0.9224,0.14594884147644044,0.5490405117270789,3.318276344331851
235,0.9269333333333334,0.14240970654487609,0.5490405117270789,3.3236327537341412
236,0.9239999999682108,0.13960168251991273,0.5501066100622799,3.345407845877381
237,0.9229333333333334,0.14889288816054663,0.5565031985484207,3.3488424968109456
238,0.9255999999682109,0.14452364568710327,0.5543710023863737,3.3719714247087427
239,0.9229333333333334,0.14681450015703837,0.5501066100622799,3.36280712898352
240,0.9210666666666667,0.15156818651755652,0.5490405117270789,3.399246237679585
241,0.9248,0.14561589221358298,0.547974413900233,3.419293796075687
242,0.9229333333015441,0.14165795923868815,0.5501066100622799,3.4160065045997277
243,0.9226666666348775,0.14223308210372926,0.5490405119812565,3.43149006341312
244,0.928,0.14502647058963775,0.5469083158192096,3.442856020510578
245,0.9181333333333334,0.14894592987497648,0.5522388062243269,3.4585060600532906
246,0.9261333333333334,0.13928623454868794,0.5522388059701493,3.462097388594898
247,0.9226666666666666,0.1432560910741488,0.5543710020051074,3.476644587160936
248,0.9258666666666666,0.13650663236280283,0.551172707762037,3.5062990707120916
249,0.9194666666666667,0.14128257823387783,0.5554371000861308,3.5169854250543917
