epoch,acc,loss,val_acc,val_loss
0,0.4901333333651225,0.7315160347302755,0.49786780409213066,0.716333642316017
1,0.6064000000317892,0.6843220705032349,0.5213219616840135,0.7090114227998485
2,0.6957333333651224,0.6461967896143596,0.5394456289978679,0.7058290515118825
3,0.7378666666666667,0.6201779364903768,0.5565031982942431,0.7030726277243609
4,0.7661333333333333,0.5905994639237722,0.5724946695095949,0.7036140913139782
5,0.7890666666348776,0.5622036196390787,0.5724946695095949,0.7072524847760637
6,0.8066666666666666,0.534969631989797,0.5714285714285714,0.7112233266393259
7,0.8253333333015442,0.5096585197448731,0.5607675906183369,0.7198708832645213
8,0.8437333333015442,0.4759882738431295,0.5650319829424307,0.7237261257954498
9,0.8448000000317891,0.4567148120244344,0.5682302771855011,0.7328108258084702
10,0.8605333333651225,0.4382878701686859,0.5724946695095949,0.7418419990712392
11,0.8647999999682109,0.4221771112124125,0.5692963752665245,0.755008726994366
12,0.8650666666666667,0.4087648834705353,0.5756929637526652,0.7671711359705243
13,0.8797333333651225,0.3813542180856069,0.5810234541577826,0.7785616911042219
14,0.8749333333015442,0.37100897051493326,0.5682302771855011,0.796555241542076
15,0.8866666666666667,0.35948236508369447,0.5618336886993603,0.8108715732722903
16,0.8911999999682109,0.34155029446283974,0.5618336886993603,0.8296919415500372
17,0.8938666666348776,0.32869424352645876,0.5586353945198343,0.8458408741300294
18,0.8933333333015442,0.3218568123658498,0.5735607675906184,0.8602882440664621
19,0.9018666666984558,0.30736108144124347,0.5650319829424307,0.8770701577668505
20,0.9,0.29966825069586434,0.5714285714285714,0.8939774221957111
21,0.8973333333333333,0.29483453684647876,0.570362473347548,0.9152718131730297
22,0.9058666666348775,0.2841945511182149,0.5682302771855011,0.9411584698060936
23,0.9032,0.2838003894726435,0.5682302771855011,0.9550353324235376
24,0.9125333333333333,0.2680785148620605,0.5660980810234542,0.9731755848886616
25,0.9189333333333334,0.2527601682186127,0.5692963752665245,1.000875905378541
26,0.9138666666666667,0.2541612740914027,0.5660980810234542,1.0266549259360664
27,0.9112,0.25310289066235225,0.55863539445629,1.0462660176921754
28,0.9207999999682108,0.24168333962758382,0.5692963752665245,1.0635748084928436
29,0.9213333333333333,0.23614139993985495,0.5660980810234542,1.0927844121257888
30,0.9226666666348775,0.23330306477546692,0.5650319829424307,1.1066121704288636
31,0.9173333333333333,0.23420267515182494,0.55863539445629,1.128773117878798
32,0.9242666666666667,0.2252280036608378,0.5607675906183369,1.1490525978206316
33,0.9216,0.22602662158807119,0.5575692963752665,1.1810123343457546
34,0.9258666666666666,0.21647242118517557,0.5575692963752665,1.2075319285077581
35,0.9202666666348776,0.2165600834528605,0.5522388059701493,1.2237924284009791
36,0.9269333333333334,0.2136335476676623,0.55863539445629,1.246378752722669
37,0.928,0.21217325520515443,0.5607675906183369,1.2713006234118172
38,0.9303999999682109,0.20464513613382976,0.5618336886993603,1.2880794920646814
39,0.9335999999682109,0.2011863511244456,0.55863539445629,1.301545635215255
40,0.9232,0.21209066982269287,0.5607675906818813,1.3298035979525114
41,0.9258666666666666,0.20229989115397135,0.555437100276764,1.3569524570314615
42,0.9250666666666667,0.20214535874227682,0.5543710021957405,1.3758491511538085
43,0.9394666666666667,0.18323705664873124,0.5575692964388109,1.39036796774183
44,0.9341333333333334,0.19550166671276092,0.555437100276764,1.4174229353984027
45,0.9328000000317891,0.19545462471644084,0.5490405117906233,1.4489247077055323
46,0.9261333333333334,0.20051086191336315,0.5607675906183369,1.4545181885456988
47,0.9338666666984559,0.18849784625371296,0.5565031983577875,1.4744053824878196
48,0.9304,0.1915758734067281,0.555437100276764,1.487322510432587
49,0.932,0.19239081941843034,0.5618336887629047,1.5043258816956966
50,0.9365333333333333,0.1798954288582007,0.5597014925373134,1.5287556325448857
51,0.9357333333015442,0.1854759652773539,0.5607675906183369,1.5505845025658354
52,0.9384,0.17897727825045587,0.5628997868439282,1.573366025109281
53,0.9429333333015442,0.16936613794962566,0.5628997867803838,1.600078569038082
54,0.9346666666666666,0.1777821053336064,0.5692963752665245,1.6253864737207702
55,0.9397333333333333,0.17685396025180816,0.5660980810234542,1.6421460551239535
56,0.9386666666666666,0.17035923178195952,0.5597014925373134,1.650232543314952
57,0.9392,0.1756177053074042,0.5565031982942431,1.655621707820689
58,0.9384,0.17641040046215056,0.5597014925373134,1.6669216994791904
59,0.9370666666666667,0.17578981657028198,0.5533049040511727,1.697771838224773
60,0.9418666666666666,0.168243283812205,0.5543710021321961,1.7094675383842322
61,0.9426666666666667,0.1666919162094593,0.5565031982942431,1.7358873546250593
62,0.9399999999682108,0.16862872497240702,0.5660980810234542,1.7532269115895351
63,0.9448,0.16642891646623612,0.5639658848614072,1.7799084979588036
64,0.9383999999682109,0.17354324522018433,0.5660980810234542,1.7874464958207186
65,0.9392,0.1723433753490448,0.5692963752665245,1.8158153394646228
66,0.9431999999682109,0.16859721961816151,0.5714285714285714,1.8246024742817828
67,0.9464,0.15890707616408667,0.571428571682749,1.8462492062338889
68,0.9434666666666667,0.16294027595818042,0.5703624736017255,1.8663757111726285
69,0.9410666666666667,0.16757052919069926,0.5650319831966083,1.9006502953673732
70,0.944,0.16324408105214436,0.571428571682749,1.9248453066038933
71,0.9392,0.16982196609576544,0.5692963752665245,1.929397964782552
72,0.9429333333333333,0.16610726104776063,0.5628997870345613,1.9371011689273534
73,0.9477333333333333,0.15688821843663853,0.5714285714285714,1.9550011330830264
74,0.9418666666666666,0.15951339455048244,0.5714285714285714,1.9882067454649186
75,0.9482666666666667,0.15748606032530466,0.5575692966294441,2.0170980206430595
76,0.9392,0.16829211511611938,0.5660980812776317,2.026601679035341
77,0.9456,0.16083914049466452,0.5660980812776317,2.05307514225242
78,0.9413333333333334,0.16075105194250744,0.5682302774396787,2.0943056535619156
79,0.9474666666666667,0.15271120833555857,0.5618336886993603,2.0986602718133662
80,0.9496,0.1505299603819847,0.5618336886993603,2.1126122444169098
81,0.9466666666666667,0.14854379814068477,0.5639658851155849,2.1360017617882443
82,0.9453333333333334,0.15562274865706763,0.5660980812776317,2.158409164912665
83,0.9424,0.15810829055011272,0.5597014927914911,2.1829251744853915
84,0.9429333333015442,0.15775581108729045,0.5469083155650319,2.2075936901035593
85,0.9472000000317892,0.15503651022911072,0.5437100215761392,2.236555777124759
86,0.9472000000317892,0.1471832018216451,0.5405117270788913,2.2587432968082712
87,0.9434666666984558,0.1539725128809611,0.5501066098081023,2.257456440915431
88,0.9469333333333333,0.1502242989252011,0.5469083155650319,2.2760601201291277
89,0.9514666666666667,0.14701266991198064,0.5511727078891258,2.281361675465793
90,0.9477333333651224,0.14996682980855305,0.5554371002132196,2.3015647783462425
91,0.9439999999682108,0.1542928434054057,0.5575692963752665,2.343178194977327
92,0.9472,0.14742719036738078,0.5543710021321961,2.3579793886335167
93,0.952,0.14131140094598135,0.5554371002132196,2.3710468288169486
94,0.9448,0.15063811090389886,0.5511727078891258,2.3860504754316576
95,0.9482666666348776,0.1441701672554016,0.55863539445629,2.3983660364456014
96,0.9479999999682108,0.1471426410039266,0.5511727078891258,2.397148368201022
97,0.9408,0.1525770368496577,0.5543710021321961,2.3686302069153613
98,0.9426666666666667,0.15459292337099712,0.5597014925373134,2.3628449821268824
99,0.9450666666348775,0.1497958566824595,0.5607675906183369,2.390469220655559
100,0.9466666666666667,0.1484201116402944,0.5565031982942431,2.3773100106700906
101,0.9445333333333333,0.1515569779117902,0.5554371002132196,2.410635340188358
102,0.9498666666348775,0.1425053095181783,0.5533049040511727,2.4376572388321605
103,0.9498666666348775,0.14176711767514547,0.5575692963752665,2.4534498196420893
104,0.9442666666666667,0.14657597160041333,0.5565031982942431,2.481699616161745
105,0.9538666666348775,0.13758333133061726,0.5554371002132196,2.5109723447990824
106,0.9506666666666667,0.14537029508749644,0.5543710021321961,2.5218696075716
107,0.9488,0.1432668885707855,0.5575692963752665,2.5405174501415
108,0.9506666666348775,0.13877890637715656,0.5565031982942431,2.5611338259568854
109,0.9426666666984558,0.15024896844228108,0.5597014925373134,2.586601822106823
110,0.9466666666666667,0.14516762212117512,0.5650319829424307,2.593797053355398
111,0.9477333333333333,0.14140066068371138,0.5671641791044776,2.6180151134157486
112,0.9530666666348775,0.13397901304562887,0.55863539445629,2.6346769724319232
113,0.9538666666984558,0.13659940141042073,0.5628997867803838,2.6451016336615916
114,0.9485333333333333,0.14275637565453847,0.5597014925373134,2.662428066928758
115,0.9488,0.1420940013329188,0.5671641791044776,2.6608669351158873
116,0.9485333333015442,0.14146785368919373,0.570362473347548,2.6594753422970965
117,0.9466666666666667,0.14560168957710265,0.5714285714285714,2.6711253667436936
118,0.9541333333333334,0.1320987984697024,0.5682302772490455,2.663048281090092
119,0.9477333333333333,0.14041959821780522,0.5703624734110924,2.684778022867784
120,0.9490666666666666,0.13983077019850412,0.5724946695731393,2.718537417556177
121,0.9493333333333334,0.13570783986647925,0.5735607675906184,2.755425050568733
122,0.9458666666984558,0.14470849281946818,0.5692963752665245,2.7895000077514
123,0.9477333333333333,0.1442579315662384,0.5597014925373134,2.8265312694029006
124,0.9490666666348775,0.1394134208838145,0.5618336886993603,2.8437856362064258
125,0.9447999999682108,0.14754982806841532,0.5597014925373134,2.8706484186623906
126,0.944,0.14392056254545849,0.5586353947104675,2.919668560597434
127,0.9426666666666667,0.15062258327802022,0.5586353947104675,2.9304239317806546
128,0.948,0.13605216620862484,0.5565031982942431,2.923438805761114
129,0.9501333333333334,0.13557064713637035,0.55863539445629,2.9302825551551543
130,0.9541333333333334,0.1315772362112999,0.5565031985484207,2.91760279527351
131,0.9474666666348776,0.1405238587697347,0.5618336889535379,2.9277178270222026
132,0.9466666666666667,0.14524476069509984,0.5714285713014826,2.9030192772716856
133,0.9458666666666666,0.1419657332142194,0.55863539445629,2.9317480770509636
134,0.9498666666666666,0.13740513788461686,0.5618336885722716,2.9489638891809786
135,0.9506666666666667,0.13514981165329615,0.5575692966294441,2.9506269035054675
136,0.9479999999682108,0.13860161038239796,0.5682302771855011,2.9833510740479428
137,0.9530666666666666,0.13179847275416057,0.5618336889535379,2.9846011468850726
138,0.9509333333333333,0.13291023502846558,0.5660980810234542,2.9933448356351873
139,0.9445333333015442,0.14057210744222004,0.5607675906183369,3.010280389521422
140,0.9533333333015442,0.13192854973475138,0.5607675906183369,3.027549100074687
141,0.9552,0.12758180191516877,0.5650319829424307,3.050160659147478
142,0.9496,0.13459447063803673,0.5533049040511727,3.0733151273178394
143,0.9517333333333333,0.13630149723092716,0.5618336886993603,3.09292586983394
144,0.9536,0.1323163636634747,0.571428571682749,3.129885303440379
145,0.9448,0.14341116641362509,0.5724946695095949,3.1397460437278504
146,0.9509333333333333,0.133371805648009,0.5767590618336887,3.141661452840386
147,0.9530666666666666,0.12982648948431014,0.5682302771855011,3.1718716753571274
148,0.9559999999682108,0.12998091402053832,0.5692963753300689,3.190495421891528
149,0.9512,0.13315312537352245,0.5714285714921158,3.206255589466868
150,0.9512,0.1358780331214269,0.5714285714921158,3.216609565433917
151,0.9528,0.13086653911272686,0.5660980811505429,3.2209073607601337
152,0.9613333333333334,0.12498093762397766,0.5682302772490455,3.226628603457388
153,0.9498666666666666,0.1304691236356894,0.5767590618336887,3.2388068485870036
154,0.9485333333333333,0.13911352886358896,0.5692963753936133,3.22745520727975
155,0.9536000000317891,0.1318766023159027,0.5692963753936133,3.2353505945917385
156,0.9501333333333334,0.1365160639921824,0.5618336888264491,3.2661141464705152
157,0.9498666666666666,0.13493402572174867,0.567164179168022,3.278847917056541
158,0.9568,0.12708465785185497,0.5714285714921158,3.2965454353706667
159,0.9530666666348775,0.12849273117383322,0.5607675907454257,3.3058428479664363
160,0.9570666666666666,0.127999924604098,0.5660980810234542,3.317322792020688
161,0.9519999999682108,0.13453887190818786,0.5607675906818813,3.333801348834658
162,0.9554666666666667,0.13433067455291747,0.5565031982942431,3.318878643548311
163,0.9498666666666666,0.13501084189216295,0.5533049040511727,3.3416697973889837
164,0.9552,0.12647846174240113,0.5469083158192096,3.32631251349378
165,0.9597333333333333,0.12265489249527455,0.5447761194029851,3.335020070391169
166,0.9517333333015442,0.132524809328715,0.5469083155650319,3.339288542773932
167,0.944,0.14293240830202897,0.5373134328358209,3.358640330178397
168,0.9512000000317892,0.13431153917312622,0.5415778251599147,3.3754548731643252
169,0.9538666666666666,0.13000032779574394,0.5458422174840085,3.383748852622026
170,0.9501333333333334,0.13525006739298503,0.5490405117270789,3.37654110312716
171,0.9525333333333333,0.12944280861119428,0.5469083155650319,3.4001123157899773
172,0.9533333333015442,0.1314211973031362,0.5511727078891258,3.395468346854009
173,0.9565333333333333,0.12363274140357972,0.5597014925373134,3.368776542037281
174,0.9554666666666667,0.1253639745314916,0.5447761194665295,3.3989295593456927
175,0.9509333333333333,0.13515290304025016,0.5437100213855061,3.407014946439373
176,0.9498666666666666,0.13283902097940445,0.5511727079526701,3.4286698644349314
177,0.9536,0.1309649928689003,0.555437100276764,3.4254500199990994
178,0.9541333333651225,0.12750990177790325,0.5565031983577875,3.431825255534288
179,0.9544,0.12924290368855,0.5533049041147171,3.4306442112302475
180,0.952,0.13208635514974595,0.567164179168022,3.450279613039387
181,0.9530666666348775,0.13606131296952564,0.5586353945198343,3.4409504323117512
182,0.9597333333015442,0.12574537007013956,0.5586353945198343,3.452146966320111
183,0.9536,0.1318628971974055,0.5501066099351911,3.468736457418023
184,0.9511999999682108,0.13965985146363577,0.5511727079526701,3.487110155223529
185,0.9509333333333333,0.13363076934019724,0.5511727079526701,3.507438455309187
186,0.956,0.13090395033359528,0.5447761194665295,3.540668087981657
187,0.9562666666666667,0.1274064066708088,0.5469083156285763,3.5271191596984863
188,0.9557333333333333,0.12700691488881907,0.5511727079526701,3.5057465171000595
189,0.9576,0.1254620183467865,0.5447761195300739,3.5356895877862535
190,0.9583999999682109,0.12622508743604025,0.5490405117906233,3.533211552512163
191,0.9592,0.12335196781853834,0.5490405117906233,3.5460235315091064
192,0.9509333333333333,0.1294821277578672,0.5522388060336937,3.5836980063269643
193,0.9570666666666666,0.1281708176891009,0.5490405117906233,3.5751496052691167
194,0.9506666666348775,0.13568548483848572,0.5511727079526701,3.5589650312720584
195,0.9525333333651225,0.1322483489195506,0.5533049041147171,3.559980457525518
196,0.9536,0.13109075926542282,0.5575692963752665,3.5836662554791743
197,0.9527999999682109,0.13060400845209758,0.5650319829424307,3.5928276800143437
198,0.952,0.13107757732868194,0.5650319829424307,3.614093289446475
199,0.9554666666348776,0.1266901946703593,0.5639658848614072,3.620917240948057
200,0.9528000000317891,0.12658076044718425,0.5607675906183369,3.6139705176038275
201,0.9589333333333333,0.12383054614663123,0.5650319829424307,3.6163248202439817
202,0.9576,0.12320698909362157,0.5650319829424307,3.605963394840135
203,0.9538666666348775,0.1272933396021525,0.5554371002132196,3.6192339061419845
204,0.9581333333333333,0.12208589449723561,0.5586353945198343,3.6177673248339817
205,0.9583999999682109,0.1251397855758667,0.5628997867803838,3.624711586722433
206,0.9541333333015442,0.12998600234985352,0.5639658848614072,3.633379060830643
207,0.9525333333015442,0.12995475737253825,0.5607675906183369,3.6386966420643367
208,0.9536,0.1293985592365265,0.5607675906183369,3.6417674194775156
209,0.9552,0.12439816348552704,0.5575692963752665,3.650571959359305
210,0.9522666666348775,0.13043934396107992,0.5628997867803838,3.6729319812392376
211,0.9528,0.12811210230588913,0.5628997867803838,3.6739238208290863
212,0.9538666666348775,0.12721203265190126,0.5597014925373134,3.6769075952867456
213,0.9544,0.1263200723528862,0.5628997867803838,3.6947578753489676
214,0.9570666666666666,0.12003169301350912,0.5597014925373134,3.689351809812761
215,0.9538666666666666,0.12563804695606232,0.5597014926008578,3.729809457050966
216,0.9506666666666667,0.1333734708706538,0.5607675906183369,3.757347853198997
217,0.9554666666666667,0.12574562403361003,0.5565031982942431,3.7350251822075102
218,0.9599999999682108,0.11877370400428772,0.55863539445629,3.709437671246559
219,0.9565333333333333,0.12606424022515614,0.55863539445629,3.718611065512781
220,0.9527999999682109,0.12910805010795592,0.5565031982942431,3.7332328082656048
221,0.9546666666348775,0.12409090213775635,0.5597014925373134,3.725497720592312
222,0.9541333333333334,0.12815790224075319,0.55863539445629,3.7346803933572668
223,0.9525333333333333,0.13322831990321476,0.5522388059701493,3.7506243963993944
224,0.9552,0.128247363503774,0.55863539445629,3.749163988556689
225,0.9573333333333334,0.12668396122455597,0.5607675906183369,3.7523490635316765
226,0.9557333333333333,0.12567743041117985,0.5586353947104675,3.7729368382679627
227,0.952,0.13255905211369196,0.5618336889535379,3.7975927842959667
228,0.9568,0.12655461805164814,0.5597014927914911,3.7870606257717236
229,0.9562666666666667,0.12877179563045502,0.5543710023863737,3.815706831559952
230,0.9554666666666667,0.1269273074587186,0.5618336889535379,3.7849880657724735
231,0.9538666666984558,0.13011571078300477,0.5650319831966083,3.8036539224165082
232,0.9536,0.12701370677947998,0.5586353947104675,3.8106556579248227
233,0.956,0.12541639446218808,0.5607675908725145,3.808051911498438
234,0.9568,0.12330773337682088,0.5607675908725145,3.806438103413531
235,0.9551999999682108,0.12875881603558859,0.5618336889535379,3.812550563039556
236,0.9543999999682109,0.12693530933062236,0.5692963755207021,3.807909937047247
237,0.9536,0.12939286883274714,0.5607675906183369,3.8246579007553394
238,0.9544,0.1275648092120886,0.5618336886993603,3.8345372539593465
239,0.9568,0.12329348253409068,0.5628997867803838,3.8450571723075817
240,0.9573333333015442,0.12120771174430847,0.5628997867803838,3.849783901466744
241,0.9578666666666666,0.12179550023873648,0.5597014927914911,3.8664574633275013
242,0.9512,0.12860496887763342,0.5618336889535379,3.8739062809486633
243,0.9488,0.13086920017004014,0.5575692966294441,3.8831482269108166
244,0.9554666666666667,0.12280897366603216,0.5639658851155849,3.875201753970148
245,0.9552,0.1269399264574051,0.5628997870345613,3.8880253031309735
246,0.9586666666348775,0.12276210436820983,0.5597014927914911,3.866356458236922
247,0.9506666666666667,0.13320332663059234,0.5618336889535379,3.849868471434376
248,0.9608,0.12011576159000396,0.5575692966294441,3.8362537131889036
249,0.9546666666666667,0.1255815093755722,0.5597014927914911,3.803845770577632
