epoch,acc,loss,val_acc,val_loss
0,0.6269333333492279,0.6846361060142517,0.6257995736243119,0.6778777166724459
1,0.6258666666666667,0.6532772161483764,0.6257995736243119,0.673635874857018
2,0.6258666666666667,0.6355302536487579,0.6257995736243119,0.6706587839990791
3,0.6256,0.610270242023468,0.6257995736243119,0.6680246900393765
4,0.6264,0.5947109615961711,0.6257995736243119,0.6677449465052151
5,0.6264,0.5732412985801697,0.6257995736243119,0.6687496523104751
6,0.6263999999682108,0.5543070056597392,0.6257995736243119,0.6685022360988772
7,0.6264000000158946,0.5326649231592814,0.6257995736243119,0.6717411605025659
8,0.6264,0.5136604896863302,0.6257995736243119,0.6753703818392398
9,0.6264000000317892,0.4983036178588867,0.6257995736243119,0.6799537658945584
10,0.7112,0.48013009634017945,0.610874200553528,0.6870080016569288
11,0.7800000000317892,0.46552760337193805,0.6119402986345515,0.6932171836082361
12,0.7994666666666667,0.45099958346684776,0.6172707890396687,0.7023829402191553
13,0.8290666666984559,0.43561197268168134,0.6098081024725046,0.7098261621206808
14,0.8517333333015442,0.42460106042226153,0.622601279444786,0.7204676368343297
15,0.8717333333015442,0.407728084897995,0.6119402986345515,0.7349439441268124
16,0.8815999999682108,0.398313246011734,0.6183368871206922,0.745990628753898
17,0.8991999999682109,0.381584153175354,0.622601279444786,0.76044669652036
18,0.9138666666666667,0.3681079616387685,0.6204690832827391,0.7772016667608005
19,0.9221333333333334,0.3581516710440318,0.6204690832827391,0.7975613085954174
20,0.9274666666348775,0.34901117679278054,0.6140724947965984,0.8124228072827304
21,0.9370666666666667,0.3418435608704885,0.6172707889761243,0.8279053056672183
22,0.9426666666666667,0.33014791628519696,0.6130063967155749,0.8519065579625843
23,0.9517333333333333,0.32013550809224445,0.6151385928776218,0.8699065727719875
24,0.9538666666666666,0.31537396971384685,0.6162046909586453,0.892440029298827
25,0.9581333333333333,0.3063003444512685,0.6162046909586453,0.9136230364791366
26,0.9586666666666667,0.29838320574760435,0.6119402986345515,0.9384888763875087
27,0.9605333333333334,0.2903455954551697,0.6130063967155749,0.9610938428561571
28,0.9592,0.28587648340861005,0.6098081024725046,0.9794557863461183
29,0.9672,0.2770507687886556,0.6119402986345515,1.0073351519448417
30,0.9688,0.26952613134384157,0.6087420043914811,1.0326406837526414
31,0.9624,0.26918839128812155,0.6076759063104576,1.0576757050272245
32,0.9608,0.26674787805875144,0.610874200553528,1.0817110617277719
33,0.9613333333333334,0.2630682452261448,0.6076759063104576,1.108506945404671
34,0.9631999999682108,0.2530390999952952,0.6076759063104576,1.1311870477855333
35,0.9693333333333334,0.24642289203802745,0.6098081024725046,1.153255236174252
36,0.9655999999682109,0.24559851376215616,0.6151385928776218,1.1834206461652255
37,0.968,0.24066668381293616,0.6172707890396687,1.2109614592879565
38,0.9650666666666666,0.2388020565509796,0.6066098082294342,1.2383919405276334
39,0.9685333333333334,0.23083044478098552,0.6076759063104576,1.2560332095953448
40,0.9682666666666667,0.23100318937301637,0.610874200553528,1.2853554642276723
41,0.9677333333333333,0.22706476389567057,0.6130063967155749,1.3168055754480585
42,0.9703999999682108,0.22215182304382325,0.6119402986345515,1.3448672663174204
43,0.9690666666666666,0.22112656081517537,0.6034115139863638,1.3727130503542642
44,0.9712,0.2143194107611974,0.6098081024725046,1.3985165980324816
45,0.9725333333333334,0.2107048193136851,0.6098081024725046,1.4369294534105737
46,0.9736,0.2057604144414266,0.6066098081658898,1.4556184996928234
47,0.9736,0.20515502832333246,0.6087420043279367,1.4873767249873961
48,0.9717333333333333,0.20177188886006672,0.6002132197432934,1.5113980259214128
49,0.9746666666666667,0.19520558423201242,0.5970149255002232,1.5414164467915288
50,0.9773333333333334,0.18990894641081493,0.6002132197432934,1.5598332129561825
51,0.9733333333333334,0.1923260782400767,0.59914712166227,1.597274918037691
52,0.9725333333333334,0.19182223947048188,0.6076759063104576,1.6191491691796764
53,0.9701333333333333,0.19264185372988382,0.6076759063104576,1.6411073850924527
54,0.9725333333333334,0.18564114768505097,0.6119402986345515,1.6624142419554786
55,0.9728,0.18633288773695628,0.6034115139863638,1.6904656007599983
56,0.9744,0.18237592455546062,0.6066098082294342,1.7151313773604597
57,0.9693333333015441,0.18525423509279887,0.6076759062469133,1.7451633314079822
58,0.9698666666666667,0.1797934429168701,0.6055437100848664,1.7658061327964767
59,0.9776,0.16910316547652085,0.6194029852017157,1.788695522717067
60,0.9725333333333334,0.1750802764336268,0.6098081024725046,1.8068953678806199
61,0.9733333333333334,0.1712220034678777,0.610874200553528,1.8556818862967908
62,0.9738666666666667,0.16839499448140463,0.6119402986345515,1.8805422279626323
63,0.976,0.1634597614924113,0.610874200553528,1.8992700304812207
64,0.9754666666348776,0.16316759646733603,0.6066098082294342,1.9195572356425368
65,0.9789333333333333,0.15818794825077057,0.6119402986345515,1.9414460847118515
66,0.9752,0.16062730731964112,0.6151385928140775,1.9721118371878097
67,0.9797333333015442,0.15306685762405395,0.6151385928776218,1.9961778916783932
68,0.9757333333333333,0.1579232011795044,0.6119402986345515,2.0132003951428543
69,0.9765333333333334,0.15562736495733262,0.6023454159053404,2.0370313745063506
70,0.9792,0.1494597240447998,0.6076759063104576,2.06312018823522
71,0.9725333333333334,0.15693065814177196,0.6119402986345515,2.084373130981348
72,0.9730666666666666,0.15480271272659302,0.6119402986345515,2.097653153608603
73,0.9757333333333333,0.14903273288408916,0.6151385928776218,2.1248271780481724
74,0.9789333333333333,0.14466731623808543,0.610874200553528,2.1386061156990688
75,0.9749333333333333,0.14861955926418305,0.6130063967155749,2.1543781820899133
76,0.9706666666348776,0.1513313075065613,0.6119402986345515,2.168017544471887
77,0.9768,0.14391691269079845,0.6076759063104576,2.196536999521479
78,0.9765333333015442,0.14060557392438253,0.6034115139863638,2.2104365479971553
79,0.9789333333333333,0.1371482511719068,0.6066098082294342,2.2518900665901365
80,0.9781333333333333,0.13677354880174,0.6044776120673873,2.265362705503191
81,0.9773333333333334,0.13663402190208435,0.6044776120673873,2.283302419475401
82,0.9765333333333334,0.13820439565380413,0.6034115139863638,2.2891201942460113
83,0.9781333333333333,0.13234831780989964,0.5980810235812466,2.3230152536811097
84,0.9738666666666667,0.14069525314569473,0.601279317824317,2.341389751129313
85,0.9736,0.1377875652750333,0.6087420043914811,2.374620078723314
86,0.9736,0.13725331669251123,0.6034115139863638,2.412998038314299
87,0.9792,0.12901544369856516,0.6098081024725046,2.425512343327374
88,0.9805333333333334,0.12675213927427928,0.6087420043914811,2.4463297817498635
89,0.9792,0.1254753903388977,0.6076759063104576,2.464133919429169
90,0.9781333333333333,0.12554946357011795,0.6034115139863638,2.4889953822723583
91,0.9765333333333334,0.12793346103231112,0.6044776120673873,2.5316020288447074
92,0.9762666666666666,0.1282915269533793,0.59914712166227,2.548651031847956
93,0.9784,0.12184348715941111,0.5980810235812466,2.5680769526882212
94,0.9768,0.12433516114155452,0.59914712166227,2.5792560419802473
95,0.9818666666666667,0.11619913689494132,0.6023454159053404,2.582776637473849
96,0.9808,0.11614385982354482,0.6066098081023454,2.589777271884845
97,0.9770666666348775,0.12181031409899394,0.600213219679749,2.6247708482274623
98,0.9789333333333333,0.12043543999989828,0.5970149254366788,2.6448791006734886
99,0.9762666666666666,0.1227144660949707,0.601279317824317,2.665642394185829
100,0.9730666666666666,0.12732908053398131,0.6023454159053404,2.69187576379349
101,0.9784,0.11834732449849447,0.6034115139863638,2.7119433879852295
102,0.9832,0.10837503235737482,0.6012793177607726,2.728212095272821
103,0.9816,0.11021569220423698,0.6034115139228194,2.728469620889692
104,0.9794666666666667,0.11427187405029933,0.6098081024089602,2.7508855562474426
105,0.9786666666666667,0.1136340476433436,0.6087420043279367,2.7506455160153194
106,0.9762666666666666,0.11852723472515742,0.6087420043914811,2.758894940174973
107,0.9759999999682109,0.11789613704681397,0.6130063967155749,2.78503382536394
108,0.9813333333333333,0.10909336016575495,0.6023454159053404,2.800325826795371
109,0.9781333333333333,0.11209440654118856,0.6034115139863638,2.7942176393862725
110,0.9808,0.10859813350041707,0.6055437100848664,2.802693926703447
111,0.9797333333333333,0.10939604862531026,0.6034115139228194,2.7962677997312566
112,0.9744,0.12047064536412556,0.6034115139228194,2.8146202645576333
113,0.9770666666666666,0.11261253031690915,0.6044776120673873,2.815933548819536
114,0.9845333333333334,0.09862686973015468,0.610874200553528,2.8309491143297794
115,0.9821333333333333,0.10206455440918605,0.6055437100848664,2.8469186566277607
116,0.9746666666666667,0.11691330657402674,0.6044776120038429,2.8626638933031288
117,0.9781333333333333,0.10860826221307118,0.6119402985710071,2.8819825395083885
118,0.9816,0.10240928285717964,0.6183368870571478,2.9060409989184155
119,0.9818666666666667,0.09956326861381531,0.6087420043279367,2.9298267623763095
120,0.9778666666666667,0.10794739474455516,0.6098081024089602,2.9458702795032754
121,0.9778666666666667,0.10653973067800204,0.6119402985710071,2.9786709219153757
122,0.9778666666666667,0.10893224139809608,0.6098081024725046,2.9826151267297742
123,0.9802666666666666,0.10056990601619084,0.6044776120673873,2.9978275385492648
124,0.9767999999682109,0.11100776381492615,0.6012793177607726,2.9920600533231236
125,0.9778666666666667,0.10572678473790487,0.602345415841796,2.994148489762979
126,0.9802666666666666,0.10158725221554438,0.6087420043279367,3.0171810884211365
127,0.9805333333333334,0.09995548327167829,0.6087420043914811,3.0136367735832232
128,0.9784,0.1040748716890812,0.6034115139863638,3.0365758435304233
129,0.9829333333015442,0.09538148937225342,0.6044776120673873,3.040314301753095
130,0.9746666666666667,0.11025361455082894,0.601279317824317,3.068114798206256
131,0.9778666666666667,0.10567938060760498,0.6044776120673873,3.0719005665036914
132,0.9751999999682108,0.11029876235326132,0.6002132197432934,3.080177952739984
133,0.9805333333333334,0.0990121990164121,0.6087420043914811,3.0864114741018334
134,0.9786666666666667,0.10121332346995672,0.6002132197432934,3.0956379330234487
135,0.9770666666666666,0.10698584858973821,0.6076759063104576,3.1158200337180197
136,0.9789333333333333,0.10300572652717431,0.610874200553528,3.131404937203251
137,0.9784,0.10299380746682485,0.6130063967155749,3.139726204658622
138,0.9802666666666666,0.09940428523818652,0.6098081024725046,3.1434007656853846
139,0.9776,0.10504788207213084,0.6098081024089602,3.1527497793819856
140,0.9818666666666667,0.09260329358379046,0.6066098082294342,3.1686575641510073
141,0.9834666666666667,0.09197898762623469,0.6044776120673873,3.1614757865222534
142,0.9834666666666667,0.09063722209135691,0.6055437101484108,3.190947108685589
143,0.9805333333333334,0.09561091954112053,0.6055437101484108,3.203003647485013
144,0.9797333333333333,0.09669631387988727,0.6055437101484108,3.214524633086312
145,0.9802666666348775,0.09635577104886373,0.5980810235812466,3.2399010948026614
146,0.98,0.0976367101247112,0.6055437101484108,3.2609279130313444
147,0.9816,0.09143537076612314,0.6066098081658898,3.2625611728188324
148,0.9786666666666667,0.0989524287045002,0.5959488274191996,3.25440327750086
149,0.9789333333333333,0.09870793307423592,0.59914712166227,3.248372293992846
150,0.98,0.10258924870292346,0.6044776120673873,3.2819100458230546
151,0.9773333333333334,0.11405301007131735,0.6066098082294342,3.2939308808048144
152,0.9810666666666666,0.10557642846504847,0.6066098081658898,3.315945470765201
153,0.9813333333333333,0.09977047579288482,0.6044776120038429,3.312516206363117
154,0.9808,0.09701188815434773,0.6076759062469133,3.32750554887979
155,0.9805333333015442,0.10442961521148682,0.6055437100848664,3.340470725793574
156,0.9792,0.10425024438152711,0.601279317824317,3.3333585257215033
157,0.9797333333333333,0.09580467127958933,0.6076759062469133,3.3299467456874563
158,0.9824,0.09565388764341672,0.5948827293381762,3.3490363631421314
159,0.9802666666666666,0.10571591322223345,0.5938166312571528,3.3635379154799083
160,0.9802666666348775,0.10699566307067872,0.6012793177607726,3.384290860914218
161,0.9784,0.10336864429116249,0.602345415841796,3.3840927589676784
162,0.9821333333333333,0.08825141575336456,0.5991471215987256,3.406911694418901
163,0.98,0.1026605561753114,0.600213219679749,3.382308448555627
164,0.9808,0.0921248354236285,0.5938166311936084,3.373418372831365
165,0.9813333333333333,0.08970813251932462,0.5938166312571528,3.366263907092975
166,0.9813333333333333,0.09094354378382365,0.59914712166227,3.3872817635282018
167,0.9816,0.09036344002882639,0.5927505331761294,3.4186164799021252
168,0.9794666666666667,0.095350692542394,0.5863539446899886,3.4326155729639503
169,0.9808,0.09345629840393861,0.5948827293381762,3.437562392464579
170,0.9789333333333333,0.09696707617640496,0.6002132197432934,3.4527524376728898
171,0.9805333333333334,0.09326556230386099,0.5948827293381762,3.4709715090835016
172,0.9826666666666667,0.08757796644965808,0.5980810235177022,3.4739534280447564
173,0.98,0.09375478664835295,0.5938166311936084,3.4831882977028137
174,0.9808,0.09260357042749723,0.5927505331761294,3.48601118384648
175,0.9813333333333333,0.08955648015936216,0.5948827293381762,3.4879213253826475
176,0.9837333333333333,0.08371155944267909,0.5906183370140824,3.496707761719791
177,0.9781333333333333,0.09827632453640302,0.5927505331761294,3.4898591387246465
178,0.9805333333333334,0.09190736670742432,0.5970149255002232,3.5066114366689978
179,0.9813333333333333,0.08974136374592781,0.5938166312571528,3.516514123375736
180,0.9786666666666667,0.09624344841837883,0.601279317824317,3.512896150414115
181,0.9821333333333333,0.08896732433040937,0.6023454159053404,3.5046140776514245
182,0.9850666666666666,0.08003892300128937,0.6023454159053404,3.4960738499281505
183,0.9837333333333333,0.08259083457589149,0.5948827293381762,3.511005393477645
184,0.9837333333333333,0.08435304448803266,0.5948827293381762,3.5070750555758283
185,0.9797333333333333,0.09506540929277738,0.5906183370140824,3.5238961695608046
186,0.9810666666666666,0.08908280995935201,0.5938166312571528,3.5299038429504264
187,0.9816,0.08974962956508001,0.5938166312571528,3.5179995412765535
188,0.9797333333333333,0.0943418329000473,0.5938166312571528,3.5375662215991315
189,0.9837333333333333,0.08514467834134896,0.5927505331761294,3.5410189567598453
190,0.9821333333333333,0.08771067650119464,0.5938166312571528,3.5459930962845205
191,0.9816,0.08779796247879663,0.5959488274191996,3.558177996800144
192,0.9832,0.0832123638788859,0.5948827293381762,3.555193161913581
193,0.984,0.08207166189352672,0.6002132197432934,3.5645928586215607
194,0.9832,0.0848225202302138,0.59914712166227,3.5711949476555214
195,0.9837333333333333,0.08089738640387853,0.5980810235812466,3.5710733572303104
196,0.9810666666348775,0.09105706788698832,0.6023454159053404,3.5769620816082335
197,0.9810666666666666,0.0881711371620496,0.6002132197432934,3.600705397917009
198,0.9784,0.09663860338330268,0.6044776120673873,3.5696839157706384
199,0.9829333333333333,0.08458332831660907,0.601279317824317,3.567310244798152
200,0.9848,0.08136521861950556,0.601279317824317,3.593233962557209
201,0.9842666666348775,0.08236107041041056,0.6066098082294342,3.5863239261895608
202,0.9821333333333333,0.08696072407364845,0.5948827293381762,3.5948628230389756
203,0.98,0.0926052691102028,0.6023454159053404,3.591371516937386
204,0.9802666666666666,0.09239268832206726,0.5980810235812466,3.6113171496116783
205,0.9821333333333333,0.08593194848100344,0.602345415841796,3.6177251699890918
206,0.9837333333333333,0.08263437361915907,0.6023454159053404,3.6042402731075978
207,0.98,0.09440059992472331,0.5938166312571528,3.6122973722689697
208,0.9802666666666666,0.09319595896800359,0.59914712166227,3.622850578731057
209,0.9797333333333333,0.09587807876169682,0.5959488274191996,3.6186788798903606
210,0.9861333333333333,0.0745145088116328,0.6002132197432934,3.633617483476586
211,0.9818666666666667,0.08653707388242086,0.5980810235812466,3.6334587841399952
212,0.9794666666666667,0.0951458905339241,0.601279317824317,3.6516316867332215
213,0.9808,0.0911980531056722,0.59914712166227,3.662765110479489
214,0.9797333333333333,0.09161070694724718,0.6023454159053404,3.6695438722557605
215,0.9824,0.08577711189786594,0.6034115139863638,3.671873373263426
216,0.9832,0.08352049116690953,0.6023454159053404,3.679972528648783
217,0.9839999999682109,0.08221079274813334,0.601279317824317,3.6904876765920154
218,0.9808,0.0875223351319631,0.6055437101484108,3.690281943217524
219,0.9848,0.07798673954804738,0.6055437101484108,3.678879590431002
220,0.9773333333333334,0.10179211393396059,0.6044776120673873,3.692533311050838
221,0.9837333333333333,0.08310186856389046,0.6023454159053404,3.697792251481176
222,0.9813333333333333,0.08828173368970553,0.6034115139863638,3.7049815924182883
223,0.9832,0.08469904899994532,0.6044776120673873,3.689420691939559
224,0.9813333333333333,0.0897349670847257,0.5959488274191996,3.6945982508059503
225,0.9786666666666667,0.09604477300246557,0.6044776120673873,3.706718385855018
226,0.9810666666666666,0.08733044598698617,0.6076759063104576,3.703116900885283
227,0.9816,0.08888107278347016,0.6034115139863638,3.708631943537991
228,0.9810666666666666,0.08660826476613681,0.6044776120673873,3.713059624629234
229,0.9832,0.08480258972843488,0.6066098082294342,3.711662699164612
230,0.9818666666666667,0.08733204907178879,0.6044776120673873,3.7129677780655657
231,0.9832,0.08405442823966344,0.6087420043914811,3.732141267007856
232,0.9837333333333333,0.08101614517966907,0.6066098082294342,3.74708661240047
233,0.9818666666666667,0.08482233417034149,0.6098081024725046,3.7596889345376474
234,0.9888,0.06634257398545743,0.6098081024725046,3.7419246366537458
235,0.9848,0.07939416810671489,0.6119402986345515,3.7472773126955987
236,0.9821333333333333,0.08358502005139987,0.6130063967155749,3.7758185980416563
237,0.9813333333015442,0.08776550203959148,0.6055437101484108,3.788881047702293
238,0.9829333333333333,0.0841828096528848,0.6023454159053404,3.7866968315547465
239,0.9842666666666666,0.07911347172260284,0.6076759063104576,3.776526295554155
240,0.9802666666666666,0.09117464927832286,0.6066098082294342,3.79376569333107
241,0.984,0.09025385133226713,0.6098081024089602,3.791404613299665
242,0.9829333333333333,0.08983639018932979,0.601279317824317,3.7665308370773216
243,0.9858666666666667,0.07463284904559453,0.6023454159053404,3.765397166392442
244,0.9882666666666666,0.06781477722724279,0.6044776120673873,3.7622075853571455
245,0.9842666666666666,0.08034444296260675,0.6055437101484108,3.7592486816682795
246,0.9797333333333333,0.09231190977493922,0.6087420043914811,3.741900246788952
247,0.9834666666666667,0.08311543969511986,0.6055437101484108,3.736916933486711
248,0.9824,0.08579082767417033,0.6087420043914811,3.74218696216022
249,0.9802666666666666,0.09044297027786573,0.5980810235812466,3.759152696076741
