epoch,acc,loss,val_acc,val_loss
0,0.4301333333651225,0.7572231672604879,0.4392324092545743,0.7364491797459405
1,0.5733333333015442,0.7000321619033814,0.45948827304819756,0.7300117787267608
2,0.7055999999682109,0.6658561921755473,0.48294243083071353,0.7251846738207315
3,0.7544000000317892,0.6447771962801615,0.4999999998729112,0.7253887957093049
4,0.7933333333651225,0.6222095218022664,0.49680170562984083,0.7281113819781143
5,0.8128000000317891,0.6034393081982931,0.5053304902780285,0.7305242207004572
6,0.8317333333015442,0.5852941946983338,0.5117270790183468,0.7343691803499072
7,0.8642666666666666,0.5634868718465169,0.504264392197005,0.7425753706808029
8,0.8733333333015442,0.5446104553381602,0.4957356075488174,0.7502057669259338
9,0.8874666666348775,0.5262859204133352,0.5074626868213418,0.7544649697061795
10,0.8943999999682108,0.5079206847031911,0.504264392197005,0.7619678031152753
11,0.9138666666666667,0.4860923706531525,0.5063965883590519,0.7718829815067462
12,0.9130666666666667,0.4744439364115397,0.5000000002541776,0.7799679150205177
13,0.9263999999682109,0.4539515054066976,0.5095948829833887,0.7928869120601906
14,0.9285333333015442,0.4382139767487844,0.5170575695505528,0.8075016471368672
15,0.9256,0.4247060297330221,0.524520256117717,0.8186981829244699
16,0.9303999999682109,0.4102378517627716,0.5053304906592948,0.8293764154031587
17,0.9416,0.38936782870292663,0.5117270787641692,0.840015803572974
18,0.9456,0.3765013699690501,0.5138592749262161,0.8579740188777574
19,0.9392,0.3677902501265208,0.5170575691692865,0.8693306352029732
20,0.9472,0.3479942664305369,0.5117270787641692,0.8824742191127622
21,0.9504,0.3353548109213511,0.5095948826021223,0.8990389699620733
22,0.9538666666666666,0.3225608112335205,0.5181236672503099,0.9163264473364043
23,0.9522666666348775,0.31080608507792157,0.515991471088263,0.9380851255805254
24,0.9488,0.30437570867538455,0.5181236672503099,0.951330066871033
25,0.9549333333333333,0.29128986539840696,0.5255863538174741,0.9700602355288036
26,0.9554666666348776,0.279856462987264,0.5149253730072396,0.991216714956613
27,0.9554666666666667,0.26611523435910545,0.5149253730072396,1.0170751796094084
28,0.9575999999682109,0.2574629420121511,0.5234541576554272,1.0401041408591687
29,0.9509333333333333,0.2553865996281306,0.5245202557364507,1.0594702666756441
30,0.9519999999682108,0.24751632490158082,0.5266524518984975,1.0779451450813553
31,0.9581333333333333,0.2331465882619222,0.5266524518984975,1.095998029973207
32,0.9592,0.228816499320666,0.5351812365466851,1.1131359102375218
33,0.9578666666666666,0.22038443324565887,0.5330490403846383,1.1393070491646398
34,0.9597333333333333,0.2145237590789795,0.5266524518984975,1.1601645529651439
35,0.9616,0.20539081706206003,0.5319829423036149,1.1914413491291787
36,0.9626666666666667,0.20071622665723166,0.5298507461415679,1.2103529212825588
37,0.9586666666666667,0.20090182576179505,0.5287846484418108,1.238069368832147
38,0.9602666666666667,0.1957787427107493,0.5287846480605445,1.267665373236894
39,0.9664,0.18503952945073446,0.5245202557364507,1.296137299364818
40,0.9642666666666667,0.18368454730908076,0.5149253730072396,1.3205833104627727
41,0.9597333333333333,0.1871393175681432,0.5255863538174741,1.361741766492441
42,0.9642666666666667,0.17762475775082906,0.5234541576554272,1.3914935807429396
43,0.9621333333015442,0.17870104467074077,0.5245202557364507,1.411694881250101
44,0.9621333333015442,0.17634711270332337,0.5213219614933803,1.4312418152782709
45,0.9688,0.16336922379334767,0.5202558634123569,1.4451368442222254
46,0.9682666666666667,0.16168393773635228,0.5191897653313334,1.4761411142247571
47,0.9624,0.16932962647279104,0.5234541576554272,1.5243090752091235
48,0.9674666666666667,0.16148404919306436,0.5319829423036149,1.5438917875289917
49,0.9645333333333334,0.16233857836325963,0.5373134327087321,1.564144455039425
50,0.9663999999682109,0.15795801600615184,0.5319829423036149,1.5815859250168303
51,0.9698666666348775,0.15259379340807597,0.5319829423036149,1.6122124190015326
52,0.9669333333015442,0.1537541982491811,0.5298507461415679,1.6457232724883155
53,0.9725333333333334,0.14200869023005167,0.5287846484418108,1.6808003804831109
54,0.9685333333333334,0.1481383228421211,0.5223880595744037,1.7059323993573057
55,0.9664,0.1495932840824127,0.5255863541987404,1.727976635829218
56,0.9666666666348775,0.15016123441060383,0.5298507465228343,1.7451334579158693
57,0.968,0.1502963636934757,0.5277185503607874,1.7661744696753365
58,0.9661333333333333,0.14875538928508758,0.524520256117717,1.7848074807287024
59,0.9653333333333334,0.14748778248230615,0.5277185503607874,1.8160910596217175
60,0.9690666666666666,0.14165714748005073,0.5383795307897555,1.8066679020680345
61,0.9677333333333333,0.13921099770466486,0.536247335008975,1.8388131813708144
62,0.9674666666666667,0.14448027963638305,0.5373134330899985,1.865589889636172
63,0.9685333333333334,0.1417144215464592,0.5447761196571627,1.8988018808588545
64,0.9688,0.14522252321143944,0.5447761196571627,1.9395332183919227
65,0.9682666666666667,0.13748695609966913,0.5351812369279516,1.957330994006159
66,0.9685333333333334,0.1380268515865008,0.5330490407659046,1.9929234015662025
67,0.968,0.1406815652012825,0.5341151388469281,2.022598264059787
68,0.9703999999682108,0.13886265512307486,0.5351812369279516,2.0436770143285234
69,0.9669333333333333,0.14422017454703648,0.5287846484418108,2.0729432695710073
70,0.9698666666666667,0.13779223475853603,0.5309168446038578,2.084640796250626
71,0.9672,0.1381005429049333,0.5255863541987404,2.1043002310592227
72,0.9714666666666667,0.13169395885070165,0.5309168446038578,2.1316540785181495
73,0.9712,0.12814806984464328,0.5234541580366936,2.1518623020603203
74,0.9717333333333333,0.13087557916641235,0.5202558637936232,2.1949766399001263
75,0.9672,0.13604444708426794,0.5234541580366936,2.2123694973967987
76,0.9709333333333333,0.12937900350093842,0.512793177226459,2.24302604661059
77,0.9706666666666667,0.12829057296911875,0.5223880599556702,2.262519291977384
78,0.9717333333333333,0.1303815590143204,0.5234541580366936,2.2727455559061536
79,0.9736,0.1304166095753511,0.5255863541987404,2.301383568025601
80,0.9712,0.125042637972037,0.5223880599556702,2.3257414232184894
81,0.9722666666666666,0.12978616396188736,0.5191897653313334,2.3377378210584236
82,0.9738666666666667,0.12251405914823214,0.5170575691692865,2.358243840589706
83,0.9709333333333333,0.132448411856095,0.5202558634123569,2.3779913001477335
84,0.9717333333333333,0.12986493348876635,0.5170575691692865,2.429918795506329
85,0.9727999999682109,0.1219700655301412,0.5127931768451927,2.4342973394942944
86,0.9696,0.1335401765147845,0.5149253730072396,2.464919559991182
87,0.9682666666666667,0.13454427336851757,0.5159914714695294,2.51344691207414
88,0.9714666666666667,0.12843249832789103,0.5223880599556702,2.5147816107979715
89,0.9690666666348775,0.12959353308677674,0.5223880595744037,2.5316150107109214
90,0.972,0.12644531453847885,0.5266524518984975,2.5614403112610775
91,0.9749333333333333,0.12117832070390383,0.5223880595744037,2.5613678604809205
92,0.9749333333333333,0.12289463945130508,0.5170575691692865,2.5845825270549065
93,0.9746666666666667,0.1202245710670948,0.5234541580366936,2.6039282553739893
94,0.9754666666666667,0.11446678056518236,0.5170575695505528,2.609056097103843
95,0.9738666666666667,0.11779442833860715,0.524520256117717,2.614531320295354
96,0.972,0.1273291745940844,0.5213219618746466,2.6171624777413633
97,0.9738666666666667,0.1208634682893753,0.5255863541987404,2.660769016249602
98,0.9757333333333333,0.1139137904326121,0.5202558637936232,2.645587126583433
99,0.9773333333333334,0.11388068092266719,0.5191897657125998,2.6657955082240643
100,0.9752,0.11405034526189169,0.5213219618746466,2.6787988707454984
101,0.9725333333333334,0.12464531828562418,0.5255863541987404,2.7036884496969456
102,0.9709333333333333,0.12513338094353676,0.524520256117717,2.7150483736351356
103,0.9725333333333334,0.12455792736609776,0.5202558637936232,2.7488629192685776
104,0.9736,0.12328555551369985,0.5191897657125998,2.7621994211729657
105,0.9717333333333333,0.12282109814484914,0.5191897657125998,2.7753277734906945
106,0.9712,0.12681716746091842,0.5234541580366936,2.788879340645601
107,0.9746666666666667,0.11731088378032048,0.5255863541987404,2.7942136589652184
108,0.9704,0.12556299173434576,0.5234541580366936,2.8190569455689714
109,0.9706666666666667,0.12847198662161827,0.524520256117717,2.851652782863137
110,0.9749333333333333,0.11582671645184357,0.512793177226459,2.885508597278392
111,0.9736,0.119663455170393,0.524520256117717,2.922727828340998
112,0.9725333333333334,0.12486488538980484,0.5255863541987404,2.9499556545509713
113,0.9789333333333333,0.10711722558736801,0.526652452279764,2.9465732238948474
114,0.9746666666348776,0.11896894294420877,0.514925373388506,2.947998072292759
115,0.9666666666666667,0.1382772487938404,0.5159914714695294,2.970583126234856
116,0.9738666666666667,0.12497701210578283,0.5181236676315764,2.9833989438217587
117,0.9725333333333334,0.12619738340775172,0.5234541580366936,2.967995556686987
118,0.9738666666666667,0.11981250014503797,0.5191897657125998,2.976884781424679
119,0.9725333333333334,0.13027973258495332,0.5298507465228343,2.9880467183045996
120,0.9722666666666666,0.1253895218372345,0.526652452279764,2.9977534879753582
121,0.9749333333333333,0.11738381006916364,0.5181236676315764,3.015284130059834
122,0.9722666666666666,0.12511395116845767,0.5223880599556702,3.0311447537021596
123,0.9736,0.12212101105848948,0.5255863541987404,3.056510213595718
124,0.9765333333333334,0.11462467360893885,0.5223880599556702,3.0756004105752974
125,0.9733333333333334,0.12442107558846474,0.5255863541987404,3.0506116876215823
126,0.9746666666666667,0.1174148726383845,0.526652452279764,3.0779615150077513
127,0.9768,0.11469908180634181,0.5223880599556702,3.093168269342451
128,0.9776,0.10840088113149007,0.5213219618746466,3.0992428610828133
129,0.9741333333015442,0.11635691833496094,0.5223880599556702,3.0981210681166984
130,0.9754666666666667,0.11353434570630391,0.5159914714695294,3.099972708647185
131,0.9784,0.10804619951049486,0.5202558637936232,3.1061353149698743
132,0.9781333333333333,0.10953872815370559,0.5191897653313334,3.1121752485791756
133,0.9762666666666666,0.1147734371771415,0.524520256117717,3.146819444099215
134,0.9749333333333333,0.11651140744288763,0.5181236676315764,3.1557347489826717
135,0.9733333333333334,0.12120359253088633,0.512793177226459,3.185481066388616
136,0.9725333333333334,0.12239269471963246,0.5191897657125998,3.195732551342897
137,0.9757333333333333,0.11444888265132903,0.5138592753074825,3.2093280164926035
138,0.9770666666666666,0.11349245098233222,0.5234541580366936,3.1896312994235108
139,0.9757333333333333,0.11354350439707438,0.5213219618746466,3.2262897710047804
140,0.9706666666666667,0.1293805120786031,0.5191897657125998,3.2169236613234986
141,0.976,0.11337067345380783,0.5053304906592948,3.23275544190966
142,0.9749333333333333,0.11517416126529376,0.5074626868213418,3.2478753239361207
143,0.9749333333333333,0.11891413985888163,0.5159914714695294,3.253801407844527
144,0.9784,0.11078664247790973,0.5127931768451927,3.254839436077614
145,0.9728,0.12001826557914416,0.5106609806831457,3.2598497064383047
146,0.9762666666666666,0.11274714611967404,0.5159914714695294,3.276913695243884
147,0.9784,0.10571469572782516,0.5106609810644122,3.280421228551153
148,0.9783999999682108,0.10787106885910035,0.5181236676315764,3.2760394392237226
149,0.9802666666666666,0.10154445393482844,0.5117270791454356,3.2723838251028488
150,0.9762666666666666,0.11394847866296769,0.5138592753074825,3.316683241045043
151,0.9776,0.10750892545779546,0.5181236676315764,3.3270743010140684
152,0.9754666666348776,0.11241058382987976,0.5202558634123569,3.343173707217804
153,0.9762666666666666,0.10899110179940859,0.5191897653313334,3.365523467948442
154,0.98,0.1012496993025144,0.5117270787641692,3.3777749665510424
155,0.9749333333015442,0.11418713456789653,0.49893390179188774,3.386786535604676
156,0.9770666666348775,0.10827422850926717,0.5000000002541776,3.390817358549724
157,0.9736,0.11620311452547709,0.501066098335201,3.4091685590967695
158,0.9757333333333333,0.11175940828720729,0.504264392197005,3.401933517029036
159,0.9714666666666667,0.12485575640996298,0.5021321964162245,3.406848342688099
160,0.9754666666666667,0.11340060593485832,0.5095948829833887,3.412490210807654
161,0.9816,0.09802823811769486,0.5053304906592948,3.4156470680033473
162,0.9786666666666667,0.10547195589145025,0.5159914714695294,3.400907284161175
163,0.9770666666666666,0.11045578954219819,0.5021321964162245,3.3981227035969814
164,0.9741333333015442,0.11365906292597452,0.5191897657125998,3.416985391807963
165,0.9794666666666667,0.10280403462847074,0.5159914714695294,3.441019576749822
166,0.9789333333333333,0.1016649037917455,0.514925373388506,3.440057276154378
167,0.9773333333333334,0.1082883181442817,0.5191897657125998,3.4547845590343353
168,0.9784,0.1021820597787698,0.5095948829833887,3.4522644309346866
169,0.976,0.10959013296167056,0.5181236676315764,3.4603098684282445
170,0.9789333333333333,0.10349462733268738,0.5095948829833887,3.455486467906407
171,0.9784,0.10545445627172788,0.5181236676315764,3.427704251397139
172,0.9746666666666667,0.11379437412718932,0.5191897657125998,3.407158542035231
173,0.976,0.11224387623667717,0.5181236676315764,3.405559596730702
174,0.9762666666666666,0.10885713003873825,0.5202558637936232,3.415349108832223
175,0.9765333333333334,0.11035143440067768,0.5213219618746466,3.356121318935077
176,0.9744,0.1178815242489179,0.5223880599556702,3.355388944845464
177,0.9810666666666666,0.10168136272629102,0.524520256117717,3.381436725160969
178,0.9738666666666667,0.11773926572601,0.514925373388506,3.3998494346512915
179,0.9765333333015442,0.10945519771575928,0.5170575695505528,3.4278184025526555
180,0.9746666666666667,0.11383359146515529,0.5213219618746466,3.414294578373305
181,0.9765333333015442,0.11061319185892741,0.524520256117717,3.440257221396798
182,0.9757333333333333,0.11443836813171705,0.5255863541987404,3.4316582171393355
183,0.9762666666666666,0.10873922160863876,0.5234541580366936,3.4298857188682312
184,0.9776,0.1087360050022602,0.526652452279764,3.4447746693706716
185,0.9776,0.10796964709361394,0.5309168446038578,3.448344327747695
186,0.9730666666666666,0.12037548570831617,0.5309168446038578,3.4281446811741096
187,0.9741333333015442,0.11464633425076802,0.5330490407659046,3.431944613263551
188,0.9778666666666667,0.10551756684283416,0.5351812369279516,3.4345282608512115
189,0.9794666666666667,0.10372994706233342,0.5298507465228343,3.4353970352774743
190,0.9794666666666667,0.10367537273963293,0.5309168446038578,3.4426442504183314
191,0.9770666666348775,0.10929334055582682,0.5277185503607874,3.4521192416453412
192,0.9778666666666667,0.10498702146609624,0.5223880599556702,3.4558993829592968
193,0.9776,0.1083096429904302,0.526652452279764,3.446435444898951
194,0.9792,0.10281077497502168,0.5415778254140923,3.46440798539851
195,0.9789333333333333,0.10131270160079002,0.536247335008975,3.4710157746190964
196,0.9770666666666666,0.10952715363502502,0.5266524518984975,3.499102687022325
197,0.9786666666348776,0.1040338061650594,0.5266524518984975,3.4932986012399834
198,0.9773333333333334,0.10847952322165172,0.5266524518984975,3.5339621333425235
199,0.9842666666666666,0.08865185034076373,0.5255863538174741,3.5364904068172107
200,0.9802666666666666,0.09898249131838481,0.5191897657125998,3.5504906009763544
201,0.9781333333333333,0.10762082676291465,0.5351812369279516,3.5287611113428308
202,0.9778666666666667,0.10839599318504334,0.5287846484418108,3.538691050462377
203,0.9794666666666667,0.1018301812072595,0.5170575695505528,3.564879458087848
204,0.9789333333333333,0.10239432335495949,0.5287846480605445,3.561422104011975
205,0.9797333333333333,0.10037503065069517,0.5255863538174741,3.5923686708722795
206,0.9762666666666666,0.10650174154837926,0.5266524518984975,3.615945365128995
207,0.9781333333333333,0.10572211933334669,0.5287846480605445,3.6348670423666296
208,0.9808,0.09700756607850393,0.5298507465228343,3.633637869535987
209,0.9773333333015441,0.10677679560979207,0.5287846484418108,3.610425357879606
210,0.9786666666666667,0.1051868170996507,0.526652452279764,3.624898816476753
211,0.9789333333333333,0.10501396074990431,0.5330490403846383,3.6342668619745577
212,0.9786666666348776,0.10498948237101237,0.5181236676315764,3.657625544554135
213,0.9773333333333334,0.1036310899913311,0.5287846480605445,3.6548782869188514
214,0.9757333333333333,0.11180168951352437,0.5234541576554272,3.6589039078653496
215,0.9778666666666667,0.10667669623891513,0.5191897653313334,3.685749083948034
216,0.9749333333333333,0.11085571923851967,0.5223880595744037,3.7109278229508065
217,0.9802666666666666,0.09902706442872683,0.5202558634123569,3.7126523131754863
218,0.9792,0.10328269668320815,0.5159914714695294,3.727074781206371
219,0.9741333333333333,0.11444835789302985,0.5138592753074825,3.7309823087029366
220,0.9773333333333334,0.10883787735700608,0.5095948829833887,3.747365965263676
221,0.9786666666666667,0.10487582851847013,0.5031982941159816,3.7779986700777815
222,0.9783999999682108,0.10731232741673788,0.5063965883590519,3.7765120580506477
223,0.976,0.1076604286690553,0.5085287845210988,3.8041362213427576
224,0.9770666666666666,0.11088159122467041,0.5127931768451927,3.8102715742359283
225,0.9752,0.1108172256131967,0.5149253730072396,3.7944341961508874
226,0.9773333333333334,0.105949517283837,0.5149253730072396,3.8082244269120924
227,0.98,0.10102263088723024,0.5138592749262161,3.7924456911554723
228,0.9781333333333333,0.10182239190340042,0.5117270787641692,3.79213346397953
229,0.9805333333333334,0.09885877346595129,0.5053304902780285,3.7945498169612275
230,0.9770666666666666,0.10543357531428336,0.5202558634123569,3.7645743630334003
231,0.9784,0.10387842779159547,0.5181236672503099,3.7731035091221203
232,0.9778666666666667,0.10688121301730474,0.5181236672503099,3.776592863648177
233,0.9783999999682108,0.10519601551691692,0.5181236672503099,3.781063325369536
234,0.9773333333333334,0.10256271957556407,0.5170575691692865,3.7883303561952832
235,0.9770666666666666,0.10764761768182118,0.5117270787641692,3.792753882499646
236,0.9754666666666667,0.10811147417624792,0.5074626864400754,3.795349554212363
237,0.9762666666666666,0.10790452103813489,0.49893390179188774,3.818544399509552
238,0.9791999999682108,0.101625852505366,0.5053304902780285,3.802221835549198
239,0.9776,0.10383545128206412,0.504264392197005,3.799047717661746
240,0.9789333333333333,0.09846207883556683,0.5053304902780285,3.8162870381686735
241,0.9768,0.10760081341266632,0.5063965883590519,3.803404133965466
242,0.9768,0.10609553547700246,0.5042643925782714,3.8267195402686274
243,0.9805333333333334,0.09736963146428267,0.5085287845210988,3.762810079781994
244,0.9821333333015442,0.09725751738548279,0.5074626864400754,3.7688708808630516
245,0.9797333333333333,0.10089252128005027,0.5149253730072396,3.773450628272506
246,0.9794666666666667,0.10165344098806381,0.5138592749262161,3.784910008851399
247,0.9807999999682109,0.09873215758005778,0.5085287845210988,3.7852659215296764
248,0.9776,0.10630874966780345,0.5095948826021223,3.810682004957057
249,0.9794666666666667,0.10133289754986763,0.5117270787641692,3.817294125872126
