epoch,acc,loss,val_acc,val_loss
0,0.5600000000158946,0.7001261271476745,0.5692963752982967,0.6962335684152046
1,0.6039999999682109,0.6860127406438191,0.587420042771012,0.691437549936746
2,0.6389333333651225,0.6729435750961303,0.6034115139863638,0.6871101147076214
3,0.6511999999682109,0.6610892460187276,0.6055437101484108,0.6838828059656026
4,0.6624000000317891,0.6492321156819661,0.6119402985710071,0.6813357345330944
5,0.6693333333015442,0.6342453890164693,0.6002132197432934,0.6803362832140567
6,0.6799999999682108,0.6191207197189331,0.5959488274191996,0.6781363946034201
7,0.6863999999682109,0.6048648223718007,0.6002132196162047,0.6781625146550665
8,0.6898666666348775,0.5913069646199545,0.5948827292746318,0.6800522007413511
9,0.6888000000317891,0.5839580960591634,0.5948827292746318,0.6808892754095195
10,0.6946666666825613,0.5655852114359537,0.5916844350315614,0.6822158862024482
11,0.7077333333015442,0.5557946244557699,0.5959488274191996,0.6837702375739368
12,0.7122666666348775,0.540838277610143,0.6034115139863638,0.6878487498267118
13,0.7114666666984558,0.5270860032717387,0.5959488274191996,0.6923207325467677
14,0.7146666666666667,0.52280828332901,0.5906183369187658,0.6965128236742162
15,0.7253333333015441,0.5065071604092916,0.59808102348593,0.7020004142576189
16,0.7264000000317892,0.4948385366439819,0.5980810235177022,0.7106477436480492
17,0.7266666666666667,0.4847579597791036,0.5991471215987256,0.7147874093767422
18,0.734933333349228,0.47279628518422445,0.5991471215987256,0.7218214504754366
19,0.7450666666666667,0.457533123922348,0.5948827293381762,0.7310803922763003
20,0.7461333333651224,0.45308606948852537,0.5938166312571528,0.7396586786455183
21,0.7426666666666667,0.4475217255115509,0.601279317824317,0.7452172847953178
22,0.7615999999682108,0.4251547213395437,0.5980810235812466,0.7515238312515877
23,0.7578666666348776,0.4254622010389964,0.5916844350951058,0.7570216260485049
24,0.7653333333333333,0.41757910992304487,0.5938166312571528,0.768932334395614
25,0.7749333333651225,0.405806671555837,0.5884861408520355,0.7764692165449992
26,0.7642666666348775,0.3999522783915202,0.5810234542848713,0.7894932083737876
27,0.7744000000317891,0.38992847816149395,0.5874200427074676,0.8025446089346018
28,0.7704000000317891,0.3841045310974121,0.5863539445628998,0.8118171614370366
29,0.7791999999682109,0.3783745351155599,0.5863539446264442,0.8252535804248313
30,0.7703999999682108,0.36968821829160053,0.5756929638162096,0.838800526631158
31,0.7973333333333333,0.3546772039016088,0.5820895523023504,0.8503016304613938
32,0.7933333333015442,0.34793044006029766,0.5788912581228244,0.8618394240641645
33,0.7871999999682109,0.35057100706100464,0.5799573561403034,0.8736906305813332
34,0.7968,0.33339724835554757,0.577825160041801,0.8821316492328766
35,0.7983999999682109,0.3336801896254222,0.5767590619607775,0.9007231708782822
36,0.8434666666348776,0.3255852401971817,0.5767590619607775,0.9171808322609615
37,0.8392,0.3240184677004814,0.5788912581228244,0.9290046496177787
38,0.8474666666348776,0.3213751345952352,0.5767590619607775,0.9451141611599465
39,0.8437333333015442,0.3162186862309774,0.5724946696366837,0.9580248736623508
40,0.848,0.30484493505160015,0.5735607676541628,0.973132771977992
41,0.8624,0.29766011179288226,0.5724946696366837,0.9895867419395366
42,0.8575999999682109,0.30170315105120343,0.5724946695731393,1.0021554366357799
43,0.8658666666666667,0.29611904667218525,0.5703624734110924,1.0210826351190172
44,0.8597333333015442,0.2930411593993505,0.5692963753936133,1.039482549563654
45,0.8623999999682108,0.2884448399702708,0.5660980810869986,1.0478265552378412
46,0.8597333333015442,0.2880774868965149,0.5682302772490455,1.0600829515884171
47,0.8690666666666667,0.2791157329559326,0.5671641792315664,1.075149421244542
48,0.8784,0.2732492205182711,0.5639658849884961,1.087022626069563
49,0.8767999999682109,0.2706922986030579,0.5714285715556602,1.111773416940083
50,0.8741333333333333,0.27326156229972837,0.5639658849884961,1.1294428158416423
51,0.8864,0.2526690840780735,0.5618336888264491,1.15280712642141
52,0.8912,0.24986896855831145,0.5671641792315664,1.1624476454659565
53,0.8874666666348775,0.2520297422885895,0.5650319830695195,1.1839882585285568
54,0.8832,0.2566937922000885,0.5607675907454257,1.196474291368334
55,0.8850666666348775,0.2544356119553248,0.5724946696366837,1.2188990916778792
56,0.8901333333015442,0.24681167397499085,0.5650319830695195,1.2408333518611852
57,0.8906666666348775,0.2470883950074514,0.5628997868439282,1.2576768723632228
58,0.8933333333015442,0.24135116635958354,0.5607675907454257,1.2816540498469176
59,0.8992,0.23734032570521038,0.5522388060972381,1.2919573389899248
60,0.8930666666666667,0.23412879988153776,0.5618336888264491,1.3127012974671972
61,0.9058666666666667,0.22597830850283304,0.5607675907454257,1.3405573314695216
62,0.9122666666348775,0.22329626401265462,0.5575692965023553,1.3664113354327074
63,0.9045333333333333,0.2232640481154124,0.5618336888264491,1.3829010198873752
64,0.8986666666666666,0.22601856323083241,0.5597014926644023,1.4004912373862033
65,0.8941333333333333,0.22353911938667298,0.5575692965023553,1.410509532702757
66,0.9074666666348775,0.2151417015393575,0.5618336887629047,1.436968969892083
67,0.9042666666348775,0.2146250207901001,0.5607675907454257,1.4568126333801985
68,0.9069333333333334,0.212233922958374,0.5692963753936133,1.4693693049680958
69,0.908,0.20659300150871276,0.5650319830695195,1.4852974839302013
70,0.9133333333333333,0.2015222677886486,0.5660980811505429,1.5084570707288631
71,0.9056,0.20845708766380946,0.5639658849884961,1.526134738027414
72,0.9066666666666666,0.20633604952891668,0.5746268657351862,1.5548169841644353
73,0.9061333333333333,0.20409077007472515,0.5639658849884961,1.5764068896328207
74,0.9117333333333333,0.19802978003819782,0.5660980810869986,1.6020572561699191
75,0.9154666666666667,0.19464467232227325,0.5660980810869986,1.6211637281405646
76,0.912,0.1987594595491886,0.5575692965023553,1.6480539363584539
77,0.9133333333015442,0.1964402351220449,0.5650319830695195,1.6621499079376905
78,0.9074666666666666,0.20235230441093444,0.5639658849884961,1.6783810467608193
79,0.9133333333333333,0.19577919373512268,0.5607675907454257,1.6996929165142685
80,0.9128,0.19480542190869649,0.5607675907454257,1.7283470572184907
81,0.9104,0.19618428133328755,0.575692963879754,1.737037863812721
82,0.9178666666348775,0.1877779833316803,0.5703624734746368,1.7481822962445746
83,0.9119999999682109,0.19368918968836465,0.5735607677177071,1.7654182250057455
84,0.9168,0.1850875748713811,0.5682302773125899,1.7898349111268261
85,0.9176,0.18486243321895598,0.5682302773125899,1.8054089696168392
86,0.9186666666666666,0.187315021721522,0.5682302773125899,1.8220374121594785
87,0.9117333333333333,0.1894063659509023,0.5639658849884961,1.8417905119182205
88,0.9141333333015442,0.18701996529897055,0.5660980811505429,1.8610784854970253
89,0.9162666666984558,0.18289316897392274,0.5650319830695195,1.8652093181732112
90,0.9138666666666667,0.1846537232796351,0.5692963753300689,1.87626884664808
91,0.9258666666348775,0.17338286599318187,0.5692963753300689,1.8963795486035377
92,0.9130666666666667,0.1895892131646474,0.5650319830059751,1.9139321984004365
93,0.9194666666666667,0.18028666921655337,0.5660980810869986,1.946837890885278
94,0.9181333333333334,0.17928567132155102,0.5692963752665245,1.966197970579428
95,0.9114666666666666,0.18032850669920444,0.5682302771855011,1.9850421785545755
96,0.9186666666666666,0.1775037720600764,0.5724946696366837,2.0131863708943447
97,0.9157333333015442,0.1805445701201757,0.5660980810869986,2.0335740687242194
98,0.9127999999682108,0.18003731894493102,0.5618336887629047,2.0512695236246725
99,0.9232,0.1699971542865038,0.5586353945833787,2.0739495393309766
100,0.9216,0.16734118576447168,0.5586353945833787,2.089317472250477
101,0.9242666666666667,0.16670803067684173,0.5639658849884961,2.109079703593305
102,0.9175999999682108,0.17233693982760112,0.5628997869074726,2.1314436367579868
103,0.9245333333015442,0.1690549368540446,0.5597014926644023,2.140538110407685
104,0.9202666666666667,0.1691330103357633,0.5565031984213319,2.153533342804736
105,0.9245333333333333,0.1609301589926084,0.5575692965023553,2.1639699315719767
106,0.9162666666666667,0.1702264504035314,0.5650319830695195,2.1784871758174287
107,0.9248,0.1657536470333735,0.5628997869074726,2.1913853459266712
108,0.9301333333015442,0.15906927812099456,0.5554371003403085,2.2011948424870016
109,0.9264,0.16411882028182348,0.5607675907454257,2.227925333641231
110,0.928,0.1653143461783727,0.5650319830059751,2.226887699383408
111,0.9176,0.16434465838968754,0.5682302773125899,2.2301399748462605
112,0.9248,0.1650616020123164,0.5703624734746368,2.241466936017913
113,0.9218666666666666,0.16397552880048752,0.5703624734746368,2.2582820066765175
114,0.9357333333333333,0.14840670032103856,0.5682302773125899,2.2765793098823854
115,0.9274666666348775,0.15658590167363484,0.5660980811505429,2.292235863488366
116,0.9293333333651225,0.15880670703252156,0.5703624734110924,2.2832174402818497
117,0.9274666666666667,0.16193969108462333,0.5724946695731393,2.289686002710989
118,0.9306666666666666,0.1580356496989727,0.5735607676541628,2.30777710383889
119,0.9274666666348775,0.16099640385309855,0.5692963753300689,2.3459550485427956
120,0.9320000000317892,0.16018141584396361,0.5682302772490455,2.366023528296302
121,0.9309333333333333,0.15442049960593382,0.5575692964388109,2.3755077126183743
122,0.9322666666666667,0.15540360788901647,0.555437100276764,2.3651224804331243
123,0.9317333333333333,0.1572610780239105,0.5533049041147171,2.3828121395761777
124,0.9266666666666666,0.16079283436934153,0.5501066098716467,2.4185654308750175
125,0.9253333333333333,0.16674788349469502,0.5575692964388109,2.441713954848267
126,0.9266666666666666,0.15684423031806946,0.5650319830059751,2.437297840362419
127,0.9317333333015442,0.15470926690101625,0.5692963753300689,2.4445409495184927
128,0.9309333333015442,0.15948190914789837,0.5703624734110924,2.450636161161638
129,0.9304,0.15550408723751705,0.5714285714921158,2.4811442264361676
130,0.9338666666348775,0.15587105286916098,0.570362473347548,2.4911912987227125
131,0.9341333333333334,0.150648715031147,0.5692963752665245,2.509643840891466
132,0.9328,0.1511440287788709,0.570362473347548,2.521987154539714
133,0.9253333333015442,0.15804977884292604,0.5650319829424307,2.5301821358930834
134,0.9314666666666667,0.15473651978174846,0.5682302771855011,2.5465507486990013
135,0.9317333333651224,0.1567235967954,0.5692963752665245,2.546452371296344
136,0.9325333333333333,0.15235866725047428,0.5650319830059751,2.569850531722437
137,0.9317333333333333,0.15364323805173238,0.5628997868439282,2.562538959832588
138,0.9336,0.14997313882112503,0.5618336887629047,2.5652776908264485
139,0.9344000000317891,0.1453739328702291,0.5650319829424307,2.570361008267921
140,0.9290666666666667,0.15782382867634295,0.5628997868439282,2.5713465971224854
141,0.9304,0.15492966718673706,0.5607675906818813,2.5798468655868887
142,0.9341333333333334,0.15024243372281393,0.567164179168022,2.5924076276547363
143,0.9293333333333333,0.15262102139790854,0.5682302772490455,2.6023246921710115
144,0.9317333333333333,0.1545383023738861,0.5682302772490455,2.6120037758019943
145,0.9282666666666667,0.15081410579681395,0.5703624734110924,2.6227072174869366
146,0.9349333333333333,0.14961139212449392,0.5660980811505429,2.638700757199513
147,0.9370666666666667,0.14500466707547505,0.5639658849884961,2.6479244003417906
148,0.9330666666666667,0.15360779038270314,0.5586353945833787,2.666871701222239
149,0.9312,0.14808816326260565,0.5607675907454257,2.6573192961434566
150,0.9346666666666666,0.1430227829058965,0.5618336888264491,2.665813542124051
151,0.9309333333333333,0.14911226230462393,0.5660980811505429,2.6623716949145675
152,0.9314666666348775,0.1474569190899531,0.5660980811505429,2.6701050079199296
153,0.9365333333333333,0.14110517290830613,0.5671641792315664,2.6854453503704274
154,0.9359999999682108,0.14672472168604533,0.5767590618972331,2.6979856145407344
155,0.9354666666666667,0.1480664909362793,0.5735607677177071,2.708706088157605
156,0.9410666666666667,0.1468046714812517,0.5692963753936133,2.731309215143037
157,0.944,0.13982992619673412,0.5703624734746368,2.7485442451322513
158,0.9434666666666667,0.14057566277186076,0.5597014926644023,2.7672246686939492
159,0.9336,0.14512764050563176,0.5650319830695195,2.7724472663041624
160,0.9376,0.14585088264246782,0.5639658849884961,2.7762642308338874
161,0.932,0.1496263109445572,0.5607675907454257,2.7810698155401106
162,0.9338666666666666,0.1465615308602651,0.5565031984213319,2.79977256860306
163,0.9301333333333334,0.15579255375067394,0.5639658849249517,2.811169635004072
164,0.9349333333333333,0.14700677005251248,0.5639658849249517,2.8015156153168506
165,0.9293333333015442,0.15392576746145883,0.5628997868439282,2.809882421737541
166,0.9378666666666666,0.14355068928400674,0.5671641791044776,2.820592433404821
167,0.9405333333651225,0.1415264757315318,0.5671641791044776,2.8353856331758154
168,0.9354666666666667,0.14117024041811624,0.5597014925373134,2.8471372005527718
169,0.9378666666348775,0.14160415716171265,0.5586353945198343,2.8480124204143533
170,0.9338666666348775,0.14875814728736877,0.5628997867803838,2.8368757894552594
171,0.9303999999682109,0.14935521326065063,0.5628997867803838,2.859157422458185
172,0.9362666666666667,0.1403586908439795,0.5671641791044776,2.858356043728176
173,0.9269333333015441,0.15645692970752717,0.5660980810234542,2.87110102100413
174,0.9368,0.14195482496917247,0.5767590618972331,2.888819461692371
175,0.9317333333333333,0.1464737995346387,0.5703624734110924,2.8709382751603116
176,0.9359999999682108,0.13567245105107625,0.5756929638162096,2.876388001797804
177,0.9357333333015442,0.1434005374590556,0.5746268656716418,2.899069816573088
178,0.9344,0.14584844012161097,0.5746268656716418,2.89825681786039
179,0.9389333333333333,0.13938357897996903,0.5746268657351862,2.91173317132474
180,0.936,0.13902632130483786,0.5618336888264491,2.932485438613241
181,0.9341333333333334,0.140183468045791,0.5650319830695195,2.9316319321264337
182,0.9317333333333333,0.14436000307599703,0.5639658849884961,2.9616225258882114
183,0.9335999999682109,0.1477820869922638,0.5639658849249517,2.9671595981126146
184,0.94,0.1326919984181722,0.5607675907454257,2.974402510026879
185,0.9373333333015442,0.1390732754389445,0.5586353945198343,2.961351105399223
186,0.9298666666666666,0.14983875619570414,0.5565031984213319,2.9590885385013084
187,0.9338666666666666,0.14087710998853048,0.5522388060972381,2.9651130684403215
188,0.9349333333651225,0.1437739092350006,0.5607675907454257,2.947106224133262
189,0.9322666666666667,0.14501912638346354,0.5618336888264491,2.9551671130824952
190,0.9373333333015442,0.13464914145469664,0.5639658849884961,2.9713210947732174
191,0.9354666666666667,0.14552832164764404,0.5628997869074726,2.9713003716743325
192,0.9349333333015442,0.14578981375694275,0.567164179168022,2.96813341091945
193,0.9394666666666667,0.14149099163413048,0.5618336887629047,2.9746712641929514
194,0.9349333333333333,0.14619924877087276,0.5618336887629047,2.9696113676913005
195,0.9373333333333334,0.13697083541552227,0.567164179168022,2.9894177557817145
196,0.9338666666666666,0.13856204775174458,0.567164179168022,2.995908373708664
197,0.9408,0.13339405589898426,0.5692963753300689,3.01764216555207
198,0.9386666666348775,0.131296019077301,0.567164179168022,3.0458030049988962
199,0.9346666666666666,0.14123912273248038,0.5650319830059751,3.0717218638991497
200,0.9328,0.1379990106801192,0.5660980810869986,3.088164418490965
201,0.9341333333333334,0.14034442089001337,0.5628997868439282,3.1024703979492188
202,0.9463999999682109,0.12789389363129933,0.567164179168022,3.1262481832809286
203,0.9365333333015442,0.1460991245428721,0.5639658849249517,3.1231373911981644
204,0.9394666666348775,0.13836569310029348,0.5575692964388109,3.116763888645782
205,0.9402666666348776,0.1366697817484538,0.567164179168022,3.129380876321528
206,0.9352,0.141831542801857,0.5607675906818813,3.1444444808878624
207,0.9354666666666667,0.14628871382872263,0.5597014926008578,3.1656146207089617
208,0.9376,0.13710382731755574,0.5618336887629047,3.148290962552719
209,0.9392,0.13449393065472445,0.5597014926008578,3.1540957320727774
210,0.9405333333333333,0.1353029684106509,0.5575692964388109,3.1519452605420337
211,0.936,0.1376357887874047,0.5565031983577875,3.1528144929963133
212,0.9312000000317892,0.14356070806185403,0.5575692964388109,3.1374856708908894
213,0.9370666666666667,0.14031412338415783,0.5618336887629047,3.1624448975520347
214,0.9354666666666667,0.13545936381618182,0.5639658849249517,3.1599681560418755
215,0.9346666666348775,0.13847413942813874,0.5671641793586552,3.167945422597531
216,0.9333333333015442,0.13864534409046173,0.5575692966294441,3.180668417578821
217,0.9333333333333333,0.13784171649515628,0.5639658851155849,3.1813292681281244
218,0.9415999999682109,0.1290779999256134,0.5692963755207021,3.1876214160593843
219,0.9354666666984558,0.1357439875125885,0.5650319829424307,3.2031054156167165
220,0.9402666666348776,0.13155112235546113,0.5660980810869986,3.196798756686863
221,0.9405333333333333,0.13440552220741908,0.5682302771855011,3.2066827277893197
222,0.9362666666348776,0.1403993988355001,0.570362473347548,3.222646920665749
223,0.9381333333333334,0.14142387981414795,0.5618336886993603,3.239271355081977
224,0.94,0.13336731732288995,0.5597014925373134,3.2484593294830972
225,0.9386666666666666,0.13751659520467122,0.5628997867803838,3.2456166906905835
226,0.9333333333015442,0.13921836131413778,0.55863539445629,3.250557968611402
227,0.9341333333333334,0.13474237614870072,0.5628997867803838,3.249572807791899
228,0.9445333333333333,0.13094917935232323,0.5607675906183369,3.2651316219809723
229,0.9293333333333333,0.14193944987853369,0.55863539445629,3.260634040019151
230,0.9301333333333334,0.13981461333036424,0.5671641791044776,3.257887607444324
231,0.9410666666666667,0.1351137228101492,0.5671641791044776,3.251911874518974
232,0.9338666666348775,0.1371412226041158,0.571428571682749,3.258450764328686
233,0.9394666666348775,0.13443660176595051,0.5671641791044776,3.286538294383458
234,0.9448,0.1270059456904729,0.5671641791044776,3.2926758647219203
235,0.9464,0.12590907165308793,0.5597014925373134,3.318851610236585
236,0.9341333333333334,0.13613064347207546,0.5650319829424307,3.342350792528978
237,0.9432,0.12741228383779526,0.5607675906183369,3.3536843338500715
238,0.9455999999682109,0.12881126097838083,0.5565031982942431,3.3743682319421504
239,0.9362666666348776,0.13519851613839468,0.55863539445629,3.3749774564812176
240,0.9423999999682109,0.12756135721206666,0.5522388059701493,3.37262158505698
241,0.9450666666348775,0.12589822363853453,0.5565031982942431,3.3781196481383433
242,0.9325333333333333,0.14017816100120545,0.5597014926008578,3.3912243848162165
243,0.9341333333333334,0.13131981340547402,0.5575692963752665,3.3957461690597697
244,0.9381333333333334,0.13565555754502615,0.5565031982942431,3.404628032814465
245,0.9341333333015442,0.13166751178105673,0.5522388059701493,3.422090845067364
246,0.9352,0.1328496697773536,0.5479744136460555,3.438982246781209
247,0.9349333333015442,0.13711506360371908,0.5490405117270789,3.4265131543694274
248,0.9328000000317891,0.13630925634702046,0.5501066098716467,3.421936868858744
249,0.9413333333333334,0.12768137788772582,0.5479744137095999,3.4242540412366007
