epoch,acc,loss,val_acc,val_loss
0,0.5376000000317891,0.7102870842615764,0.5767590618336887,0.7009920549036851
1,0.6432,0.6526971212387085,0.5874200426439232,0.6951238309650787
2,0.7061333333651225,0.6017086437543233,0.5852878464818764,0.6952875004902578
3,0.7322666666348775,0.565591380182902,0.5820895524929836,0.6944291200210799
4,0.7677333333015441,0.5196573594729106,0.5810234541577826,0.6978624094523855
5,0.7687999999682108,0.49313052201271057,0.5756929640068429,0.702643513933682
6,0.788,0.46893916233380634,0.5820895524929836,0.7079626864461757
7,0.8034666666348775,0.43358271074295046,0.5842217484008528,0.7157693948827064
8,0.8071999999682109,0.4180218571503957,0.571428571682749,0.7253316124873375
9,0.8152000000317892,0.397085418399175,0.5597014925373134,0.7370048347058327
10,0.8261333333651225,0.377388028271993,0.5660980810234542,0.7494924362026044
11,0.8205333333651225,0.3598368234793345,0.5575692963752665,0.7603896477583375
12,0.8231999999682108,0.34965034294128416,0.5724946695731393,0.7723295933910524
13,0.8351999999682108,0.3318721042792002,0.5682302771855011,0.7910410216622261
14,0.8410666666348775,0.31871628562609355,0.5628997867803838,0.8082946089030837
15,0.8421333333651225,0.3100369558016459,0.5660980810234542,0.8220191961412491
16,0.8392,0.30454222826957705,0.5628997867803838,0.8343784943826671
17,0.8530666666666666,0.28921147853136064,0.5618336886993603,0.8592293384486932
18,0.8602666666348775,0.27904260379473367,0.5586353947104675,0.876924573485531
19,0.8663999999682108,0.2722074605147044,0.571428571682749,0.8912101924292314
20,0.8706666666348776,0.2718293168544769,0.5724946697637725,0.9186861691698591
21,0.8719999999682109,0.26121539896329243,0.5724946697637725,0.9369613656611331
22,0.8781333333333333,0.2502143425623576,0.5660980812776317,0.958251185635768
23,0.8786666666348775,0.24414513177871705,0.5639658851155849,0.9809957807506325
24,0.8813333333015442,0.2407557765007019,0.5586353947104675,1.0005561232821012
25,0.8901333333333333,0.2307141907731692,0.5575692966294441,1.0294085944385163
26,0.8869333333333334,0.23198870707352956,0.5660980812776317,1.0582009739458942
27,0.8936,0.2156730183204015,0.5597014927914911,1.0862852118925246
28,0.8975999999682108,0.218999542538325,0.5543710023863737,1.1011960303097137
29,0.8970666666666667,0.21226261821985246,0.5628997870345613,1.1216143461178616
30,0.8973333333333333,0.21042105473677317,0.5628997870345613,1.1447855287523412
31,0.8946666666348775,0.20913006693522135,0.5682302774396787,1.1690833169514183
32,0.8970666666348776,0.207921515083313,0.5565031985484207,1.2055553581668879
33,0.9013333333015442,0.20995604848861693,0.5575692966294441,1.225173349065313
34,0.9072,0.20950930019219716,0.5586353943292012,1.257574164028615
35,0.9144,0.2044158283551534,0.551172707762037,1.2771210273954152
36,0.9066666666348775,0.20741643665631612,0.5490405115999901,1.3113599822465292
37,0.9181333333333334,0.19305776655276616,0.5575692966294441,1.3338364426261071
38,0.9218666666348775,0.18846525116761526,0.5490405119812565,1.3615678968205889
39,0.9224,0.1835687860707442,0.5479744136460555,1.381139137343303
40,0.9176,0.1942219541509946,0.5533049043053503,1.4115532646809559
41,0.92,0.1867365121781826,0.551172707762037,1.4232610830111798
42,0.9192,0.18372785649299622,0.5543710023863737,1.4342206111594813
43,0.9173333333651225,0.18808027337392172,0.5533049039240839,1.4653395925249373
44,0.9208,0.1830093421459198,0.5469083154379432,1.4891001164023556
45,0.9213333333015442,0.17874110678831737,0.5501066096810135,1.5079131065401188
46,0.9157333333333333,0.1833859235604604,0.5426439231138493,1.535062885996121
47,0.9194666666348775,0.17797522352536518,0.5405117269518025,1.5771336667319096
48,0.9250666666348776,0.17890495560963948,0.5373134330899985,1.60612180898947
49,0.9205333333333333,0.17624041951497396,0.5426439234951158,1.6210063645072075
50,0.9282666666348776,0.16978487661679587,0.5415778254140923,1.6433713672511867
51,0.9245333333333333,0.17384642660617827,0.5469083158192096,1.6679889563558452
52,0.9256,0.17531906743248304,0.5351812369279516,1.6964688227374924
53,0.932,0.16775209777355193,0.5287846484418108,1.7073771114796719
54,0.924,0.17306724180380503,0.5426439231138493,1.7255740491057765
55,0.9314666666348775,0.17323573292096456,0.5362473346277087,1.745720396418053
56,0.9256,0.1720589803556601,0.5383795307897555,1.7642648797045384
57,0.9224,0.17221559923489888,0.5405117270788913,1.791845323180339
58,0.9322666666666667,0.1681761378566424,0.5469083158192096,1.8237800892990534
59,0.9285333333015442,0.1702888385852178,0.5362473347547975,1.847672074588377
60,0.9309333333333333,0.1617525611937046,0.5383795309168443,1.844652671041265
61,0.9266666666348775,0.17168506956100463,0.5437100215761392,1.873062531831168
62,0.9298666666666666,0.16275340962409973,0.5479744136460555,1.9014124880467396
63,0.9322666666666667,0.16617427721420924,0.5458422174840085,1.9155956626192594
64,0.9344,0.15908280980587006,0.5490405119812565,1.9236623869775964
65,0.9312,0.1612590423365434,0.5447761194029851,1.967051337776916
66,0.94,0.15716915120085082,0.5373134330899985,1.993186911540245
67,0.9365333333015442,0.15704043718973795,0.5405117273330688,2.009192350830859
68,0.9309333333333333,0.16375309472481409,0.5543710023863737,2.011310719223673
69,0.9352,0.15732774339516958,0.5597014927914911,2.0301719448968036
70,0.9381333333333334,0.1540704215447108,0.5565031985484207,2.0471252759636593
71,0.9450666666348775,0.15399053595860798,0.547974413900233,2.0577982249798805
72,0.9346666666984558,0.1570728741645813,0.5501066100622799,2.0711636731365344
73,0.9274666666348775,0.1685569705883662,0.5554371002132196,2.1006013599794304
74,0.9357333333333333,0.15499160571495693,0.5575692963752665,2.1161800671233806
75,0.9333333333333333,0.15642337551911673,0.5565031985484207,2.139004722078726
76,0.9386666666666666,0.15602489333550135,0.5565031985484207,2.1697133278795904
77,0.9405333333333333,0.155042061038812,0.5597014927914911,2.2098699312474426
78,0.9394666666666667,0.15712097029685973,0.5586353947104675,2.2346021549533934
79,0.9362666666666667,0.1597705191731453,0.5490405119812565,2.2676484457719557
80,0.9410666666984558,0.15295551726023357,0.5415778254140923,2.2924689951736026
81,0.9354666666666667,0.16448003944953282,0.5426439234951158,2.3149511193924113
82,0.9421333333015441,0.15120974963506062,0.5458422173569197,2.3268890818044827
83,0.9399999999682108,0.15601694486141204,0.5543710021321961,2.3267491697502543
84,0.9378666666666666,0.15425196398496627,0.5415778251599147,2.3515027962259647
85,0.9410666666666667,0.15342593896190326,0.5394456289978679,2.3589658218660334
86,0.9394666666666667,0.15276194899082185,0.5437100213219617,2.3669397627621063
87,0.9485333333015442,0.14554160601298013,0.5426439232409381,2.392675673783715
88,0.936,0.15363168690403303,0.5373134328358209,2.4242452741431784
89,0.9498666666348775,0.14601046028137207,0.5394456289978679,2.4337929530438585
90,0.9498666666666666,0.14274744498729705,0.5426439232409381,2.445471938993377
91,0.9485333333015442,0.1417980532169342,0.5447761194029851,2.471549356415836
92,0.9477333333333333,0.146362924182415,0.5373134328358209,2.4783531907779066
93,0.9378666666666666,0.1589765407383442,0.5458422174840085,2.503177043471509
94,0.9466666666666667,0.1422526486794154,0.5426439234951158,2.535304758340311
95,0.9424,0.15054648927052816,0.5437100215761392,2.5437015221317187
96,0.9479999999682108,0.14633923112551372,0.5490405119812565,2.541402549885992
97,0.944,0.14983037798802057,0.5501066100622799,2.5882175919343666
98,0.9445333333333333,0.14956099105477333,0.5522388062243269,2.5917153876981756
99,0.9490666666666666,0.14771043783426285,0.5533049039240839,2.6039804919187954
100,0.9437333333333333,0.1512404015302658,0.5405117269518025,2.619346361932978
101,0.9461333333333334,0.14430175003608067,0.5533049039240839,2.6426140524939434
102,0.9421333333015441,0.15039116218090057,0.5501066096810135,2.6580657399793677
103,0.9461333333015441,0.14866218319733937,0.5458422174840085,2.679723636427922
104,0.9448,0.15019559171199798,0.5490405119812565,2.6751390154173635
105,0.9378666666666666,0.15435024565855662,0.5415778251599147,2.7009784102694057
106,0.944,0.14697538343469302,0.5607675908725145,2.709248200662609
107,0.9464,0.14596560987035434,0.5607675908725145,2.7099023592243316
108,0.9469333333015442,0.146442001136144,0.5607675908725145,2.6969513994798477
109,0.9512,0.14289201458891232,0.5554371004673972,2.7140072439270995
110,0.9485333333333333,0.14582500979502996,0.5586353947104675,2.7437230132536086
111,0.9514666666666667,0.14294233342806498,0.5586353947104675,2.7555010720356696
112,0.9485333333333333,0.14415149359703064,0.5618336889535379,2.772329373146171
113,0.9415999999682109,0.15100077974001566,0.5671641793586552,2.7823908486600115
114,0.9461333333333334,0.14567300472855568,0.5628997870345613,2.7885120509784103
115,0.9464,0.1464806486884753,0.5671641789773888,2.7703995577562086
116,0.9528,0.13706717621882755,0.5618336889535379,2.779941131311185
117,0.9522666666666667,0.1414954299390316,0.5628997870345613,2.785444648535267
118,0.9533333333333334,0.1399895928223928,0.5597014927914911,2.8230171279866556
119,0.9504,0.13872421430150667,0.5501066100622799,2.83435663790591
120,0.9445333333015442,0.14960973776181538,0.5501066100622799,2.8539508583703275
121,0.952,0.14554295500914255,0.5522388062243269,2.8380336558132537
122,0.9512,0.1422811065753301,0.5565031985484207,2.841770195503479
123,0.9541333333015442,0.13783555223147073,0.5533049043053503,2.861780057329613
124,0.9549333333015442,0.1384605478922526,0.5522388062243269,2.884136563425125
125,0.9501333333015441,0.14176765522956847,0.5469083158192096,2.87976608550879
126,0.9522666666666667,0.13853162136077882,0.5415778254140923,2.884263463620184
127,0.9549333333333333,0.1397503403822581,0.5543710020051074,2.884998910716856
128,0.9488,0.14609164076447487,0.5522388062243269,2.8934064551965513
129,0.9493333333333334,0.1449309606552124,0.5522388058430605,2.9019013838981516
130,0.9509333333333333,0.14461853210926057,0.5565031981671543,2.9286043211849515
131,0.9573333333333334,0.13525063829223316,0.5447761192758963,2.966894485294692
132,0.9501333333333334,0.14477514340678851,0.5490405115999901,2.972253664215999
133,0.9557333333333333,0.14034122020403544,0.5479744135189667,2.9836965471442576
134,0.9527999999682109,0.13817780186335246,0.5479744135189667,2.989046519753267
135,0.9501333333651225,0.14668675408363344,0.551172707762037,2.9992755221913874
136,0.9541333333015442,0.14051979753176372,0.5533049039240839,3.0183880806985948
137,0.9594666666666667,0.13903976027568182,0.5522388058430605,3.014195345612223
138,0.9549333333333333,0.1385303431749344,0.5469083154379432,3.0401897506673197
139,0.9538666666666666,0.14014505495230356,0.5469083154379432,3.0400763966127244
140,0.9562666666666667,0.1377148151199023,0.5490405115999901,3.056058449531669
141,0.9538666666666666,0.1409846154530843,0.5458422173569197,3.0702060056901943
142,0.9512,0.14191346991459527,0.5469083154379432,3.076478975922314
143,0.9570666666348775,0.13708212107817333,0.5597014924102246,3.0612345158672536
144,0.9533333333333334,0.13783514521916707,0.5543710020051074,3.079676611337072
145,0.9496,0.1458754513601462,0.5543710020051074,3.0992219834439534
146,0.9530666666666666,0.1387308619618416,0.5533049039240839,3.101564020490341
147,0.9533333333333334,0.1444748262921969,0.5597014924102246,3.1023356035065803
148,0.9525333333333333,0.14704422521591187,0.5533049039240839,3.125802511853704
149,0.9543999999682109,0.1400388978799184,0.5479744135189667,3.1520683440064063
150,0.9528,0.14519520935614905,0.5479744135189667,3.1849159335276718
151,0.9557333333333333,0.14132186143398284,0.5469083154379432,3.1876223011057516
152,0.9522666666666667,0.14329297657410303,0.5469083154379432,3.171975051416263
153,0.9554666666666667,0.13999137980739276,0.551172707762037,3.171820841872616
154,0.9597333333333333,0.1327064307173093,0.5469083154379432,3.177756938852989
155,0.9493333333333334,0.14765023808479308,0.5501066096810135,3.1869888371750235
156,0.9533333333015442,0.13868031107584636,0.5479744135189667,3.174659062041911
157,0.9584,0.1313149103462696,0.5501066096810135,3.177263751975509
158,0.9586666666666667,0.13331701501409213,0.5490405115999901,3.202537889419588
159,0.9530666666666666,0.14337188014189403,0.5501066096810135,3.1990080255943574
160,0.9533333333333334,0.13933398750623066,0.5490405115999901,3.2315063237635564
161,0.9597333333015442,0.13468351991971333,0.5533049039240839,3.223584592977821
162,0.9575999999682109,0.13284230841795602,0.5586353943292012,3.228485138431541
163,0.9549333333333333,0.13763312387069065,0.551172707762037,3.2376558409570886
164,0.9490666666666666,0.14645711722373964,0.5565031981671543,3.257027754143103
165,0.9541333333333334,0.13523418653806052,0.5522388058430605,3.2572957010411505
166,0.9509333333333333,0.1435607649187247,0.5565031981671543,3.2491899009452445
167,0.9557333333333333,0.14150790100097657,0.5575692962481777,3.2647609812364395
168,0.9557333333333333,0.13781282255848248,0.5543710020051074,3.296129188557932
169,0.9629333333015442,0.12897882639567057,0.5490405115999901,3.323473001593974
170,0.9554666666666667,0.13571910416682562,0.5490405115999901,3.3363571660096714
171,0.9551999999682108,0.14232534939448038,0.5522388058430605,3.3473627074186734
172,0.9570666666666666,0.13553119099934896,0.5490405115999901,3.367361431182829
173,0.9632,0.1334391582806905,0.5522388058430605,3.378164280198022
174,0.9576,0.13570203839937847,0.5533049043053503,3.3700193281112703
175,0.9597333333333333,0.1335397717475891,0.5447761196571627,3.3625888519449783
176,0.9581333333333333,0.13152133321563403,0.5447761196571627,3.3630206793356043
177,0.9610666666666666,0.13364258541266125,0.5437100215761392,3.3754988397870744
178,0.9552,0.13866867634455363,0.5490405119812565,3.3841927834411165
179,0.9581333333333333,0.13558281718889872,0.5394456292520454,3.3844270385912996
180,0.9557333333333333,0.13847607361276945,0.5458422173569197,3.383586713754292
181,0.9597333333333333,0.13266230511466662,0.5415778250328259,3.3840264938533435
182,0.9634666666666667,0.13043475060860316,0.5437100211948728,3.388245398047636
183,0.9562666666348775,0.13461753032207488,0.547974413900233,3.383688477819154
184,0.9544,0.13940541660984357,0.5522388058430605,3.379928134906012
185,0.9578666666666666,0.13304723536173502,0.547974413900233,3.3954671024005294
186,0.9597333333333333,0.1325739351908366,0.5522388062243269,3.4116291288119642
187,0.9605333333015442,0.13689834428628286,0.5533049043053503,3.4237719502276196
188,0.9562666666666667,0.13158911020755767,0.5522388062243269,3.438911693182581
189,0.96,0.13692831451892853,0.5490405119812565,3.4369605543262667
190,0.9592000000317892,0.12977361459732056,0.5447761196571627,3.4578481315295577
191,0.9541333333333334,0.13692955593268077,0.5565031985484207,3.4517097432476116
192,0.9650666666666666,0.12653717952370644,0.5522388062243269,3.467846328515742
193,0.9634666666666667,0.1283822069644928,0.5447761196571627,3.487626095570481
194,0.9605333333333334,0.1315200331846873,0.5447761196571627,3.506541492079875
195,0.9626666666666667,0.12605863412221271,0.5341151388469281,3.5330538465015926
196,0.9581333333333333,0.13215643405914307,0.5383795311710219,3.528739837186931
197,0.9589333333333333,0.12606899712085723,0.5383795311710219,3.542215096670936
198,0.9629333333333333,0.131886800523599,0.5458422177381861,3.5431314094234376
199,0.9594666666666667,0.12698770964741707,0.5383795311710219,3.5801475642840743
200,0.9586666666666667,0.13415528779029845,0.5426439234951158,3.593003114403438
201,0.9639999999682108,0.12885909638404847,0.5458422177381861,3.607110786031304
202,0.9568,0.13973759364287058,0.5373134330899985,3.6233496442278312
203,0.9618666666666666,0.1304128205617269,0.547974413900233,3.603874482071476
204,0.9613333333333334,0.13337502927184106,0.547974413900233,3.6029732181573473
205,0.9610666666666666,0.12854623683293662,0.5522388059701493,3.6191116985735863
206,0.9570666666666666,0.13629321287473042,0.5533049041147171,3.6352679693876806
207,0.9613333333333334,0.12860123417377473,0.5490405117906233,3.6533312106183344
208,0.9645333333333334,0.12648883345921835,0.5533049041147171,3.6843489014517776
209,0.9573333333333334,0.13498651472727458,0.5511727079526701,3.674923878488764
210,0.9629333333333333,0.13212459991375605,0.5490405117906233,3.6756830906817144
211,0.9597333333333333,0.13525989633401234,0.5458422175475529,3.681723585515134
212,0.9647999999682109,0.1271953320980072,0.5554371002132196,3.692863522307959
213,0.9538666666666666,0.13989282911221187,0.5511727078891258,3.680771550135826
214,0.9608,0.13264036128520965,0.5533049040511727,3.6780902266756557
215,0.9626666666666667,0.13166729101538657,0.5511727078891258,3.6711465798969716
216,0.9581333333333333,0.13250112434228262,0.55863539445629,3.6436642766761373
217,0.9632,0.13006749503413836,0.5458422175475529,3.6482594913002777
218,0.9626666666348775,0.1286916578133901,0.5437100213855061,3.659438184075264
219,0.9584,0.13420520097812016,0.5511727078891258,3.66299059955296
220,0.9610666666666666,0.12876618584394456,0.5501066098081023,3.6496507486046506
221,0.9631999999682108,0.12805471725463868,0.5458422174840085,3.649132736710343
222,0.9567999999682109,0.13864511359532675,0.5543710023863737,3.6581724233973
223,0.9658666666666667,0.12725025360981623,0.5565031985484207,3.662168300482256
224,0.9613333333333334,0.1306351300517718,0.5522388062243269,3.6788141061502224
225,0.9583999999682109,0.13570431524912516,0.5543710023863737,3.6990932172803737
226,0.9632,0.12949352878332138,0.5565031985484207,3.6846407873035747
227,0.9599999999682108,0.1308515360514323,0.5586353947104675,3.6746193778031926
228,0.9629333333333333,0.13279978029529255,0.5554371004673972,3.672293511026704
229,0.9674666666666667,0.12428967364231745,0.5469083154379432,3.682193383479169
230,0.9624,0.12726825919151305,0.5490405115999901,3.6745252873597622
231,0.9589333333333333,0.13258690809408824,0.547974413900233,3.6845245157986053
232,0.9626666666666667,0.12795571526885033,0.5522388059701493,3.6653130756004026
233,0.9650666666666666,0.1276805309911569,0.5554371002132196,3.670760584792603
234,0.9650666666348775,0.1276090428352356,0.5543710021321961,3.6894331715508564
235,0.9624,0.1315508578936259,0.5490405119812565,3.670456817663555
236,0.9624,0.12978634036580722,0.5490405117270789,3.687170996594785
237,0.9634666666666667,0.12650495870113374,0.5501066098081023,3.686740664785096
238,0.9650666666666666,0.1249900047103564,0.5554371004673972,3.693555083610356
239,0.9664,0.1260324580828349,0.5533049043053503,3.706084252928874
240,0.9664,0.12837339646418888,0.5415778251599147,3.7068427203814864
241,0.9618666666666666,0.12948210954268774,0.5394456289978679,3.701323210303463
242,0.9653333333333334,0.125575169891119,0.5426439232409381,3.7113047723831145
243,0.9602666666666667,0.13259482735792796,0.5469083155650319,3.701385671395991
244,0.9584,0.13353685450355213,0.5511727078891258,3.7112612876810753
245,0.9608,0.13031742485364278,0.5501066098081023,3.7150935272672285
246,0.9616,0.12768311732212703,0.5447761194029851,3.703762164248078
247,0.964,0.12815687793493272,0.5479744136460555,3.7345869658089903
248,0.9592,0.13172334245443343,0.5490405117270789,3.71092360868637
249,0.9626666666666667,0.1271462088505427,0.5458422174840085,3.7376183202780133
