epoch,acc,loss,val_acc,val_loss
0,0.6264,0.7003968967437744,0.6257995736243119,0.6920908558597443
1,0.6263999999682108,0.6449658481280008,0.6257995736243119,0.6864039847083183
2,0.6264,0.6015731235663097,0.6257995736243119,0.6840532892294275
3,0.6264,0.5659448695500692,0.6257995736243119,0.6840020632947178
4,0.6264,0.5333324115435283,0.6257995736243119,0.6866543739080937
5,0.6263999999682108,0.5053875428358714,0.6257995736243119,0.6900533413582011
6,0.6362666666666666,0.4764963198661804,0.6066098081658898,0.6926756070366801
7,0.7621333333651225,0.45652097625732424,0.6108742004899836,0.6976423395722151
8,0.8304,0.43480708538691204,0.6098081024725046,0.7023543935340605
9,0.8757333333651225,0.4137940632502238,0.6119402986345515,0.7089602662556207
10,0.8962666666348775,0.39995374635060627,0.6098081024725046,0.71674097435815
11,0.8933333333015442,0.3915622171084086,0.6151385928140775,0.7256231531659677
12,0.8978666666666667,0.38288656215667727,0.6151385928140775,0.7316122306689524
13,0.9069333333015442,0.37286335105895996,0.6098081024725046,0.7452784978758806
14,0.9165333333015442,0.3591936494509379,0.6130063965884861,0.7585500096207234
15,0.9154666666348775,0.3514201476414998,0.6087420043279367,0.7724491449307277
16,0.9264000000317891,0.34366356569925943,0.6044776119402985,0.7796246031962478
17,0.9293333333333333,0.3325207218805949,0.6119402985074627,0.7921414348616529
18,0.9266666666666666,0.3295039093653361,0.6119402985074627,0.8054208641113249
19,0.9285333333333333,0.3311833564122518,0.6108742004264393,0.8160022405673192
20,0.9341333333015442,0.31379841119448343,0.6066098081023454,0.8315458681537653
21,0.9338666666666666,0.31277355121771494,0.5970149253731343,0.8500231344308427
22,0.9357333333333333,0.3095535109678904,0.5948827292110874,0.8669520898668497
23,0.9405333333015442,0.30117560178438824,0.5970149254366788,0.8852902790630804
24,0.9416,0.29609675291379295,0.6066098081658898,0.9047773862952617
25,0.9447999999682108,0.2913732974211375,0.6044776120038429,0.914123713588918
26,0.9525333333333333,0.2812761515617371,0.5916844350315614,0.9292780895477165
27,0.9442666666984558,0.2823335266272227,0.5895522388695146,0.9423618644539481
28,0.9437333333015442,0.2823155054887136,0.5938166311936084,0.9740980284046262
29,0.9469333333333333,0.2754809841632843,0.5831556503833738,0.9913334673655821
30,0.9448000000317891,0.27338398087819415,0.5788912579957356,1.0019734810664456
31,0.9477333333333333,0.26950018315315244,0.5831556503833738,1.018601509807969
32,0.9471999999682108,0.2655900614261627,0.57889125805928,1.0335841610995946
33,0.9426666666666667,0.2681643148680528,0.5895522388059702,1.0479759033809084
34,0.9450666666666667,0.26328594471613564,0.5959488272921108,1.061184300034285
35,0.9474666666984558,0.2584257676760356,0.5831556503833738,1.0798603725840035
36,0.9528,0.25067586099306743,0.5831556503833738,1.1013000044487178
37,0.9565333333015442,0.2457435164610545,0.5735607677177071,1.1184557493307443
38,0.9498666666666666,0.24917692715326945,0.5692963753936133,1.1450862810809983
39,0.9538666666666666,0.24207048052946725,0.581023454221327,1.1632750194464156
40,0.9557333333333333,0.2407836642464002,0.5746268657351862,1.1769381977601854
41,0.9514666666348776,0.2407518711010615,0.5767590618972331,1.1848682104143253
42,0.9482666666348776,0.24363967181841534,0.5692963752665245,1.2004593567553359
43,0.9546666666666667,0.2340817926088969,0.5692963753300689,1.2240710899011413
44,0.9543999999682109,0.23272085020542144,0.5756929638162096,1.233938871162024
45,0.9544,0.23007990096410116,0.5842217484643972,1.2545787352742925
46,0.9565333333333333,0.22797548500696818,0.5799573562038478,1.2880943662830506
47,0.9506666666666667,0.23198581014474234,0.575692963879754,1.3051585739355351
48,0.9594666666666667,0.21970876034895578,0.5746268656716418,1.3254985440768667
49,0.9576,0.22103228596051533,0.5703624734746368,1.34676894399403
50,0.9589333333333333,0.21546739966074627,0.577825160041801,1.3550837525426707
51,0.9528,0.2234562987645467,0.5682302772172733,1.3975262029338746
52,0.9586666666666667,0.2132504752000173,0.5735607676541628,1.4233168119560682
53,0.9562666666666667,0.2124314548055331,0.5682302773125899,1.4425786980179582
54,0.9610666666666666,0.208380531167984,0.5714285715556602,1.4697213073783337
55,0.9544,0.21488686808745067,0.5735607676223905,1.482492759792027
56,0.96,0.2069373366912206,0.5767590619607775,1.5036671461581168
57,0.9637333333333333,0.200301610827446,0.5810234541895547,1.5165838722481149
58,0.9597333333333333,0.2031335992495219,0.5767590618654609,1.5357933834925899
59,0.9607999999682109,0.20042610646883646,0.5746268657351862,1.5548276896161566
60,0.9613333333015441,0.19949673334757487,0.5778251599782566,1.5835987522658
61,0.9589333333015442,0.2005640108903249,0.5714285714921158,1.5973494139307343
62,0.9552,0.20504796700080236,0.5714285714921158,1.6257446399375575
63,0.9613333333333334,0.19499348400036495,0.57889125805928,1.6328358716293694
64,0.9586666666666667,0.19925138930479686,0.5735607675906184,1.6526474202873864
65,0.9634666666348776,0.19068960661888124,0.582089552238806,1.6670638976066605
66,0.9618666666666666,0.19133278052012126,0.5703624734110924,1.6983228492330131
67,0.9656,0.18511966793139775,0.5692963752665245,1.702428671851087
68,0.9613333333333334,0.1892320492744446,0.5735607675906184,1.7179057262599595
69,0.9623999999682109,0.186245095094045,0.5756929637526652,1.7262448852758672
70,0.9626666666348775,0.1850520102818807,0.5746268659258194,1.7643886405521874
71,0.9565333333015442,0.19329289229710897,0.5703624736017255,1.7851159796277598
72,0.9589333333651224,0.1894530238310496,0.5724946697637725,1.808810235340712
73,0.9639999999682108,0.1818255021572113,0.5735607675906184,1.8196940645734385
74,0.9605333333015442,0.18390016366640727,0.5788912582499132,1.8123449880177025
75,0.9592,0.1876422401189804,0.5820895523023504,1.8506971587504406
76,0.9664,0.17548853451808294,0.5746268657351862,1.8561186132146352
77,0.9632,0.17841145921548207,0.5831556503198294,1.8758270570210047
78,0.9645333333333334,0.17553634166320164,0.5884861409791243,1.8802157696376223
79,0.9688,0.16868148594697316,0.5810234544119601,1.921997971626233
80,0.9645333333333334,0.1744016463915507,0.5810234540306938,1.9276453981013186
81,0.9656,0.17324912064472833,0.5852878467360539,1.951393307907495
82,0.9626666666666667,0.17606337136030198,0.5916844352221946,1.9773886943422656
83,0.9658666666348775,0.16973110156059265,0.5874200426439232,1.9792298853778636
84,0.9639999999682108,0.1723787535349528,0.5778251599147122,1.9892117944099248
85,0.9602666666348775,0.17883049041430155,0.5767590620878663,2.006497989331227
86,0.9658666666666667,0.1685586691538493,0.5874200426439232,2.0185516363522136
87,0.9674666666666667,0.16515719377597174,0.5884861409791243,2.0379525679769293
88,0.9592,0.17851137441396714,0.5863539448170774,2.0483455576622154
89,0.9642666666348775,0.1694677437464396,0.5852878464818764,2.056527989251273
90,0.9634666666666667,0.16966805064280827,0.5820895524929836,2.0797402950238064
91,0.9664,0.16463720394770304,0.594882729465265,2.0865719948750314
92,0.9677333333333333,0.16019994033177692,0.5895522390601478,2.117051549557684
93,0.968,0.15907176944812138,0.5916844348409283,2.118368329778155
94,0.9677333333333333,0.16147876408100129,0.583155650574007,2.1590886949730326
95,0.9685333333333334,0.15787528711160023,0.5991471215351812,2.1540918462057865
96,0.9714666666666667,0.1513481915752093,0.5938166313842416,2.1742461276715246
97,0.9648,0.1649027528345585,0.5980810237083354,2.1708485256634287
98,0.9656,0.16251232633590698,0.5991471217893588,2.1767849866261106
99,0.9672,0.1587937449812889,0.5927505331125849,2.1892544170940864
100,0.9653333333333334,0.160717757666111,0.593816631130064,2.197367809474595
101,0.9621333333333333,0.1666671856164932,0.591684434968017,2.2167804932543462
102,0.9653333333015441,0.16047308565775553,0.5927505333032181,2.236271620305108
103,0.9701333333333333,0.15224719355106353,0.5927505333032181,2.253008462726943
104,0.9698666666666667,0.14993459326823552,0.5927505329219517,2.268277246052268
105,0.9653333333333334,0.1595101157963276,0.5938166310029752,2.2749927892867943
106,0.9690666666666666,0.15097856514056524,0.6034115137321863,2.2771198927466547
107,0.9709333333333333,0.14799376114606858,0.5970149252460455,2.29822545671768
108,0.9725333333333334,0.14384505701859793,0.6023454156511628,2.3217586444130838
109,0.9653333333333334,0.15866828424930574,0.6002132194891159,2.3326396276193386
110,0.9682666666666667,0.15303080755472184,0.5959488271650221,2.3484141496198774
111,0.9706666666666667,0.14661129189332325,0.5938166310029752,2.382648221465316
112,0.9693333333333334,0.1491349458138148,0.6023454156511628,2.3898494685890834
113,0.9664,0.15464672486782075,0.6002132194891159,2.3782691828477613
114,0.9698666666666667,0.1460180017709732,0.598081023327069,2.395473915884998
115,0.9677333333015442,0.15128625292778014,0.5938166310029752,2.4143811456684365
116,0.968,0.15082911009391148,0.5884861405978579,2.421124882789563
117,0.9669333333333333,0.15132119384209314,0.5895522386788814,2.4386563387506808
118,0.9698666666666667,0.14560280382235846,0.5884861405978579,2.4613085453952555
119,0.9677333333333333,0.14865529620250065,0.584221748273764,2.4734769655443203
120,0.9701333333333333,0.14513050723075865,0.5820895524929836,2.4827769488922313
121,0.9666666666666667,0.1520403112133344,0.5906183367599048,2.4926935147120752
122,0.9685333333333334,0.14728055393298467,0.5916844348409283,2.47153057269196
123,0.9712,0.1396760806063811,0.5959488275462884,2.4972018168679178
124,0.9709333333333333,0.14384977157711984,0.5906183371411712,2.519943525033719
125,0.9741333333651224,0.13592699750264486,0.5991471217893588,2.537167501347914
126,0.9693333333015441,0.14550063133239746,0.5938166313842416,2.550828346057233
127,0.9637333333333333,0.15636791611512502,0.5991471217893588,2.5829896047425422
128,0.9714666666666667,0.14091026367346446,0.6034115141134526,2.6035757242743647
129,0.9706666666984558,0.1420760640780131,0.6023454157782516,2.6076514487073363
130,0.9706666666666667,0.14178080287178357,0.5959488272921108,2.65281139406314
131,0.9690666666666666,0.14625455743670462,0.590618336950538,2.6544051460111575
132,0.9690666666348775,0.14578889265060424,0.5831556503833738,2.6687363515784748
133,0.9725333333333334,0.137265995268027,0.581023454221327,2.6587422829447016
134,0.9685333333333334,0.1466426142613093,0.5831556503833738,2.6156866403022554
135,0.9725333333333334,0.1382312467177709,0.5756929638162096,2.6224319157061546
136,0.9648,0.15351161598960558,0.5852878465454208,2.632496523196255
137,0.9666666666666667,0.15073221199909845,0.57889125805928,2.6391691724374606
138,0.9728,0.1367379890124003,0.5863539445628998,2.6642467894279624
139,0.9690666666666666,0.14521537630558015,0.5874200426439232,2.6968108372393447
140,0.9693333333333334,0.14597010571161906,0.5895522388059702,2.697192306457552
141,0.9712,0.1398796420653661,0.5820895524929836,2.7184199864930436
142,0.9714666666666667,0.14046617943843206,0.5810234544119601,2.7523691999886846
143,0.9688,0.14466287219524385,0.5778251599147122,2.7553981123194258
144,0.9709333333333333,0.13818339405854543,0.579957356076759,2.7802952174693027
145,0.9706666666666667,0.14234926718473434,0.5778251599147122,2.7833556259618892
146,0.9722666666666666,0.1366710107723872,0.5842217486550305,2.779833556746623
147,0.9717333333333333,0.13723471491336822,0.5831556503833738,2.7802572341870144
148,0.9730666666666666,0.13485842968622844,0.5767590618972331,2.7946746486590617
149,0.9733333333333334,0.1349382047653198,0.5831556503198294,2.8076956846566596
150,0.9706666666666667,0.13815591075023015,0.5863539445628998,2.803223030907767
151,0.9661333333333333,0.14804742473363877,0.5852878465454208,2.849172931744346
152,0.9682666666666667,0.14480088364283245,0.5831556503833738,2.817807030321947
153,0.9730666666666666,0.135026236085097,0.581023454221327,2.8203703218431615
154,0.9696,0.14402453098098436,0.5799573561403034,2.807922910271423
155,0.9725333333651225,0.13704339281717937,0.5863539445628998,2.8261741951330386
156,0.9693333333333334,0.1431125456213951,0.5778251599782566,2.8365954046310393
157,0.9677333333333333,0.1475468256910642,0.582089552238806,2.832612605999782
158,0.9709333333333333,0.14789502491553624,0.5895522388059702,2.853757568513915
159,0.976,0.13583259223898253,0.5906183368869936,2.87216458645965
160,0.9706666666666667,0.14423999298413595,0.5810234541577826,2.890819620730272
161,0.9744,0.14031018221378327,0.5884861407249466,2.8975257161837904
162,0.9688,0.1552091229081154,0.5895522388059702,2.8956823862437755
163,0.9722666666666666,0.14212989209095636,0.582089552238806,2.9051057662028494
164,0.972,0.13841369521419208,0.5884861407249466,2.9136703903995342
165,0.9701333333333333,0.148568552784125,0.582089552238806,2.907600815616437
166,0.976,0.13821824163397153,0.5692963753300689,2.9400896212693723
167,0.9704,0.14541240912278494,0.5714285714921158,2.9752478416540473
168,0.9770666666666666,0.12858306979735692,0.5692963753300689,2.9968287670281906
169,0.9712,0.14221135545571645,0.5820895523023504,2.9822682022794225
170,0.9672,0.1542841999411583,0.579957356076759,2.9668362216908792
171,0.9733333333015441,0.1441161084651947,0.5778251599147122,2.9863308421584334
172,0.9738666666666667,0.13388809010585148,0.5714285714921158,3.0032507412469207
173,0.9690666666666666,0.15184574874639511,0.5682302772490455,2.989537989406952
174,0.9730666666666666,0.13960154823064805,0.5746268657351862,3.0030953751952407
175,0.9709333333333333,0.14600157358249027,0.581023454221327,3.0255202992892722
176,0.9714666666666667,0.13692686651945113,0.5735607676541628,3.0611608150417107
177,0.976,0.13168973478873572,0.5788912579957356,3.0514126657677103
178,0.9706666666348776,0.14672102562586467,0.5746268656716418,3.0725679326413284
179,0.9709333333333333,0.14696631064017615,0.5788912579957356,3.0656078670070626
180,0.9784,0.12557235989173254,0.5767590618336887,3.0657518886045607
181,0.9706666666348776,0.14940986564954123,0.5746268656716418,3.0748250428547483
182,0.9714666666348776,0.13933960375785828,0.5714285714285714,3.098689237383129
183,0.9744,0.14156190340916316,0.5692963755207021,3.1358059825165183
184,0.9765333333333334,0.13159811375935873,0.5650319829424307,3.122227059752702
185,0.9712,0.14954242488145827,0.5650319830059751,3.0925194835866185
186,0.9736,0.1400363135655721,0.5660980810869986,3.1316404332484264
187,0.9757333333333333,0.13705101606845857,0.5639658849249517,3.1280687877110074
188,0.9738666666666667,0.14251608823537826,0.5607675906818813,3.1142123279286853
189,0.9765333333333334,0.12940015962521234,0.5628997868439282,3.1248207570139024
190,0.9746666666666667,0.13661993692715962,0.567164179168022,3.133032648293957
191,0.9712,0.1444327742377917,0.5650319829424307,3.1266434411250197
192,0.976,0.13346166139443716,0.5671641791044776,3.1428675915894986
193,0.9728,0.1419380608578523,0.5618336886993603,3.1444144320132126
194,0.9725333333333334,0.14062267610232035,0.5628997867803838,3.1564469754314626
195,0.972,0.14046638401349384,0.5650319829424307,3.14373532642942
196,0.9736,0.14186626116832096,0.570362473347548,3.164310074055881
197,0.9781333333333333,0.12911586030721664,0.5628997867803838,3.185681521002926
198,0.9778666666666667,0.12563129267692566,0.5639658848614072,3.172177009745193
199,0.9770666666666666,0.12921010458866755,0.5660980810234542,3.1718616292420734
200,0.9741333333333333,0.14123389228781064,0.5660980810234542,3.1701650131485866
201,0.9709333333333333,0.1454709825793902,0.570362473347548,3.1905531425720084
202,0.9735999999682109,0.13479615081151328,0.5714285714285714,3.2037184487527877
203,0.9728,0.14097303654750187,0.5628997868439282,3.231188508747483
204,0.9738666666666667,0.14047974935770036,0.5597014926008578,3.2618729412428604
205,0.9768,0.13081270460883776,0.5597014926008578,3.2775360322964473
206,0.9725333333015442,0.14079744102160135,0.5650319830059751,3.309141796535012
207,0.9704,0.14768073241313298,0.5543710021957405,3.3104500028370287
208,0.9765333333333334,0.1311596684416135,0.5597014926008578,3.3103131597230173
209,0.9752,0.1335028026898702,0.5618336887629047,3.314583099218828
210,0.9752,0.13898497194051743,0.5650319830059751,3.293688020726511
211,0.9733333333333334,0.1421337322751681,0.5703624736017255,3.2774951625734503
212,0.9733333333333334,0.1386566681822141,0.5767590618336887,3.254665608599242
213,0.9741333333333333,0.13755862246354422,0.5724946697637725,3.2575622692799517
214,0.9789333333333333,0.12400846565961837,0.5756929637526652,3.253283076703167
215,0.9728,0.1389492375810941,0.5692963752665245,3.3195726785070097
216,0.9765333333333334,0.12645563943187396,0.5660980810234542,3.3289940992652225
217,0.9789333333333333,0.12462090238332749,0.5554371004673972,3.3294432361497046
218,0.9786666666348776,0.11816223185857137,0.5607675908725145,3.3075722356849133
219,0.9754666666666667,0.12536132431427638,0.5650319831966083,3.307908546187476
220,0.9749333333333333,0.13095360569556555,0.5607675906818813,3.3224432748009654
221,0.9744,0.12885524684588115,0.55863539445629,3.330988161091103
222,0.9773333333333334,0.12275575099786122,0.5501066098081023,3.3641659862705384
223,0.9717333333015442,0.13820350182851154,0.5650319831966083,3.4040519738756516
224,0.9728,0.13213682375152905,0.5628997870345613,3.3737701749496622
225,0.9722666666666666,0.13645337850252787,0.5522388059701493,3.417916576491236
226,0.9802666666666666,0.11375252418120702,0.5586353947104675,3.4058723093858405
227,0.9762666666666666,0.12765960847536723,0.5618336886993603,3.408991715038763
228,0.9802666666666666,0.11689250593185425,0.5575692963752665,3.446618876223371
229,0.9778666666666667,0.12112572708328564,0.5575692963752665,3.4521147213510868
230,0.972,0.13748470229705176,0.555437100276764,3.465255500411174
231,0.9752,0.12947317192554475,0.5533049043053503,3.4681116370504093
232,0.9733333333333334,0.13499011975129446,0.5522388062243269,3.4930344126117765
233,0.9744,0.13127117850383122,0.5479744137095999,3.49647359705683
234,0.9730666666666666,0.13494107035398484,0.5426439233044825,3.4960259039010575
235,0.9794666666666667,0.11734121431112289,0.5437100213855061,3.4668486204737032
236,0.9733333333333334,0.1349814900914828,0.5458422174840085,3.4502176018411923
237,0.9768,0.12489389768242835,0.5522388059701493,3.4532014017166106
238,0.9810666666666666,0.11315096181233723,0.5511727078891258,3.4719244015496424
239,0.9765333333333334,0.12534034841458003,0.5522388060336937,3.4926026086054884
240,0.9762666666666666,0.12449237822095553,0.5565031983577875,3.4810245428512347
241,0.9717333333333333,0.1376721807360649,0.5628997869074726,3.465436426052915
242,0.9733333333333334,0.13398605825304985,0.567164179168022,3.4672367638870596
243,0.9776,0.12184280315637588,0.562899786812156,3.4843601173937704
244,0.9792,0.11897495180567105,0.5650319830695195,3.4677218231819333
245,0.9789333333333333,0.11885700669686,0.5650319830695195,3.459075965352658
246,0.9776,0.12336139364043872,0.5628997869074726,3.450503572980478
247,0.9789333333333333,0.11825483696460724,0.5724946695731393,3.4312861885851635
248,0.976,0.12535560047825178,0.5778251599147122,3.4578912802088233
249,0.9768,0.1243862813949585,0.5810234544119601,3.442738373396493
