epoch,acc,loss,val_acc,val_loss
0,0.5957333333015442,0.7006407263437907,0.5970149255002232,0.6972282760178865
1,0.66,0.6531851888656616,0.6194029850746269,0.6907332479826677
2,0.6807999999682108,0.6130163500467937,0.6236673774622651,0.6883925318972134
3,0.6944,0.5714452901522319,0.6215351813002181,0.6866063807310581
4,0.7151999999682108,0.5406247796376547,0.6151385928140775,0.6883197481444141
5,0.7229333333651224,0.5074365900039672,0.6257995735607675,0.6894649616690841
6,0.7373333333015442,0.47467505475680033,0.6119402985074627,0.696100887586313
7,0.7394666666348775,0.4485006639162699,0.6066098081023454,0.7021316639395919
8,0.7648000000317892,0.4211668996334076,0.6044776119402985,0.7092957515706385
9,0.7829333333651225,0.39769453744888306,0.6002132196162047,0.7173907018419522
10,0.8191999999682108,0.382737372080485,0.5927505330490405,0.7287660372028473
11,0.8570666666984558,0.3688408038775126,0.5895522388059702,0.735783110549455
12,0.8727999999682109,0.34855901419321694,0.5863539445628998,0.750184630534288
13,0.8786666666348775,0.33716505773862204,0.5863539446264442,0.7627267941737226
14,0.8962666666348775,0.3283511874516805,0.5714285715556602,0.7803637778072723
15,0.9042666666348775,0.31694950386683146,0.588486140788491,0.7940584276276611
16,0.9125333333333333,0.30722752011617027,0.5799573562038478,0.80991363169542
17,0.9221333333651225,0.2898916365941366,0.577825160041801,0.8232340843184416
18,0.9229333333333334,0.2864874225298564,0.5810234542848713,0.8365567449821847
19,0.9261333333333334,0.27669951888720196,0.581023454221327,0.8514077749842012
20,0.9261333333333334,0.2712017054796219,0.5735607676541628,0.8693930302093278
21,0.9343999999682109,0.2621776844819387,0.5799573561403034,0.8833358524196437
22,0.9298666666666666,0.26033225592374803,0.5682302772490455,0.9031672071038025
23,0.9327999999682108,0.2506554041067759,0.5682302772490455,0.9205718119261361
24,0.9338666666348775,0.24399135136604308,0.5735607677177071,0.9438108665856726
25,0.9354666666666667,0.2392327971458435,0.5746268657987306,0.9612317390279221
26,0.9378666666666666,0.23833524576822918,0.5735607677177071,0.9752632730296934
27,0.9394666666348775,0.234532168674469,0.5799573562038478,0.992281381763629
28,0.9338666666666666,0.2313153165578842,0.5671641792315664,1.0160397860541273
29,0.9365333333333333,0.2285613374153773,0.5660980811505429,1.0414046933656054
30,0.9408,0.22054663365284602,0.5799573562038478,1.0543740631929084
31,0.9376,0.22889143983622393,0.5735607677177071,1.0809173660237652
32,0.9410666666666667,0.22232279339631397,0.5714285715556602,1.1097973455498213
33,0.9405333333333333,0.22057793503602346,0.5735607677177071,1.1334930315200709
34,0.9376,0.21814564034144085,0.5692963753936133,1.1547922533966586
35,0.9437333333333333,0.21167885688145954,0.5692963753936133,1.177685564260747
36,0.9399999999682108,0.2133919092019399,0.5735607677177071,1.2041645883751322
37,0.9445333333333333,0.2051500879049301,0.5671641792315664,1.226369860838217
38,0.9471999999682108,0.19759705401261649,0.567164179168022,1.2476101409651832
39,0.9426666666348775,0.20508500231107077,0.5607675907454257,1.2721865721094583
40,0.9453333333333334,0.20191371377309164,0.5554371003403085,1.2988945893895651
41,0.9466666666666667,0.19807600615819296,0.5543710021957405,1.3214107098609909
42,0.9450666666666667,0.19506035299301147,0.5501066098716467,1.336027544952913
43,0.9471999999682108,0.19500440533955893,0.5650319830059751,1.3552921743535284
44,0.948,0.1892438361287117,0.5639658849884961,1.3724021637109296
45,0.9551999999682108,0.18201958680152894,0.5671641792315664,1.3972836242301632
46,0.9549333333333333,0.18271321131388346,0.5735607677177071,1.4164228393579088
47,0.9472,0.18994624557097753,0.5703624734746368,1.4296832770935253
48,0.9503999999682109,0.18931464138031007,0.5767590619607775,1.4513185817295555
49,0.9498666666666666,0.18361073731978733,0.5660980811505429,1.472401966164107
50,0.9525333333333333,0.1837146888812383,0.5767590619607775,1.4919484286928482
51,0.9536,0.1820616207520167,0.5682302773125899,1.511383547203373
52,0.9498666666666666,0.18457482147216797,0.5714285715556602,1.5263190320305733
53,0.9522666666348775,0.18188613545099894,0.5767590619607775,1.5557946726711573
54,0.9493333333333334,0.18928877643346786,0.5735607677177071,1.578376346559667
55,0.9592,0.17295094655752183,0.5671641792315664,1.6083476457006134
56,0.9570666666666666,0.17387705328861872,0.5703624734746368,1.6227872046326268
57,0.9557333333333333,0.17397725975116093,0.5703624734746368,1.6527668479154867
58,0.9546666666666667,0.17262828299204508,0.5724946696366837,1.665670454375017
59,0.9544,0.17648916387557984,0.5650319830695195,1.6870717158449737
60,0.9562666666666667,0.17094094704786936,0.5586353945833787,1.7048168070534908
61,0.9557333333333333,0.17138785968224207,0.5671641792315664,1.7262573160850672
62,0.9533333333333334,0.17452030457258225,0.5650319830059751,1.7550507242491504
63,0.9530666666666666,0.17096471113562584,0.567164179168022,1.7854899495903618
64,0.9549333333333333,0.1703582052787145,0.5597014926008578,1.8129625737285817
65,0.9557333333015442,0.17290798873901367,0.5724946696366837,1.8376394548395802
66,0.9586666666666667,0.17015094594160715,0.5778251599147122,1.8485583699842505
67,0.9557333333333333,0.17080076912641526,0.5682302772490455,1.8687408473700093
68,0.9573333333333334,0.16703010171651841,0.5767590618336887,1.881397046005802
69,0.9525333333015442,0.17084225339889528,0.5767590618336887,1.9156039396582891
70,0.9512,0.17402917813857396,0.5682302772490455,1.9400682307001371
71,0.9573333333333334,0.16447607884804408,0.5714285714921158,1.9653935147755182
72,0.9592,0.16356786493857703,0.5703624734110924,1.9885698818702942
73,0.9586666666666667,0.16217146884997685,0.5746268657351862,1.9906764355803859
74,0.9589333333333333,0.15936090304851533,0.5735607677177071,2.0171902998169857
75,0.9559999999682108,0.17078042928377787,0.5692963753936133,2.0311324865833273
76,0.9594666666666667,0.16284580874840418,0.5714285715556602,2.037394945555404
77,0.9629333333333333,0.15352531469662983,0.5746268657987306,2.0421895136965365
78,0.9634666666984558,0.15362231629689535,0.5788912581228244,2.053305380888331
79,0.9568,0.16303150086800258,0.5863539446899886,2.068757027705341
80,0.9648,0.14722092044353485,0.5852878466089652,2.0896681417534344
81,0.9634666666666667,0.15479908253351848,0.5735607677177071,2.105758067133076
82,0.9578666666348775,0.16167208298047384,0.5703624734746368,2.1310539347276505
83,0.9583999999682109,0.16201233383814495,0.5682302773125899,2.157138649588709
84,0.9629333333333333,0.1522277419090271,0.577825160041801,2.17778934344554
85,0.9618666666666666,0.15751603944301606,0.5788912581228244,2.1844580869939025
86,0.9661333333333333,0.14591440868377686,0.5799573562038478,2.2042892960343026
87,0.9634666666348776,0.149314297358195,0.5831556504469182,2.2277208960640915
88,0.9602666666666667,0.1562607354958852,0.5767590619607775,2.2429364444350384
89,0.9608,0.1550536837498347,0.5799573562038478,2.2549625683440837
90,0.9653333333333334,0.14686198524634042,0.577825160041801,2.2839517827227174
91,0.9637333333333333,0.15108623121579487,0.5767590619607775,2.306528653671492
92,0.9562666666666667,0.16544958114624023,0.5820895523658948,2.2955184054018845
93,0.9616,0.1510110985894998,0.5863539446899886,2.3221711512567644
94,0.9613333333015441,0.1553594037850698,0.5820895523658948,2.324139191397726
95,0.9653333333015441,0.1496958313624064,0.5820895523658948,2.341729877854207
96,0.96,0.15310386211077373,0.5810234542848713,2.376078292505065
97,0.9658666666666667,0.14612667279640834,0.5788912581228244,2.3870359839661033
98,0.9690666666348775,0.13719293880462646,0.5788912581228244,2.415394116058024
99,0.9637333333333333,0.1504811441620191,0.5788912581228244,2.424215606534913
100,0.9629333333333333,0.1502384788195292,0.5842217485279416,2.446865177357883
101,0.9632,0.15175945446093878,0.5863539446899886,2.451219237435347
102,0.9653333333333334,0.1473394478082657,0.5810234542848713,2.4684439122295583
103,0.9618666666666666,0.15202073075970013,0.5820895523658948,2.479390855028685
104,0.9621333333333333,0.15204797116915386,0.5799573562038478,2.4829817580770075
105,0.9621333333333333,0.153118006837368,0.5842217485279416,2.483444898113259
106,0.9693333333333334,0.13879025747179985,0.5799573562038478,2.496353321238113
107,0.9656,0.14543576696316401,0.5852878466089652,2.513386438650363
108,0.9653333333015441,0.14530353689193726,0.575692963879754,2.536865879986078
109,0.9645333333333334,0.14573462476730348,0.5799573561403034,2.543668653410889
110,0.9586666666666667,0.1569682792743047,0.587420042771012,2.559576345659268
111,0.9677333333333333,0.14158035353819529,0.5799573562038478,2.570232535730293
112,0.9698666666666667,0.13678207383950552,0.5852878466089652,2.5871073981083788
113,0.9648,0.1449251017709573,0.5842217484643972,2.595489276243425
114,0.9682666666666667,0.1400245667219162,0.5831556504469182,2.6134134711487205
115,0.9666666666666667,0.1414497605184714,0.5884861408520355,2.6287045183974795
116,0.9674666666666667,0.1408962261478106,0.589552238933059,2.6367499619913
117,0.9728,0.13031286132534345,0.5831556503833738,2.631606470038896
118,0.9682666666666667,0.13756126576662064,0.5852878466089652,2.6259831040144475
119,0.9661333333333333,0.14161714069445927,0.588486140788491,2.6407224455876137
120,0.9661333333333333,0.1422612764020761,0.5863539446264442,2.6329641820016954
121,0.9653333333333334,0.14115476954579353,0.5799573561403034,2.6208112712607963
122,0.9672,0.14089475508729618,0.5767590618972331,2.6420028814628944
123,0.9709333333015442,0.1335208701133728,0.57889125805928,2.671765632466721
124,0.9701333333333333,0.13358953419526418,0.5831556504469182,2.6824909974771267
125,0.9693333333015441,0.1345616196632385,0.5884861408520355,2.673866809812436
126,0.9696000000317891,0.13771807511647544,0.5863539446899886,2.7023417273564125
127,0.9661333333333333,0.14201521390279134,0.587420042771012,2.699978685074015
128,0.9672,0.1397008329431216,0.5927505331761294,2.7139163088442673
129,0.9703999999682108,0.13411222233772277,0.5863539446899886,2.724163812869139
130,0.9719999999682108,0.1292033756097158,0.5842217484643972,2.719746261263199
131,0.9674666666348776,0.13765222452481587,0.587420042771012,2.7475795542507537
132,0.9669333333333333,0.1383103804866473,0.589552238933059,2.744430512507587
133,0.9714666666666667,0.13187495357990264,0.5927505331125849,2.737309354200546
134,0.9656,0.14415586448907852,0.5948827292746318,2.780788242689836
135,0.9690666666666666,0.1371838061094284,0.5842217484643972,2.81740611550142
136,0.9674666666666667,0.1486194292287032,0.5906183370140824,2.8062251737631208
137,0.9672,0.1401420145233472,0.5906183370140824,2.812520760208813
138,0.9712,0.13366850033203762,0.5799573562038478,2.8145976635947156
139,0.9703999999682108,0.13795114345550538,0.5831556503198294,2.817715974250582
140,0.9658666666666667,0.1467788531581561,0.5831556503833738,2.8089510159197646
141,0.9722666666666666,0.13863645472129185,0.588486140788491,2.8099117289219837
142,0.9722666666348775,0.14005404589970907,0.590618336950538,2.8247655652987675
143,0.9682666666666667,0.1420704089800517,0.5842217484008528,2.8383345197258727
144,0.9690666666666666,0.1442868139386177,0.5874200426439232,2.839932022826758
145,0.9679999999682108,0.1409064754486084,0.5810234541577826,2.8569445691383217
146,0.9714666666666667,0.13173144593636194,0.5831556503198294,2.895350852754833
147,0.9656,0.14790128543376924,0.5884861407249466,2.910392469434596
148,0.9738666666666667,0.1323059905250867,0.5842217484008528,2.921450200111373
149,0.9685333333333334,0.13952779978116353,0.582089552238806,2.9375530976984803
150,0.9658666666666667,0.15144107673168183,0.5810234541577826,2.9634256027400623
151,0.9688,0.1445699208219846,0.5756929637526652,2.9858652818431732
152,0.976,0.1303430677652359,0.5884861407249466,2.980840605713411
153,0.9722666666984559,0.13812145598729453,0.5831556503198294,3.001566879784883
154,0.9706666666666667,0.1372093295176824,0.5842217484008528,3.005759179210866
155,0.9634666666666667,0.14630852575302125,0.5842217484008528,2.9808938843863353
156,0.9735999999682109,0.1305415290673574,0.5831556503198294,2.98382497596334
157,0.9696,0.1457448582092921,0.5842217484008528,2.9670841190606545
158,0.9725333333333334,0.13717238909403484,0.5831556503198294,2.981969366703969
159,0.9717333333015442,0.13917641283671062,0.579957356076759,2.981495577643421
160,0.9714666666348776,0.13142488768895466,0.591684434968017,2.9881726734673797
161,0.9690666666666666,0.141430800618728,0.5959488272921108,2.9926122958217856
162,0.9672,0.13900326706171034,0.5831556503198294,2.9980464622155942
163,0.9688,0.13385604053338368,0.5884861407249466,2.9973648789086575
164,0.9728,0.1260273740530014,0.5884861407249466,2.9879998489737765
165,0.9717333333015442,0.12761020131111145,0.5884861407249466,2.9971930131729225
166,0.9687999999682109,0.13278626567522686,0.5895522388059702,2.990860344250319
167,0.9658666666666667,0.13844891301989556,0.591684434968017,2.9956899187458097
168,0.9733333333333334,0.12535276440382004,0.5906183368869936,3.0083225602025925
169,0.9730666666348775,0.12269332294464111,0.5884861407249466,3.010274604439481
170,0.9717333333333333,0.12631795621713002,0.5927505330490405,3.008665719266131
171,0.9714666666666667,0.1276056021730105,0.5959488272921108,3.023427601307948
172,0.9730666666666666,0.12831105972925821,0.593816631130064,3.0392420347819704
173,0.9728,0.12917346641222635,0.593816631130064,3.0467208494255535
174,0.9706666666348776,0.13028666931788127,0.5927505330490405,3.0541613066374365
175,0.9704,0.1291807835717996,0.5927505330490405,3.0642775035362
176,0.9733333333333334,0.12298530593315761,0.593816631130064,3.0740270807798993
177,0.9733333333333334,0.12379253918727239,0.5970149253731343,3.0848291332025264
178,0.9717333333015442,0.1267381309111913,0.5970149253731343,3.0869028400510614
179,0.9677333333333333,0.13625874789555867,0.5959488272921108,3.117020133207602
180,0.9712,0.12850557804902393,0.5842217484643972,3.108034184746651
181,0.98,0.10977091294924418,0.588486140788491,3.121401086290762
182,0.9730666666666666,0.12585680627822876,0.5863539446264442,3.127057862434306
183,0.9749333333015442,0.11943990859985351,0.5842217484008528,3.1298193036874475
184,0.9698666666666667,0.13024684106111525,0.5810234541577826,3.163218032576636
185,0.9744,0.12306325651804606,0.581023454221327,3.1740479652307183
186,0.9706666666666667,0.1292441135764122,0.5831556503833738,3.192775872724651
187,0.9725333333333334,0.12475057601531346,0.575692963879754,3.2088544800845797
188,0.9749333333333333,0.12060512605706851,0.5767590619607775,3.2106147290292832
189,0.9693333333333334,0.1298648053208987,0.575692963879754,3.2167887372502895
190,0.972,0.12863569226264954,0.5756929638162096,3.2283208436294912
191,0.9741333333333333,0.12144726346333821,0.5831556503833738,3.2171634590702016
192,0.9736,0.1231347212990125,0.5799573561403034,3.2439255175560016
193,0.9738666666666667,0.12291765647331873,0.5895522388695146,3.246518767464644
194,0.9773333333333334,0.11286485332250595,0.5842217484643972,3.263337199367694
195,0.9712,0.1280695451358954,0.5884861407249466,3.2650535660766082
196,0.9736,0.12173627006610234,0.5895522388695146,3.2712495240575468
197,0.9741333333333333,0.1198301198720932,0.5778251599782566,3.288991340441999
198,0.9768,0.11574603395660718,0.5842217484643972,3.27253198013631
199,0.9768,0.11674064634243647,0.5820895523023504,3.287563384977231
200,0.968,0.1332111223856608,0.5767590618972331,3.2929555408990203
201,0.9717333333333333,0.12609930061499278,0.5735607676541628,3.2810323436631323
202,0.9725333333333334,0.12591619731982548,0.5810234542848713,3.2782246847905077
203,0.972,0.12319009025096893,0.5778251599782566,3.2892640058928206
204,0.9741333333333333,0.12034307224750519,0.5788912581228244,3.3026994113474766
205,0.9736,0.12149202120304108,0.577825160041801,3.3051409182518023
206,0.9762666666666666,0.11664866387446722,0.5746268657351862,3.32431763118264
207,0.9754666666666667,0.1175500690639019,0.5756929638162096,3.3236372252262987
208,0.972,0.12365521460374196,0.5692963753300689,3.332898376847127
209,0.9722666666666666,0.1281915260195732,0.5746268657351862,3.3241723219214725
210,0.9701333333333333,0.12774977996150652,0.5767590618972331,3.33746318064773
211,0.9746666666666667,0.11857757098674775,0.5756929638162096,3.3578544547562914
212,0.9719999999682108,0.12528014124234518,0.5820895523023504,3.3571331099406487
213,0.9741333333333333,0.12162250131368638,0.5799573561403034,3.364399817452502
214,0.9749333333333333,0.12120454122225444,0.5799573561403034,3.348181254828154
215,0.9754666666666667,0.11908236032327016,0.5778251599782566,3.343694963434866
216,0.9717333333333333,0.12579706201950708,0.5767590618972331,3.3361522637958974
217,0.9752,0.11794049688577651,0.5820895523658948,3.3575004768778265
218,0.9746666666666667,0.12110008596579233,0.5703624734746368,3.3687954162483784
219,0.9781333333333333,0.10960783214569092,0.5703624734110924,3.3913739108835963
220,0.9704,0.1281352615316709,0.5746268656716418,3.398373332359135
221,0.9757333333015442,0.11805778290430705,0.5724946696366837,3.424676941910278
222,0.9738666666666667,0.12038014819224675,0.5692963753300689,3.4200491773040054
223,0.9728,0.1220438069621722,0.5682302772490455,3.4033366591691463
224,0.9730666666666666,0.12324862888455392,0.570362473347548,3.407741372773388
225,0.9730666666666666,0.12273176926374435,0.5746268656716418,3.40968112294862
226,0.9794666666666667,0.11195871751705805,0.570362473347548,3.424443503178513
227,0.9728,0.1220556485970815,0.5692963753300689,3.422834434997298
228,0.9746666666666667,0.11941060511271159,0.5639658849249517,3.429753077818132
229,0.9744,0.11993795672059059,0.5650319830059751,3.4311633272720043
230,0.9735999999682109,0.1220014088153839,0.5703624734110924,3.4483616204658296
231,0.9757333333015442,0.11734952065149944,0.5724946696366837,3.448051745449302
232,0.976,0.1179796849489212,0.5671641792315664,3.4696028044483045
233,0.9781333333015442,0.11130201276143392,0.5650319830695195,3.478733454177629
234,0.9744,0.11726442585388819,0.5607675907454257,3.506165270612184
235,0.9738666666666667,0.12040321054259936,0.5660980810234542,3.5345024361030886
236,0.9765333333333334,0.11476372271776199,0.5703624734746368,3.5476763131521913
237,0.9752,0.1180895966788133,0.5724946696366837,3.555022901563502
238,0.9762666666666666,0.11778388136823972,0.5660980810869986,3.5332082410865246
239,0.9728,0.12353035783370336,0.5628997869074726,3.5086531161245254
240,0.9773333333333334,0.11472210776011149,0.5575692965023553,3.506019103247474
241,0.9730666666666666,0.12408945531050364,0.5650319830695195,3.490278516496931
242,0.9754666666666667,0.1166399039944013,0.5597014926008578,3.4921376384905916
243,0.9773333333333334,0.11544154906670252,0.5628997868439282,3.4890197080843994
244,0.9757333333015442,0.11653276789983114,0.567164179168022,3.4760449435919334
245,0.9725333333333334,0.12365532724062601,0.5682302772490455,3.4653919541251175
246,0.9754666666666667,0.11926095764040948,0.5724946696366837,3.462477484745766
247,0.9754666666666667,0.11808609492977461,0.5746268657987306,3.459436375957562
248,0.9733333333333334,0.12378183923959732,0.574626865703414,3.453345123892908
249,0.9733333333333334,0.1229720707376798,0.575692963879754,3.478858271641518
