epoch,acc,loss,val_acc,val_loss
0,0.6208,0.6970699228922526,0.6257995736243119,0.6916697073592815
1,0.6197333333333334,0.646350185362498,0.6257995736243119,0.6869189080907337
2,0.6200000000317891,0.6067100443522135,0.6257995736243119,0.6861992916827009
3,0.6221333333651224,0.5706392794926961,0.6257995736243119,0.6896381341318077
4,0.624,0.529116094493866,0.6257995736243119,0.6937190159551625
5,0.6224000000317892,0.5058434019883473,0.6257995736243119,0.6995558517573993
6,0.6226666666984558,0.48495029524167377,0.6257995736243119,0.7078367732226976
7,0.7328000000317891,0.4616708552201589,0.6130063966520305,0.7151930911708743
8,0.8399999999682108,0.43954736116727194,0.6034115139863638,0.7265742679140461
9,0.86,0.4214467030366262,0.5980810235177022,0.740452903928533
10,0.8821333333015442,0.405714355023702,0.5948827293381762,0.7556183968525706
11,0.9008,0.38803423045476276,0.5852878466089652,0.7701492235858811
12,0.9128,0.37771805369059247,0.5820895523658948,0.7888112515528828
13,0.9312,0.3629286921819051,0.5810234542848713,0.8042325861672602
14,0.9290666666984558,0.35697140361468,0.5810234542848713,0.8208081401995758
15,0.9357333333333333,0.3460918716907501,0.5820895523658948,0.8403923747890285
16,0.9445333333333333,0.33551176447073616,0.5884861408520355,0.855256577036274
17,0.9525333333015442,0.3248074201265971,0.5810234542848713,0.8744716344357554
18,0.9448,0.32285854581197104,0.5799573562038478,0.8913520788078877
19,0.9490666666666666,0.31602838733990984,0.5852878466089652,0.9084234723150094
20,0.9509333333333333,0.3108107083161672,0.5852878466089652,0.92481080377534
21,0.9573333333333334,0.2979910651842753,0.575692963879754,0.9528252066833887
22,0.9538666666666666,0.29632755421002704,0.5863539446899886,0.9747350292165142
23,0.9573333333333334,0.2921497266054153,0.5788912581228244,1.001282133527402
24,0.9519999999682108,0.291755793539683,0.5863539446899886,1.012303554935496
25,0.9581333333015442,0.2822965819676717,0.5735607677177071,1.0304444392861078
26,0.9584,0.2764376290798187,0.5714285715556602,1.0526467536304043
27,0.9544,0.27968816073735553,0.5735607677177071,1.074345773217012
28,0.964,0.26700898327827455,0.5682302773125899,1.1017174913939127
29,0.9599999999682108,0.2645334826787313,0.5682302773125899,1.1272712808682213
30,0.9629333333333333,0.2615511896769206,0.5799573562038478,1.1443103661160987
31,0.9610666666666666,0.25914445252418516,0.575692963879754,1.1730572348718704
32,0.9568,0.2605792308529218,0.5703624734746368,1.202734933479
33,0.9632,0.2495866485675176,0.5671641792315664,1.2273386447414407
34,0.9632,0.24484424979686736,0.5756929638162096,1.2513772292431993
35,0.9690666666348775,0.24050311120351156,0.5746268657987306,1.2677840406198237
36,0.9639999999682108,0.2425169017155965,0.5660980811505429,1.2893802504549656
37,0.9634666666348776,0.23915823232332867,0.5746268657987306,1.3173908900096218
38,0.9653333333333334,0.2348614820957184,0.5692963753936133,1.339719753275548
39,0.9661333333333333,0.23029331959883373,0.5746268657987306,1.371035637377676
40,0.9672,0.22693562959829966,0.5735607677177071,1.38950049216305
41,0.9674666666666667,0.22347439777056377,0.5746268657987306,1.4153170298411648
42,0.9677333333333333,0.22152104392051697,0.5735607676541628,1.4313598929691924
43,0.9621333333333333,0.22502561989625294,0.5714285715556602,1.4643144818511344
44,0.9677333333333333,0.21690249733924866,0.5692963753936133,1.4828872073179624
45,0.9682666666348775,0.21359095350901286,0.5682302773125899,1.4962106025549395
46,0.9738666666666667,0.2069912647088369,0.5650319830695195,1.5242608089182677
47,0.9650666666666666,0.21283860319455464,0.5714285715556602,1.5465179587732245
48,0.968,0.20850381148656208,0.5660980810869986,1.5677406640449312
49,0.9653333333333334,0.21072039206027984,0.5703624734746368,1.5932788457443465
50,0.9672,0.206446899274985,0.5692963753300689,1.6233739034453434
51,0.9714666666348776,0.19871808678309122,0.5724946696366837,1.6504564839385465
52,0.9711999999682108,0.19592195075352986,0.5714285715556602,1.6621281521152587
53,0.9706666666348776,0.19476724565823872,0.5650319830695195,1.680186318944512
54,0.9698666666666667,0.19635605567296346,0.5575692965023553,1.701440403964728
55,0.9690666666666666,0.1940494430065155,0.5618336888264491,1.714622336410002
56,0.9709333333333333,0.18997195960680643,0.5639658849884961,1.7389148837213577
57,0.9685333333333334,0.19200673171679178,0.5533049041782615,1.755958295325989
58,0.968,0.18992443748315174,0.5554371003403085,1.7707313810076033
59,0.9701333333333333,0.18477487340768178,0.5639658849884961,1.7897495598172837
60,0.9685333333333334,0.1868804682890574,0.5714285715556602,1.8260553218662612
61,0.9687999999682109,0.18387273909250895,0.577825160041801,1.840610556002619
62,0.9669333333333333,0.1860380431731542,0.5735607677177071,1.8794137897776133
63,0.9706666666666667,0.18015750870307287,0.5767590619607775,1.914339748781119
64,0.9690666666666666,0.1810479332923889,0.5639658849884961,1.9458842567289307
65,0.9719999999682108,0.17600576434135437,0.5735607677177071,1.9890430319283816
66,0.9728,0.17325743622779846,0.5746268657987306,2.0179464806880016
67,0.9704,0.17601193105777105,0.5703624734746368,2.0405866804915958
68,0.9725333333333334,0.17083220332463583,0.5682302773125899,2.069866455948429
69,0.9664,0.17892792207400005,0.5703624734746368,2.0992912509039776
70,0.9752000000317892,0.16389114306767782,0.5607675907454257,2.11929192370189
71,0.9690666666666666,0.1720236895243327,0.5714285715556602,2.1353782092584477
72,0.9701333333333333,0.17002953120072684,0.5810234542848713,2.1499811662539745
73,0.9749333333333333,0.16169722797870636,0.577825160041801,2.1738746222148317
74,0.9781333333015442,0.15556944573720297,0.5746268657987306,2.1737848568572673
75,0.9709333333015442,0.16343643283843995,0.5703624734110924,2.1855158648257063
76,0.9693333333333334,0.16445131013393402,0.5746268657987306,2.204599805478094
77,0.9746666666666667,0.15804003103176753,0.5703624734746368,2.2206892382615666
78,0.9722666666666666,0.15850671015183132,0.5618336887629047,2.2334131894589486
79,0.9653333333333334,0.17004585621356963,0.5671641792315664,2.267015078937067
80,0.9709333333333333,0.16081438828309377,0.5628997869074726,2.298250391539226
81,0.9738666666666667,0.15390612595876058,0.5650319830695195,2.3274609122449146
82,0.9703999999682108,0.15993068230946858,0.5682302772490455,2.3513640625390417
83,0.9709333333333333,0.15747904151678085,0.5692963753300689,2.385171995996666
84,0.9682666666666667,0.16301098645130793,0.5660980810869986,2.4056281423263712
85,0.9674666666666667,0.1622965456167857,0.5650319830059751,2.434926816395351
86,0.9730666666666666,0.15417011082967122,0.5639658849249517,2.4441229732814373
87,0.972,0.15548900131781895,0.5671641792315664,2.469834565607978
88,0.9712,0.1535926782210668,0.5618336888264491,2.4826145380544764
89,0.9725333333333334,0.15099592110713322,0.5692963753300689,2.4814203436186575
90,0.9738666666666667,0.14784284281333288,0.5650319830059751,2.4994537403334434
91,0.9733333333333334,0.14843433706760406,0.5682302773125899,2.489167700444203
92,0.972,0.14997919320265451,0.5746268657351862,2.495086230703
93,0.976,0.14355836135546365,0.5682302772490455,2.5206689880346693
94,0.9768,0.14113964829444886,0.5660980810869986,2.5412257154867337
95,0.9741333333015442,0.14438797435760498,0.5660980810869986,2.58152638518734
96,0.9810666666666666,0.13220910048484802,0.5756929638162096,2.584611440264086
97,0.9752,0.1416835137327512,0.5586353945198343,2.6070981300207596
98,0.9730666666666666,0.1444949752052625,0.5639658849249517,2.6284770680897274
99,0.9741333333333333,0.14296040794054668,0.5746268657351862,2.6316069570431577
100,0.9786666666666667,0.13430218448638917,0.5724946695731393,2.6312323907799304
101,0.9744,0.13987672670284906,0.5735607676541628,2.647611797999726
102,0.9757333333333333,0.13829888104597726,0.5724946695731393,2.670800044846687
103,0.9728,0.14187162586450577,0.5735607677177071,2.6870441314762337
104,0.9728,0.1418139095544815,0.5788912581228244,2.7050998592173365
105,0.9762666666666666,0.13393371721108754,0.5852878465454208,2.721709911248831
106,0.9762666666666666,0.13346081479787827,0.5916844350315614,2.743510554340094
107,0.9733333333333334,0.1407552821556727,0.5842217484643972,2.75829202127355
108,0.9762666666666666,0.1320688126762708,0.5863539446264442,2.7936555713987046
109,0.9776000000317892,0.12861425526936848,0.5799573561403034,2.788817408750815
110,0.976,0.13262650862932204,0.5735607676541628,2.8031373847522207
111,0.9768,0.13077495357990265,0.5724946695731393,2.8262219063000384
112,0.9773333333333334,0.1289067464808623,0.575692963879754,2.843627940871314
113,0.9770666666666666,0.12857005372444788,0.577825160041801,2.8415181052201848
114,0.9767999999682109,0.12838430457115174,0.5778251599782566,2.8530081045398834
115,0.9778666666666667,0.1290713610728582,0.5799573561403034,2.8446022940597047
116,0.9749333333333333,0.1315094141940276,0.5746268657351862,2.8776054677170224
117,0.9781333333333333,0.12697602789402007,0.5756929638162096,2.9002651487077986
118,0.9770666666348775,0.12785982251962025,0.5756929638162096,2.9208524771082374
119,0.9733333333333334,0.13628446965217592,0.5714285714921158,2.9544652509791
120,0.9741333333333333,0.13520842341979344,0.5735607676541628,2.965024164236431
121,0.9784,0.12434301240841547,0.5735607676541628,2.9964414781598903
122,0.9784,0.12397270522912343,0.5735607676541628,3.001360420479195
123,0.9768,0.12722121039628984,0.5724946695095949,3.0119867894186902
124,0.9754666666666667,0.13036884917815525,0.5724946695095949,3.0299168731103827
125,0.9765333333015442,0.1269006055355072,0.570362473347548,3.0415078897211854
126,0.9773333333333334,0.12560518341461818,0.579957356076759,3.0604768490740484
127,0.9746666666666667,0.13100112151503562,0.5767590618336887,3.066534396173603
128,0.9746666666666667,0.12865738092660903,0.5756929637526652,3.08747483113173
129,0.9773333333333334,0.12368301011323929,0.5767590618972331,3.104682884744998
130,0.9789333333333333,0.1196994686583678,0.5746268657351862,3.0980346299437826
131,0.9741333333333333,0.13010654041965802,0.5724946695731393,3.111530040627095
132,0.9749333333333333,0.13051893335183462,0.5714285714921158,3.1127535173379535
133,0.9768,0.12523587124943733,0.5735607675906184,3.132311134704395
134,0.9781333333333333,0.12235210481683413,0.5724946695095949,3.159810626430552
135,0.9816,0.1143829788585504,0.5788912579957356,3.1656811720272624
136,0.9816,0.11362760750850041,0.5820895523023504,3.156118492581951
137,0.9778666666666667,0.12237016669909159,0.5724946695731393,3.154429638055342
138,0.9802666666348775,0.11676473625500997,0.5767590618972331,3.1605748560891223
139,0.9805333333333334,0.11437476629416148,0.5746268657351862,3.1956393611964895
140,0.9786666666348776,0.12113109122912089,0.5746268657351862,3.1985733798826175
141,0.9770666666666666,0.12308901122808456,0.5756929638162096,3.201909645788197
142,0.9749333333333333,0.12470930608908336,0.5756929638162096,3.2472856537873813
143,0.9821333333333333,0.11227679797808329,0.5660980810869986,3.2433104525242786
144,0.9792,0.1192109347085158,0.5724946695731393,3.2478518648696606
145,0.9770666666666666,0.12307899481852849,0.5735607676541628,3.2627857356691665
146,0.98,0.11450736316839855,0.5714285714921158,3.261477157251159
147,0.9794666666666667,0.11526919643680254,0.5756929638162096,3.265582247329419
148,0.9768,0.12208050176501274,0.5735607676541628,3.280854128571207
149,0.9765333333015442,0.12221275157928467,0.5692963753300689,3.284305004168675
150,0.9797333333333333,0.11685721299449603,0.5714285714285714,3.294974142046117
151,0.9749333333015442,0.12403827184041341,0.5703624734110924,3.328131727572443
152,0.9773333333333334,0.12300526831348738,0.579957356076759,3.3080251445648257
153,0.9725333333333334,0.1321157844722271,0.581023454221327,3.2926214885101643
154,0.9816,0.11188924165169398,0.5788912579957356,3.329633095625367
155,0.9791999999682108,0.1152445833047231,0.5831556503198294,3.321401616403543
156,0.9781333333333333,0.11694509471257528,0.5863539448170774,3.3202232907830016
157,0.9773333333333334,0.12180570195317268,0.5799573563309367,3.319907185365396
158,0.9805333333333334,0.1123120197693507,0.5842217486550305,3.3195096150135943
159,0.9773333333333334,0.11821147211790085,0.5852878467360539,3.332731770554077
160,0.9776,0.1194400763253371,0.5852878467360539,3.338207965720691
161,0.9808,0.11120925465822219,0.5810234541577826,3.3181762603808567
162,0.9768,0.12281061956087748,0.5863539448170774,3.3443032419249445
163,0.9781333333333333,0.11975288502375285,0.5863539445628998,3.359635354105089
164,0.9794666666666667,0.11441315369208654,0.5810234541577826,3.359882541811034
165,0.9824,0.10715781248807907,0.5788912579957356,3.37963991937861
166,0.9826666666348776,0.10301327931086222,0.5767590618972331,3.376012024340599
167,0.9752,0.12472998409271241,0.5820895523023504,3.3793345748234405
168,0.9786666666666667,0.11763132138252258,0.5863539446264442,3.3891202056331675
169,0.9797333333333333,0.11564605061213175,0.5831556503833738,3.4043205755351704
170,0.9754666666666667,0.12200893011689186,0.5842217484643972,3.397396328606839
171,0.9789333333333333,0.11444420972267787,0.5852878465454208,3.432877433833791
172,0.98,0.11308808287382126,0.5831556504469182,3.4282742146489973
173,0.98,0.11165113292137782,0.5842217485279416,3.4430240222385953
174,0.9768,0.12088646881580353,0.5788912581228244,3.4420365524698675
175,0.9781333333333333,0.1170544789493084,0.5831556503833738,3.457394764621629
176,0.9815999999682109,0.10885874369939168,0.581023454221327,3.4526169844019385
177,0.9738666666348775,0.12818154659271241,0.5863539446264442,3.4639341643115857
178,0.9778666666666667,0.11792213040590287,0.5767590618972331,3.4789045838150643
179,0.9813333333333333,0.11011996568044027,0.5842217484643972,3.485769010556024
180,0.9834666666666667,0.10286857361396154,0.5820895523023504,3.4873902619774664
181,0.9834666666666667,0.10151074730356534,0.5799573561403034,3.4960966130563698
182,0.9832,0.10489617635011673,0.5778251599782566,3.5003259776751876
183,0.9794666666666667,0.113767323944966,0.5767590618972331,3.4996423965323964
184,0.9834666666666667,0.10171942443052928,0.5650319830059751,3.549958369370971
185,0.9802666666666666,0.11168224772016207,0.5607675906818813,3.5538062917144058
186,0.9821333333333333,0.10691519781748454,0.5660980810869986,3.544270511375053
187,0.9805333333333334,0.1102790225148201,0.5660980810869986,3.5432645913634473
188,0.9813333333333333,0.10728713425795237,0.5767590618972331,3.5264851564029134
189,0.9808,0.11045528001586596,0.5735607677177071,3.535653643008234
190,0.9797333333333333,0.11313738554120063,0.5703624734110924,3.536139406883386
191,0.9794666666666667,0.11276226780811946,0.5735607677177071,3.5369881709247255
192,0.9818666666666667,0.1068275485197703,0.5735607675906184,3.5362302580876137
193,0.9781333333333333,0.11465887277523676,0.5682302771855011,3.5491949042785906
194,0.9824,0.10413033955097198,0.5607675906183369,3.528471511564275
195,0.9789333333333333,0.11603804867863655,0.5682302771855011,3.5632441852138497
196,0.9824,0.10589316741228104,0.5671641793586552,3.5786855022536157
197,0.9797333333333333,0.11174665293296178,0.5682302774396787,3.576051882843473
198,0.9792,0.1130821348508199,0.5682302772490455,3.580729686883467
199,0.9810666666666666,0.1099816112736861,0.567164179168022,3.572333243355822
200,0.9813333333015442,0.11015168234507243,0.567164179168022,3.565147488356145
201,0.9816,0.10838947906295458,0.5692963753300689,3.5752883689489954
202,0.9805333333333334,0.10826673317154249,0.57889125805928,3.5755710123952773
203,0.9802666666666666,0.11190470617214839,0.5692963753936133,3.606288276501556
204,0.9792,0.11519125010172526,0.5607675907454257,3.6315434888990197
205,0.9794666666666667,0.10946556919813157,0.5597014926644023,3.643502494673739
206,0.9826666666666667,0.10471221057971318,0.5586353945833787,3.6425849837280793
207,0.984,0.10021177478233974,0.5618336888264491,3.616662348765554
208,0.9797333333333333,0.11391504414478938,0.5628997868439282,3.6531305384280075
209,0.9802666666666666,0.11204124936660131,0.5597014926008578,3.63703435722953
210,0.9808,0.10921352039575577,0.5639658849884961,3.633539949144636
211,0.9797333333333333,0.11087086648543676,0.5628997868439282,3.6474559922208156
212,0.9837333333015442,0.10157495342890421,0.5597014926008578,3.6651162694512145
213,0.9826666666666667,0.10495548460880916,0.5597014926644023,3.682779175894601
214,0.9842666666666666,0.09983088662823042,0.5607675906818813,3.687631969004552
215,0.9821333333333333,0.10699777405261994,0.5692963753936133,3.674825611399181
216,0.976,0.12246229262153308,0.567164179168022,3.6988309349840893
217,0.9797333333333333,0.10946416404247283,0.5714285714285714,3.7319701566879173
218,0.9850666666666666,0.10056016171773274,0.5714285714285714,3.7196642351048843
219,0.9810666666666666,0.11032036455869675,0.5756929638162096,3.734119891103651
220,0.9832,0.10395747077266375,0.5724946695731393,3.7322329153130047
221,0.9845333333333334,0.09747393665115038,0.5639658849249517,3.7305787275594944
222,0.9802666666348775,0.11053096837997436,0.5660980810869986,3.7339068475816806
223,0.9826666666666667,0.10462255780696869,0.5724946696366837,3.772085949301974
224,0.9813333333333333,0.10868962225516637,0.5714285714921158,3.7525072107945423
225,0.9813333333333333,0.10828301522731781,0.5692963753936133,3.7376117136941027
226,0.9815999999682109,0.10846036812464396,0.5618336888264491,3.736168504523824
227,0.9810666666666666,0.1080822093307972,0.5714285714921158,3.73863682919728
228,0.9813333333333333,0.10783220450083415,0.5671641792315664,3.7543557457832386
229,0.9783999999682108,0.11382058207194011,0.5671641792315664,3.738390124428755
230,0.9842666666666666,0.10138173140287399,0.5682302773125899,3.7407689704569673
231,0.9781333333015442,0.1147703205426534,0.5746268657987306,3.765869955009997
232,0.9834666666666667,0.10265651345054308,0.5618336888264491,3.788240515092797
233,0.9781333333333333,0.11818326818148295,0.5522388060336937,3.7996036828453863
234,0.9786666666666667,0.11600918017029763,0.5597014926008578,3.80908118128014
235,0.984,0.10100438902378082,0.5607675907454257,3.8014290246373807
236,0.9784,0.11596761444409688,0.5543710021957405,3.8133141653878346
237,0.9824,0.1040008638938268,0.5618336887629047,3.8418157115928144
238,0.9829333333333333,0.10187359950741132,0.5618336888264491,3.837247490628696
239,0.9813333333333333,0.10509969016512236,0.5639658849884961,3.830562652555356
240,0.9826666666666667,0.10468704080382983,0.5607675907454257,3.8341706007528407
241,0.9773333333333334,0.12032383297681809,0.5682302773125899,3.8498213631766185
242,0.9807999999682109,0.11148887443542481,0.5639658849884961,3.8510739513551755
243,0.9869333333333333,0.09269223277171453,0.5586353945833787,3.8726336554423577
244,0.9845333333015442,0.09837771625518799,0.5607675906818813,3.8699480282472396
245,0.9866666666666667,0.09320290932456653,0.5628997868439282,3.851887267789861
246,0.9802666666666666,0.10898235623041788,0.5639658849249517,3.8365988660214554
247,0.9856,0.09682151426076889,0.5618336887629047,3.8417287594728124
248,0.9848,0.09828950972358386,0.5501066098716467,3.838611287602992
249,0.9864,0.09397785923679669,0.5490405117906233,3.8676365301298943
