epoch,acc,loss,val_acc,val_loss
0,0.49226666668256125,0.7189783245722453,0.4616204691467001,0.7171990919723186
1,0.6138666666984558,0.6937586371421814,0.5149253731978728,0.7115505141998405
2,0.6925333333333333,0.6706372000376384,0.5223880597650369,0.7097354509683051
3,0.7258666666666667,0.6514271082560221,0.5479744137095999,0.7098107498083541
4,0.7551999999682109,0.6294900988260905,0.5469083155968042,0.7098538547690744
5,0.7821333333015442,0.6058023124059041,0.5383795310439331,0.7099334274782046
6,0.8021333333333334,0.5802475419680277,0.5373134328993653,0.7140492959571546
7,0.8039999999682108,0.562225847752889,0.5458422176110973,0.7159728684913375
8,0.8245333333015442,0.5319085244178772,0.5447761194665295,0.7206189295630465
9,0.8397333333333333,0.5091684243202209,0.5266524521526752,0.7287808050478953
10,0.8453333333015441,0.4854280719916026,0.5362473348183419,0.7346808808698837
11,0.8453333333333334,0.4699961948076884,0.5383795309803887,0.7434098550251552
12,0.8573333333651225,0.45096111669540406,0.5341151387198393,0.7507116117202906
13,0.8632,0.43625715920130415,0.5426439233044825,0.7572798624730059
14,0.8690666666666667,0.4166779788335164,0.5362473348183419,0.7689643108260149
15,0.8789333333651225,0.4021846072514852,0.5469083156285763,0.7788189647040134
16,0.8786666666666667,0.392747291692098,0.5394456290614122,0.7861958968359778
17,0.8829333333651225,0.3737408900260925,0.5447761194665295,0.8004418026918033
18,0.8925333333333333,0.3607597612778346,0.5447761194665295,0.8068698420961783
19,0.9008,0.3397485179901123,0.5437100213855061,0.8224530425915586
20,0.8933333333333333,0.3429622272491455,0.5533049041147171,0.8363829975697532
21,0.8922666666348775,0.33734524958928425,0.5479744137095999,0.8506852960281535
22,0.8989333333015442,0.32454667671521503,0.5522388060336937,0.8651477433979384
23,0.9085333333015442,0.31120182202657065,0.5511727079526701,0.881902612602787
24,0.9045333333015442,0.3064217516740163,0.5437100213855061,0.9000026290096453
25,0.9088,0.2993692845265071,0.5458422175475529,0.9178849524780631
26,0.9106666666348775,0.29211223866144814,0.5511727079526701,0.9294586415484007
27,0.9125333333333333,0.2862917691707611,0.5426439233044825,0.9451933547632018
28,0.9157333333333333,0.2802853725751241,0.5426439233044825,0.9678787247204323
29,0.9152,0.2706428904692332,0.5373134328993653,0.984280432465234
30,0.9162666666666667,0.26813450308640796,0.5405117271424357,1.0025809001820936
31,0.9242666666666667,0.2570288225412369,0.5490405117270789,1.0212622436124887
32,0.9149333333015441,0.2596056822458903,0.5351812367373184,1.0394878781426435
33,0.9253333333333333,0.2488369683821996,0.5437100213219617,1.0571488876586783
34,0.9162666666666667,0.2537184905052185,0.5479744136460555,1.076006918319507
35,0.9221333333015442,0.24668849515914917,0.5479744136460555,1.0908590051919413
36,0.9266666666666666,0.2352091407219569,0.5458422174840085,1.1092835362277813
37,0.9269333333015441,0.2316251092036565,0.5469083155650319,1.1311451753319453
38,0.9226666666666666,0.23658622277577718,0.5533049040511727,1.1329351264530663
39,0.9272,0.22976730093955994,0.5511727078891258,1.1613692045211792
40,0.9314666666666667,0.22078820214271547,0.5522388059701493,1.1780022614037813
41,0.9264,0.22791043708721798,0.5437100213219617,1.19830900570477
42,0.928,0.22203268719116848,0.535181236673774,1.2120366294755103
43,0.9304,0.2126898756504059,0.5330490405117271,1.2279442993562613
44,0.9272,0.22118471851348878,0.5383795309168443,1.2499895876150395
45,0.9333333333333333,0.21041168751716613,0.5330490405117271,1.2696017807226445
46,0.9298666666666666,0.21494426784118018,0.5405117271424357,1.2788889591119437
47,0.9346666666666666,0.20802285350561142,0.5362473348183419,1.2945970459533398
48,0.9288,0.20906124209562937,0.5298507462686567,1.3118836534048703
49,0.9338666666666666,0.202453794670105,0.5330490405117271,1.3395428741410342
50,0.9274666666666667,0.2165579620162646,0.5373134328993653,1.3597631950114073
51,0.9354666666666667,0.20316502332687378,0.5351812367373184,1.3811167364181487
52,0.9306666666666666,0.20869602341254553,0.5330490405117271,1.4022409793918829
53,0.9287999999682108,0.20651016890207927,0.5277185501701542,1.4235796760648554
54,0.9346666666666666,0.20314691449503103,0.5373134328993653,1.4400273452181298
55,0.9317333333015442,0.20606299991607666,0.5351812367373184,1.4612501681740604
56,0.936,0.1928155241171519,0.5330490405752715,1.4817379049654962
57,0.9346666666666666,0.19460222051143647,0.5330490405752715,1.4825116207858902
58,0.9330666666666667,0.19615580342213312,0.5373134328993653,1.496483898366184
59,0.9407999999682108,0.18758231700261435,0.5341151386562949,1.511372259939149
60,0.9386666666666666,0.1830001386721929,0.5330490405117271,1.5346469022571914
61,0.9381333333333334,0.18892474925518035,0.5394456292520454,1.561497319735952
62,0.9456,0.18195735011895497,0.5426439232409381,1.5940981434860717
63,0.9336,0.19503663910627364,0.5415778251599147,1.6085568628331492
64,0.9392,0.1867960375805696,0.5383795309168443,1.620419729493066
65,0.9386666666666666,0.1844554339647293,0.535181236673774,1.6354852838556904
66,0.9328000000317891,0.19026735706329345,0.5394456289978679,1.6484167525000664
67,0.9357333333333333,0.1865870017449061,0.5426439233044825,1.6682124300552075
68,0.9314666666666667,0.19863080039024353,0.5341151385927505,1.6889640349569097
69,0.9362666666666667,0.18505217803915341,0.5351812367373184,1.7043005995658924
70,0.9416,0.17622633175055186,0.5351812367373184,1.7084463290822531
71,0.9370666666348775,0.18549798660278322,0.5415778252234591,1.7173892381603022
72,0.9357333333333333,0.18917897427479427,0.5373134328358209,1.745620371690437
73,0.9392,0.17632134220202764,0.5394456290614122,1.7531482924276323
74,0.9429333333333333,0.17490284308195114,0.5426439233044825,1.778012172753877
75,0.9330666666666667,0.1882471029082934,0.5447761194665295,1.7987376741254761
76,0.9338666666666666,0.1837009952445825,0.531982942494248,1.8207749153759434
77,0.932,0.18981504857937495,0.5287846481876333,1.8334170635829348
78,0.9373333333333334,0.18153776929676532,0.5319829424307037,1.8338899185408408
79,0.9391999999682109,0.17688321302731833,0.5309168443496801,1.8499227299619077
80,0.9352,0.18678437068859735,0.5341151388469281,1.8640284411180248
81,0.9370666666666667,0.18063334753513335,0.535181236673774,1.8706375929846693
82,0.94,0.17498950206438701,0.5319829424307037,1.8805659592532908
83,0.9344,0.18353333678642908,0.5287846481876333,1.8951470602804155
84,0.9418666666666666,0.16531343666911125,0.535181236673774,1.9232765591220815
85,0.936,0.18213368903398514,0.5330490407659046,1.9290156178891278
86,0.9418666666666666,0.16385796093940735,0.5383795311710219,1.9378092662612003
87,0.9317333333333333,0.18612641541163127,0.5362473347547975,1.9564989096066083
88,0.9461333333333334,0.16359024578531584,0.5309168446038578,1.9693341628829044
89,0.9418666666348775,0.17107207787831624,0.5341151385927505,1.993235469372796
90,0.9357333333651224,0.1777555858929952,0.5362473347547975,2.0113658063701476
91,0.936,0.17479550851186115,0.5298507462686567,2.020862277891082
92,0.9392,0.17138832524816194,0.5405117270788913,2.0230990437302254
93,0.9439999999682108,0.16445038096904754,0.5362473347547975,2.048760686347734
94,0.9421333333651225,0.16433985719680785,0.5383795309168443,2.0543327311208763
95,0.9410666666666667,0.16738573076327642,0.5341151385927505,2.082110920186236
96,0.9365333333651225,0.1750938982327779,0.5373134328358209,2.0961419913306165
97,0.9312,0.1876368751247724,0.5373134328358209,2.0811709427376037
98,0.94,0.16696711143652598,0.5266524520255863,2.103295944392808
99,0.9432,0.1620326679368814,0.5330490405117271,2.12867381781149
100,0.9392,0.17042805835803349,0.5319829424307037,2.158398417775819
101,0.9407999999682108,0.1661414343992869,0.5309168443496801,2.18839274947323
102,0.9367999999682108,0.17414367520014445,0.523454157782516,2.2146101877379265
103,0.948,0.15670333263874053,0.5191897654584222,2.2218311880188963
104,0.9432,0.16093529910246532,0.523454157782516,2.2296045060350953
105,0.9389333333333333,0.16607148197094598,0.5266524520255863,2.254379665419491
106,0.9469333333015442,0.16169124026298523,0.5223880597014925,2.2708115440441854
107,0.9429333333651225,0.16337622934977214,0.5255863539445629,2.2811926346597895
108,0.9368,0.17775169122417767,0.5266524520255863,2.3209066152064275
109,0.9453333333333334,0.16159204483032227,0.5309168443496801,2.312929672981376
110,0.948,0.15432488720417023,0.5373134328358209,2.3213572578389505
111,0.9410666666348775,0.16221599130630493,0.5298507462686567,2.3463846457792497
112,0.9378666666666666,0.17714862784544627,0.5383795309168443,2.3579593624895825
113,0.9509333333333333,0.1534644621749719,0.5341151386562949,2.3699830991627056
114,0.9493333333333334,0.1578133498032888,0.531982942494248,2.3864863589882597
115,0.9442666666666667,0.1640886123041312,0.5266524520891307,2.398126597597655
116,0.9482666666666667,0.15383609187304972,0.5330490405752715,2.4097095150937404
117,0.9477333333333333,0.15825277005434035,0.5405117271424357,2.4239530314260453
118,0.9482666666666667,0.15281564896901448,0.5394456290614122,2.450408134379112
119,0.9485333333333333,0.15746160841584206,0.5351812367373184,2.448356550131271
120,0.9503999999682109,0.154929052734375,0.531982942494248,2.486295673638773
121,0.9512,0.14621759709119797,0.5309168444132246,2.489716795207595
122,0.9482666666666667,0.1492368117928505,0.5383795309803887,2.4875416206652674
123,0.9458666666666666,0.15380492566625278,0.5330490405752715,2.5065917872162515
124,0.9493333333333334,0.1473900341729323,0.5383795309803887,2.511682783362708
125,0.9458666666666666,0.1631203496535619,0.5298507463322011,2.519512953788741
126,0.9466666666666667,0.15996672255595526,0.5362473348183419,2.5523486803335422
127,0.9413333333333334,0.16335796532730262,0.531982942494248,2.5703237595588666
128,0.9453333333333334,0.15428316297630468,0.5277185501701542,2.588994371357249
129,0.9498666666666666,0.14650228292942047,0.5330490405752715,2.5942104513457083
130,0.9496,0.15000766078631084,0.5245202559270838,2.607351373253601
131,0.9504,0.14985325213273365,0.52025586360299,2.632648699319185
132,0.9493333333015442,0.14723850673834482,0.52025586360299,2.6429755743632692
133,0.9509333333333333,0.1431887334346771,0.5362473348183419,2.6195583948448524
134,0.9472,0.1585583894133568,0.5223880597650369,2.620409667619002
135,0.9463999999682109,0.15306226824919383,0.5309168444132246,2.6301674431066777
136,0.9525333333015442,0.14414940720399222,0.5330490405752715,2.641741198517366
137,0.9512,0.15569668359160424,0.5330490405752715,2.654737719594797
138,0.9506666666666667,0.15605812424619991,0.5373134328993653,2.65435989375816
139,0.9509333333333333,0.15123092932899793,0.5277185501701542,2.6653773306783584
140,0.9509333333015442,0.14868209806283314,0.5255863540081073,2.6725190346683267
141,0.9485333333333333,0.1525396456738313,0.5223880597650369,2.6901229129417112
142,0.9538666666666666,0.15033508474230767,0.5234541578460604,2.70237626348223
143,0.9504,0.1503864192724228,0.5266524520891307,2.711582939253687
144,0.9546666666666667,0.149488216706117,0.5234541578460604,2.7080196668344265
145,0.9533333333333334,0.15058164168993632,0.5191897655219666,2.721226286532274
146,0.9592,0.13782494510809581,0.5191897655219666,2.7325687220355848
147,0.9490666666348775,0.15150602497259777,0.5298507463322011,2.729946321515895
148,0.9517333333333333,0.15007237162590026,0.5159914712788962,2.749254401050397
149,0.9552,0.13922896530628204,0.5223880597014925,2.7548574806530595
150,0.9554666666666667,0.1468666793902715,0.5181236674409431,2.7781890618013168
151,0.9512,0.14989260203440985,0.5191897655219666,2.7801925703914945
152,0.9464,0.1484624018629392,0.5127931770358258,2.7880178646746474
153,0.9490666666666666,0.15311565797130267,0.5117270789548024,2.7992231998362267
154,0.9514666666348776,0.148885271803538,0.5117270789548024,2.8151492421815134
155,0.9493333333333334,0.15178409448862076,0.5095948827927554,2.84974503822164
156,0.9552,0.1383332709312439,0.508528784711732,2.857083599196314
157,0.9509333333015442,0.14698604267438253,0.5159914712788962,2.8437448737463717
158,0.9477333333333333,0.1614604357878367,0.5234541578460604,2.856014213073991
159,0.952,0.15159750884373982,0.5266524520891307,2.8774357096218606
160,0.9506666666666667,0.15440308895905813,0.5031982943066148,2.9160786234239526
161,0.9522666666666667,0.14122182954152426,0.5031982943066148,2.9184827896069363
162,0.9471999999682108,0.16291227079232534,0.5021321962255914,2.9201809846516102
163,0.9496,0.15764791310429574,0.5095948827927554,2.912359472530991
164,0.9549333333333333,0.1453572403271993,0.5138592751168493,2.90434050407491
165,0.9613333333333334,0.1357802766342958,0.5170575693599196,2.8956991248547648
166,0.9570666666666666,0.139427355804046,0.5191897655219666,2.890295690564967
167,0.9626666666666667,0.13396939232349395,0.5213219616840135,2.8877452421290024
168,0.9501333333333334,0.1462664682706197,0.5266524520891307,2.8978127884203944
169,0.9594666666666667,0.13825706202983856,0.5245202559270838,2.8995882219343043
170,0.9535999999682109,0.13816565417448678,0.5191897655219666,2.911174700966776
171,0.9586666666666667,0.13684096167087556,0.5255863540081073,2.9031996889663403
172,0.9565333333333333,0.13291032455762228,0.5223880598285814,2.912887084204505
173,0.9602666666348775,0.13033355204264324,0.5213219616840135,2.9440032983385422
174,0.9533333333333334,0.14199966739018757,0.5202558636665344,2.962264059957411
175,0.9514666666666667,0.14850287100474038,0.519189765585511,2.9595534094869453
176,0.9528,0.15177127621173858,0.531982942494248,2.9449662623374957
177,0.9559999999682108,0.14746672503153482,0.5330490405752715,2.9462894773178263
178,0.9456,0.15913084634343783,0.531982942494248,2.962818219971809
179,0.9530666666666666,0.15092110208272935,0.5255863540081073,2.964877915534892
180,0.9514666666348776,0.15296884358723958,0.5234541578460604,2.972221156935702
181,0.9602666666348775,0.13688133665720623,0.5298507463322011,2.965425474048932
182,0.9528,0.14104204324881237,0.5351812367373184,2.9661792936101397
183,0.9525333333333333,0.14577773973147073,0.5351812367373184,2.983224123525721
184,0.9464,0.1545149546364943,0.5266524520891307,2.9859240273676955
185,0.9512,0.1488864794254303,0.5298507463322011,2.9963283355810493
186,0.9544,0.1320496609032154,0.5287846482511777,3.0356488471854726
187,0.9506666666666667,0.14805726149876913,0.531982942494248,3.0282579230855524
188,0.9488,0.14770481816927591,0.5373134328993653,3.0146509904597107
189,0.9544,0.13952185789942742,0.5394456290614122,3.01544767757977
190,0.9554666666666667,0.13742509048779805,0.5490405117906233,3.01629995842224
191,0.9581333333333333,0.13741637953122457,0.5437100213855061,3.008250051469945
192,0.9538666666348775,0.14085839093526203,0.5458422175475529,3.0177890740986317
193,0.9512,0.14468695270220439,0.5458422175475529,3.029095980150105
194,0.9520000000317892,0.14568505832354228,0.5341151386562949,3.0477574039369757
195,0.9482666666666667,0.1442071444908778,0.5330490406388159,3.060267874426933
196,0.9565333333333333,0.13633924802740416,0.531982942494248,3.075829786532469
197,0.9570666666666666,0.13105979712406796,0.5373134329629097,3.0674784859614586
198,0.9538666666666666,0.14207906533479692,0.5373134329629097,3.08182784590894
199,0.9474666666666667,0.14577474352518718,0.5383795310439331,3.0897468066673035
200,0.9490666666348775,0.14869486802419027,0.5437100213855061,3.080716834647823
201,0.9512,0.14406841939290366,0.5245202559270838,3.076169020077313
202,0.9581333333333333,0.13758970167040824,0.5287846482511777,3.085391054783803
203,0.9546666666348775,0.14402476313114165,0.5245202559270838,3.0805751652097397
204,0.9554666666666667,0.1396377061744531,0.519189765585511,3.0930226992950764
205,0.9501333333333334,0.14555332009394964,0.5234541578460604,3.1019935028385253
206,0.9535999999682109,0.14928137118816376,0.5341151386562949,3.0935990978151495
207,0.9530666666666666,0.1419999246021112,0.5351812367373184,3.0630239596499056
208,0.9565333333333333,0.14414569221735002,0.5341151385927505,3.0705200370186683
209,0.9514666666666667,0.14882644934256872,0.5341151385927505,3.072410016171714
210,0.9544,0.1409144299109777,0.535181236673774,3.0826440182830224
211,0.956,0.13467659199436505,0.5245202559270838,3.0981140462066064
212,0.9530666666666666,0.14215969343384108,0.5287846482511777,3.0948033393827328
213,0.9589333333333333,0.13734799564679465,0.5277185501066098,3.102099533528407
214,0.9522666666666667,0.14649712770183881,0.5298507462686567,3.1067224728273177
215,0.9549333333333333,0.1390571386496226,0.5181236674409431,3.117403101565233
216,0.9496,0.1450359032134215,0.5191897655219666,3.1189361228617525
217,0.9509333333333333,0.14469647057056426,0.5213219616840135,3.111556010459786
218,0.9525333333333333,0.14570019918282825,0.5245202559270838,3.0970025631918836
219,0.9541333333015442,0.14725582137107848,0.5309168443496801,3.0978801946904357
220,0.9522666666348775,0.1461688682238261,0.5234541578460604,3.100668874630796
221,0.9586666666666667,0.13529959932963054,0.5213219616204691,3.112934480597978
222,0.9536,0.13700684169332186,0.5202558635394456,3.097544260370706
223,0.9541333333333334,0.13872336543599764,0.523454157782516,3.0964572831257575
224,0.9578666666348775,0.13196079510053,0.5149253731978728,3.1065330424034263
225,0.9517333333651224,0.14285161959330242,0.5223880597014925,3.1100486448324567
226,0.9552,0.13968036393721897,0.5213219616204691,3.109108475479744
227,0.9498666666348775,0.13739426922003428,0.5223880597014925,3.1402255792353455
228,0.9642666666348775,0.12334355945587158,0.5223880597014925,3.1474096536127996
229,0.9533333333651225,0.13971448267300923,0.5202558635394456,3.1676638822819885
230,0.9581333333333333,0.13464401206175486,0.523454157782516,3.1804006968988285
231,0.9509333333333333,0.1474840257704258,0.5191897654584222,3.1869683570699143
232,0.9533333333333334,0.14488124330043792,0.5191897654584222,3.1996171754052134
233,0.9613333333333334,0.1301053187052409,0.5138592750533049,3.191535141422296
234,0.9549333333333333,0.1291494562168916,0.5181236673773987,3.197770431860169
235,0.9605333333333334,0.1284693784892559,0.5191897654584222,3.1939795937365307
236,0.9562666666348775,0.14063347708384197,0.5266524520255863,3.190641243574716
237,0.9589333333333333,0.13176811384359996,0.5213219616204691,3.225513781565847
238,0.9541333333015442,0.1339086661895116,0.5149253731343284,3.2196621518653594
239,0.9559999999682108,0.13873675724665324,0.5245202558635395,3.220406746813483
240,0.9514666666666667,0.1516822687248389,0.5202558635394456,3.1890525085839636
241,0.9490666666348775,0.1452153933207194,0.5213219616204691,3.2203359339537143
242,0.9525333333015442,0.14617111155192059,0.5245202558635395,3.206870439972705
243,0.9541333333333334,0.13719867007335027,0.5159914712153518,3.2406368957145384
244,0.9584,0.13391079679926238,0.5149253731343284,3.2437154031765743
245,0.9544,0.1363516260703405,0.5159914712153518,3.2394742467510165
246,0.9522666666666667,0.14505033249457677,0.5149253731343284,3.242810565525535
247,0.9578666666666666,0.13324421338438988,0.5159914712153518,3.2671651494528438
248,0.9543999999682109,0.13937365802923837,0.5181236673773987,3.242034178044496
249,0.9530666666666666,0.1508373213648796,0.5213219616204691,3.23675695919533
