epoch,categorical_accuracy,loss
0,0.5550341296928327,6.411248843417639
1,0.5324232081911263,5.732844920695438
2,0.5390358361774744,5.381926196427068
3,0.5307167235494881,5.230642090885306
4,0.5351962457337884,5.112387320287398
5,0.5398890784982935,4.975891866781605
6,0.5354095563139932,4.902253891420853
7,0.5388225255972696,4.821277169237365
8,0.5313566552901023,4.7712436129208715
9,0.5347696245733788,4.726349352162853
10,0.5447952218430034,4.674268346597717
11,0.549061433447099,4.635469218569811
12,0.5428754266211604,4.620102732661641
13,0.5452218430034129,4.575925565010045
14,0.5582337883959044,4.55215319513054
15,0.5460750853242321,4.535232177773433
16,0.5563139931740614,4.492556256238918
17,0.5656996587030717,4.4666487299948425
18,0.5665529010238908,4.454015837594511
19,0.5593003412969283,4.445374859884737
20,0.5546075085324232,4.418995204639109
21,0.5654863481228669,4.397850739671102
22,0.5812713310580204,4.381691262176826
23,0.5731655290102389,4.356339941252621
24,0.5744453924914675,4.343714098881536
25,0.5774317406143344,4.329323255975092
26,0.5872440273037542,4.30389415688889
27,0.5799914675767918,4.297195699841496
28,0.5959897610921502,4.262023326886799
29,0.5891638225255973,4.2508325723250975
30,0.5949232081911263,4.236125088389009
31,0.5919368600682594,4.227052213388905
32,0.6092150170648464,4.1982249676570955
33,0.6062286689419796,4.189987610631428
34,0.6070819112627986,4.1694716398219605
35,0.6092150170648464,4.15297635504817
36,0.615401023890785,4.138513416967294
37,0.6070819112627986,4.119139727472039
38,0.6085750853242321,4.106740827853362
39,0.611561433447099,4.088751133798333
40,0.6186006825938567,4.071494872252689
41,0.6198805460750854,4.050541649906302
42,0.6322525597269625,4.026644428435446
43,0.6305460750853242,4.011936083588584
44,0.6382252559726962,3.9879147168312463
45,0.6241467576791809,3.979905763176928
46,0.6390784982935154,3.9520718115588505
47,0.6386518771331058,3.9315997756788756
48,0.6533703071672355,3.916297373918136
49,0.6422781569965871,3.890303680107455
50,0.6589163822525598,3.869421565898856
51,0.6377986348122867,3.8615503652917647
52,0.6520904436860068,3.833846888851387
53,0.6642491467576792,3.8069755461435677
54,0.6668088737201365,3.8042294328123227
55,0.6678754266211604,3.77385704916085
56,0.6776877133105802,3.7483318332112283
57,0.6781143344709898,3.731170407741143
58,0.6783276450511946,3.7188935564646544
59,0.6757679180887372,3.695188510946853
60,0.6815273037542662,3.6758725057282953
61,0.6819539249146758,3.6613602508050183
62,0.6853668941979523,3.6338315221636774
63,0.6849402730375427,3.622953692393905
64,0.6996587030716723,3.5910227786965745
65,0.6973122866894198,3.577527909555533
66,0.6977389078498294,3.5591880868319357
67,0.7026450511945392,3.535487302741093
68,0.7049914675767918,3.5208697074916175
69,0.705844709897611,3.498601779189126
70,0.7145904436860068,3.4776327089238084
71,0.7054180887372014,3.461881561084005
72,0.7278156996587031,3.430092390079954
73,0.7237627986348123,3.4193612593432743
74,0.7231228668941979,3.4037073529214177
75,0.7282423208191127,3.38558443984074
76,0.7290955631399317,3.3664474780242193
77,0.72589590443686,3.3496185024443745
78,0.7359215017064846,3.3277018119043866
79,0.7374146757679181,3.3148446359732047
80,0.7359215017064846,3.29001583011484
81,0.7457337883959044,3.272113508738755
82,0.7431740614334471,3.2566365325003352
83,0.7459470989761092,3.2349811820853693
84,0.7465870307167235,3.224269632593357
85,0.7491467576791809,3.2033553587291834
86,0.7510665529010239,3.1827094278237924
87,0.7540529010238908,3.168857339299173
88,0.7689846416382252,3.1425686004625653
89,0.7689846416382252,3.130683765476474
90,0.7753839590443686,3.1071434387167973
91,0.7715443686006825,3.097842570457849
92,0.7670648464163823,3.0847643023871725
93,0.7764505119453925,3.0610748972909034
94,0.7738907849829352,3.0463396917024164
95,0.7802901023890785,3.024991784893205
96,0.7839163822525598,3.009829217663397
97,0.7864761092150171,2.990413696692665
98,0.7860494880546075,2.9722950971167243
99,0.7988481228668942,2.950418142735348
100,0.7881825938566553,2.9475590946731307
101,0.7962883959044369,2.92648707965942
102,0.8039675767918089,2.9045090545159558
103,0.7997013651877133,2.8975845994396012
104,0.8043941979522184,2.872550520066922
105,0.8046075085324232,2.8586855073023982
106,0.8103668941979523,2.837461745779669
107,0.8112201365187713,2.826784085901931
108,0.8073805460750854,2.814173001885007
109,0.8167662116040956,2.7968867606270433
110,0.8137798634812287,2.784437912722903
111,0.8125,2.771542418938855
112,0.8214590443686007,2.7490377898102327
113,0.8148464163822525,2.742692838349847
114,0.8218856655290102,2.725745311776119
115,0.8261518771331058,2.7048243272019734
116,0.8280716723549488,2.69030563334963
117,0.8346843003412969,2.6780597594004036
118,0.840443686006826,2.6631955978406574
119,0.8368174061433447,2.6512908764666663
120,0.8389505119453925,2.6432128758153817
121,0.8419368600682594,2.625585497442773
122,0.8474829351535836,2.604576088869531
123,0.8474829351535836,2.592285332826217
124,0.8415102389078498,2.5892349762314417
125,0.851962457337884,2.559614519210399
126,0.8459897610921502,2.5540023362677253
127,0.8528156996587031,2.538318491633028
128,0.8427901023890785,2.529110448759164
129,0.8528156996587031,2.511885291480367
130,0.8553754266211604,2.5028135410347896
131,0.8572952218430034,2.489114599423197
132,0.8619880546075085,2.4715355288860335
133,0.8547354948805461,2.4654445265747174
134,0.8649744027303754,2.443780007215897
135,0.8651877133105802,2.4333987138377116
136,0.8622013651877133,2.4207558810914334
137,0.8707337883959044,2.4083172428729998
138,0.8724402730375427,2.395300514462051
139,0.8758532423208191,2.3874728598285455
140,0.8743600682593856,2.3752949970167245
141,0.8686006825938567,2.3695355405579654
142,0.8796928327645052,2.347027355493539
143,0.8760665529010239,2.3392071666977916
144,0.8741467576791809,2.326398866575326
145,0.8841723549488054,2.311761703914343
146,0.8784129692832765,2.3029608669541393
147,0.8843856655290102,2.291721135683027
148,0.8860921501706485,2.280768290314658
149,0.8858788395904437,2.2650940833238207
150,0.8871587030716723,2.2518192794135814
151,0.8882252559726962,2.2470254043670237
152,0.8971843003412969,2.226554154536016
153,0.8912116040955631,2.2208514197287705
154,0.8954778156996587,2.2106542253657007
155,0.8897184300341296,2.203525502527126
156,0.8967576791808873,2.1853328223114534
157,0.8986774744027304,2.1743564499929904
158,0.9010238907849829,2.158292566143205
159,0.9010238907849829,2.1500094978475732
160,0.89910409556314,2.139079826276864
161,0.9055034129692833,2.1270902661333313
162,0.91339590443686,2.1106246510463365
163,0.9089163822525598,2.1105474188872977
164,0.9072098976109215,2.0964550402384163
165,0.909556313993174,2.0843495110196057
166,0.9091296928327645,2.0767786193626327
167,0.9104095563139932,2.0670218215460663
168,0.9131825938566553,2.057060336090192
169,0.9176621160409556,2.040398587952702
170,0.914462457337884,2.0346290438655292
171,0.908703071672355,2.0283079859339743
172,0.9168088737201365,2.012597936412173
173,0.9176621160409556,2.0108517680965594
174,0.9174488054607508,1.9943666067546546
175,0.9157423208191127,1.9875210971148753
176,0.9193686006825939,1.973784626547387
177,0.9208617747440273,1.9591459194547893
178,0.929820819112628,1.9498491209928492
179,0.9274744027303754,1.9428727651211997
180,0.9217150170648464,1.94138495995323
181,0.9289675767918089,1.9291335079857106
182,0.9302474402730375,1.914820231675288
183,0.9285409556313993,1.9089538298369269
184,0.9323805460750854,1.8943960076712911
185,0.931740614334471,1.8955241177269215
186,0.9321672354948806,1.8785248465912334
187,0.9289675767918089,1.8762980801253595
188,0.9328071672354948,1.8629648486095076
189,0.9357935153583617,1.85191297693871
190,0.9313139931740614,1.850035163729671
191,0.9338737201365188,1.8437300790292004
192,0.9349402730375427,1.8286142129540037
193,0.9313139931740614,1.8253036224801387
194,0.9396331058020477,1.8102625445701157
195,0.9381399317406144,1.8015583021242056
196,0.9357935153583617,1.7965320849174526
197,0.9368600682593856,1.7895331895392095
198,0.9464590443686007,1.770822689394902
199,0.9398464163822525,1.770022183554978
200,0.9473122866894198,1.75641012273144
201,0.9483788395904437,1.7469040952851749
202,0.9430460750853242,1.7414830638280094
203,0.9417662116040956,1.7415107590346612
204,0.9436860068259386,1.7305270681609066
205,0.9475255972696246,1.7137042174160277
206,0.9436860068259386,1.7144230559417413
207,0.9507252559726962,1.6999110483879116
208,0.9483788395904437,1.6918338492461846
209,0.9468856655290102,1.6892998137164847
210,0.9511518771331058,1.6812844854166076
211,0.9464590443686007,1.6772558343288435
212,0.9494453924914675,1.6634480993902316
213,0.9541382252559727,1.654309895258308
214,0.9530716723549488,1.648834638221272
215,0.9507252559726962,1.6455152929846337
216,0.9526450511945392,1.634584580672072
217,0.960537542662116,1.621440766207594
218,0.9537116040955631,1.61873838274959
219,0.9511518771331058,1.6176824227941728
220,0.952858361774744,1.6111301826535638
221,0.9594709897610921,1.5944452350863825
222,0.95669795221843,1.5893440539519534
223,0.9607508532423208,1.5831184346521268
224,0.9539249146757679,1.5792323875752732
225,0.9547781569965871,1.57432460459426
226,0.9607508532423208,1.5586576404831922
227,0.9581911262798635,1.5601541218904098
228,0.9590443686006825,1.5487253735089872
229,0.9579778156996587,1.544541974116511
230,0.9635238907849829,1.537432612005761
231,0.9618174061433447,1.5253911360132002
232,0.9577645051194539,1.5241931469367225
233,0.9549914675767918,1.5233827190594462
234,0.9650170648464164,1.5052956680388987
235,0.9648037542662116,1.4959947794370685
236,0.9626706484641638,1.4955635754321623
237,0.9633105802047781,1.489123090949075
238,0.9626706484641638,1.4841222396889644
239,0.9635238907849829,1.4738106703188638
240,0.9650170648464164,1.469331956967559
241,0.9652303754266212,1.464599626463021
242,0.9633105802047781,1.459835327932859
243,0.9622440273037542,1.4563040989657718
244,0.9598976109215017,1.4553084882046174
245,0.9645904436860068,1.4397699149395418
246,0.9697098976109215,1.4277501395131134
247,0.9675767918088737,1.4247895104893238
248,0.9652303754266212,1.4215779609647627
249,0.9705631399317406,1.411042864412171
250,0.9667235494880546,1.4064302574652454
251,0.9707764505119454,1.399515905477895
252,0.9699232081911263,1.3976939070346819
253,0.9665102389078498,1.3934904113157618
254,0.9722696245733788,1.3808906257355986
255,0.9673634812286689,1.380153768298569
256,0.9671501706484642,1.3739764682262017
257,0.9703498293515358,1.3650827965231886
258,0.9694965870307167,1.3634477105156961
259,0.9686433447098977,1.3587536112033467
260,0.9718430034129693,1.3470934507383014
261,0.9705631399317406,1.343443120298939
262,0.9737627986348123,1.3376451494750716
263,0.9754692832764505,1.3320279450953616
264,0.9722696245733788,1.331467171984728
265,0.9709897610921502,1.3248259797438013
266,0.9703498293515358,1.3179766615096213
267,0.9733361774744027,1.3096891556176715
268,0.9729095563139932,1.3030742565519573
269,0.9741894197952219,1.2935866373797733
270,0.9699232081911263,1.2962395803106523
271,0.9731228668941979,1.2886797885439094
272,0.972056313993174,1.2832854461344436
273,0.9733361774744027,1.275736919848992
274,0.9690699658703071,1.280697680984341
275,0.9724829351535836,1.2713071864619596
276,0.9748293515358362,1.2609999212388698
277,0.9782423208191127,1.2547074959139775
278,0.9737627986348123,1.2546745188813975
279,0.9718430034129693,1.2508230827774205
280,0.9733361774744027,1.2430192748841165
281,0.9741894197952219,1.2376786840653664
282,0.9735494880546075,1.2352564176194905
283,0.9752559726962458,1.2259093018522034
284,0.9726962457337884,1.2254809214393434
285,0.9733361774744027,1.2232720973955487
286,0.9788822525597269,1.2117997375364598
287,0.9752559726962458,1.2083783475205354
288,0.9786689419795221,1.1991656794889796
289,0.9741894197952219,1.2006099639085372
290,0.9776023890784983,1.1926511578999281
291,0.9797354948805461,1.1812570864023202
292,0.975042662116041,1.182578120215354
293,0.9767491467576792,1.1764870776251315
294,0.9812286689419796,1.1706907175506749
295,0.9795221843003413,1.1670979717078875
296,0.9782423208191127,1.1614364617513715
297,0.9776023890784983,1.1597955450669897
298,0.976962457337884,1.1572040893112026
299,0.9786689419795221,1.150734168270749
300,0.9756825938566553,1.1474202374956306
301,0.9771757679180887,1.1414106327519076
302,0.9776023890784983,1.139135826976633
303,0.9784556313993175,1.1309008167058534
304,0.9782423208191127,1.1309365172434993
305,0.9801621160409556,1.123092010566399
306,0.981655290102389,1.1200581365884774
307,0.98080204778157,1.1113889929377585
308,0.9746160409556314,1.1138975815561445
309,0.9793088737201365,1.1043163851259512
310,0.9835750853242321,1.098207272767207
311,0.9812286689419796,1.0991412486639447
312,0.98080204778157,1.0926109662234986
313,0.9803754266211604,1.0851530349295293
314,0.9778156996587031,1.087630407802074
315,0.9820819112627986,1.0750169025753138
316,0.9793088737201365,1.0764281737519612
317,0.9790955631399317,1.0725379844574392
318,0.9790955631399317,1.069861238320126
319,0.9780290102389079,1.0640436028457745
320,0.9778156996587031,1.0613536879471137
321,0.9822952218430034,1.050303962043528
322,0.9797354948805461,1.0520193544264134
323,0.9784556313993175,1.0485642676467375
324,0.9786689419795221,1.040096271973828
325,0.976962457337884,1.042240159503429
326,0.9793088737201365,1.0332495751234452
327,0.9818686006825939,1.0281184618790402
328,0.9835750853242321,1.0222777858529075
329,0.9831484641638225,1.021317662232565
330,0.9790955631399317,1.0213668305719266
331,0.9831484641638225,1.0147853556753426
332,0.9814419795221843,1.0103243135754973
333,0.9829351535836177,1.006856597731138
334,0.9793088737201365,1.0064975767819142
335,0.9825085324232082,0.9983810719369621
336,0.9786689419795221,0.9989021192638541
337,0.9799488054607508,0.9942754287361691
338,0.9827218430034129,0.9875023918347147
339,0.9812286689419796,0.983458681724991
340,0.9829351535836177,0.980411797253345
341,0.9801621160409556,0.9795382665692742
342,0.9850682593856656,0.9676132401508682
343,0.9863481228668942,0.9652631231949191
344,0.9831484641638225,0.9622027100963397
345,0.981655290102389,0.9614640649268245
346,0.9840017064846417,0.9571136624739845
347,0.9812286689419796,0.9576947774496501
348,0.9840017064846417,0.9486217039030159
349,0.9844283276450512,0.9473853278078723
350,0.9852815699658704,0.9421112685887073
351,0.9829351535836177,0.9398201087635939
352,0.9803754266211604,0.9384753734585368
353,0.9829351535836177,0.9322678932964599
354,0.9863481228668942,0.9275805889136148
355,0.9842150170648464,0.9231066624459147
356,0.9848549488054608,0.9210049389979131
357,0.9837883959044369,0.9205337213574822
358,0.9840017064846417,0.9143459288333463
359,0.9829351535836177,0.9150751092735004
360,0.9803754266211604,0.91380315713915
361,0.984641638225256,0.9014511757336379
362,0.9818686006825939,0.9041196252298843
363,0.9812286689419796,0.905250922811723
364,0.985494880546075,0.8947836921483583
365,0.9812286689419796,0.8958384343788486
366,0.9861348122866894,0.8878449392806955
367,0.9859215017064846,0.885025930079177
368,0.985494880546075,0.8811547160148621
369,0.9829351535836177,0.8782012074066917
370,0.9852815699658704,0.8723003825636854
371,0.9825085324232082,0.8741394330210246
372,0.9797354948805461,0.8767472694758263
373,0.981655290102389,0.8697536606023742
374,0.9869880546075085,0.8601785942962958
375,0.984641638225256,0.8597839672003996
376,0.9837883959044369,0.8551794207136786
377,0.9837883959044369,0.8539588726014408
378,0.9844283276450512,0.8488425649066834
379,0.986561433447099,0.8431399489018697
380,0.9859215017064846,0.8449050883791146
381,0.9827218430034129,0.8427793867758924
382,0.9859215017064846,0.8403823261781764
383,0.9850682593856656,0.8370327467397618
384,0.9857081911262798,0.8344309454078154
385,0.9863481228668942,0.8275391827671195
386,0.9840017064846417,0.8282844039767269
387,0.9872013651877133,0.8214574094111602
388,0.9837883959044369,0.8212528761743279
389,0.9814419795221843,0.8225681090110805
390,0.9837883959044369,0.8205717761361965
391,0.9831484641638225,0.8141977884663657
392,0.9840017064846417,0.8070305901175879
393,0.985494880546075,0.8050710721634354
394,0.9863481228668942,0.8053841025349223
395,0.984641638225256,0.8003878811113664
396,0.9874146757679181,0.7941586007030343
397,0.9831484641638225,0.7966759843631003
398,0.9863481228668942,0.7912130191057616
399,0.9852815699658704,0.7904955862732064
400,0.9850682593856656,0.788616220291971
401,0.9867747440273038,0.7831587657179849
402,0.9827218430034129,0.7876186297615233
403,0.9859215017064846,0.7766223802094574
404,0.9835750853242321,0.7819858050997347
405,0.985494880546075,0.7755426107413126
406,0.9852815699658704,0.769880002269159
407,0.9837883959044369,0.7732321540650248
408,0.9857081911262798,0.7658408605604855
409,0.986561433447099,0.7614983653859474
410,0.9867747440273038,0.7594680765789931
411,0.984641638225256,0.7585479619153124
412,0.9874146757679181,0.7538774847577456
413,0.9850682593856656,0.7523332769146551
414,0.9852815699658704,0.751642801859273
415,0.9878412969283277,0.7427353537530216
416,0.9844283276450512,0.7486491154485189
417,0.9857081911262798,0.7411875747169651
418,0.9857081911262798,0.7429085278266933
419,0.9850682593856656,0.738008091474149
420,0.9835750853242321,0.7409296438555668
421,0.9861348122866894,0.733508359653551
422,0.9859215017064846,0.7307517493951036
423,0.9872013651877133,0.7266030972728144
424,0.9878412969283277,0.7231469011957735
425,0.986561433447099,0.7242203438241327
426,0.990401023890785,0.7149524641932075
427,0.9861348122866894,0.7187502091248288
428,0.9852815699658704,0.7154412108883516
429,0.9889078498293515,0.7128413120227463
430,0.9857081911262798,0.7114344939030072
431,0.9844283276450512,0.7096623011416543
432,0.9878412969283277,0.70606394351139
433,0.9867747440273038,0.7052954469931411
434,0.9857081911262798,0.703661588475159
435,0.9882679180887372,0.699256705546135
436,0.9889078498293515,0.6944967089252667
437,0.9829351535836177,0.698319732939424
438,0.9857081911262798,0.6951368888490436
439,0.986561433447099,0.6913642991118056
440,0.9893344709897611,0.6880185626472629
441,0.984641638225256,0.6890761726138535
442,0.985494880546075,0.685531305168269
443,0.9831484641638225,0.6867863751515594
444,0.988481228668942,0.678568961473862
445,0.9837883959044369,0.6835075468333508
446,0.9899744027303754,0.6730140785308422
447,0.9850682593856656,0.6759846143348225
448,0.985494880546075,0.6735104375324965
449,0.988481228668942,0.6671877086365996
450,0.9874146757679181,0.6689771832866473
451,0.9857081911262798,0.6698233190250071
452,0.988481228668942,0.6624474374914332
453,0.9850682593856656,0.6611912378678957
454,0.9863481228668942,0.6598213072929773
455,0.9859215017064846,0.6590876733890573
456,0.985494880546075,0.6556186460390839
457,0.9893344709897611,0.6476440482578993
458,0.9882679180887372,0.6520126921731865
459,0.9878412969283277,0.6480228544908986
460,0.9863481228668942,0.6483284774086988
461,0.9848549488054608,0.6494213995673144
462,0.985494880546075,0.6440402749455423
463,0.9882679180887372,0.6388310822610562
464,0.9876279863481229,0.6393684250502863
465,0.9837883959044369,0.6448426055419973
466,0.9867747440273038,0.6381141793605818
467,0.9880546075085325,0.6357224485979959
468,0.9857081911262798,0.6342848295237831
469,0.984641638225256,0.6322381325549233
470,0.9863481228668942,0.6310756149552381
471,0.9880546075085325,0.6277804494717829
472,0.9876279863481229,0.6233191008047032
473,0.9869880546075085,0.6225942503470203
474,0.9852815699658704,0.6268742861601273
475,0.986561433447099,0.622121785687912
476,0.986561433447099,0.6202240262828996
477,0.985494880546075,0.6156993308978683
478,0.988481228668942,0.6105277027693218
479,0.9848549488054608,0.6172445609707882
480,0.984641638225256,0.6115178789295027
481,0.9876279863481229,0.6084393380851876
482,0.990401023890785,0.6046170687919591
483,0.9874146757679181,0.6065929517811068
484,0.9889078498293515,0.6019440071574657
485,0.9897610921501706,0.600136012347485
486,0.988481228668942,0.5999776621320548
487,0.9872013651877133,0.5984994773164951
488,0.9872013651877133,0.598930802564979
489,0.9857081911262798,0.598555399492739
490,0.9880546075085325,0.5931423788591457
491,0.9863481228668942,0.5948393591028025
492,0.9863481228668942,0.592705894655742
493,0.9861348122866894,0.5896832548310732
494,0.984641638225256,0.5916798993589122
495,0.9850682593856656,0.5882799454516519
496,0.988481228668942,0.583344923351405
497,0.986561433447099,0.5824370170616046
498,0.9857081911262798,0.583378667514072
499,0.9863481228668942,0.5797467970197111
