epoch,categorical_accuracy,loss
0,0.5398890784982935,4.289414625525882
1,0.5102389078498294,4.095305833393397
2,0.511518771331058,3.929250002721064
3,0.5172781569965871,3.816140100003916
4,0.5049061433447098,3.732151123443968
5,0.524957337883959,3.6252902880463584
6,0.5040529010238908,3.6224526276767457
7,0.51919795221843,3.4951217556976215
8,0.5281569965870307,3.409692377767465
9,0.5138651877133106,3.397367014412994
10,0.5213310580204779,3.34076299114032
11,0.5268771331058021,3.3057920542186436
12,0.5166382252559727,3.268474834364022
13,0.5221843003412969,3.2475866124084787
14,0.5130119453924915,3.215012343670321
15,0.513438566552901,3.1814105038756804
16,0.5283703071672355,3.1525749134936025
17,0.5305034129692833,3.1138260551686985
18,0.523037542662116,3.1074106384056015
19,0.5324232081911263,3.078621465598357
20,0.5159982935153583,3.1064471067422077
21,0.5262372013651877,3.066395568359427
22,0.5245307167235495,3.0297986151008476
23,0.52410409556314,3.0315797760218075
24,0.5273037542662116,3.017365239179175
25,0.5226109215017065,3.004050865921958
26,0.5217576791808873,2.9959758849681033
27,0.5179180887372014,2.9817492677083193
28,0.518344709897611,2.9760068496339556
29,0.507679180887372,2.985528172893329
30,0.5358361774744027,2.9428433354804135
31,0.5251706484641638,2.948543114060021
32,0.5243174061433447,2.942348844769058
33,0.5302901023890785,2.9321440088057273
34,0.5251706484641638,2.9233272303493356
35,0.5226109215017065,2.9165558766179522
36,0.5236774744027304,2.9132366676786248
37,0.5226109215017065,2.8952027937658005
38,0.5315699658703071,2.899462281640479
39,0.5347696245733788,2.869443331969069
40,0.5460750853242321,2.86049492285927
41,0.5296501706484642,2.866659125370377
42,0.5277303754266212,2.868284735663352
43,0.5292235494880546,2.848602798611638
44,0.5290102389078498,2.8442457837049466
45,0.5332764505119454,2.8339515179904247
46,0.5405290102389079,2.820310314360739
47,0.5405290102389079,2.826862094345353
48,0.534556313993174,2.8161800892279825
49,0.5260238907849829,2.817261188917193
50,0.5390358361774744,2.79263199392846
51,0.5418088737201365,2.7875822640116303
52,0.5439419795221843,2.7812823468100905
53,0.5473549488054608,2.769451983552744
54,0.5356228668941979,2.77428119093078
55,0.5533276450511946,2.7593387833227476
56,0.5415955631399317,2.750873183227643
57,0.5475682593856656,2.7426447721878415
58,0.5556740614334471,2.735543110264853
59,0.5537542662116041,2.7311836851334816
60,0.5475682593856656,2.7247280041105513
61,0.5516211604095563,2.717512551428108
62,0.5520477815699659,2.7108699892974957
63,0.5443686006825939,2.7065122453019073
64,0.5516211604095563,2.6956108454551306
65,0.5575938566552902,2.68503458263931
66,0.5635665529010239,2.6750797663939285
67,0.5622866894197952,2.6746683706602545
68,0.5659129692832765,2.666043284810037
69,0.5582337883959044,2.6639312404007636
70,0.556740614334471,2.6601666525362293
71,0.5575938566552902,2.649566058005896
72,0.5654863481228669,2.637732794667267
73,0.5665529010238908,2.634137780186259
74,0.5654863481228669,2.6294175260302963
75,0.5712457337883959,2.618648887901176
76,0.5706058020477816,2.6200285218274635
77,0.5742320819112628,2.6066471163323306
78,0.5580204778156996,2.6088828470926644
79,0.5755119453924915,2.593003703465641
80,0.5706058020477816,2.5865138293126337
81,0.5639931740614335,2.5830730358488325
82,0.5752986348122867,2.5714636809183062
83,0.5819112627986348,2.5627685781225003
84,0.5765784982935154,2.559826971320976
85,0.5821245733788396,2.553396954064483
86,0.5714590443686007,2.54837477003755
87,0.5784982935153583,2.540075379426976
88,0.5906569965870307,2.5312095982222833
89,0.5829778156996587,2.52395892061878
90,0.5921501706484642,2.509583069602784
91,0.5827645051194539,2.51199381994306
92,0.587457337883959,2.5063474218999975
93,0.5872440273037542,2.4971850251988745
94,0.6002559726962458,2.486985666353141
95,0.600042662116041,2.4826449005270166
96,0.5917235494880546,2.4797104161754
97,0.6032423208191127,2.4703624150858805
98,0.6028156996587031,2.459968028215011
99,0.6013225255972696,2.451817413238942
100,0.5930034129692833,2.455281928130791
101,0.6049488054607508,2.4419812798093203
102,0.6051621160409556,2.430143770504323
103,0.6072952218430034,2.4269454373434542
104,0.5976962457337884,2.422536558665513
105,0.6064419795221843,2.410159353510105
106,0.6085750853242321,2.413203346851336
107,0.6117747440273038,2.402919905991278
108,0.6045221843003413,2.393932705446315
109,0.6181740614334471,2.387186991883626
110,0.6032423208191127,2.381010738249118
111,0.6113481228668942,2.374706383044402
112,0.6196672354948806,2.3622223037094794
113,0.6126279863481229,2.3602928024916925
114,0.6318259385665529,2.343968567180959
115,0.621160409556314,2.34409167498045
116,0.632679180887372,2.3386163719685005
117,0.6220136518771331,2.336063975767064
118,0.6136945392491467,2.330598058147235
119,0.6277730375426621,2.319041947862801
120,0.6245733788395904,2.313939989630273
121,0.6203071672354948,2.3102398317421664
122,0.6371587030716723,2.291968283799728
123,0.6367320819112628,2.290398549708083
124,0.6303327645051194,2.2832583095433363
125,0.6188139931740614,2.2877744025337816
126,0.625,2.2753909309569478
127,0.6337457337883959,2.2621522592603145
128,0.6363054607508533,2.258671687324706
129,0.632679180887372,2.2592867901707674
130,0.6388651877133106,2.2481084016402835
131,0.639505119453925,2.2410494459367043
132,0.632679180887372,2.236950425157775
133,0.6437713310580204,2.2299345418454846
134,0.6416382252559727,2.220786263104592
135,0.6422781569965871,2.2134199484216475
136,0.6501706484641638,2.204300606210077
137,0.6358788395904437,2.2073164604629674
138,0.648037542662116,2.194276843868425
139,0.6478242320819113,2.1864912078649112
140,0.6557167235494881,2.1788745772716536
141,0.6523037542662116,2.174926762694792
142,0.6401450511945392,2.1728042888966845
143,0.6520904436860068,2.164417910494495
144,0.6563566552901023,2.1612601036097816
145,0.6563566552901023,2.1487486191577063
146,0.6533703071672355,2.1467862357051706
147,0.6580631399317406,2.138170953496731
148,0.6599829351535836,2.1275535313342617
149,0.6552901023890785,2.1256402499032916
150,0.6540102389078498,2.1243831720775304
151,0.6616894197952219,2.1155686866708177
152,0.6623293515358362,2.112451680284311
153,0.6608361774744027,2.1082162637352537
154,0.6559300341296929,2.1032467401068367
155,0.6591296928327645,2.0939075621321748
156,0.6578498293515358,2.0903407754344743
157,0.6597696245733788,2.0834535144701753
158,0.6501706484641638,2.083636153680066
159,0.6612627986348123,2.072159195109032
160,0.6685153583617748,2.070240216043622
161,0.6734215017064846,2.0555905897055875
162,0.6655290102389079,2.0551837768164103
163,0.6725682593856656,2.0416827275077636
164,0.677901023890785,2.0359299915235605
165,0.6781143344709898,2.0328662200185628
166,0.6646757679180887,2.0293447548212047
167,0.674061433447099,2.021366411915411
168,0.6659556313993175,2.0236636103216696
169,0.6755546075085325,2.0105091467652305
170,0.6715017064846417,2.007650920555453
171,0.6849402730375427,1.999469158999342
172,0.677901023890785,1.9941341901395102
173,0.6687286689419796,1.9975531422644346
174,0.6742747440273038,1.9901892272278718
175,0.6802474402730375,1.9812976549102992
176,0.6928327645051194,1.9688227180734836
177,0.6877133105802048,1.9693285710982495
178,0.6857935153583617,1.963846632644992
179,0.6851535836177475,1.9550290673259176
180,0.6757679180887372,1.9561544640479234
181,0.6928327645051194,1.9443919455232066
182,0.6823805460750854,1.946905038462564
183,0.6815273037542662,1.937833615130532
184,0.6892064846416383,1.9316149970370349
185,0.6853668941979523,1.9305688521154099
186,0.6885665529010239,1.9250816753699918
187,0.683660409556314,1.9185446252595035
188,0.6917662116040956,1.9153433745224728
189,0.6943259385665529,1.907662147141154
190,0.7047781569965871,1.8961831314978745
191,0.6926194539249146,1.8953580054813683
192,0.6953924914675768,1.890302383859003
193,0.7056313993174061,1.877883324850948
194,0.6981655290102389,1.8789724742186353
195,0.693259385665529,1.8776808273263352
196,0.6926194539249146,1.881490211844851
197,0.6915529010238908,1.8674612639300245
198,0.6973122866894198,1.8653847569084818
199,0.6889931740614335,1.8614664667702372
200,0.699018771331058,1.8541819321010706
201,0.7032849829351536,1.849728148138157
202,0.7039249146757679,1.847125415915922
203,0.6988054607508533,1.8382242254836567
204,0.700938566552901,1.8344075346155786
205,0.6988054607508533,1.8315849003124562
206,0.702858361774744,1.8239887932461682
207,0.7054180887372014,1.8192073098628594
208,0.7109641638225256,1.8154420950306966
209,0.71160409556314,1.805827199395606
210,0.7032849829351536,1.8075975045409218
211,0.7205631399317406,1.7951624206308618
212,0.7156569965870307,1.7972516720612302
213,0.7043515358361775,1.7970885046513008
214,0.7041382252559727,1.7923568580744615
215,0.7141638225255973,1.7840317402276569
216,0.7133105802047781,1.7818674455323724
217,0.7101109215017065,1.77556245440916
218,0.7145904436860068,1.766902718527732
219,0.7188566552901023,1.7643438846178021
220,0.7248293515358362,1.7593608036789878
221,0.725042662116041,1.7541758977512452
222,0.715443686006826,1.7559412758504978
223,0.7222696245733788,1.7465735791893136
224,0.7197098976109215,1.7482416007299064
225,0.7246160409556314,1.7409857983475252
226,0.7152303754266212,1.743222394087209
227,0.7173634812286689,1.7367595873595099
228,0.722056313993174,1.731392573577959
229,0.7175767918088737,1.7255016866397532
230,0.7265358361774744,1.7193204140093545
231,0.7278156996587031,1.7171553527942696
232,0.72589590443686,1.7119180175631525
233,0.7237627986348123,1.705216260493412
234,0.7177901023890785,1.7114185229096397
235,0.7322952218430034,1.6990357128833342
236,0.7299488054607508,1.6928356121017665
237,0.7231228668941979,1.694738182191556
238,0.7357081911262798,1.6824828101506413
239,0.7160836177474402,1.688738949469739
240,0.72589590443686,1.683616411970744
241,0.7293088737201365,1.675242873182069
242,0.7282423208191127,1.6741871036360287
243,0.7276023890784983,1.674763747449621
244,0.731655290102389,1.6683434382233604
245,0.7246160409556314,1.664803233976657
246,0.7290955631399317,1.6580215159536629
247,0.7284556313993175,1.6641290195972847
248,0.72589590443686,1.6535514532095743
249,0.734641638225256,1.6479245420202053
250,0.7297354948805461,1.645667684363017
251,0.7401877133105802,1.6329755697640949
252,0.7329351535836177,1.6409673845401802
253,0.7271757679180887,1.6310254587655182
254,0.7359215017064846,1.6320580475973188
255,0.7412542662116041,1.6227168166189878
256,0.7288822525597269,1.6237800414244876
257,0.7380546075085325,1.6171735138616463
258,0.7455204778156996,1.6092257080631451
259,0.7440273037542662,1.608190031588688
260,0.7399744027303754,1.6133295989280674
261,0.7421075085324232,1.5992326773067382
262,0.7482935153583617,1.5993346110138877
263,0.738481228668942,1.5990290881830678
264,0.748080204778157,1.5860829906658915
265,0.7455204778156996,1.5874947972671978
266,0.7487201365187713,1.5842565477097807
267,0.7476535836177475,1.58035795680492
268,0.7491467576791809,1.5765800256371092
269,0.7493600682593856,1.5723115462085087
270,0.7536262798634812,1.5656253498162018
271,0.7361348122866894,1.5695231485692307
272,0.742320819112628,1.5595068443350417
273,0.7546928327645052,1.5509629046143931
274,0.7482935153583617,1.5539987929445078
275,0.7553327645051194,1.5511340822376083
276,0.757679180887372,1.5434465526313912
277,0.7504266211604096,1.549781726488888
278,0.7485068259385665,1.5464187669265799
279,0.755759385665529,1.5435528539553438
280,0.7521331058020477,1.5372783547782247
281,0.7578924914675768,1.5322887213970613
282,0.7598122866894198,1.5229176046905257
283,0.7608788395904437,1.5223394974099898
284,0.7534129692832765,1.5252106922071542
285,0.7544795221843004,1.5207684182469756
286,0.7510665529010239,1.5236424679642244
287,0.7593856655290102,1.5098526494088027
288,0.7553327645051194,1.5135746942038422
289,0.751919795221843,1.509774507922931
290,0.7587457337883959,1.505477977694098
291,0.7555460750853242,1.5025614569211576
292,0.7604522184300341,1.498833590400097
293,0.7610921501706485,1.4955300487349057
294,0.7627986348122867,1.4904032705586925
295,0.7674914675767918,1.485833037021624
296,0.755759385665529,1.4890698161955174
297,0.7625853242320819,1.4876666402654029
298,0.7659982935153583,1.4771237552369414
299,0.7636518771331058,1.4768274953340914
300,0.7655716723549488,1.469972381819637
301,0.7674914675767918,1.4665264757826872
302,0.7664249146757679,1.4670722211994003
303,0.765358361774744,1.4656600447644959
304,0.7721843003412969,1.455863061211622
305,0.7677047781569966,1.4532601479377356
306,0.7717576791808873,1.4495529164226388
307,0.7738907849829352,1.4450579568387705
308,0.7777303754266212,1.4434683078791908
309,0.7638651877133106,1.4495341265160884
310,0.7704778156996587,1.4413296244657081
311,0.7805034129692833,1.4352484144041562
312,0.773037542662116,1.4349584237707353
313,0.7866894197952219,1.4263674256744645
314,0.7830631399317406,1.4225183562613999
315,0.7689846416382252,1.4343924603771432
316,0.7709044368600683,1.4264346133319998
317,0.7815699658703071,1.4144480020926673
318,0.7706911262798635,1.4257660843813378
319,0.778796928327645,1.4189444019525939
320,0.7755972696245734,1.4147836877217472
321,0.7856228668941979,1.4064390476246336
322,0.7768771331058021,1.4055493309229308
323,0.7807167235494881,1.402049248942743
324,0.7794368600682594,1.4019893415958808
325,0.7807167235494881,1.3950203868716242
326,0.7913822525597269,1.3882344672297455
327,0.7796501706484642,1.3997748390399556
328,0.7839163822525598,1.3900806419678515
329,0.7873293515358362,1.3890736221046578
330,0.7896757679180887,1.3805622810389808
331,0.778796928327645,1.3877674992174012
332,0.784556313993174,1.3819170999038748
333,0.783703071672355,1.377850535379742
334,0.7869027303754266,1.3772906431159062
335,0.7886092150170648,1.3710550008780313
336,0.7839163822525598,1.3766889372783309
337,0.7864761092150171,1.3650742114200527
338,0.7965017064846417,1.3626506906320617
339,0.7905290102389079,1.3611580585050094
340,0.7822098976109215,1.365025610647104
341,0.7928754266211604,1.3575089051048097
342,0.7962883959044369,1.3473844808930016
343,0.7947952218430034,1.3548769657929196
344,0.7913822525597269,1.345205312702843
345,0.7939419795221843,1.3445542879885781
346,0.7886092150170648,1.3467422679015801
347,0.797141638225256,1.336160092630484
348,0.7950085324232082,1.3397295389565997
349,0.7977815699658704,1.3344297990864047
350,0.8033276450511946,1.3251056809474178
351,0.7926621160409556,1.3363470595851286
352,0.800981228668942,1.3166569719542416
353,0.8037542662116041,1.3161297898243718
354,0.7997013651877133,1.3195376416522082
355,0.7965017064846417,1.3209872152211317
356,0.7924488054607508,1.3182088970731143
357,0.7939419795221843,1.317405769849393
358,0.8061006825938567,1.3116538923348176
359,0.7986348122866894,1.3093283436811012
360,0.808660409556314,1.3027256755698664
361,0.8024744027303754,1.305942870651089
362,0.8046075085324232,1.3003589679763585
363,0.7975682593856656,1.298646400406092
364,0.7965017064846417,1.293633626589596
365,0.8052474402730375,1.2926378543059573
366,0.79330204778157,1.297337771682609
367,0.8037542662116041,1.2864861838239858
368,0.8022610921501706,1.289806207292316
369,0.8007679180887372,1.29045462852452
370,0.8082337883959044,1.2751100893313567
371,0.8063139931740614,1.285170685309192
372,0.8097269624573379,1.2722956894200816
373,0.8107935153583617,1.2729730203290035
374,0.8137798634812287,1.272335733163072
375,0.8071672354948806,1.2684359562681804
376,0.8101535836177475,1.2682626939064
377,0.802901023890785,1.273794798313961
378,0.8073805460750854,1.2596840728265026
379,0.8088737201365188,1.2608785055603184
380,0.8107935153583617,1.2546515529879938
381,0.8071672354948806,1.2545086584807257
382,0.8125,1.255788361253185
383,0.8165529010238908,1.2472947424996021
384,0.8103668941979523,1.2463802009719225
385,0.820179180887372,1.2377725322905662
386,0.8231655290102389,1.2400299379850004
387,0.8193259385665529,1.2341320921536598
388,0.820179180887372,1.2356388336969317
389,0.8152730375426621,1.2406719870127916
390,0.8133532423208191,1.237386345049627
391,0.8161262798634812,1.2283654135648707
392,0.8127133105802048,1.2367094901641482
393,0.8272184300341296,1.2230813059790548
394,0.8255119453924915,1.2233870851301902
395,0.8293515358361775,1.2205313728937923
396,0.8193259385665529,1.2225223751198309
397,0.820179180887372,1.2220579007379837
398,0.8293515358361775,1.2081993972888985
399,0.8261518771331058,1.2141324224732435
400,0.8180460750853242,1.2149159680454398
401,0.8199658703071673,1.207469030451856
402,0.8314846416382252,1.195585369656924
403,0.8276450511945392,1.2021323035601463
404,0.818259385665529,1.206453403108356
405,0.8227389078498294,1.2031210184911005
406,0.8235921501706485,1.1968730952552562
407,0.8231655290102389,1.203104774699683
408,0.8244453924914675,1.1958750193436398
409,0.8287116040955631,1.1876808998934645
410,0.830844709897611,1.184541207938471
411,0.8255119453924915,1.1882248510679694
412,0.8310580204778157,1.183541643334737
413,0.8246587030716723,1.186017914436783
414,0.8348976109215017,1.1841963639438355
415,0.827858361774744,1.1815137659730357
416,0.8321245733788396,1.1757196912179628
417,0.8340443686006825,1.1681087220488149
418,0.8348976109215017,1.172197774815478
419,0.8242320819112628,1.179677633295287
420,0.8306313993174061,1.1719922547454313
421,0.8263651877133106,1.1649313001502497
422,0.8257252559726962,1.1691026905290909
423,0.8235921501706485,1.1761539747283727
424,0.8438566552901023,1.1575041517055888
425,0.8359641638225256,1.161311716756723
426,0.8267918088737202,1.1597206136879255
427,0.8393771331058021,1.1507592286673016
428,0.8344709897610921,1.155438135915242
429,0.8376706484641638,1.1525424246901945
430,0.8427901023890785,1.1409704640456841
431,0.8380972696245734,1.1444378570485034
432,0.8400170648464164,1.1436398558242329
433,0.825938566552901,1.1472884912946526
434,0.837457337883959,1.1397856351865436
435,0.8323378839590444,1.1370591157125531
436,0.8464163822525598,1.1313689206647384
437,0.8327645051194539,1.1386557113595384
438,0.8351109215017065,1.146162683239569
439,0.8395904436860068,1.1349359254381355
440,0.8440699658703071,1.1245747861601794
441,0.8408703071672355,1.1252311407095743
442,0.8410836177474402,1.1335395118889142
443,0.8398037542662116,1.1239733492555064
444,0.8442832764505119,1.123859383954123
445,0.8400170648464164,1.1303547840476442
446,0.8440699658703071,1.116969135841005
447,0.8391638225255973,1.1189962234920203
448,0.8363907849829352,1.1225136034317797
449,0.8417235494880546,1.114895885308041
450,0.8491894197952219,1.1107185696579083
451,0.8391638225255973,1.1130470082214667
452,0.8521757679180887,1.1022653827895077
453,0.8430034129692833,1.1023709717057264
454,0.8504692832764505,1.0945473889035169
455,0.8489761092150171,1.0993280357875108
456,0.8453498293515358,1.099045712386382
457,0.8564419795221843,1.090760247495801
458,0.8496160409556314,1.0990587538012873
459,0.8472696245733788,1.098433220752677
460,0.8498293515358362,1.0877525371089323
461,0.850042662116041,1.0900060147962471
462,0.8483361774744027,1.0873572940305638
463,0.8547354948805461,1.0813658945389575
464,0.8447098976109215,1.0936141844088714
465,0.8496160409556314,1.0827449275365055
466,0.85089590443686,1.0863794946833276
467,0.8553754266211604,1.0803002009212768
468,0.8570819112627986,1.0739150612834372
469,0.8515358361774744,1.0797170941740173
470,0.851962457337884,1.0742475095462474
471,0.8555887372013652,1.0727392125862043
472,0.8494027303754266,1.078134452320203
473,0.8562286689419796,1.070891062554239
474,0.850042662116041,1.0721301422184237
475,0.8570819112627986,1.062579564267051
476,0.8575085324232082,1.0610825567929005
477,0.8521757679180887,1.064911974168068
478,0.85580204778157,1.0587404579839608
479,0.85580204778157,1.0579232620297845
480,0.8538822525597269,1.0646218651390726
481,0.8553754266211604,1.057366984289254
482,0.8622013651877133,1.0478939176012632
483,0.8562286689419796,1.055290177413628
484,0.8553754266211604,1.0565090370666452
485,0.8709470989761092,1.0428885970099386
486,0.8628412969283277,1.053650297402522
487,0.85580204778157,1.0486058958968205
488,0.8613481228668942,1.0448050922094352
489,0.8668941979522184,1.035653102519976
490,0.859641638225256,1.0465982570583097
491,0.8656143344709898,1.031233805845215
492,0.863481228668942,1.0367761451636566
493,0.8562286689419796,1.0394231740118294
494,0.8647610921501706,1.0319993068740636
495,0.8592150170648464,1.037835009675791
496,0.8639078498293515,1.0333962961268506
497,0.8651877133105802,1.0265372836955986
498,0.8658276450511946,1.0279265393982975
499,0.8607081911262798,1.0289550201884716
