epoch,categorical_accuracy,loss
0,0.40187713310580203,6.292213706840021
1,0.43579351535836175,5.121058465677724
2,0.4662969283276451,4.650993099798521
3,0.4825085324232082,4.402846362403635
4,0.5031996587030717,4.20595061819708
5,0.5166382252559727,4.081879915230917
6,0.5078924914675768,4.050525771066191
7,0.5055460750853242,3.9519359129687626
8,0.5061860068259386,3.8983361550158606
9,0.49893344709897613,3.8307144178058508
10,0.515358361774744,3.725269841659598
11,0.5179180887372014,3.7011648233433228
12,0.5070392491467577,3.6484591651695175
13,0.5055460750853242,3.6664274520027758
14,0.5066126279863481,3.5801548469595534
15,0.5206911262798635,3.4927339431775715
16,0.5155716723549488,3.482471658101261
17,0.515358361774744,3.463868469915292
18,0.5155716723549488,3.4142645666623683
19,0.5147184300341296,3.38742803957682
20,0.5196245733788396,3.366365138174324
21,0.52410409556314,3.3247511679808843
22,0.5102389078498294,3.338354735651114
23,0.5236774744027304,3.3080810052136105
24,0.5266638225255973,3.2717834121131246
25,0.5260238907849829,3.2675328393031307
26,0.518344709897611,3.2500191019663633
27,0.5251706484641638,3.226932252226429
28,0.5194112627986348,3.2017054614760365
29,0.5236774744027304,3.183950767582187
30,0.5200511945392492,3.1738418694649133
31,0.5311433447098977,3.1603465454570263
32,0.5311433447098977,3.12669411535556
33,0.5166382252559727,3.139457558609113
34,0.5228242320819113,3.131261133089814
35,0.5219709897610921,3.112400299859942
36,0.5232508532423208,3.1095090384369417
37,0.5296501706484642,3.0953050188643942
38,0.5277303754266212,3.0699164371034797
39,0.5292235494880546,3.0519637060653633
40,0.5245307167235495,3.0398637109242204
41,0.5200511945392492,3.0303842500615037
42,0.5217576791808873,3.029156295105866
43,0.5309300341296929,3.002726831533803
44,0.524957337883959,3.0027859088910724
45,0.5315699658703071,2.9948179673009356
46,0.5177047781569966,2.984008436723781
47,0.5302901023890785,2.9794886388876334
48,0.5403156996587031,2.9556785240108243
49,0.5319965870307167,2.955003986586483
50,0.5298634812286689,2.9498733522135243
51,0.5445819112627986,2.938972612289845
52,0.5245307167235495,2.9290062185033596
53,0.5437286689419796,2.9193574584791686
54,0.523037542662116,2.936138553424093
55,0.5330631399317406,2.904141946050494
56,0.5398890784982935,2.899300362876658
57,0.534556313993174,2.8861351558372834
58,0.5486348122866894,2.8700892152232926
59,0.5283703071672355,2.887757197988725
60,0.5516211604095563,2.852104695583773
61,0.53839590443686,2.8686840623718886
62,0.5447952218430034,2.8527737697236772
63,0.5462883959044369,2.8370547449222605
64,0.5343430034129693,2.828500857532228
65,0.5454351535836177,2.824455431296964
66,0.5467150170648464,2.813208871327163
67,0.5475682593856656,2.800781511202607
68,0.5535409556313993,2.793194084037286
69,0.5507679180887372,2.787838633963679
70,0.5590870307167235,2.7766147603760807
71,0.5516211604095563,2.771429415855798
72,0.5503412969283277,2.766995268877049
73,0.5558873720136519,2.761020826398309
74,0.5533276450511946,2.7530053093164852
75,0.5511945392491467,2.75177612809191
76,0.5469283276450512,2.7516397209297674
77,0.5541808873720137,2.7372129036704833
78,0.5622866894197952,2.7246419805715516
79,0.5578071672354948,2.7173046935540417
80,0.5497013651877133,2.7210542879006967
81,0.5648464163822525,2.7041174478498333
82,0.5616467576791809,2.6934848588481293
83,0.5633532423208191,2.696598192937545
84,0.5678327645051194,2.6888476817681113
85,0.5631399317406144,2.6788764024350424
86,0.5688993174061433,2.6698043452188016
87,0.5597269624573379,2.669815818604349
88,0.5776450511945392,2.6529734533394564
89,0.5703924914675768,2.6495001934494176
90,0.5787116040955631,2.641037379515456
91,0.5612201365187713,2.6439433643028596
92,0.5729522184300341,2.627486231384017
93,0.5761518771331058,2.6211729586734704
94,0.5772184300341296,2.6135921201608285
95,0.5712457337883959,2.607549070905093
96,0.5878839590443686,2.5937378707599312
97,0.5959897610921502,2.586158009519349
98,0.5891638225255973,2.582597428214428
99,0.5936433447098977,2.571066345371077
100,0.5987627986348123,2.560634156542833
101,0.5787116040955631,2.5660347767657385
102,0.5842576791808873,2.564935330237952
103,0.5797781569965871,2.5566733583248515
104,0.6023890784982935,2.536544815265278
105,0.597056313993174,2.5370537046686374
106,0.5949232081911263,2.5280834473033815
107,0.6004692832764505,2.521723633333278
108,0.60089590443686,2.510460113095749
109,0.6034556313993175,2.51522372118849
110,0.6051621160409556,2.4960104654266564
111,0.5959897610921502,2.4956704626311215
112,0.6021757679180887,2.489960353935945
113,0.6220136518771331,2.4763696185557915
114,0.6064419795221843,2.4748785601541043
115,0.5923634812286689,2.4824891057844454
116,0.6119880546075085,2.4608040685946624
117,0.6207337883959044,2.45352738383687
118,0.6205204778156996,2.4450061915270704
119,0.610494880546075,2.444765190215648
120,0.6324658703071673,2.426212589081644
121,0.6145477815699659,2.4287464740740154
122,0.6194539249146758,2.4218026403681003
123,0.6296928327645052,2.411260138599539
124,0.6094283276450512,2.4131845614202194
125,0.6181740614334471,2.4005943101420746
126,0.6068686006825939,2.404332641855442
127,0.6220136518771331,2.388111224353517
128,0.628839590443686,2.3790889632579817
129,0.6303327645051194,2.371254278124396
130,0.6324658703071673,2.367879348403358
131,0.6405716723549488,2.3587838106187946
132,0.6273464163822525,2.3590038205169575
133,0.6354522184300341,2.3504523132441393
134,0.6305460750853242,2.3457857423268083
135,0.640358361774744,2.329827172764332
136,0.6247866894197952,2.3353972483820478
137,0.6375853242320819,2.3204270898278665
138,0.6333191126279863,2.3152563067426453
139,0.6354522184300341,2.312603493192497
140,0.6328924914675768,2.3011956955385697
141,0.6484641638225256,2.296041891436528
142,0.6465443686006825,2.2871629223481786
143,0.648037542662116,2.276699731781214
144,0.6375853242320819,2.275164037027457
145,0.6427047781569966,2.2733967369326957
146,0.652943686006826,2.2589574315849017
147,0.6414249146757679,2.2589721687824653
148,0.6542235494880546,2.2452613908683072
149,0.6484641638225256,2.252402644108587
150,0.6546501706484642,2.2313865834128737
151,0.6610494880546075,2.219585954939546
152,0.652943686006826,2.2208879360159917
153,0.6574232081911263,2.2231803461146438
154,0.6495307167235495,2.2200750564145553
155,0.6604095563139932,2.2061094367056575
156,0.6589163822525598,2.203709630022277
157,0.6661689419795221,2.1905771237591427
158,0.653796928327645,2.194724549205637
159,0.6606228668941979,2.1841581779128454
160,0.6542235494880546,2.1820535733024413
161,0.6616894197952219,2.1743646799094036
162,0.6651023890784983,2.1677900882304324
163,0.672141638225256,2.1600684525616747
164,0.6582764505119454,2.157557519222689
165,0.6687286689419796,2.143969120019125
166,0.6659556313993175,2.143226661779775
167,0.6646757679180887,2.134827565414507
168,0.6776877133105802,2.127579448166154
169,0.6657423208191127,2.1230052257967484
170,0.6742747440273038,2.116639964002798
171,0.6569965870307167,2.1229256363045232
172,0.6717150170648464,2.108173324793272
173,0.6719283276450512,2.0985947981629356
174,0.6608361774744027,2.1018291195098042
175,0.6723549488054608,2.0917938821551743
176,0.6789675767918089,2.085398635766612
177,0.6670221843003413,2.0804728586925987
178,0.6787542662116041,2.0711787463048212
179,0.685580204778157,2.061829920108001
180,0.6793941979522184,2.061376252678881
181,0.6789675767918089,2.056661113537212
182,0.6738481228668942,2.053123422450173
183,0.6783276450511946,2.0418453729193367
184,0.6830204778156996,2.03720493935074
185,0.6776877133105802,2.035293292266924
186,0.6802474402730375,2.032608177881599
187,0.6828071672354948,2.0209195369746498
188,0.6881399317406144,2.019245907715156
189,0.6938993174061433,2.009100823679068
190,0.6847269624573379,2.010633179352145
191,0.6813139931740614,2.006683049348434
192,0.6928327645051194,1.994133723473793
193,0.6802474402730375,1.9898220146068535
194,0.6904863481228669,1.9827773579151557
195,0.691339590443686,1.9788133927172769
196,0.6930460750853242,1.9724799390538967
197,0.6943259385665529,1.9649938084566552
198,0.6960324232081911,1.964406485443636
199,0.6921928327645052,1.9614945157802959
200,0.697098976109215,1.9555806495223842
201,0.7128839590443686,1.9450290398386152
202,0.6979522184300341,1.9404891094656935
203,0.6904863481228669,1.9408171864499817
204,0.6958191126279863,1.9352993460645447
205,0.7094709897610921,1.919999709308351
206,0.702858361774744,1.9209649424504094
207,0.7039249146757679,1.9162327592283386
208,0.6949658703071673,1.9150651795058526
209,0.6926194539249146,1.904504187684824
210,0.7073378839590444,1.8962248852635406
211,0.705844709897611,1.892585806065452
212,0.7056313993174061,1.8900163759550543
213,0.7039249146757679,1.8852954891354559
214,0.7037116040955631,1.8862150101938346
215,0.7084044368600683,1.875212543246689
216,0.7229095563139932,1.8661036271690916
217,0.7096843003412969,1.869481591234435
218,0.7141638225255973,1.8570077114137773
219,0.7145904436860068,1.8543207185667123
220,0.7141638225255973,1.8459710672040035
221,0.716296928327645,1.8449887802169591
222,0.7096843003412969,1.8413749172419005
223,0.7126706484641638,1.836128729195318
224,0.7224829351535836,1.8278761585417869
225,0.7094709897610921,1.8280305064985776
226,0.7113907849829352,1.8236719312928236
227,0.7197098976109215,1.8169736837771158
228,0.7199232081911263,1.8114186305641722
229,0.7239761092150171,1.806009609951501
230,0.7182167235494881,1.8041733157512678
231,0.7120307167235495,1.8042817103577962
232,0.7290955631399317,1.7934919628266994
233,0.7207764505119454,1.793482783711404
234,0.7288822525597269,1.784852546636562
235,0.7182167235494881,1.7840030091614447
236,0.7297354948805461,1.769413922833908
237,0.7322952218430034,1.7619259841612989
238,0.7237627986348123,1.7695319831574736
239,0.7299488054607508,1.7628188214611276
240,0.7397610921501706,1.758729322778487
241,0.7244027303754266,1.754986372824008
242,0.7261092150170648,1.749622497949177
243,0.7322952218430034,1.7432091219840196
244,0.7350682593856656,1.7351556084668678
245,0.7320819112627986,1.7332304919539052
246,0.7305887372013652,1.7308547142829505
247,0.736561433447099,1.7216571479934069
248,0.7320819112627986,1.7215501818640646
249,0.7337883959044369,1.7194506637879199
250,0.738481228668942,1.714611415163242
251,0.7448805460750854,1.7017014006298963
252,0.7397610921501706,1.7067643660327274
253,0.7401877133105802,1.6966776855976509
254,0.7397610921501706,1.7001582262052204
255,0.740401023890785,1.6927659222697236
256,0.7406143344709898,1.6864642348305765
257,0.7455204778156996,1.6839882916557911
258,0.7450938566552902,1.6778535822552625
259,0.7521331058020477,1.6663829104485366
260,0.7446672354948806,1.6687244583722267
261,0.7431740614334471,1.6667509949654848
262,0.7482935153583617,1.6628829094330198
263,0.751919795221843,1.6499817216762505
264,0.7551194539249146,1.652044823959012
265,0.7425341296928327,1.6547558653476702
266,0.7517064846416383,1.6483393191477544
267,0.7495733788395904,1.6426418999356214
268,0.7542662116040956,1.6339225671397135
269,0.7540529010238908,1.6296720398977755
270,0.7630119453924915,1.6202403754504466
271,0.7585324232081911,1.6193853059319505
272,0.7610921501706485,1.6183291205773989
273,0.7583191126279863,1.61130414847221
274,0.7649317406143344,1.6032817693293704
275,0.7649317406143344,1.6046550717370096
276,0.7563993174061433,1.6028316065719916
277,0.7570392491467577,1.596296549657099
278,0.7602389078498294,1.5915857647059313
279,0.7681313993174061,1.5904717502333605
280,0.7636518771331058,1.585634454118514
281,0.757679180887372,1.5892926247046668
282,0.7583191126279863,1.5832483243616775
283,0.7647184300341296,1.5763074997748938
284,0.7681313993174061,1.570915315338369
285,0.7638651877133106,1.5660146076117767
286,0.7608788395904437,1.5662263884072418
287,0.7659982935153583,1.5557518062331164
288,0.7709044368600683,1.5572761720357902
289,0.7734641638225256,1.5530926021699611
290,0.7792235494880546,1.5480391344519606
291,0.7766638225255973,1.5470959623519065
292,0.7698378839590444,1.5390860981501817
293,0.768344709897611,1.5402635754985614
294,0.7636518771331058,1.5455077878444268
295,0.768344709897611,1.5308766047702307
296,0.7738907849829352,1.5293388118516056
297,0.7773037542662116,1.5245791860814795
298,0.7747440273037542,1.522841591883845
299,0.7753839590443686,1.5194343116909979
300,0.7762372013651877,1.5140266654434464
301,0.7781569965870307,1.5091372374381629
302,0.7758105802047781,1.5155369332219146
303,0.7785836177474402,1.5036189954842316
304,0.7877559726962458,1.4925172137725882
305,0.7869027303754266,1.4944519117830557
306,0.7843430034129693,1.4897541458696228
307,0.784556313993174,1.4866445589391037
308,0.7817832764505119,1.4848852291855796
309,0.7828498293515358,1.4770320910235721
310,0.7856228668941979,1.4748197505091645
311,0.7847696245733788,1.4740306330215402
312,0.7898890784982935,1.4670251253928748
313,0.7860494880546075,1.4651809414092185
314,0.7832764505119454,1.4708533828169006
315,0.7877559726962458,1.4617963589905878
316,0.7856228668941979,1.4597747256731417
317,0.7830631399317406,1.4600262666318198
318,0.7866894197952219,1.4570510204334715
319,0.7930887372013652,1.4430149333875741
320,0.7898890784982935,1.4438475219869777
321,0.7858361774744027,1.4435873206564998
322,0.7839163822525598,1.4413485421255587
323,0.7896757679180887,1.4343978443243397
324,0.7973549488054608,1.43038606602991
325,0.7943686006825939,1.4254240586895992
326,0.7888225255972696,1.4289350599152235
327,0.7928754266211604,1.4224355078394502
328,0.7960750853242321,1.4165482716348798
329,0.7926621160409556,1.422093579793546
330,0.7945819112627986,1.413292119120575
331,0.802901023890785,1.4069752754204916
332,0.8058873720136519,1.3987783767257533
333,0.794155290102389,1.4078230284179845
334,0.7962883959044369,1.4049701723222439
335,0.802901023890785,1.3884045805133651
336,0.8026877133105802,1.393497112668008
337,0.8003412969283277,1.3900118549529197
338,0.8007679180887372,1.3864680162468868
339,0.8033276450511946,1.3826968966897437
340,0.8043941979522184,1.3804088603107596
341,0.7960750853242321,1.38033310626554
342,0.8024744027303754,1.380300460008224
343,0.8003412969283277,1.3706526552857798
344,0.8037542662116041,1.3722893097294881
345,0.8075938566552902,1.3653896977877047
346,0.8095136518771331,1.358355180395341
347,0.8039675767918089,1.3637998600461785
348,0.8097269624573379,1.3571103912978448
349,0.8046075085324232,1.3566545069014253
350,0.8037542662116041,1.3518619024712886
351,0.8071672354948806,1.3521099139399089
352,0.8118600682593856,1.3459265053068818
353,0.8125,1.3400719173939155
354,0.8103668941979523,1.3384694983934786
355,0.806740614334471,1.3379172538327682
356,0.8148464163822525,1.3332627291565462
357,0.8154863481228669,1.3257496137260985
358,0.8188993174061433,1.325552601863093
359,0.8112201365187713,1.3282117607650497
360,0.8133532423208191,1.3257759219550436
361,0.8122866894197952,1.3201587615159591
362,0.8176194539249146,1.311530889097741
363,0.8178327645051194,1.3118424989257655
364,0.8203924914675768,1.3119290456836947
365,0.8206058020477816,1.3056912283848576
366,0.8246587030716723,1.2971243333491043
367,0.8152730375426621,1.3109587117673593
368,0.8120733788395904,1.3091995736437854
369,0.8235921501706485,1.2969488401868645
370,0.8225255972696246,1.2971499910126774
371,0.822098976109215,1.2924808572990496
372,0.8274317406143344,1.288951636174433
373,0.8235921501706485,1.287211539802291
374,0.8246587030716723,1.284662590905668
375,0.8199658703071673,1.2830616662933558
376,0.8223122866894198,1.2773518432122448
377,0.8248720136518771,1.2749004453522352
378,0.8250853242320819,1.2729235647481456
379,0.8289249146757679,1.2711193956205868
380,0.8323378839590444,1.261457839109792
381,0.8246587030716723,1.2632007126922087
382,0.8287116040955631,1.263763778038806
383,0.824018771331058,1.2666795969823115
384,0.8304180887372014,1.2627755004798187
385,0.8302047781569966,1.2557535769589525
386,0.8325511945392492,1.256262332913005
387,0.8387372013651877,1.2451029043555666
388,0.8331911262798635,1.2468715320268182
389,0.827858361774744,1.2456319669814646
390,0.8376706484641638,1.2435390253522698
391,0.8319112627986348,1.2453974542357409
392,0.8395904436860068,1.2330191395795387
393,0.8323378839590444,1.2316874599294043
394,0.8370307167235495,1.2339618523373133
395,0.8312713310580204,1.2331221730228983
396,0.8398037542662116,1.2259354835484215
397,0.8359641638225256,1.231544743625784
398,0.8406569965870307,1.2162114800853534
399,0.8340443686006825,1.2291283534248534
400,0.8421501706484642,1.2163745982655079
401,0.8329778156996587,1.215633127876516
402,0.8383105802047781,1.208508993985303
403,0.8421501706484642,1.213420767426084
404,0.8338310580204779,1.2091685220243173
405,0.8393771331058021,1.2050131738389311
406,0.8476962457337884,1.2041667386533457
407,0.8387372013651877,1.200943079417883
408,0.8442832764505119,1.2025841096155472
409,0.847056313993174,1.1920202864721774
410,0.8521757679180887,1.1909780579622289
411,0.8442832764505119,1.1894285186565776
412,0.8506825938566553,1.1865590265586514
413,0.8421501706484642,1.184648545121984
414,0.8504692832764505,1.178171592767735
415,0.8585750853242321,1.1780036862799739
416,0.8523890784982935,1.172312124190477
417,0.8494027303754266,1.176862683312478
418,0.8523890784982935,1.1707306095357641
419,0.850042662116041,1.1712817881294484
420,0.8491894197952219,1.1727732851236754
421,0.8453498293515358,1.1717733340051801
422,0.8530290102389079,1.16278109493516
423,0.8487627986348123,1.1687017841957534
424,0.856655290102389,1.1568126300089188
425,0.8530290102389079,1.1533859626425005
426,0.851962457337884,1.1602678404733182
427,0.8624146757679181,1.1420717280065646
428,0.8549488054607508,1.1501656156351134
429,0.8568686006825939,1.1476232488814475
430,0.8611348122866894,1.1465074430146722
431,0.8483361774744027,1.1491136160319984
432,0.8590017064846417,1.1392821309509538
433,0.8609215017064846,1.136063774291159
434,0.8575085324232082,1.1381222737933996
435,0.8619880546075085,1.1332622860072008
436,0.8628412969283277,1.1257577507975973
437,0.8549488054607508,1.1369262718096529
438,0.869240614334471,1.1262454482068787
439,0.8551621160409556,1.1291423824460027
440,0.860494880546075,1.12310799478264
441,0.8619880546075085,1.1220322066199657
442,0.8645477815699659,1.1164843759439098
443,0.863481228668942,1.1172669271560252
444,0.8626279863481229,1.1169446544028794
445,0.8598549488054608,1.1110216639554542
446,0.865401023890785,1.114567789608301
447,0.8651877133105802,1.1160423865497315
448,0.861561433447099,1.1138043183922361
449,0.8649744027303754,1.1091578657716614
450,0.8658276450511946,1.105322775987228
451,0.8626279863481229,1.1064687702842946
452,0.8737201365187713,1.0924838130384582
453,0.8664675767918089,1.1003629496073153
454,0.8660409556313993,1.0935948484993632
455,0.8690273037542662,1.0949179084634617
456,0.8651877133105802,1.0950603440353082
457,0.8705204778156996,1.0892518543139253
458,0.8758532423208191,1.0846783764940073
459,0.8656143344709898,1.0898422682244624
460,0.8735068259385665,1.086573867667657
461,0.8728668941979523,1.082015179123081
462,0.8720136518771331,1.0789480142219074
463,0.8643344709897611,1.087552768785392
464,0.8737201365187713,1.077201162588881
465,0.8715870307167235,1.0765275263542202
466,0.8726535836177475,1.0802565695075859
467,0.8741467576791809,1.0704972768399497
468,0.8760665529010239,1.0693101986683269
469,0.8824658703071673,1.0613279505394424
470,0.8671075085324232,1.0739123339132237
471,0.8713737201365188,1.0652081982674453
472,0.8816126279863481,1.0548337600336954
473,0.8801194539249146,1.0595136274656745
474,0.8816126279863481,1.0565540102968445
475,0.8764931740614335,1.0606618700580792
476,0.8811860068259386,1.0484482007221965
477,0.8882252559726962,1.0455783723564278
478,0.8779863481228669,1.0579559768426134
479,0.8764931740614335,1.0530463892445223
480,0.8803327645051194,1.050482991612405
481,0.8777730375426621,1.0390309992503795
482,0.8839590443686007,1.0419829620029333
483,0.8811860068259386,1.0408865750446255
484,0.8756399317406144,1.0366038273218956
485,0.8781996587030717,1.0381765154034612
486,0.8875853242320819,1.0276162679284913
487,0.8775597269624573,1.0346797899988325
488,0.8803327645051194,1.0281228567553056
489,0.8801194539249146,1.0361200111311044
490,0.8803327645051194,1.0309675480318559
491,0.8792662116040956,1.0265530119983817
492,0.8822525597269625,1.0247682158043767
493,0.8809726962457338,1.0229867188190032
494,0.8801194539249146,1.0289776756494933
495,0.886518771331058,1.0163061594393472
496,0.8824658703071673,1.019607419040016
497,0.888438566552901,1.0064282392885904
498,0.8843856655290102,1.0109705861924858
499,0.8946245733788396,1.0030135343506068
