epoch,categorical_accuracy,loss
0,0.587457337883959,5.43975036380234
1,0.544155290102389,4.585289658946795
2,0.5200511945392492,4.433934563255961
3,0.5247440273037542,4.2921670549151845
4,0.5296501706484642,4.149105945951702
5,0.5226109215017065,4.130955440599357
6,0.5198378839590444,3.9908470961014157
7,0.5194112627986348,3.9673936993595684
8,0.5309300341296929,3.918027990100327
9,0.5366894197952219,3.7899599880895516
10,0.5223976109215017,3.8033137337746474
11,0.5298634812286689,3.7353703845483044
12,0.5245307167235495,3.691396184341899
13,0.5228242320819113,3.693309131335887
14,0.5221843003412969,3.6626524795037487
15,0.5159982935153583,3.647051573613398
16,0.5223976109215017,3.616851015709366
17,0.5258105802047781,3.5648660529595593
18,0.5296501706484642,3.54502958730626
19,0.5206911262798635,3.5422587215696995
20,0.5236774744027304,3.5197342866109906
21,0.5307167235494881,3.471738590722198
22,0.5157849829351536,3.501385418628263
23,0.5360494880546075,3.465995072504766
24,0.5262372013651877,3.459534791549318
25,0.5315699658703071,3.428707515827218
26,0.5313566552901023,3.432667841276618
27,0.5401023890784983,3.3997314236676734
28,0.5298634812286689,3.4051465776593206
29,0.5326365187713311,3.3810628583406834
30,0.5324232081911263,3.375699883028102
31,0.533703071672355,3.364402460156854
32,0.5300767918088737,3.349973680216298
33,0.5584470989761092,3.313459533880188
34,0.5290102389078498,3.338809211099514
35,0.5437286689419796,3.3166695951194893
36,0.534556313993174,3.3134554954112185
37,0.5392491467576792,3.2950778747988236
38,0.5593003412969283,3.2907792675617205
39,0.5411689419795221,3.284272433954701
40,0.5575938566552902,3.269036443567113
41,0.5426621160409556,3.2734071435375016
42,0.5601535836177475,3.2340737512087254
43,0.5552474402730375,3.2354076811884855
44,0.5379692832764505,3.247081011228594
45,0.5546075085324232,3.225328320936131
46,0.5486348122866894,3.2255159368287174
47,0.5561006825938567,3.2149147141101824
48,0.5501279863481229,3.210203905561271
49,0.5554607508532423,3.1912002067110237
50,0.5593003412969283,3.1938733314084518
51,0.5539675767918089,3.185689816295897
52,0.5603668941979523,3.176154488182719
53,0.554820819112628,3.1698012685613013
54,0.574018771331058,3.150270169912345
55,0.5725255972696246,3.142644622626972
56,0.5622866894197952,3.1398897651112527
57,0.5639931740614335,3.1450271362330726
58,0.5556740614334471,3.124792894812574
59,0.5680460750853242,3.117156123138532
60,0.5541808873720137,3.119281000651597
61,0.5537542662116041,3.125219467963782
62,0.5593003412969283,3.1050751876505567
63,0.5671928327645052,3.0813993593938522
64,0.5616467576791809,3.095300137386387
65,0.5727389078498294,3.076505569060915
66,0.5708191126279863,3.0735835573372174
67,0.5708191126279863,3.061065965138198
68,0.5667662116040956,3.0632224831564843
69,0.5646331058020477,3.0475187928196514
70,0.5810580204778157,3.0364527116456537
71,0.5791382252559727,3.0319186859977125
72,0.5667662116040956,3.0289151562765597
73,0.5725255972696246,3.0198240939260748
74,0.5742320819112628,3.013322298844113
75,0.5755119453924915,3.008247159040015
76,0.5603668941979523,3.006051739735001
77,0.5848976109215017,2.989909010942479
78,0.5729522184300341,2.978242529130226
79,0.5861774744027304,2.9690434851337213
80,0.5836177474402731,2.968102766792115
81,0.5810580204778157,2.9597768165145717
82,0.5735921501706485,2.9566435415183316
83,0.5885238907849829,2.9425437385311715
84,0.5827645051194539,2.9371451159792956
85,0.5812713310580204,2.9333475563713307
86,0.5846843003412969,2.92254156789682
87,0.5836177474402731,2.915289193696943
88,0.5949232081911263,2.9034318948361655
89,0.5752986348122867,2.901804863796299
90,0.5934300341296929,2.8884058657766607
91,0.5974829351535836,2.886732283712654
92,0.5934300341296929,2.87795673214128
93,0.5878839590443686,2.873255248769558
94,0.5930034129692833,2.862753583302677
95,0.5985494880546075,2.8601239028644234
96,0.6085750853242321,2.8386252487885666
97,0.5923634812286689,2.8376378199346237
98,0.6051621160409556,2.828054760096423
99,0.5932167235494881,2.8181046609585603
100,0.5974829351535836,2.821122009192717
101,0.600042662116041,2.8068745681450227
102,0.6128412969283277,2.7986205722691664
103,0.6006825938566553,2.7893662428286294
104,0.5959897610921502,2.786889399277879
105,0.6011092150170648,2.7798665554450235
106,0.6090017064846417,2.7658225261310667
107,0.609641638225256,2.7637923544991136
108,0.6090017064846417,2.7562540529531017
109,0.6160409556313993,2.749468291578846
110,0.6179607508532423,2.7440361350062763
111,0.6209470989761092,2.7324270974247122
112,0.6151877133105802,2.718125244863204
113,0.615401023890785,2.7187833029255524
114,0.6164675767918089,2.7105616351443347
115,0.6284129692832765,2.70199334173886
116,0.6186006825938567,2.693983544261789
117,0.6145477815699659,2.693722803031218
118,0.617320819112628,2.680839942177001
119,0.6258532423208191,2.678985788553648
120,0.6147610921501706,2.6714638996449755
121,0.626919795221843,2.6553472024182003
122,0.6224402730375427,2.6546902477537815
123,0.6241467576791809,2.6489081870980637
124,0.6392918088737202,2.628481864929199
125,0.6166808873720137,2.63405455013184
126,0.6196672354948806,2.626316357798137
127,0.6175341296928327,2.618480640873567
128,0.6386518771331058,2.6098879343820514
129,0.6316126279863481,2.6026183956719096
130,0.6281996587030717,2.5936709369815656
131,0.6311860068259386,2.5849467096882064
132,0.6313993174061433,2.5779000280660167
133,0.625,2.577147691323082
134,0.6318259385665529,2.5656065810662487
135,0.6352389078498294,2.5639969220340455
136,0.630759385665529,2.5511132311902354
137,0.6401450511945392,2.5471355727915066
138,0.6290529010238908,2.540883777084611
139,0.6328924914675768,2.531607627054937
140,0.6448378839590444,2.5309833943233557
141,0.6456911262798635,2.511917172845313
142,0.6427047781569966,2.5092286534683694
143,0.6482508532423208,2.5000598040050206
144,0.6424914675767918,2.4989336562238047
145,0.6414249146757679,2.491851960432814
146,0.6580631399317406,2.481017102153635
147,0.6535836177474402,2.4721494371980532
148,0.658703071672355,2.469046919825948
149,0.6446245733788396,2.468756667583062
150,0.64910409556314,2.4591051043097067
151,0.64910409556314,2.451418500711487
152,0.6461177474402731,2.4430402391192856
153,0.6616894197952219,2.4340339309119527
154,0.6495307167235495,2.4271647726716443
155,0.6546501706484642,2.421028553015543
156,0.6533703071672355,2.417209978396575
157,0.659556313993174,2.406359125729714
158,0.659556313993174,2.4042931424879783
159,0.6593430034129693,2.3981199533052413
160,0.6580631399317406,2.3907326040821273
161,0.6459044368600683,2.3890744695891293
162,0.6574232081911263,2.3812715641060787
163,0.6672354948805461,2.363169023201327
164,0.6653156996587031,2.364880351076354
165,0.6661689419795221,2.356812774117896
166,0.6642491467576792,2.3528249605523848
167,0.6563566552901023,2.350467224576774
168,0.6670221843003413,2.340698649858859
169,0.6648890784982935,2.3365286039411006
170,0.6774744027303754,2.323417613123871
171,0.6702218430034129,2.320208036858881
172,0.6612627986348123,2.3149074222447523
173,0.6704351535836177,2.3112427252551395
174,0.6715017064846417,2.3003010587073836
175,0.6800341296928327,2.295965704087918
176,0.6761945392491467,2.2898950601193686
177,0.6674488054607508,2.2853425468601056
178,0.6725682593856656,2.2809632459191334
179,0.6768344709897611,2.277558578159215
180,0.6710750853242321,2.2682626556617813
181,0.6768344709897611,2.258676117190729
182,0.6695819112627986,2.2599470851364396
183,0.6738481228668942,2.2536433581199256
184,0.6742747440273038,2.2447390295946557
185,0.6808873720136519,2.229404629293969
186,0.6825938566552902,2.2295248606099203
187,0.6879266211604096,2.2251885319732563
188,0.681740614334471,2.221906565968901
189,0.6862201365187713,2.212500697516744
190,0.6776877133105802,2.212176355485623
191,0.6744880546075085,2.203945718120796
192,0.6872866894197952,2.191139062516925
193,0.6868600682593856,2.1955957827714525
194,0.6776877133105802,2.189567090708241
195,0.6900597269624573,2.1783887689024106
196,0.6968856655290102,2.164087319943685
197,0.6813139931740614,2.1691266920786263
198,0.7043515358361775,2.1595413391907465
199,0.6985921501706485,2.1524043034368
200,0.6968856655290102,2.14394644787694
201,0.6906996587030717,2.1441455367482156
202,0.6988054607508533,2.136308591927278
203,0.6815273037542662,2.139350550166576
204,0.695179180887372,2.122035843520441
205,0.6949658703071673,2.1211680430194217
206,0.6949658703071673,2.12083856807227
207,0.6902730375426621,2.115633444574506
208,0.6998720136518771,2.106940375253202
209,0.6958191126279863,2.1047252908908467
210,0.7052047781569966,2.098433654869783
211,0.7015784982935154,2.094069973193745
212,0.6998720136518771,2.0895674798268913
213,0.7079778156996587,2.0826824508836244
214,0.702005119453925,2.0746112447549865
215,0.7041382252559727,2.068911851876425
216,0.6981655290102389,2.0688871153385566
217,0.702005119453925,2.057466944736832
218,0.7075511945392492,2.054239848367997
219,0.7064846416382252,2.048351990484947
220,0.7190699658703071,2.037221341409781
221,0.7096843003412969,2.0396844917596813
222,0.7037116040955631,2.0313294918463907
223,0.7049914675767918,2.036974131450718
224,0.7141638225255973,2.0240150897576132
225,0.7156569965870307,2.0169522331029484
226,0.7098976109215017,2.017940644111243
227,0.7194965870307167,2.0089632211691693
228,0.7282423208191127,1.9940588291187742
229,0.715443686006826,2.000500419440937
230,0.7156569965870307,1.9940598202239939
231,0.715443686006826,1.9881465732034156
232,0.7190699658703071,1.9861890553614385
233,0.725042662116041,1.9746549983887136
234,0.7128839590443686,1.9815651015616929
235,0.7118174061433447,1.966981427661388
236,0.7331484641638225,1.9591294710139773
237,0.7222696245733788,1.9593137087675492
238,0.7229095563139932,1.953673732158674
239,0.7235494880546075,1.9465737570674753
240,0.7310153583617748,1.9382967651907494
241,0.726962457337884,1.9354934281456593
242,0.7352815699658704,1.9275689104718152
243,0.7122440273037542,1.937396326569567
244,0.7113907849829352,1.9353655849300553
245,0.72589590443686,1.9238293870724101
246,0.7290955631399317,1.9123843737429727
247,0.722056313993174,1.9170468598095631
248,0.7293088737201365,1.9064980236743498
249,0.7288822525597269,1.9007942509732556
250,0.7318686006825939,1.888936778384264
251,0.7340017064846417,1.8874871673844373
252,0.7352815699658704,1.8885348693502642
253,0.731655290102389,1.8763735632033884
254,0.7320819112627986,1.8782098415361737
255,0.7241894197952219,1.8780233396198156
256,0.7197098976109215,1.8723591338245535
257,0.7297354948805461,1.8659851669044625
258,0.7337883959044369,1.8653794490436646
259,0.7357081911262798,1.856757109075683
260,0.7335750853242321,1.856005472127895
261,0.7378412969283277,1.845365280177406
262,0.7331484641638225,1.8497515054286136
263,0.7267491467576792,1.8500667375102384
264,0.7378412969283277,1.833973046455774
265,0.7359215017064846,1.8329730579063754
266,0.7427474402730375,1.8244441450659326
267,0.7374146757679181,1.8207476366908883
268,0.7431740614334471,1.8207447032472786
269,0.7459470989761092,1.813137781904826
270,0.7363481228668942,1.811310571208342
271,0.7344283276450512,1.8140584881395203
272,0.7399744027303754,1.810046477529376
273,0.7337883959044369,1.8053161687004688
274,0.7391211604095563,1.79947681109653
275,0.7427474402730375,1.7933930500375532
276,0.7465870307167235,1.790467698826318
277,0.7378412969283277,1.7862810494549852
278,0.7529863481228669,1.7764739949548611
279,0.7474402730375427,1.7778601158194167
280,0.7431740614334471,1.7741739513931014
281,0.7517064846416383,1.7646517163657491
282,0.7472269624573379,1.7683503424348277
283,0.7438139931740614,1.7583978631797503
284,0.7508532423208191,1.7548175411419658
285,0.7561860068259386,1.7414839149741996
286,0.7401877133105802,1.7524364507239019
287,0.755759385665529,1.7395527126846053
288,0.7561860068259386,1.7402926602054374
289,0.7459470989761092,1.7376941393666707
290,0.7540529010238908,1.728263605983591
291,0.7585324232081911,1.7239867676647043
292,0.7527730375426621,1.7212250651759906
293,0.748080204778157,1.7249930474538444
294,0.7534129692832765,1.7174710128901354
295,0.7489334470989761,1.718734957659204
296,0.7555460750853242,1.709160360866846
297,0.7523464163822525,1.7090036783608966
298,0.7583191126279863,1.705726539315624
299,0.7636518771331058,1.7012484907697085
300,0.7540529010238908,1.7001547048523158
301,0.7625853242320819,1.6913573489661102
302,0.7589590443686007,1.6872487796451452
303,0.75,1.6912980852680402
304,0.7583191126279863,1.690692632271568
305,0.7621587030716723,1.673969447002476
306,0.7627986348122867,1.6708088633143454
307,0.757679180887372,1.671603023802461
308,0.7662116040955631,1.6615141101257793
309,0.7640784982935154,1.667267802225445
310,0.7527730375426621,1.6655014562118582
311,0.7630119453924915,1.6551840866791918
312,0.7630119453924915,1.645891159060872
313,0.7717576791808873,1.6388435485826824
314,0.7723976109215017,1.6386856092934723
315,0.7709044368600683,1.6355303843273645
316,0.7655716723549488,1.6405222965181891
317,0.763438566552901,1.6430246748615043
318,0.7719709897610921,1.6213423505984883
319,0.7751706484641638,1.6233794428789574
320,0.7743174061433447,1.6222724576858938
321,0.7679180887372014,1.620859255969728
322,0.7679180887372014,1.6179061709003644
323,0.7790102389078498,1.6088383653464984
324,0.763438566552901,1.6138318968307444
325,0.7677047781569966,1.60713183066137
326,0.7702645051194539,1.6054620584123371
327,0.7753839590443686,1.5942408318405672
328,0.7775170648464164,1.5929184944556434
329,0.7659982935153583,1.599804140195098
330,0.7706911262798635,1.5911594478750393
331,0.7807167235494881,1.5820069866375712
332,0.7781569965870307,1.5780684166800854
333,0.7728242320819113,1.5879181245081253
334,0.7817832764505119,1.5751098789045834
335,0.7773037542662116,1.573693993555401
336,0.7822098976109215,1.565618142333047
337,0.7794368600682594,1.564487061809761
338,0.7864761092150171,1.5615387609794278
339,0.7866894197952219,1.5580734112156942
340,0.7732508532423208,1.5636921083560982
341,0.7847696245733788,1.559365982081703
342,0.7773037542662116,1.5478306471691197
343,0.7892491467576792,1.5468185240905032
344,0.7864761092150171,1.543068323932817
345,0.7766638225255973,1.5447147148867924
346,0.7839163822525598,1.5339525331816168
347,0.7753839590443686,1.5381183656816189
348,0.7828498293515358,1.533519929586417
349,0.7892491467576792,1.5303759452832844
350,0.7847696245733788,1.5220217220612353
351,0.7858361774744027,1.5261191499924904
352,0.7843430034129693,1.5226463234058418
353,0.7760238907849829,1.5228237092698393
354,0.7770904436860068,1.5241825165602128
355,0.7886092150170648,1.5069391336864173
356,0.7973549488054608,1.4985226445637465
357,0.7815699658703071,1.5013175633173348
358,0.7811433447098977,1.505219454244542
359,0.789462457337884,1.4967690014595059
360,0.7866894197952219,1.4925833179682189
361,0.7783703071672355,1.4967913477087185
362,0.7945819112627986,1.4866468471064909
363,0.7958617747440273,1.4892859552500597
364,0.7862627986348123,1.486224208268696
365,0.7824232081911263,1.4913016220001638
366,0.7903156996587031,1.4833287586531134
367,0.7903156996587031,1.4806503753206428
368,0.7879692832764505,1.478396956831115
369,0.7926621160409556,1.4659385917129777
370,0.7982081911262798,1.4718365799444935
371,0.8001279863481229,1.4709551903981803
372,0.79330204778157,1.4576015033005854
373,0.7926621160409556,1.4615290824056892
374,0.8061006825938567,1.4520191601112027
375,0.7858361774744027,1.4626215623100463
376,0.7977815699658704,1.4490687554199948
377,0.8026877133105802,1.4424581141195199
378,0.7984215017064846,1.440921455520005
379,0.8005546075085325,1.438226942316257
380,0.8052474402730375,1.4403898300978104
381,0.7950085324232082,1.4402072506959935
382,0.7935153583617748,1.4422461152483579
383,0.8116467576791809,1.42703283239957
384,0.787542662116041,1.4430546117724006
385,0.7994880546075085,1.4247447305165053
386,0.8078071672354948,1.4293585132820208
387,0.8063139931740614,1.4270104678417634
388,0.7997013651877133,1.4231130320057528
389,0.8039675767918089,1.4266811857451351
390,0.8014078498293515,1.4135832631954155
391,0.7935153583617748,1.4155171596963252
392,0.8088737201365188,1.4100385855489217
393,0.8088737201365188,1.3978808874156288
394,0.8020477815699659,1.40654558655345
395,0.8084470989761092,1.3985848817402184
396,0.8052474402730375,1.3993689944719698
397,0.8212457337883959,1.3877608129188876
398,0.806740614334471,1.3947575344567413
399,0.8082337883959044,1.3923339827475694
400,0.8152730375426621,1.3817086858554097
401,0.8033276450511946,1.3871209560400797
402,0.8054607508532423,1.3823845585865373
403,0.8101535836177475,1.3780006650364847
404,0.7997013651877133,1.3882600894967037
405,0.8112201365187713,1.3727519829525476
406,0.8088737201365188,1.3714034423079506
407,0.8063139931740614,1.376289335940885
408,0.8193259385665529,1.360724893039404
409,0.8088737201365188,1.369583638454867
410,0.8058873720136519,1.3633308276381508
411,0.8171928327645052,1.3622750092691935
412,0.810580204778157,1.367236523904898
413,0.8142064846416383,1.353588988756564
414,0.8212457337883959,1.349769125619439
415,0.8195392491467577,1.3495489818651114
416,0.8180460750853242,1.3441825376842615
417,0.8122866894197952,1.3475593824842278
418,0.8133532423208191,1.3496388888603184
419,0.8099402730375427,1.344345834068064
420,0.8131399317406144,1.350923611035526
421,0.8174061433447098,1.3382985762768638
422,0.8169795221843004,1.3398802353660402
423,0.8137798634812287,1.3351185456070884
424,0.8197525597269625,1.3342951934899079
425,0.8148464163822525,1.331649534124563
426,0.8176194539249146,1.3261166945252403
427,0.8122866894197952,1.3358161660998347
428,0.8216723549488054,1.3132633947268282
429,0.8180460750853242,1.3235639659211091
430,0.8227389078498294,1.3155859871529068
431,0.8216723549488054,1.3167262215663142
432,0.8101535836177475,1.3196679016022146
433,0.8206058020477816,1.3102638176276822
434,0.8118600682593856,1.3154810186945944
435,0.8178327645051194,1.3094746163273834
436,0.8191126279863481,1.3088652428506584
437,0.816339590443686,1.303789409761136
438,0.8214590443686007,1.2991648212634663
439,0.8169795221843004,1.3029295787876376
440,0.8250853242320819,1.292281849392445
441,0.8263651877133106,1.2954787613995653
442,0.830844709897611,1.2899244799955714
443,0.8231655290102389,1.2892602116581522
444,0.8210324232081911,1.2918886894252113
445,0.8225255972696246,1.2897116389290872
446,0.825938566552901,1.2875406823467477
447,0.8348976109215017,1.2824640286253581
448,0.8257252559726962,1.274863582422302
449,0.827858361774744,1.2773322916681855
450,0.8188993174061433,1.2851882379616486
451,0.8218856655290102,1.2757474900105708
452,0.8359641638225256,1.2633694219101004
453,0.8263651877133106,1.2679419354774033
454,0.8304180887372014,1.2615796864643032
455,0.8276450511945392,1.2576021786029021
456,0.8383105802047781,1.2586098425217456
457,0.8248720136518771,1.2633055607206585
458,0.8238054607508533,1.2591609987382595
459,0.8385238907849829,1.2529081203831747
460,0.8346843003412969,1.2536774536041677
461,0.8325511945392492,1.253367309277375
462,0.8299914675767918,1.2527486745001106
463,0.8312713310580204,1.25418647889798
464,0.83660409556314,1.245664117279313
465,0.8289249146757679,1.2486061765065373
466,0.8353242320819113,1.2393562765251653
467,0.8368174061433447,1.240931829494828
468,0.8289249146757679,1.2433091926900193
469,0.8387372013651877,1.2286389443654655
470,0.8340443686006825,1.2321644728501095
471,0.841296928327645,1.2301928720376598
472,0.8329778156996587,1.2279263555800142
473,0.8353242320819113,1.227437192262643
474,0.841296928327645,1.2236172656557258
475,0.83660409556314,1.2209260939738042
476,0.8436433447098977,1.2160391534961532
477,0.8383105802047781,1.2150260376848865
478,0.8372440273037542,1.219478962364457
479,0.8348976109215017,1.216161840197983
480,0.840443686006826,1.2163067490574442
481,0.830844709897611,1.220071301932221
482,0.8395904436860068,1.2014163874928863
483,0.8442832764505119,1.206897845447267
484,0.8408703071672355,1.2056804016588492
485,0.8417235494880546,1.204931618003715
486,0.8378839590443686,1.20200884098079
487,0.8440699658703071,1.1927791772848917
488,0.8468430034129693,1.1855462732575452
489,0.8440699658703071,1.1967558124366473
490,0.847056313993174,1.1921819297933742
491,0.8483361774744027,1.1882743351288623
492,0.8466296928327645,1.1854591621880646
493,0.8472696245733788,1.1889641032690887
494,0.8402303754266212,1.1870804667065982
495,0.8423634812286689,1.1875535017801226
496,0.8378839590443686,1.1915241016055944
497,0.8447098976109215,1.187272335482132
498,0.850042662116041,1.178130716594006
499,0.8479095563139932,1.176122715041906
