epoch,categorical_accuracy,loss
0,0.490401023890785,4.411987342118403
1,0.49658703071672355,4.273835312384388
2,0.5010665529010239,4.141190453194107
3,0.4997866894197952,4.061202563523432
4,0.511518771331058,3.953724319210638
5,0.511518771331058,3.8486758279312188
6,0.49829351535836175,3.783196851255137
7,0.5172781569965871,3.6763554970152144
8,0.5140784982935154,3.666862360853384
9,0.5093856655290102,3.6074345917425057
10,0.52410409556314,3.536655566798135
11,0.5285836177474402,3.480186840779952
12,0.5181313993174061,3.4486150790400067
13,0.5264505119453925,3.378018388162294
14,0.5155716723549488,3.3601311229601656
15,0.5130119453924915,3.3452712586308504
16,0.5341296928327645,3.243596989953884
17,0.5253839590443686,3.2745952183069225
18,0.5296501706484642,3.2116340565600088
19,0.5202645051194539,3.2164502143859863
20,0.527943686006826,3.170345935398401
21,0.5322098976109215,3.1288109745181867
22,0.5296501706484642,3.124836024163933
23,0.5232508532423208,3.098476916043018
24,0.5236774744027304,3.0970896763199427
25,0.5294368600682594,3.087550019241437
26,0.5285836177474402,3.0645687588245796
27,0.5206911262798635,3.042470226515682
28,0.5358361774744027,3.0150018747349243
29,0.5260238907849829,3.0115569158625686
30,0.5334897610921502,2.978306863901965
31,0.5300767918088737,2.9716957892980997
32,0.5277303754266212,2.9555297443077424
33,0.5362627986348123,2.947678685595151
34,0.5262372013651877,2.9441709933427416
35,0.5390358361774744,2.9295108220683024
36,0.5366894197952219,2.903983026641221
37,0.5309300341296929,2.9067041222959653
38,0.5422354948805461,2.873599743273478
39,0.5409556313993175,2.876347700483563
40,0.5275170648464164,2.875868048684182
41,0.5422354948805461,2.853759172426556
42,0.5435153583617748,2.855283770544944
43,0.533703071672355,2.8505595714972696
44,0.5392491467576792,2.8434304222718847
45,0.5522610921501706,2.818629546377032
46,0.5507679180887372,2.795252284092301
47,0.5467150170648464,2.8063732145589366
48,0.534556313993174,2.801520254017957
49,0.5561006825938567,2.7862168294171017
50,0.5507679180887372,2.776693218804057
51,0.5488481228668942,2.7753676432391483
52,0.5526877133105802,2.7522251565301783
53,0.5458617747440273,2.7739140287601094
54,0.5488481228668942,2.7479899425962273
55,0.5518344709897611,2.746025660745927
56,0.5501279863481229,2.7345738012229215
57,0.5516211604095563,2.7231681900219704
58,0.5482081911262798,2.7255799233303137
59,0.5516211604095563,2.718348772452553
60,0.5492747440273038,2.7111769511838006
61,0.5590870307167235,2.6945525135196515
62,0.566339590443686,2.6812766916515884
63,0.5578071672354948,2.682902902466445
64,0.5601535836177475,2.6817165389402735
65,0.5447952218430034,2.687798913428401
66,0.5652730375426621,2.671725810998129
67,0.5469283276450512,2.6753906699170837
68,0.564419795221843,2.658487637295251
69,0.5571672354948806,2.6497049120099065
70,0.5731655290102389,2.645629449102252
71,0.5733788395904437,2.642744563952241
72,0.5652730375426621,2.6382930587989883
73,0.556740614334471,2.636005458571398
74,0.5652730375426621,2.622201740538301
75,0.5727389078498294,2.6097950129785636
76,0.5731655290102389,2.6083178748042917
77,0.5697525597269625,2.6075482645132437
78,0.577858361774744,2.592786311289556
79,0.5697525597269625,2.5991498602128273
80,0.5735921501706485,2.5896657994175936
81,0.5733788395904437,2.585739480757469
82,0.5908703071672355,2.57351649092326
83,0.5784982935153583,2.5660600043807826
84,0.5819112627986348,2.5640176107452186
85,0.5744453924914675,2.5594412352851634
86,0.5863907849829352,2.5548866519342104
87,0.5842576791808873,2.5493459530657874
88,0.5797781569965871,2.5412595654510395
89,0.5821245733788396,2.541372661297639
90,0.5834044368600683,2.5276586928058404
91,0.5998293515358362,2.5194667874749612
92,0.5840443686006825,2.515818512073556
93,0.5887372013651877,2.517966576403725
94,0.5917235494880546,2.5046694929689273
95,0.5876706484641638,2.5014785979794967
96,0.5902303754266212,2.502554464665696
97,0.5953498293515358,2.4856503083030517
98,0.5889505119453925,2.4899521069315105
99,0.5889505119453925,2.484871581145928
100,0.5919368600682594,2.4739401234701632
101,0.5921501706484642,2.4724386291699196
102,0.6017491467576792,2.4669170387775825
103,0.601962457337884,2.454291691959108
104,0.6013225255972696,2.451194982073006
105,0.591296928327645,2.456165922379738
106,0.6015358361774744,2.443563149650756
107,0.6021757679180887,2.436305145354808
108,0.6113481228668942,2.431647876830638
109,0.6030290102389079,2.426152409953876
110,0.6143344709897611,2.4138201609406456
111,0.6102815699658704,2.4081927794238407
112,0.5989761092150171,2.413863791540621
113,0.6040955631399317,2.4016517665199046
114,0.6213737201365188,2.390674585368446
115,0.6122013651877133,2.393215702662289
116,0.6077218430034129,2.38026196557914
117,0.6175341296928327,2.378997019940269
118,0.6218003412969283,2.37203694529094
119,0.6309726962457338,2.3592311302549605
120,0.6032423208191127,2.3708155814291265
121,0.6188139931740614,2.3605173065393856
122,0.6124146757679181,2.3527115123670663
123,0.6162542662116041,2.346857108353755
124,0.6218003412969283,2.3388545716581897
125,0.6183873720136519,2.3354259627670966
126,0.6316126279863481,2.3239972705320286
127,0.6194539249146758,2.32534462600031
128,0.626919795221843,2.3195885277445405
129,0.6162542662116041,2.3096497791212167
130,0.6203071672354948,2.305249400513164
131,0.6164675767918089,2.308346679999967
132,0.6243600682593856,2.297559708865429
133,0.6337457337883959,2.2873443710926042
134,0.6296928327645052,2.28270503522593
135,0.6279863481228669,2.2724208278460716
136,0.6309726962457338,2.2690709727616034
137,0.6380119453924915,2.265494450774209
138,0.6360921501706485,2.2634152967368375
139,0.6407849829351536,2.246428623948081
140,0.6239334470989761,2.2549141421659815
141,0.6409982935153583,2.2421539212249653
142,0.6337457337883959,2.2449083930396383
143,0.6459044368600683,2.230064298512586
144,0.6392918088737202,2.226793393340127
145,0.6424914675767918,2.2204469983488218
146,0.6422781569965871,2.2203175785598495
147,0.6290529010238908,2.2172416590993316
148,0.6390784982935154,2.207348195359162
149,0.6446245733788396,2.200127088169189
150,0.6542235494880546,2.192430456343771
151,0.6399317406143344,2.195109712385887
152,0.6505972696245734,2.18335734780738
153,0.6407849829351536,2.1824718245874086
154,0.6482508532423208,2.176948365091057
155,0.6427047781569966,2.174581299055965
156,0.6486774744027304,2.1652263756904992
157,0.6493174061433447,2.1588755549017478
158,0.6576365187713311,2.1463309091105804
159,0.6546501706484642,2.149541929720205
160,0.6651023890784983,2.135883906595536
161,0.64910409556314,2.13766242701039
162,0.6548634812286689,2.1324192834795537
163,0.6668088737201365,2.122355125869907
164,0.6557167235494881,2.122258664804921
165,0.6574232081911263,2.119276674941131
166,0.653796928327645,2.1187252078853778
167,0.6593430034129693,2.103533836761839
168,0.6693686006825939,2.0946591111987116
169,0.662542662116041,2.092956256540969
170,0.66339590443686,2.087465619064435
171,0.653796928327645,2.088715191994104
172,0.6597696245733788,2.0846578863293646
173,0.6712883959044369,2.072414001100299
174,0.6520904436860068,2.0793452767381897
175,0.6678754266211604,2.069948082490993
176,0.6674488054607508,2.060905593247137
177,0.6719283276450512,2.053781110678923
178,0.6712883959044369,2.050077074623759
179,0.679820819112628,2.0423155807390962
180,0.6789675767918089,2.0321785093574394
181,0.6787542662116041,2.0384286857709135
182,0.6719283276450512,2.026160402102682
183,0.6849402730375427,2.025558500973438
184,0.6689419795221843,2.0271332337180907
185,0.6757679180887372,2.019888105652845
186,0.6808873720136519,2.00890408847926
187,0.6661689419795221,2.0102175038829193
188,0.6687286689419796,2.007269585091913
189,0.6868600682593856,1.9926518108250746
190,0.6727815699658704,1.9937305515536676
191,0.677901023890785,1.9870674797292456
192,0.6815273037542662,1.9817113143999014
193,0.6917662116040956,1.9661192039580881
194,0.6764078498293515,1.9800358790993284
195,0.6770477815699659,1.9699910256642936
196,0.6751279863481229,1.9677962434983498
197,0.6791808873720137,1.9625892171273867
198,0.6840870307167235,1.953550665451805
199,0.6823805460750854,1.9480130200499968
200,0.6943259385665529,1.9420260243855239
201,0.6834470989761092,1.9466581637541995
202,0.6853668941979523,1.9368368309919337
203,0.6958191126279863,1.9253482537871742
204,0.6821672354948806,1.9297726789025316
205,0.6924061433447098,1.9167654628232884
206,0.6958191126279863,1.9189109301811191
207,0.6902730375426621,1.9162733412439912
208,0.6936860068259386,1.912287334126417
209,0.7015784982935154,1.9016747629276314
210,0.6998720136518771,1.894734772399017
211,0.699018771331058,1.890830410218483
212,0.7054180887372014,1.884810256062921
213,0.700938566552901,1.8776949322671206
214,0.6956058020477816,1.88257464573245
215,0.6921928327645052,1.8837282026993944
216,0.6983788395904437,1.8720039824983772
217,0.7113907849829352,1.865254136889461
218,0.6960324232081911,1.8622660527050292
219,0.7000853242320819,1.863563133994874
220,0.7000853242320819,1.8605391596771343
221,0.6960324232081911,1.8558040137177034
222,0.7015784982935154,1.8473773934328515
223,0.7022184300341296,1.8482058442900204
224,0.7017918088737202,1.838535013866099
225,0.7045648464163823,1.8310243717232662
226,0.7015784982935154,1.8328066051209746
227,0.7145904436860068,1.8283945582425636
228,0.7137372013651877,1.819989913559611
229,0.7109641638225256,1.8167773314303506
230,0.7086177474402731,1.8148543712628986
231,0.7077645051194539,1.8130964423202411
232,0.7252559726962458,1.797186017036438
233,0.7148037542662116,1.7957470473982775
234,0.7118174061433447,1.8026399152677621
235,0.7103242320819113,1.7913842038489853
236,0.7233361774744027,1.7881217556195048
237,0.7160836177474402,1.7898050994189525
238,0.7126706484641638,1.7806689572415662
239,0.7156569965870307,1.7765676552118295
240,0.7201365187713311,1.7667495716147048
241,0.7216296928327645,1.762224181927105
242,0.7088310580204779,1.768150277918923
243,0.7171501706484642,1.7611662190115085
244,0.7282423208191127,1.7521422312121342
245,0.71160409556314,1.7550361579595573
246,0.7216296928327645,1.7496420519343823
247,0.7295221843003413,1.7405774963593728
248,0.7216296928327645,1.7421853322624754
249,0.7226962457337884,1.7421411109052014
250,0.7239761092150171,1.7351755977897514
251,0.7137372013651877,1.7325268572914723
252,0.7252559726962458,1.725408622022375
253,0.7145904436860068,1.7198182084047753
254,0.7218430034129693,1.7185916522257156
255,0.7252559726962458,1.7130036569699492
256,0.7329351535836177,1.7067780026803652
257,0.736561433447099,1.701134786670932
258,0.731655290102389,1.705403987051277
259,0.7295221843003413,1.7042847709037339
260,0.734641638225256,1.6913430365279265
261,0.7286689419795221,1.6835963156443001
262,0.7380546075085325,1.6853793367184062
263,0.7352815699658704,1.6814227120461318
264,0.7350682593856656,1.6748846565904063
265,0.7282423208191127,1.6804503580815964
266,0.7380546075085325,1.6663698084118423
267,0.73080204778157,1.6733838738841815
268,0.7297354948805461,1.667708708564576
269,0.7318686006825939,1.66466832283007
270,0.7367747440273038,1.6603212893619472
271,0.7280290102389079,1.6570913661462048
272,0.7401877133105802,1.6499522765748738
273,0.7401877133105802,1.6444091414428814
274,0.7337883959044369,1.6444432877843291
275,0.7325085324232082,1.6462928728032031
276,0.7386945392491467,1.6339014638406018
277,0.7393344709897611,1.633458575697889
278,0.7391211604095563,1.6264093158188127
279,0.7453071672354948,1.6278130515850444
280,0.7457337883959044,1.6195602579735244
281,0.7418941979522184,1.6251291516697854
282,0.7546928327645052,1.6118988339811462
283,0.7444539249146758,1.6070370507321667
284,0.7463737201365188,1.6067143808859607
285,0.7546928327645052,1.5931660006070707
286,0.7574658703071673,1.591366477793801
287,0.744240614334471,1.59532412896791
288,0.7465870307167235,1.5909464741729633
289,0.7549061433447098,1.5852231352809347
290,0.7589590443686007,1.582346300216258
291,0.7531996587030717,1.5792337908272858
292,0.7440273037542662,1.584098079505634
293,0.7521331058020477,1.5714980347571519
294,0.7546928327645052,1.5743194338404685
295,0.753839590443686,1.5661036410836229
296,0.7470136518771331,1.5734963860528055
297,0.7429607508532423,1.567056071636213
298,0.763438566552901,1.555521405190738
299,0.7549061433447098,1.5565422537383773
300,0.7578924914675768,1.5515092867633182
301,0.7529863481228669,1.5512793051911702
302,0.7551194539249146,1.5528144954414498
303,0.7623720136518771,1.542109738030938
304,0.7549061433447098,1.540414519277449
305,0.7659982935153583,1.5285566919085922
306,0.7627986348122867,1.535864261230104
307,0.7674914675767918,1.5276977385270312
308,0.7602389078498294,1.533994783313608
309,0.7681313993174061,1.523614845178233
310,0.7696245733788396,1.516833141802114
311,0.765358361774744,1.5092607394827104
312,0.7600255972696246,1.5183822286820656
313,0.7713310580204779,1.5070131280723285
314,0.7664249146757679,1.5099326217540703
315,0.764505119453925,1.5062594592774687
316,0.7681313993174061,1.50021120671933
317,0.7606655290102389,1.5026458693038889
318,0.7694112627986348,1.4953382808600677
319,0.7623720136518771,1.4932531810050937
320,0.7664249146757679,1.4895183889532253
321,0.7636518771331058,1.4894941495953973
322,0.7670648464163823,1.4808317365906751
323,0.7664249146757679,1.4846507099301336
324,0.7698378839590444,1.475184744128595
325,0.7726109215017065,1.473946157575874
326,0.7694112627986348,1.4739093227191182
327,0.7685580204778157,1.4702718286384089
328,0.7760238907849829,1.4642463605151648
329,0.7813566552901023,1.4611610670545403
330,0.7809300341296929,1.452174959329208
331,0.7864761092150171,1.452863377922631
332,0.783703071672355,1.4505716338499415
333,0.7781569965870307,1.4500513613834316
334,0.7745307167235495,1.44630040243624
335,0.7734641638225256,1.4499619857443071
336,0.7764505119453925,1.4467318761877639
337,0.7775170648464164,1.4429766794113577
338,0.7768771331058021,1.4348012904665168
339,0.7802901023890785,1.4320362688331474
340,0.7858361774744027,1.4256328161259153
341,0.7809300341296929,1.4249136903587054
342,0.7873293515358362,1.4219660994949601
343,0.7805034129692833,1.417526334625869
344,0.789462457337884,1.413928789490319
345,0.7849829351535836,1.409371545697235
346,0.7811433447098977,1.4121366674175848
347,0.787542662116041,1.4099115495388825
348,0.7819965870307167,1.4114502542254868
349,0.7907423208191127,1.398730007047946
350,0.787542662116041,1.3982615068097164
351,0.7939419795221843,1.3938317555209476
352,0.783703071672355,1.401689557085265
353,0.7862627986348123,1.3952320944327137
354,0.7890358361774744,1.3924830415549945
355,0.7851962457337884,1.3872669434791538
356,0.7873293515358362,1.3880815453089952
357,0.7922354948805461,1.3754578112742193
358,0.7926621160409556,1.3779953160790452
359,0.7935153583617748,1.3741482956010733
360,0.7898890784982935,1.3715226341026228
361,0.7762372013651877,1.3785968103506459
362,0.7986348122866894,1.3715104251184562
363,0.7909556313993175,1.3628838998058956
364,0.7975682593856656,1.360450371947305
365,0.7930887372013652,1.3611327633515966
366,0.7937286689419796,1.3524854923677934
367,0.7945819112627986,1.3569832962934474
368,0.7950085324232082,1.3519315170346673
369,0.7913822525597269,1.3495748860844166
370,0.7956484641638225,1.3418745966087835
371,0.8065273037542662,1.3386098610256312
372,0.7903156996587031,1.34852595825651
373,0.7973549488054608,1.3423940281005442
374,0.7922354948805461,1.347566094414773
375,0.802901023890785,1.3289717110350676
376,0.8024744027303754,1.3268931294464008
377,0.8003412969283277,1.325921483414165
378,0.8069539249146758,1.3258486929200208
379,0.8007679180887372,1.3218942034366594
380,0.8007679180887372,1.3222490516538914
381,0.8039675767918089,1.314336506579923
382,0.7986348122866894,1.318245620450876
383,0.7999146757679181,1.3148365065506293
384,0.8088737201365188,1.3034429594925239
385,0.802901023890785,1.3090861803842486
386,0.8003412969283277,1.3108704541730392
387,0.7977815699658704,1.310163408416123
388,0.7992747440273038,1.3068763078683066
389,0.8020477815699659,1.2976789738944774
390,0.7958617747440273,1.3006870827984078
391,0.8165529010238908,1.2882103911845757
392,0.7982081911262798,1.3000699704824454
393,0.8133532423208191,1.2877006213412756
394,0.8063139931740614,1.2848618836126229
395,0.8058873720136519,1.2830670172850833
396,0.8007679180887372,1.285853318386924
397,0.8088737201365188,1.2780875809770396
398,0.8131399317406144,1.2716172384320672
399,0.8088737201365188,1.2740504143587965
400,0.8118600682593856,1.2686605005947804
401,0.802901023890785,1.270863442290765
402,0.8095136518771331,1.2679564472758322
403,0.8127133105802048,1.2662045158216977
404,0.8161262798634812,1.259293460194975
405,0.806740614334471,1.2608092998888711
406,0.8161262798634812,1.2518909335543271
407,0.8107935153583617,1.2553127080507245
408,0.8142064846416383,1.2565886567477074
409,0.8135665529010239,1.2554708609401977
410,0.8195392491467577,1.2414551676336816
411,0.8238054607508533,1.237118095261245
412,0.8186860068259386,1.2349299029685532
413,0.8107935153583617,1.2423050920304177
414,0.8161262798634812,1.2398231143430638
415,0.8135665529010239,1.2415858914014015
416,0.8199658703071673,1.2363128942841148
417,0.8257252559726962,1.2255997250918236
418,0.8161262798634812,1.234199401054773
419,0.8191126279863481,1.22562940332263
420,0.8282849829351536,1.217552713159815
421,0.8218856655290102,1.2254358806707752
422,0.8165529010238908,1.2248113570359787
423,0.8195392491467577,1.2132461392431944
424,0.8165529010238908,1.2173140939998952
425,0.824018771331058,1.2142644038379395
426,0.814419795221843,1.2178970660772748
427,0.8250853242320819,1.2083571709870478
428,0.8195392491467577,1.2122362884645168
429,0.8252986348122867,1.2019826324319676
430,0.8287116040955631,1.2035138411733477
431,0.8154863481228669,1.2082472494437833
432,0.8267918088737202,1.2028985430356178
433,0.8188993174061433,1.1937036742122507
434,0.8229522184300341,1.1961597867386333
435,0.8233788395904437,1.194689816582325
436,0.8321245733788396,1.1838696544080871
437,0.8233788395904437,1.1893226368028555
438,0.8127133105802048,1.1932250525764232
439,0.8314846416382252,1.177559003081338
440,0.8252986348122867,1.1837390514770871
441,0.8293515358361775,1.1785933963267876
442,0.8276450511945392,1.178705341579971
443,0.8250853242320819,1.1848312469879514
444,0.8238054607508533,1.1791751681741187
445,0.8346843003412969,1.1720943446859158
446,0.8214590443686007,1.1755348785745405
447,0.8216723549488054,1.1712650040310804
448,0.827005119453925,1.1723938724693586
449,0.8263651877133106,1.1708467287415123
450,0.8338310580204779,1.1627017686798304
451,0.8312713310580204,1.152719183993421
452,0.8338310580204779,1.1606333613802549
453,0.837457337883959,1.1514494663212487
454,0.8353242320819113,1.1521672775314122
455,0.835537542662116,1.1540404045541133
456,0.8348976109215017,1.1508609857982337
457,0.8410836177474402,1.1429473023365788
458,0.8310580204778157,1.1520479189251063
459,0.837457337883959,1.1395563521889696
460,0.837457337883959,1.13645886154305
461,0.8453498293515358,1.1344379154081639
462,0.8393771331058021,1.1346998119110134
463,0.8395904436860068,1.1315522450229007
464,0.8293515358361775,1.1356990439086236
465,0.8342576791808873,1.136394603260548
466,0.8466296928327645,1.117400544495306
467,0.8427901023890785,1.1253766415469069
468,0.8389505119453925,1.1184010611459256
469,0.840443686006826,1.1233041493965905
470,0.8417235494880546,1.1283873795649297
471,0.8430034129692833,1.1182344537546203
472,0.8393771331058021,1.1203299903218658
473,0.8438566552901023,1.1178378993740667
474,0.83169795221843,1.1179914031012472
475,0.8487627986348123,1.1064140031769008
476,0.8423634812286689,1.1102186636713178
477,0.8423634812286689,1.1078734947146003
478,0.8434300341296929,1.1099341652092267
479,0.8430034129692833,1.1053238175427955
480,0.8496160409556314,1.1007003763836805
481,0.8534556313993175,1.0967426401763238
482,0.8436433447098977,1.0947235798266153
483,0.8430034129692833,1.0956744716435975
484,0.8444965870307167,1.0993105634894387
485,0.8466296928327645,1.0907140176857697
486,0.8466296928327645,1.091592184919546
487,0.8581484641638225,1.0814933349654943
488,0.8496160409556314,1.0860803401917727
489,0.8489761092150171,1.0815928588548211
490,0.8421501706484642,1.0848726851948292
491,0.8476962457337884,1.0829219451943355
492,0.8521757679180887,1.0779759224771233
493,0.8474829351535836,1.0825632000945942
494,0.8436433447098977,1.0834510110750948
495,0.8474829351535836,1.0783721847338887
496,0.8528156996587031,1.0735802998314945
497,0.8466296928327645,1.0729513379900935
498,0.8496160409556314,1.0669712235089455
499,0.8513225255972696,1.0712156086244682
