epoch,categorical_accuracy,loss
0,0.4714163822525597,4.3167803393289095
1,0.4908276450511945,4.141827479157431
2,0.5014931740614335,3.9486470271296064
3,0.5053327645051194,3.9324732469617305
4,0.49893344709897613,3.8613368032735362
5,0.5008532423208191,3.7537581245240093
6,0.5010665529010239,3.6630889327859717
7,0.5059726962457338,3.607330778759901
8,0.5132252559726962,3.5071692653890354
9,0.5132252559726962,3.469625558462566
10,0.5185580204778157,3.432997456182799
11,0.5119453924914675,3.394548092279011
12,0.5185580204778157,3.3400758500798977
13,0.5138651877133106,3.3025782865062103
14,0.5142918088737202,3.2582825003223617
15,0.523037542662116,3.2059353830057606
16,0.5243174061433447,3.1680630172885724
17,0.5262372013651877,3.14947703999464
18,0.5213310580204779,3.1475109004323394
19,0.5294368600682594,3.1108167529513
20,0.5226109215017065,3.0703652661815033
21,0.5172781569965871,3.0616468895010573
22,0.5319965870307167,3.00942891042794
23,0.5258105802047781,3.001727626592226
24,0.5356228668941979,2.9772422655450606
25,0.5283703071672355,2.947530193947281
26,0.5247440273037542,2.9553312026599974
27,0.5213310580204779,2.941673316239497
28,0.5211177474402731,2.9048907032598814
29,0.5213310580204779,2.918415902824532
30,0.5217576791808873,2.880605558486522
31,0.5317832764505119,2.858057335375112
32,0.5324232081911263,2.839867242774052
33,0.53839590443686,2.8283898138755825
34,0.5159982935153583,2.8570245915305494
35,0.5255972696245734,2.8055446750068014
36,0.537542662116041,2.7893145751627637
37,0.5388225255972696,2.7738796614949615
38,0.5377559726962458,2.7851591744927418
39,0.5401023890784983,2.7482004605055668
40,0.5262372013651877,2.764532692196426
41,0.5364761092150171,2.744327158651254
42,0.5364761092150171,2.724136266285242
43,0.5202645051194539,2.740161425424517
44,0.5377559726962458,2.711715513528817
45,0.5307167235494881,2.7024414075519445
46,0.5294368600682594,2.6932736915939905
47,0.5189846416382252,2.7111431999011253
48,0.5354095563139932,2.6890342325073866
49,0.5258105802047781,2.6775548596430965
50,0.5388225255972696,2.665103567338234
51,0.5426621160409556,2.6531242705856166
52,0.5349829351535836,2.6460199933816955
53,0.5373293515358362,2.6300752057150363
54,0.5469283276450512,2.6214138192121488
55,0.5381825938566553,2.6155807508136633
56,0.5362627986348123,2.636961419427761
57,0.5424488054607508,2.6162059583761588
58,0.5514078498293515,2.599914063365793
59,0.5458617747440273,2.5825064532179067
60,0.5447952218430034,2.5943530338209237
61,0.5351962457337884,2.585070397666697
62,0.5407423208191127,2.575527983720799
63,0.554820819112628,2.563207923348853
64,0.5424488054607508,2.5615339279174805
65,0.5486348122866894,2.5597214381442543
66,0.5439419795221843,2.5463338663146766
67,0.5516211604095563,2.543940042066086
68,0.5507679180887372,2.543329175421809
69,0.5456484641638225,2.5350715422386196
70,0.5486348122866894,2.52406887226951
71,0.5494880546075085,2.5284425423006964
72,0.5607935153583617,2.5137681603024844
73,0.5516211604095563,2.5037937742044494
74,0.549061433447099,2.512912453238061
75,0.5522610921501706,2.500184630371198
76,0.5390358361774744,2.5025867268493966
77,0.5447952218430034,2.508610317731473
78,0.5505546075085325,2.4862568598151613
79,0.547994880546075,2.488771124504532
80,0.558660409556314,2.466163116917268
81,0.5595136518771331,2.459600081622804
82,0.5563139931740614,2.4685648138612613
83,0.5708191126279863,2.455948203903823
84,0.5610068259385665,2.459972084585717
85,0.5601535836177475,2.4533382576887113
86,0.5584470989761092,2.450588078222177
87,0.5437286689419796,2.4571836352755185
88,0.5469283276450512,2.44243145965472
89,0.5569539249146758,2.440891726431993
90,0.5520477815699659,2.4321665495328935
91,0.5535409556313993,2.4255593986641424
92,0.5595136518771331,2.4217879186311273
93,0.5639931740614335,2.4247116627546705
94,0.5556740614334471,2.4159031313027133
95,0.5669795221843004,2.3953575933345754
96,0.5733788395904437,2.399443505973946
97,0.5652730375426621,2.4030969435851324
98,0.5625,2.3940844535827637
99,0.5733788395904437,2.383972320947224
100,0.5625,2.390045097663541
101,0.5654863481228669,2.386206997946261
102,0.574018771331058,2.3739903860124714
103,0.5731655290102389,2.3724056868829826
104,0.5703924914675768,2.361179132103513
105,0.5761518771331058,2.367977764826179
106,0.5710324232081911,2.359273315696586
107,0.5750853242320819,2.353500418288716
108,0.5767918088737202,2.342657048547634
109,0.5714590443686007,2.3542500632614813
110,0.5680460750853242,2.34516584262913
111,0.577005119453925,2.3400238235655904
112,0.5735921501706485,2.337933848742332
113,0.5731655290102389,2.3327386924431184
114,0.5659129692832765,2.3361393843901443
115,0.5750853242320819,2.3232357827469756
116,0.5746587030716723,2.320744148293453
117,0.577858361774744,2.3153268696911913
118,0.5755119453924915,2.319049446249171
119,0.5795648464163823,2.3043911839507953
120,0.5776450511945392,2.303665070810416
121,0.5752986348122867,2.297640534391175
122,0.5708191126279863,2.300864456456676
123,0.5795648464163823,2.290096841167671
124,0.585537542662116,2.2846659523635187
125,0.5744453924914675,2.291359848536729
126,0.5908703071672355,2.2714007633131112
127,0.5750853242320819,2.275906458649619
128,0.5789249146757679,2.2747953401897547
129,0.5893771331058021,2.264673651281884
130,0.5752986348122867,2.272257957035364
131,0.5823378839590444,2.2561021908965126
132,0.5944965870307167,2.2489182241133863
133,0.5976962457337884,2.248811721801758
134,0.5944965870307167,2.2500235220678024
135,0.5885238907849829,2.2432733322573197
136,0.5921501706484642,2.2403054221091416
137,0.5889505119453925,2.2326700768779975
138,0.5840443686006825,2.2359680462209033
139,0.6070819112627986,2.2168207152304795
140,0.5942832764505119,2.2169274258532217
141,0.5955631399317406,2.2151239146144723
142,0.6021757679180887,2.2073173482263453
143,0.5925767918088737,2.2106365750674093
144,0.5868174061433447,2.2098535872970424
145,0.6011092150170648,2.202029956485631
146,0.5972696245733788,2.1995665498154153
147,0.5859641638225256,2.2025254903799847
148,0.5880972696245734,2.1870125487395926
149,0.5974829351535836,2.183692551310152
150,0.5972696245733788,2.179038046976812
151,0.5910836177474402,2.1847165916560045
152,0.5934300341296929,2.1764451904101585
153,0.5932167235494881,2.172621956457457
154,0.60089590443686,2.165800071820464
155,0.597056313993174,2.164324078543601
156,0.615401023890785,2.1504602155587778
157,0.6092150170648464,2.1478479315396464
158,0.6026023890784983,2.151108444754174
159,0.6045221843003413,2.144486194584557
160,0.6077218430034129,2.138913824289732
161,0.6002559726962458,2.1428785055570634
162,0.6107081911262798,2.1280041920853963
163,0.6117747440273038,2.1280628072523826
164,0.6070819112627986,2.1259701487961076
165,0.6038822525597269,2.1208140044489006
166,0.6122013651877133,2.1182687697557054
167,0.5959897610921502,2.1173349362591427
168,0.6141211604095563,2.1060421361044406
169,0.6122013651877133,2.1038246146648003
170,0.6098549488054608,2.099077127085611
171,0.6070819112627986,2.099578193430201
172,0.6132679180887372,2.096038884270313
173,0.6141211604095563,2.086051262686277
174,0.6130546075085325,2.0903773934361065
175,0.6166808873720137,2.0821739292795747
176,0.621160409556314,2.0747015785438614
177,0.6032423208191127,2.0838331952436793
178,0.6122013651877133,2.068766277397859
179,0.6271331058020477,2.0613233066662993
180,0.6113481228668942,2.065108757377078
181,0.6158276450511946,2.057172353764036
182,0.6166808873720137,2.055009566069463
183,0.6228668941979523,2.04944796041417
184,0.6158276450511946,2.044991224699053
185,0.623080204778157,2.0454605252262676
186,0.6286262798634812,2.036443209892247
187,0.6215870307167235,2.034410979560618
188,0.625,2.0319533315534883
189,0.6271331058020477,2.031070060290574
190,0.6190273037542662,2.0278613445295
191,0.6271331058020477,2.0133861535238324
192,0.6228668941979523,2.012242980377666
193,0.6235068259385665,2.013828250735286
194,0.6320392491467577,2.002619725038574
195,0.6339590443686007,1.9997035838638149
196,0.6275597269624573,2.001172862362129
197,0.630759385665529,1.9939897198725887
198,0.6228668941979523,1.9959562036364558
199,0.626919795221843,1.9909528270109522
200,0.626919795221843,1.9887729167124517
201,0.6318259385665529,1.9851002343278696
202,0.6414249146757679,1.977886132412803
203,0.6369453924914675,1.9733667422480143
204,0.6407849829351536,1.9708020776611952
205,0.6260665529010239,1.9632146627016034
206,0.6303327645051194,1.9690449766738423
207,0.6228668941979523,1.9700891320615905
208,0.6414249146757679,1.9534156403850778
209,0.6392918088737202,1.953621648277439
210,0.6382252559726962,1.9460931198588818
211,0.6292662116040956,1.9505009813927139
212,0.6363054607508533,1.942723977280965
213,0.6203071672354948,1.9447167021422662
214,0.6367320819112628,1.9371702744285402
215,0.6373720136518771,1.9347179879914371
216,0.6294795221843004,1.9342242129426768
217,0.6414249146757679,1.920267986356195
218,0.6339590443686007,1.9211519838600029
219,0.632679180887372,1.9217277594393838
220,0.6450511945392492,1.9135188389149949
221,0.6377986348122867,1.906017145606031
222,0.6363054607508533,1.9108757948305826
223,0.6273464163822525,1.9040053086069257
224,0.6550767918088737,1.89714914214489
225,0.6424914675767918,1.9010361428960598
226,0.639505119453925,1.8938051836482495
227,0.6488907849829352,1.892887031665841
228,0.6386518771331058,1.894231494376277
229,0.6435580204778157,1.8818766981261583
230,0.638438566552901,1.8839896888863104
231,0.6416382252559727,1.8789933557803313
232,0.6503839590443686,1.877107112074061
233,0.6452645051194539,1.874672748936728
234,0.6399317406143344,1.875128494594691
235,0.6450511945392492,1.8612997271501976
236,0.64910409556314,1.8605811010041742
237,0.6452645051194539,1.8575159787317999
238,0.6552901023890785,1.8485869775453119
239,0.6516638225255973,1.8493398371003187
240,0.6488907849829352,1.850594477848795
241,0.653796928327645,1.845027250641442
242,0.6518771331058021,1.8429624586788869
243,0.6505972696245734,1.8384416575317903
244,0.653796928327645,1.834498331001594
245,0.6525170648464164,1.8309823311229614
246,0.6593430034129693,1.8230033946118664
247,0.6531569965870307,1.8252950512101627
248,0.6471843003412969,1.824029926553928
249,0.6555034129692833,1.8161041777288547
250,0.6540102389078498,1.8100659855396675
251,0.6495307167235495,1.810477645323952
252,0.6520904436860068,1.8102191983636329
253,0.6548634812286689,1.8021742532684535
254,0.6676621160409556,1.7945885869830134
255,0.6533703071672355,1.7956769812229143
256,0.6544368600682594,1.794451908446823
257,0.6597696245733788,1.7909736271197478
258,0.6488907849829352,1.7910835409327173
259,0.6456911262798635,1.7926372668035202
260,0.6546501706484642,1.7833683763347794
261,0.6593430034129693,1.7786132410524649
262,0.653796928327645,1.779224276135806
263,0.6452645051194539,1.7781123114120432
264,0.6599829351535836,1.7696096156644332
265,0.6572098976109215,1.7676794545235488
266,0.6665955631399317,1.7654372583884022
267,0.6550767918088737,1.7643572515188224
268,0.6476109215017065,1.7663392735829533
269,0.659556313993174,1.7530782849308573
270,0.6525170648464164,1.750921401554407
271,0.6610494880546075,1.7495180217886135
272,0.659556313993174,1.7384022470220364
273,0.664462457337884,1.7352786780217402
274,0.6604095563139932,1.7429451970923884
275,0.6619027303754266,1.7362752131634605
276,0.659556313993174,1.736028414944333
277,0.6591296928327645,1.738189820543491
278,0.6567832764505119,1.7330343914520212
279,0.6657423208191127,1.7269871295922445
280,0.6593430034129693,1.72451724127291
281,0.6678754266211604,1.719942232040822
282,0.6693686006825939,1.7144300046634349
283,0.6808873720136519,1.7052213942231578
284,0.669155290102389,1.7057222441194815
285,0.6606228668941979,1.7095466461604774
286,0.6695819112627986,1.701896161756418
287,0.664462457337884,1.7029282652070499
288,0.6687286689419796,1.6994525242991008
289,0.6651023890784983,1.6974493423826458
290,0.6732081911262798,1.693018418937006
291,0.6659556313993175,1.6925588484103362
292,0.6757679180887372,1.6873280766067245
293,0.6676621160409556,1.6783716418230492
294,0.66830204778157,1.6803832009383843
295,0.6704351535836177,1.6801238108820475
296,0.6789675767918089,1.670449223534646
297,0.6742747440273038,1.673988171404946
298,0.6627559726962458,1.6692724594077153
299,0.6757679180887372,1.668494701385498
300,0.66830204778157,1.6705748322880716
301,0.6749146757679181,1.6581382897933596
302,0.6768344709897611,1.6575538579107552
303,0.6785409556313993,1.6561189609176064
304,0.6840870307167235,1.648337371520215
305,0.6776877133105802,1.6482081494640572
306,0.66830204778157,1.651026376685185
307,0.6685153583617748,1.6488172348855705
308,0.6808873720136519,1.641331762990854
309,0.6862201365187713,1.632786053439456
310,0.6796075085324232,1.6319381291548953
311,0.6813139931740614,1.631685628825894
312,0.6804607508532423,1.6270735019709877
313,0.6755546075085325,1.6316829598397524
314,0.6813139931740614,1.6216220070477638
315,0.6783276450511946,1.6153194147572176
316,0.6828071672354948,1.6190229125397197
317,0.6766211604095563,1.6183684913778469
318,0.6834470989761092,1.612036403535576
319,0.6796075085324232,1.6112810047820159
320,0.6800341296928327,1.6112731682969441
321,0.6770477815699659,1.6121488589882444
322,0.6789675767918089,1.6115579556279622
323,0.6802474402730375,1.6039379285870965
324,0.6768344709897611,1.6046709029747765
325,0.6853668941979523,1.5926392058056775
326,0.6736348122866894,1.5955829404726778
327,0.6813139931740614,1.5897140742975697
328,0.6815273037542662,1.5929280812422977
329,0.6825938566552902,1.587695450099255
330,0.6866467576791809,1.5800182359617319
331,0.6896331058020477,1.5758942613829525
332,0.6849402730375427,1.57245118219291
333,0.6821672354948806,1.579389267000322
334,0.689419795221843,1.5749570412033653
335,0.6919795221843004,1.572324698288693
336,0.6825938566552902,1.567569101222953
337,0.6887798634812287,1.5650248560075466
338,0.679820819112628,1.5695144975551567
339,0.6868600682593856,1.5646296812812623
340,0.6879266211604096,1.559003847857791
341,0.6830204778156996,1.5643043176305986
342,0.6872866894197952,1.5493133902142886
343,0.6860068259385665,1.5503421415647956
344,0.681740614334471,1.5537021815166538
345,0.689419795221843,1.5552726682949392
346,0.6834470989761092,1.5514619065633
347,0.6921928327645052,1.5427234848204734
348,0.6870733788395904,1.5467746965714282
349,0.6968856655290102,1.5341826591882282
350,0.6900597269624573,1.5341404237031122
351,0.6883532423208191,1.5415167861424208
352,0.6877133105802048,1.5325201660292955
353,0.6953924914675768,1.5287865038211028
354,0.6968856655290102,1.5221734531096631
355,0.6906996587030717,1.5209860679639484
356,0.6958191126279863,1.5218805595469556
357,0.6962457337883959,1.5175070164553541
358,0.6857935153583617,1.5196627524932498
359,0.6900597269624573,1.5091640277934155
360,0.6902730375426621,1.5135478745548392
361,0.6960324232081911,1.5073621118434868
362,0.6960324232081911,1.5058403312142798
363,0.6953924914675768,1.505764029538672
364,0.6966723549488054,1.5059226702504598
365,0.6911262798634812,1.5032553868082197
366,0.6979522184300341,1.5004580354527808
367,0.6979522184300341,1.4918163473695618
368,0.6953924914675768,1.4934285179339986
369,0.7054180887372014,1.4855843306401484
370,0.7101109215017065,1.4786233088262253
371,0.7017918088737202,1.4774580974220823
372,0.6883532423208191,1.489009493447001
373,0.6992320819112628,1.4801489932545215
374,0.6994453924914675,1.4797751948288276
375,0.6917662116040956,1.4821013175586792
376,0.6979522184300341,1.475074233048605
377,0.7011518771331058,1.4745724856243199
378,0.7039249146757679,1.4678109123438292
379,0.6962457337883959,1.4680657321682562
380,0.7024317406143344,1.469066560471831
381,0.7013651877133106,1.4619908560664987
382,0.6979522184300341,1.4615496714367395
383,0.7056313993174061,1.4532553702084279
384,0.7022184300341296,1.457811731527283
385,0.7024317406143344,1.458408073353686
386,0.6985921501706485,1.4525869018795547
387,0.7024317406143344,1.4480575477710762
388,0.7005119453924915,1.4529557769209045
389,0.7069112627986348,1.447391822476436
390,0.702005119453925,1.4489452903994928
391,0.7092576791808873,1.4406322012989188
392,0.6960324232081911,1.4419952098013191
393,0.7000853242320819,1.4382041912436891
394,0.7094709897610921,1.4374091966974043
395,0.7002986348122867,1.445048938839102
396,0.7088310580204779,1.4241876236000972
397,0.7037116040955631,1.4336677167195915
398,0.7092576791808873,1.4244742836968485
399,0.7032849829351536,1.4200228896157328
400,0.7034982935153583,1.4274480233013427
401,0.7086177474402731,1.419426282518146
402,0.7079778156996587,1.4218133830373199
403,0.6996587030716723,1.4157637150214393
404,0.7118174061433447,1.4120339313871624
405,0.7096843003412969,1.41125656964429
406,0.7081911262798635,1.4171849399703356
407,0.7071245733788396,1.4114006599061726
408,0.7073378839590444,1.410095107433332
409,0.7064846416382252,1.4113698994340342
410,0.7084044368600683,1.4029454204409602
411,0.7118174061433447,1.3985309930384768
412,0.7122440273037542,1.3973509260411963
413,0.7094709897610921,1.3974903191315844
414,0.7120307167235495,1.3937870044350218
415,0.7130972696245734,1.3942725703171088
416,0.7109641638225256,1.390542734198196
417,0.7079778156996587,1.393969227429543
418,0.7098976109215017,1.392145693912441
419,0.7205631399317406,1.382359952243115
420,0.7079778156996587,1.378398040048905
421,0.7143771331058021,1.3794906989706255
422,0.7241894197952219,1.3723911636925394
423,0.7045648464163823,1.381958978981695
424,0.7201365187713311,1.3719230507827862
425,0.7190699658703071,1.377587462448016
426,0.7007252559726962,1.3802998122908556
427,0.7173634812286689,1.369092292753096
428,0.7098976109215017,1.3729533176780153
429,0.721203071672355,1.3644430079964647
430,0.7088310580204779,1.3701309010437324
431,0.7209897610921502,1.3589104841186732
432,0.7133105802047781,1.3624679497077603
433,0.7098976109215017,1.3646892614332076
434,0.7233361774744027,1.3535101739212922
435,0.7192832764505119,1.3498567643832835
436,0.7261092150170648,1.349396477787161
437,0.7199232081911263,1.347638679445807
438,0.7267491467576792,1.343857189901046
439,0.7205631399317406,1.345892979016483
440,0.72589590443686,1.341099493739548
441,0.722056313993174,1.3428462629839015
442,0.7201365187713311,1.3473300392717225
443,0.7201365187713311,1.3432970771203676
444,0.7194965870307167,1.3331967893314036
445,0.7207764505119454,1.3327535809917255
446,0.7199232081911263,1.3386492631541178
447,0.7209897610921502,1.340957759590279
448,0.7148037542662116,1.3267503915793253
449,0.7284556313993175,1.3274161514568654
450,0.7145904436860068,1.3316962544014836
451,0.7194965870307167,1.3290307208539682
452,0.7271757679180887,1.3196950772516556
453,0.7273890784982935,1.3185426985444468
454,0.7241894197952219,1.3171323525620808
455,0.7267491467576792,1.3162387613550388
456,0.7226962457337884,1.3139755677037679
457,0.7231228668941979,1.3175173904301771
458,0.7175767918088737,1.3186696503349538
459,0.7278156996587031,1.3048834633908581
460,0.7252559726962458,1.311030229203937
461,0.7265358361774744,1.3085223298023991
462,0.7233361774744027,1.3122930783053715
463,0.7344283276450512,1.3064778892660305
464,0.7337883959044369,1.2957961351798255
465,0.731655290102389,1.298100617558476
466,0.7273890784982935,1.3025226959189458
467,0.7209897610921502,1.3021010644606763
468,0.7310153583617748,1.2962271495890698
469,0.7280290102389079,1.2940275665029324
470,0.7293088737201365,1.2904515770921936
471,0.7233361774744027,1.2956319400474887
472,0.735494880546075,1.2854914819828072
473,0.7335750853242321,1.2814139982132375
474,0.7333617747440273,1.282171486180797
475,0.7361348122866894,1.28070378791757
476,0.7310153583617748,1.280578618977257
477,0.7177901023890785,1.2903706063182687
478,0.7342150170648464,1.2797775256348958
479,0.7312286689419796,1.279134749145638
480,0.7273890784982935,1.2758254191167526
481,0.7425341296928327,1.271172433582996
482,0.735494880546075,1.2717008110606223
483,0.734641638225256,1.2724001261154538
484,0.735494880546075,1.2721445422123723
485,0.7369880546075085,1.2634058608943692
486,0.7397610921501706,1.2643117916868816
487,0.7367747440273038,1.2652995085960361
488,0.7288822525597269,1.2650851763962885
489,0.7322952218430034,1.2649380127317669
490,0.7325085324232082,1.2599923850733266
491,0.7391211604095563,1.258072517430823
492,0.7299488054607508,1.2631449679058973
493,0.7265358361774744,1.2625314717406706
494,0.7418941979522184,1.251302869653539
495,0.7350682593856656,1.2545181887141674
496,0.731655290102389,1.2551166352151604
497,0.7348549488054608,1.25203942642277
498,0.7273890784982935,1.2487979329893613
499,0.7421075085324232,1.2481085603147644
