epoch,categorical_accuracy,loss
0,0.44283276450511944,5.73986943834064
1,0.4953071672354949,5.196158894092964
2,0.4925341296928328,5.045275531938052
3,0.4901877133105802,4.840797556138282
4,0.5036262798634812,4.692137119306232
5,0.5206911262798635,4.549415858532382
6,0.5091723549488054,4.513265367254055
7,0.5189846416382252,4.407983382814167
8,0.501919795221843,4.393546081647124
9,0.509598976109215,4.340074011897064
10,0.5098122866894198,4.290438313533015
11,0.5209044368600683,4.236864581449853
12,0.5104522184300341,4.220737751840325
13,0.5185580204778157,4.198026696162826
14,0.5051194539249146,4.1622965498589
15,0.5228242320819113,4.129316987438006
16,0.5245307167235495,4.105154636370037
17,0.5185580204778157,4.093087710618159
18,0.511518771331058,4.070157197555178
19,0.5247440273037542,4.059900296019205
20,0.5319965870307167,4.039264215137364
21,0.5398890784982935,4.020863581842937
22,0.5435153583617748,4.002515897815952
23,0.5268771331058021,4.0018628579357785
24,0.5401023890784983,3.9759234405621733
25,0.5418088737201365,3.9605232473119534
26,0.5482081911262798,3.953443621612653
27,0.5430887372013652,3.9405160471034133
28,0.552901023890785,3.9238073557310136
29,0.5550341296928327,3.90996617099124
30,0.5625,3.89502891501469
31,0.5652730375426621,3.8891268045015304
32,0.5763651877133106,3.862006776568833
33,0.5772184300341296,3.8470254204785865
34,0.58169795221843,3.841486925964876
35,0.5868174061433447,3.826606253308241
36,0.5900170648464164,3.803090338007175
37,0.5784982935153583,3.802110455548804
38,0.5983361774744027,3.782206437693521
39,0.6094283276450512,3.7632600642715297
40,0.6004692832764505,3.753805376157012
41,0.6032423208191127,3.729654096499238
42,0.6090017064846417,3.7191411114389985
43,0.6117747440273038,3.7041108233936817
44,0.6072952218430034,3.695883058443818
45,0.6218003412969283,3.6707746575716818
46,0.6177474402730375,3.6612868561272736
47,0.6360921501706485,3.6357651529865462
48,0.6222269624573379,3.630591883187408
49,0.6271331058020477,3.608893584879592
50,0.6377986348122867,3.5881299020487294
51,0.6277730375426621,3.5727840649796834
52,0.6309726962457338,3.5592289076730252
53,0.6510238907849829,3.5367429899274287
54,0.6452645051194539,3.5193361267701757
55,0.6427047781569966,3.5030308738096583
56,0.6510238907849829,3.4832431138985798
57,0.6343856655290102,3.4750760529228444
58,0.6469709897610921,3.4547858409100427
59,0.6514505119453925,3.435743726561094
60,0.6516638225255973,3.4134123431130887
61,0.6557167235494881,3.402072668889277
62,0.643344709897611,3.389559010189955
63,0.6520904436860068,3.3584152464166843
64,0.6665955631399317,3.3420846852833095
65,0.6642491467576792,3.3245454233254184
66,0.6695819112627986,3.304137890656247
67,0.6552901023890785,3.2952074841834578
68,0.6793941979522184,3.270054374538591
69,0.6678754266211604,3.2570852159233223
70,0.6751279863481229,3.2378813821707975
71,0.6764078498293515,3.2166308282585274
72,0.6802474402730375,3.2022115004347453
73,0.6843003412969283,3.177366089088518
74,0.6802474402730375,3.163457787484439
75,0.693259385665529,3.1462017822591113
76,0.6900597269624573,3.1291745628513166
77,0.6966723549488054,3.10972625729167
78,0.6906996587030717,3.0917881967264638
79,0.7005119453924915,3.0714413346690934
80,0.6900597269624573,3.059748840006545
81,0.6983788395904437,3.0377162300279115
82,0.6956058020477816,3.029825224404449
83,0.697098976109215,3.0085649319476233
84,0.6985921501706485,2.9957518968159023
85,0.7090443686006825,2.9711801615184483
86,0.7239761092150171,2.9490894595917583
87,0.7094709897610921,2.939615361926499
88,0.7090443686006825,2.925105483865575
89,0.7088310580204779,2.9099664745070424
90,0.7113907849829352,2.8879362202341645
91,0.710537542662116,2.881494608348547
92,0.7248293515358362,2.851315549616114
93,0.7224829351535836,2.845261525782302
94,0.7252559726962458,2.82596213581619
95,0.725042662116041,2.806896382224438
96,0.726962457337884,2.796165244978036
97,0.7367747440273038,2.7800416921999673
98,0.7325085324232082,2.7611384530116267
99,0.7276023890784983,2.7504860467878216
100,0.7389078498293515,2.7319146244192285
101,0.7414675767918089,2.7152774106113577
102,0.7465870307167235,2.7055197160805453
103,0.7425341296928327,2.6887251891373776
104,0.7429607508532423,2.668379353174984
105,0.736561433447099,2.661557761475495
106,0.7433873720136519,2.640155766197439
107,0.7512798634812287,2.631959668605401
108,0.7529863481228669,2.610741362229956
109,0.7534129692832765,2.6026169887581783
110,0.7448805460750854,2.5863042732147634
111,0.7563993174061433,2.5661539526929626
112,0.7574658703071673,2.5593299157790357
113,0.7610921501706485,2.54555968213
114,0.7630119453924915,2.535699596177189
115,0.7649317406143344,2.517268132837966
116,0.7674914675767918,2.5060038403846296
117,0.7783703071672355,2.4881624467543775
118,0.7670648464163823,2.4823608089225693
119,0.7775170648464164,2.4652548666293304
120,0.7794368600682594,2.4543481247416943
121,0.7813566552901023,2.4362682230236588
122,0.7743174061433447,2.4235981064038064
123,0.7807167235494881,2.4167102929268274
124,0.7775170648464164,2.4076712570906498
125,0.7869027303754266,2.386419721024028
126,0.7813566552901023,2.379634377085715
127,0.7913822525597269,2.368091637770877
128,0.789462457337884,2.359816150860575
129,0.7913822525597269,2.3383487491477473
130,0.7952218430034129,2.3227017633744067
131,0.8088737201365188,2.3176334148380944
132,0.799061433447099,2.3072640464574405
133,0.8018344709897611,2.2938010521716223
134,0.7975682593856656,2.285803095065693
135,0.8022610921501706,2.268734643890589
136,0.808660409556314,2.2647674083709717
137,0.806740614334471,2.2500095399980253
138,0.8125,2.2364162096798217
139,0.8110068259385665,2.2253583169227573
140,0.8218856655290102,2.206069922691319
141,0.814419795221843,2.2025120583817412
142,0.8191126279863481,2.191103041782314
143,0.8125,2.191116983980042
144,0.8267918088737202,2.1731533865879826
145,0.8229522184300341,2.160226300307915
146,0.8242320819112628,2.1550237872087914
147,0.8248720136518771,2.142715716117885
148,0.8218856655290102,2.1342952609469052
149,0.8295648464163823,2.121893571912225
150,0.8208191126279863,2.1198470120543913
151,0.8312713310580204,2.0993186890468665
152,0.8323378839590444,2.0941633543463696
153,0.841296928327645,2.074850844848685
154,0.8321245733788396,2.069459393569634
155,0.8430034129692833,2.0531773933371587
156,0.8380972696245734,2.0497442475764824
157,0.8406569965870307,2.0375536806347427
158,0.8479095563139932,2.0295851336404325
159,0.8393771331058021,2.0286274477076613
160,0.8487627986348123,2.0156568207431573
161,0.8417235494880546,2.002762874238727
162,0.8528156996587031,1.99527968318796
163,0.856655290102389,1.9799809402980089
164,0.8534556313993175,1.978082242272413
165,0.8594283276450512,1.963568191886355
166,0.85580204778157,1.9610020341319843
167,0.85580204778157,1.953414405165272
168,0.8651877133105802,1.9333946448544186
169,0.8581484641638225,1.9311587554196041
170,0.8636945392491467,1.920427630785789
171,0.8658276450511946,1.9124213636124907
172,0.8651877133105802,1.898358325909429
173,0.8651877133105802,1.9050077509147723
174,0.8581484641638225,1.8907407115343895
175,0.8694539249146758,1.8799406460934531
176,0.8720136518771331,1.872782425668866
177,0.8754266211604096,1.8598164958758565
178,0.8737201365187713,1.851516834704949
179,0.8745733788395904,1.84634327156145
180,0.8737201365187713,1.8355900679838941
181,0.8743600682593856,1.8299427496288416
182,0.886518771331058,1.809512962660285
183,0.8764931740614335,1.8103146117701872
184,0.8856655290102389,1.7978907668956718
185,0.8848122866894198,1.7891858368603444
186,0.8820392491467577,1.7877505313821214
187,0.8860921501706485,1.7723553286477567
188,0.8803327645051194,1.7721837400983218
189,0.8916382252559727,1.7575362489492006
190,0.8939846416382252,1.749323439679455
191,0.8909982935153583,1.743173414529794
192,0.8873720136518771,1.742553449734893
193,0.89419795221843,1.728906777124763
194,0.8967576791808873,1.7175551445410926
195,0.8882252559726962,1.7142275392805757
196,0.9025170648464164,1.7055878716524144
197,0.8967576791808873,1.7008181680184582
198,0.8986774744027304,1.6962669245619009
199,0.9033703071672355,1.685925400704654
200,0.899957337883959,1.6785844885855405
201,0.8963310580204779,1.680441172049721
202,0.902943686006826,1.6675969150692938
203,0.9078498293515358,1.657387787978397
204,0.9072098976109215,1.6480795478658057
205,0.903796928327645,1.6421961690785536
206,0.9025170648464164,1.642270796534958
207,0.9119027303754266,1.6249714206916888
208,0.9076365187713311,1.6225233525546336
209,0.9074232081911263,1.6198986776859687
210,0.9052901023890785,1.612637334716198
211,0.9112627986348123,1.6090101809224984
212,0.914462457337884,1.5980726822244429
213,0.9110494880546075,1.5854053245062714
214,0.922141638225256,1.5779047598204108
215,0.909556313993174,1.5820901092815725
216,0.9129692832764505,1.5772411668666801
217,0.9153156996587031,1.562307627127846
218,0.9236348122866894,1.550485751327801
219,0.9163822525597269,1.551123769616918
220,0.9251279863481229,1.5362881283711247
221,0.9257679180887372,1.5363746364775779
222,0.9189419795221843,1.5316703075434974
223,0.922141638225256,1.5269002275662211
224,0.9165955631399317,1.5242058022437242
225,0.9251279863481229,1.5159120946207145
226,0.9276877133105802,1.5062312677044918
227,0.9219283276450512,1.5056040486378068
228,0.9223549488054608,1.4979461944143926
229,0.9302474402730375,1.48761155011304
230,0.9257679180887372,1.489535891155334
231,0.9272610921501706,1.4772235972889454
232,0.927901023890785,1.4721794368463978
233,0.9283276450511946,1.4692477545233718
234,0.9323805460750854,1.4598133071697612
235,0.9293941979522184,1.4555461545039363
236,0.9253412969283277,1.4528930561534374
237,0.9313139931740614,1.445542833097152
238,0.9347269624573379,1.441141932083885
239,0.9372866894197952,1.431799829209624
240,0.9332337883959044,1.4302605781132043
241,0.9379266211604096,1.416996915999533
242,0.9319539249146758,1.417866209668104
243,0.9323805460750854,1.4151357074646413
244,0.9375,1.4036046779196416
245,0.9398464163822525,1.3977954509722088
246,0.9364334470989761,1.3955339710053323
247,0.939419795221843,1.3836442411149321
248,0.9362201365187713,1.3925073512991948
249,0.9428327645051194,1.3774271947125118
250,0.9372866894197952,1.3799314995267693
251,0.9430460750853242,1.364763903943345
252,0.9460324232081911,1.3593164145336216
253,0.9458191126279863,1.3534828469208076
254,0.9409129692832765,1.3546504266432935
255,0.945179180887372,1.345173378853261
256,0.9441126279863481,1.3442344995082034
257,0.941339590443686,1.3387207199689064
258,0.9441126279863481,1.3311990174010344
259,0.9436860068259386,1.3286606484305736
260,0.9462457337883959,1.3184619922279905
261,0.941339590443686,1.3245870774109616
262,0.9456058020477816,1.3165286047059928
263,0.9494453924914675,1.30556173007236
264,0.9460324232081911,1.3093847369984961
265,0.9517918088737202,1.2993649915623584
266,0.9438993174061433,1.3010047369035844
267,0.9485921501706485,1.2892794039469124
268,0.9502986348122867,1.2838217585566916
269,0.9462457337883959,1.2817115958640193
270,0.9524317406143344,1.2757120087691949
271,0.9545648464163823,1.2690437967053045
272,0.9485921501706485,1.2698326529903217
273,0.949018771331058,1.2634310217847595
274,0.949018771331058,1.2561868465801147
275,0.9554180887372014,1.2496599687244299
276,0.9502986348122867,1.249531854948493
277,0.9534982935153583,1.2466168167648055
278,0.952858361774744,1.2417608027572111
279,0.9549914675767918,1.2355710927130013
280,0.9524317406143344,1.2309172161610054
281,0.9560580204778157,1.2253567790008648
282,0.9554180887372014,1.2195093302189695
283,0.9545648464163823,1.213980441207365
284,0.9581911262798635,1.2095654881448061
285,0.9547781569965871,1.2057070329327633
286,0.9579778156996587,1.2051366579817424
287,0.9498720136518771,1.2078627970438363
288,0.9581911262798635,1.1970333381724438
289,0.9545648464163823,1.193787997493158
290,0.9577645051194539,1.1902952243036784
291,0.9596843003412969,1.1810209799952067
292,0.9581911262798635,1.18094177579717
293,0.9562713310580204,1.181369358769049
294,0.9588310580204779,1.1715263946064502
295,0.9622440273037542,1.167360202851149
296,0.9592576791808873,1.1654710139023974
297,0.9594709897610921,1.1602603172686319
298,0.9573378839590444,1.160726872320468
299,0.9590443686006825,1.158662174748886
300,0.962457337883959,1.1448530748028805
301,0.9601109215017065,1.1444464319801981
302,0.9633105802047781,1.1379787958522705
303,0.9622440273037542,1.13482671711632
304,0.9603242320819113,1.1357428030756147
305,0.9607508532423208,1.1292378316560296
306,0.9626706484641638,1.1274792855103268
307,0.9590443686006825,1.1267105235174655
308,0.9603242320819113,1.1185782476496777
309,0.960537542662116,1.1167729665801793
310,0.9628839590443686,1.11417411984844
311,0.962457337883959,1.1041794750877614
312,0.9637372013651877,1.1020494524529363
313,0.9660836177474402,1.0997125720001324
314,0.9633105802047781,1.0965124323913262
315,0.96160409556314,1.096229848194448
316,0.9643771331058021,1.09110215051996
317,0.9628839590443686,1.082484955266881
318,0.9669368600682594,1.0776226492058294
319,0.9643771331058021,1.0806127969722292
320,0.9628839590443686,1.07604460952225
321,0.966296928327645,1.0716026590138978
322,0.9637372013651877,1.0692607083011405
323,0.9650170648464164,1.0678905350356378
324,0.9613907849829352,1.066520445175952
325,0.9665102389078498,1.0563287580379448
326,0.9650170648464164,1.0560292682956918
327,0.9641638225255973,1.051517884479041
328,0.9671501706484642,1.044031451993428
329,0.9699232081911263,1.0397838805722701
330,0.966296928327645,1.0424554445637777
331,0.9675767918088737,1.034603313374438
332,0.9682167235494881,1.0350139110568441
333,0.9660836177474402,1.032576660247386
334,0.9667235494880546,1.0281265144055207
335,0.9684300341296929,1.0260143943207256
336,0.9650170648464164,1.027599482812979
337,0.9673634812286689,1.0165560568965744
338,0.9697098976109215,1.0087719360309249
339,0.9716296928327645,1.0119395789025993
340,0.9690699658703071,1.0056703943034488
341,0.9688566552901023,1.0041634584856522
342,0.9684300341296929,1.0055705618125994
343,0.9671501706484642,1.0026321704070316
344,0.9686433447098977,0.9986736025826516
345,0.965443686006826,0.9965622119936113
346,0.9724829351535836,0.985346137867039
347,0.9714163822525598,0.9856717578380181
348,0.9707764505119454,0.9795245888290145
349,0.9677901023890785,0.9812463090688295
350,0.9697098976109215,0.9731165355789784
351,0.9697098976109215,0.9728384703499465
352,0.9701365187713311,0.9727794879939369
353,0.9718430034129693,0.9664890591195012
354,0.9686433447098977,0.9687353018607703
355,0.9707764505119454,0.9617338278187827
356,0.9686433447098977,0.9622152291060307
357,0.9701365187713311,0.9588338669656487
358,0.9724829351535836,0.9541922266572815
359,0.9701365187713311,0.953023327292029
360,0.9752559726962458,0.9446670805634899
361,0.9722696245733788,0.9428396125295463
362,0.9763225255972696,0.9377255809998757
363,0.9718430034129693,0.942032437275701
364,0.9707764505119454,0.944740999884166
365,0.975042662116041,0.9323011945945818
366,0.9729095563139932,0.9315048769472402
367,0.9699232081911263,0.9327616421029022
368,0.971203071672355,0.9301569738485708
369,0.9705631399317406,0.9230249473259311
370,0.9718430034129693,0.9230551721699816
371,0.9756825938566553,0.9139094680242571
372,0.971203071672355,0.9178549921960147
373,0.9741894197952219,0.9097021407234791
374,0.9737627986348123,0.9099642746277636
375,0.9754692832764505,0.9038426509896236
376,0.9767491467576792,0.9010310201514703
377,0.9731228668941979,0.9049799114770857
378,0.9735494880546075,0.9007112263819463
379,0.9729095563139932,0.8962622864661364
380,0.9707764505119454,0.9032875793785772
381,0.9733361774744027,0.8887703528583253
382,0.9724829351535836,0.8931212105848684
383,0.9748293515358362,0.8878356002703461
384,0.9688566552901023,0.8925671664928007
385,0.975042662116041,0.880667513344475
386,0.975042662116041,0.8807126373154311
387,0.9722696245733788,0.8785878456493287
388,0.9718430034129693,0.8761746924078099
389,0.975042662116041,0.8693646577031132
390,0.9746160409556314,0.8707055197234039
391,0.9739761092150171,0.8699853302268852
392,0.9786689419795221,0.865862177297117
393,0.9735494880546075,0.866297877078984
394,0.9780290102389079,0.8538137749600329
395,0.9754692832764505,0.8579494106891619
396,0.975042662116041,0.853148692703898
397,0.9773890784982935,0.8491024987282606
398,0.9784556313993175,0.8469021047748396
399,0.9778156996587031,0.8487752151163772
400,0.9784556313993175,0.8413167532800407
401,0.9763225255972696,0.8437786191803603
402,0.9752559726962458,0.8390165085271764
403,0.976962457337884,0.8354927211898179
404,0.976962457337884,0.835230972172864
405,0.9788822525597269,0.8332973240585457
406,0.9784556313993175,0.8291356480162299
407,0.9812286689419796,0.8218589526801386
408,0.9782423208191127,0.8259469789449673
409,0.9782423208191127,0.821908219275621
410,0.9739761092150171,0.8212031294868261
411,0.9767491467576792,0.8194226433392677
412,0.9739761092150171,0.8228829330144889
413,0.976962457337884,0.8147798390111826
414,0.97589590443686,0.8149942350875803
415,0.9780290102389079,0.8108971096549832
416,0.9754692832764505,0.8126240010554473
417,0.9793088737201365,0.8070036628547382
418,0.9784556313993175,0.8024474030468651
419,0.9726962457337884,0.8124498063793768
420,0.9746160409556314,0.8054197493673592
421,0.9773890784982935,0.7988800483758945
422,0.9771757679180887,0.7931951874352152
423,0.9765358361774744,0.800042641040815
424,0.9771757679180887,0.7933177970375217
425,0.9763225255972696,0.7904602799806172
426,0.9790955631399317,0.7893267062336918
427,0.97589590443686,0.7872656856380632
428,0.9788822525597269,0.7801724977460738
429,0.9782423208191127,0.7803842209711823
430,0.9803754266211604,0.7849669924368223
431,0.9741894197952219,0.7850662280675087
432,0.9788822525597269,0.7758506133694698
433,0.9756825938566553,0.7761176596729422
434,0.9761092150170648,0.7722453611295784
435,0.9786689419795221,0.771754115311359
436,0.9814419795221843,0.7658076278178765
437,0.9767491467576792,0.7661476993723534
438,0.9776023890784983,0.7663206415371683
439,0.9788822525597269,0.7616926917850768
440,0.9754692832764505,0.7638808938423521
441,0.9825085324232082,0.7580791125932245
442,0.9793088737201365,0.7543810343579628
443,0.981655290102389,0.7568669290672797
444,0.9763225255972696,0.752420331837781
445,0.9795221843003413,0.753191963601031
446,0.9812286689419796,0.7477720829407103
447,0.9803754266211604,0.7441486390784332
448,0.9788822525597269,0.7460920839179498
449,0.9780290102389079,0.7428824783592094
450,0.9778156996587031,0.7412481690429583
451,0.9812286689419796,0.7401470078136327
452,0.9799488054607508,0.7347465556229341
453,0.9812286689419796,0.7363540812970836
454,0.9782423208191127,0.7337359495130416
455,0.9799488054607508,0.7318034115098035
456,0.9801621160409556,0.7323079151911948
457,0.9765358361774744,0.7318929203948064
458,0.9797354948805461,0.727408457534712
459,0.9822952218430034,0.7236700704887051
460,0.9786689419795221,0.7247898401660724
461,0.9797354948805461,0.7239355908725855
462,0.9799488054607508,0.7190836177751065
463,0.9818686006825939,0.7147634714943557
464,0.9840017064846417,0.713171936953027
465,0.9818686006825939,0.7131692960400631
466,0.9803754266211604,0.7134107833429408
467,0.9790955631399317,0.7144024243940672
468,0.9829351535836177,0.7090019091404339
469,0.9778156996587031,0.7121230089216916
470,0.9820819112627986,0.7022459720588788
471,0.9827218430034129,0.7031379657393836
472,0.9784556313993175,0.7037618986168819
473,0.9782423208191127,0.7036705977273883
474,0.9799488054607508,0.6997757259082469
475,0.9776023890784983,0.7018748997828252
476,0.9805887372013652,0.6974928108498505
477,0.9840017064846417,0.690707959209286
478,0.9844283276450512,0.6890501725795732
479,0.9859215017064846,0.6849779675844994
480,0.9778156996587031,0.6916556087777069
481,0.9782423208191127,0.6903690958185814
482,0.9837883959044369,0.6885969191281055
483,0.9820819112627986,0.6849261884396394
484,0.9814419795221843,0.6829011548094375
485,0.9784556313993175,0.6832488411115705
486,0.9831484641638225,0.6794248709499633
487,0.9810153583617748,0.6848012121464205
488,0.9786689419795221,0.6783321145858374
489,0.981655290102389,0.6718950847310011
490,0.9829351535836177,0.6720698329368956
491,0.9820819112627986,0.6748006349944418
492,0.9810153583617748,0.6753893276937178
493,0.9805887372013652,0.6719883515566283
494,0.98080204778157,0.6688424997769118
495,0.9842150170648464,0.6642441515629609
496,0.9805887372013652,0.6661234880470172
497,0.9797354948805461,0.6657501416401651
498,0.9814419795221843,0.6647230173133746
499,0.9797354948805461,0.6586131038519303
