epoch,categorical_accuracy,loss
0,0.5635665529010239,5.152351739056688
1,0.5518344709897611,4.650907477421159
2,0.5292235494880546,4.444637890968713
3,0.5185580204778157,4.2565612931300345
4,0.5221843003412969,4.130694296579719
5,0.5098122866894198,4.011971218187248
6,0.5270904436860068,3.845387872168635
7,0.5204778156996587,3.7788760198261144
8,0.5162116040955631,3.7358397037909707
9,0.5270904436860068,3.65078906882745
10,0.5236774744027304,3.6199949113175323
11,0.5328498293515358,3.5407014503413907
12,0.52410409556314,3.46862231667945
13,0.5194112627986348,3.4648194744318417
14,0.5364761092150171,3.38708085004787
15,0.5379692832764505,3.3150168807840186
16,0.5255972696245734,3.336305802185788
17,0.5130119453924915,3.337956769474537
18,0.5332764505119454,3.2909968566569043
19,0.5243174061433447,3.2426820257011126
20,0.5127986348122867,3.2316567661819198
21,0.5247440273037542,3.219066248818876
22,0.524957337883959,3.178310356042491
23,0.5319965870307167,3.1700378033895134
24,0.534556313993174,3.123764169907814
25,0.5159982935153583,3.134837191259495
26,0.5339163822525598,3.10018267485062
27,0.5343430034129693,3.0754700398689243
28,0.5285836177474402,3.082986760871809
29,0.537542662116041,3.071793849150882
30,0.5339163822525598,3.055148943292403
31,0.5379692832764505,3.0238272720636363
32,0.5281569965870307,3.030462009508048
33,0.5401023890784983,2.9812444419991033
34,0.5251706484641638,3.006541855099258
35,0.5277303754266212,2.995720162733423
36,0.5341296928327645,2.9502240561787993
37,0.5360494880546075,2.9550252213006134
38,0.5386092150170648,2.949816968253855
39,0.5415955631399317,2.9307363309957877
40,0.5411689419795221,2.926885620318989
41,0.5418088737201365,2.9186771070591013
42,0.5371160409556314,2.902105185765862
43,0.5469283276450512,2.890165869286443
44,0.5253839590443686,2.898100450990957
45,0.5541808873720137,2.8776209582240915
46,0.5488481228668942,2.8567952296025925
47,0.5392491467576792,2.869205858927131
48,0.5445819112627986,2.8452173426696463
49,0.5607935153583617,2.8356390267915694
50,0.5456484641638225,2.843319771639723
51,0.5268771331058021,2.842561934995163
52,0.552901023890785,2.8167105038418296
53,0.5526877133105802,2.7993799151007224
54,0.5590870307167235,2.7951130272992235
55,0.5326365187713311,2.8035005766377106
56,0.5381825938566553,2.801782856215389
57,0.5450085324232082,2.7866451911145105
58,0.5420221843003413,2.788859308783105
59,0.5409556313993175,2.779064848154478
60,0.5469283276450512,2.76830286377526
61,0.5473549488054608,2.766346595393106
62,0.5386092150170648,2.76057216413192
63,0.5499146757679181,2.7484129150572896
64,0.5546075085324232,2.7367464421959053
65,0.5458617747440273,2.7352349961577014
66,0.5518344709897611,2.716532981436407
67,0.5588737201365188,2.7171683864788796
68,0.5447952218430034,2.705425313715235
69,0.5462883959044369,2.7138372574243124
70,0.539462457337884,2.7148263674140383
71,0.5499146757679181,2.6942877484669863
72,0.5543941979522184,2.6771872230764133
73,0.5573805460750854,2.673681290076454
74,0.5450085324232082,2.6857752466364526
75,0.5578071672354948,2.666327068830106
76,0.5492747440273038,2.66062108648515
77,0.5603668941979523,2.6530329717304113
78,0.5531143344709898,2.6503049952991993
79,0.5469283276450512,2.64974689239528
80,0.5597269624573379,2.6351581726464803
81,0.572098976109215,2.622464039219931
82,0.5625,2.6173827949237496
83,0.5543941979522184,2.6134092832181235
84,0.5543941979522184,2.616614919473694
85,0.5599402730375427,2.604163742716402
86,0.5578071672354948,2.5973212979352516
87,0.5552474402730375,2.591852214962956
88,0.5578071672354948,2.5845697804929455
89,0.5622866894197952,2.586460159907162
90,0.5757252559726962,2.5668965272935993
91,0.5627133105802048,2.569641903398794
92,0.5599402730375427,2.559805852968131
93,0.5607935153583617,2.5535371271009737
94,0.5693259385665529,2.5466975620582244
95,0.5714590443686007,2.536599106349229
96,0.5669795221843004,2.5326642477471673
97,0.5622866894197952,2.5328359766624895
98,0.568259385665529,2.5262813429783635
99,0.5686860068259386,2.5183600972536886
100,0.5635665529010239,2.5098483310217743
101,0.558660409556314,2.5095500653107417
102,0.5872440273037542,2.4925451303097983
103,0.5571672354948806,2.4963563237173974
104,0.5727389078498294,2.4887154558006
105,0.5718856655290102,2.482099323142511
106,0.5806313993174061,2.4722950491075224
107,0.5669795221843004,2.4725560547955614
108,0.5757252559726962,2.461203035641042
109,0.5735921501706485,2.4543530469054655
110,0.5772184300341296,2.446546919109878
111,0.5868174061433447,2.4387525828625156
112,0.5780716723549488,2.436704039980527
113,0.5795648464163823,2.4286499918524314
114,0.5814846416382252,2.4167852808591044
115,0.5761518771331058,2.4184379846162765
116,0.574018771331058,2.4179000472046
117,0.5718856655290102,2.411350495986157
118,0.5838310580204779,2.397382883488522
119,0.5936433447098977,2.384606894372673
120,0.5823378839590444,2.3892548181904867
121,0.5861774744027304,2.3750352525873804
122,0.5831911262798635,2.3747352544765015
123,0.577005119453925,2.3712846573709223
124,0.5872440273037542,2.3661456059270343
125,0.5893771331058021,2.3549052033408104
126,0.5744453924914675,2.357201125434641
127,0.5934300341296929,2.3412333429876853
128,0.580844709897611,2.3409765775700073
129,0.5793515358361775,2.3343517129331723
130,0.6081484641638225,2.3134271740506533
131,0.6013225255972696,2.309912771088271
132,0.597056313993174,2.3118540361879627
133,0.5940699658703071,2.3057959657480285
134,0.5987627986348123,2.2953863550778544
135,0.5966296928327645,2.291213631223086
136,0.5925767918088737,2.2893697068146066
137,0.5983361774744027,2.285912856307046
138,0.5972696245733788,2.2751039343889254
139,0.5953498293515358,2.272309404184387
140,0.6040955631399317,2.2601220542660347
141,0.600042662116041,2.255804443522118
142,0.6064419795221843,2.244082866675211
143,0.6013225255972696,2.2487530871056047
144,0.60089590443686,2.2463234935604266
145,0.6032423208191127,2.2326096088813028
146,0.6051621160409556,2.228035786046103
147,0.6094283276450512,2.2115498638804048
148,0.6119880546075085,2.2137690217014874
149,0.6047354948805461,2.2170871069000038
150,0.611561433447099,2.206045249216386
151,0.60089590443686,2.20357664046434
152,0.6128412969283277,2.193388632946861
153,0.6181740614334471,2.1832237683058597
154,0.6179607508532423,2.1802121714113514
155,0.621160409556314,2.1750145218884986
156,0.6011092150170648,2.177563723443718
157,0.6164675767918089,2.163643219365195
158,0.6166808873720137,2.147718217999455
159,0.6188139931740614,2.1548991252131025
160,0.6051621160409556,2.1518324113136265
161,0.6196672354948806,2.145202302281767
162,0.6194539249146758,2.132521943427597
163,0.6228668941979523,2.1228634953091983
164,0.6224402730375427,2.123989620306386
165,0.619240614334471,2.121135193333284
166,0.6237201365187713,2.1161301046508165
167,0.6294795221843004,2.1002319160174996
168,0.6309726962457338,2.0960032793442136
169,0.6256399317406144,2.099832981519732
170,0.6264931740614335,2.0915619155245837
171,0.6290529010238908,2.0797910779816298
172,0.6232935153583617,2.0783588967632514
173,0.6309726962457338,2.0755597137347017
174,0.6281996587030717,2.0708970698073457
175,0.626919795221843,2.069006452788265
176,0.6328924914675768,2.0557253116633705
177,0.6386518771331058,2.0470560801314006
178,0.6397184300341296,2.0432085063270335
179,0.6301194539249146,2.0426593961976085
180,0.6363054607508533,2.0331677060078435
181,0.6277730375426621,2.0332756925361557
182,0.6422781569965871,2.0257265266704887
183,0.6337457337883959,2.021393378846881
184,0.6377986348122867,2.020937706423294
185,0.6392918088737202,2.0112524317393126
186,0.6303327645051194,2.0066664259588354
187,0.6542235494880546,1.999677018500839
188,0.6424914675767918,1.9912992304909352
189,0.6371587030716723,1.9919298740784055
190,0.6482508532423208,1.9829828881566436
191,0.6459044368600683,1.9795613793382874
192,0.6388651877133106,1.9721426878366046
193,0.640358361774744,1.9680088400433902
194,0.64419795221843,1.9643101635239637
195,0.6448378839590444,1.9501555873265446
196,0.6465443686006825,1.952852778467302
197,0.6495307167235495,1.9476920394767268
198,0.6439846416382252,1.9421224610390517
199,0.6437713310580204,1.9455548891028447
200,0.6520904436860068,1.9391631274499992
201,0.6437713310580204,1.935145720686929
202,0.6574232081911263,1.9207138055013715
203,0.6601962457337884,1.9181084356210338
204,0.6552901023890785,1.9163474898289494
205,0.6454778156996587,1.91235858995353
206,0.6608361774744027,1.8998572997265708
207,0.6459044368600683,1.904089033807097
208,0.6463310580204779,1.8976800864873893
209,0.6567832764505119,1.8906602704891167
210,0.6584897610921502,1.887291771559992
211,0.66339590443686,1.878872995490507
212,0.6557167235494881,1.87671729078065
213,0.6584897610921502,1.8732476865065382
214,0.6670221843003413,1.8627320633813382
215,0.6589163822525598,1.8598798989435918
216,0.6693686006825939,1.8580065896486666
217,0.6574232081911263,1.8530715577838364
218,0.6621160409556314,1.845051675933213
219,0.6659556313993175,1.841349002851154
220,0.6631825938566553,1.8378899850129267
221,0.6770477815699659,1.8287819644290026
222,0.6612627986348123,1.8361430168151855
223,0.6655290102389079,1.8251533654769534
224,0.6700085324232082,1.8246548704726704
225,0.6687286689419796,1.8181528971870604
226,0.6712883959044369,1.8083763260890193
227,0.6619027303754266,1.8083942831579736
228,0.6653156996587031,1.8077739233043006
229,0.6742747440273038,1.7999191145848088
230,0.672141638225256,1.7919734122403246
231,0.6830204778156996,1.7849445025668615
232,0.6663822525597269,1.7846690900496656
233,0.6723549488054608,1.775462903260371
234,0.6657423208191127,1.7804004137019656
235,0.6840870307167235,1.7691745489530597
236,0.6747013651877133,1.7713479694652883
237,0.6687286689419796,1.767813754976813
238,0.6885665529010239,1.7529282399005044
239,0.6915529010238908,1.747345397496793
240,0.6723549488054608,1.7519833553366286
241,0.6813139931740614,1.7437989170640809
242,0.672141638225256,1.7432549296792457
243,0.6830204778156996,1.7410741792197113
244,0.6828071672354948,1.7371370072250887
245,0.6906996587030717,1.723845997361193
246,0.6864334470989761,1.727006413830832
247,0.6921928327645052,1.719894145942792
248,0.6834470989761092,1.7174727469174123
249,0.6900597269624573,1.712635816567587
250,0.6862201365187713,1.711678111919364
251,0.6789675767918089,1.70882081578616
252,0.6875,1.7058086322029296
253,0.6845136518771331,1.7010563070863587
254,0.6887798634812287,1.7011135531773747
255,0.6898464163822525,1.6851337098424346
256,0.6898464163822525,1.6898611356780797
257,0.6862201365187713,1.6910262807644267
258,0.6881399317406144,1.6813493348632655
259,0.6966723549488054,1.6731640629394062
260,0.6943259385665529,1.674890451463823
261,0.6998720136518771,1.6675475485902598
262,0.6919795221843004,1.6672679055672863
263,0.6992320819112628,1.6605551820566222
264,0.6977389078498294,1.6586293022787204
265,0.7069112627986348,1.6461530077579485
266,0.7026450511945392,1.645883157391597
267,0.700938566552901,1.6458763282860505
268,0.7011518771331058,1.634568081780912
269,0.7062713310580204,1.6377346881827397
270,0.7000853242320819,1.6297160557919395
271,0.6985921501706485,1.632453482712495
272,0.7041382252559727,1.6225653406703024
273,0.7064846416382252,1.619802048995633
274,0.6966723549488054,1.624005981272805
275,0.7173634812286689,1.6067686902785057
276,0.6975255972696246,1.6204390289840438
277,0.7024317406143344,1.6051782849705667
278,0.70669795221843,1.6023613491155995
279,0.7094709897610921,1.6009953774689814
280,0.7126706484641638,1.5965627549858223
281,0.705844709897611,1.592978872943657
282,0.7145904436860068,1.586836845801552
283,0.7039249146757679,1.584985696008181
284,0.7167235494880546,1.5819822928197556
285,0.7143771331058021,1.5752288005457804
286,0.7096843003412969,1.569310971494421
287,0.7103242320819113,1.5713600375953387
288,0.7152303754266212,1.5683040081844395
289,0.7160836177474402,1.5729329960338085
290,0.7190699658703071,1.5556727476901162
291,0.7126706484641638,1.5665950710049261
292,0.716296928327645,1.555439038895096
293,0.7145904436860068,1.5532723714060344
294,0.7203498293515358,1.5502889933439652
295,0.7150170648464164,1.5526517003062643
296,0.7229095563139932,1.5396383968229588
297,0.7069112627986348,1.543134941175936
298,0.7107508532423208,1.5390527431468508
299,0.7182167235494881,1.5294673145834496
300,0.7216296928327645,1.531114643751151
301,0.7135238907849829,1.531406749230603
302,0.71160409556314,1.5292452968428158
303,0.7156569965870307,1.526405678267365
304,0.7222696245733788,1.5184340505469782
305,0.725042662116041,1.5170388421100969
306,0.7284556313993175,1.508524257168428
307,0.7295221843003413,1.4988079864417327
308,0.7256825938566553,1.5055399734412445
309,0.7229095563139932,1.4989102415664204
310,0.7222696245733788,1.4981202070216677
311,0.7180034129692833,1.4982411242996059
312,0.7267491467576792,1.4871919696241516
313,0.721203071672355,1.4893895025546233
314,0.7207764505119454,1.486879565610007
315,0.7273890784982935,1.4859833094853996
316,0.7286689419795221,1.477624452154791
317,0.7190699658703071,1.482750640387421
318,0.7286689419795221,1.4745437321809372
319,0.7241894197952219,1.474552862880173
320,0.7357081911262798,1.4648964071436548
321,0.7276023890784983,1.465589469203363
322,0.7314419795221843,1.4619619374389128
323,0.7261092150170648,1.4620688649167786
324,0.7318686006825939,1.455423848214003
325,0.7284556313993175,1.45996634504494
326,0.7337883959044369,1.4522887439857977
327,0.7329351535836177,1.454019949297856
328,0.7378412969283277,1.4433533628646018
329,0.7327218430034129,1.4476517927117722
330,0.7327218430034129,1.4439531621672594
331,0.7337883959044369,1.437912629326049
332,0.736561433447099,1.4355975910258374
333,0.7337883959044369,1.426887358414842
334,0.7290955631399317,1.4325354803137405
335,0.7465870307167235,1.4150592015464964
336,0.7335750853242321,1.422684849732565
337,0.7299488054607508,1.4198037674809478
338,0.7395477815699659,1.4170198709077801
339,0.7457337883959044,1.4163452891359558
340,0.7438139931740614,1.4083806333281481
341,0.7438139931740614,1.401945761446253
342,0.7393344709897611,1.4109701382015345
343,0.7431740614334471,1.4023072939277101
344,0.7502133105802048,1.39688551222505
345,0.7440273037542662,1.4009071914002351
346,0.753839590443686,1.388807983528632
347,0.736561433447099,1.396652061377776
348,0.751919795221843,1.3817020646541192
349,0.7463737201365188,1.3849362431939551
350,0.7401877133105802,1.386741759020314
351,0.7399744027303754,1.380419058604452
352,0.7450938566552902,1.3872703484707725
353,0.7506399317406144,1.3766696973872266
354,0.7429607508532423,1.3731963557188014
355,0.7536262798634812,1.3757568634410766
356,0.7549061433447098,1.36416771265427
357,0.759598976109215,1.359718615284552
358,0.7551194539249146,1.359707010483986
359,0.7561860068259386,1.356647710751348
360,0.748080204778157,1.3567572649021604
361,0.7425341296928327,1.358479350906997
362,0.757679180887372,1.3477591093082883
363,0.7502133105802048,1.3539660314651072
364,0.751919795221843,1.349099544534911
365,0.7527730375426621,1.3443493981410213
366,0.7553327645051194,1.3408451759774531
367,0.7627986348122867,1.3373597949844984
368,0.7636518771331058,1.3317937110471236
369,0.757679180887372,1.329148544793243
370,0.7551194539249146,1.3330388838113778
371,0.7591723549488054,1.328252618223327
372,0.7610921501706485,1.3278741734833441
373,0.768344709897611,1.3185305908678335
374,0.7679180887372014,1.316665497249304
375,0.7632252559726962,1.318515425656029
376,0.7540529010238908,1.3171951355787674
377,0.7591723549488054,1.314586122288232
378,0.757679180887372,1.3126607429452317
379,0.7655716723549488,1.3125706068891714
380,0.7591723549488054,1.309377287841901
381,0.7593856655290102,1.3073227108542016
382,0.7623720136518771,1.3054233907432686
383,0.7604522184300341,1.3019594491138393
384,0.7606655290102389,1.2951479950862532
385,0.7617320819112628,1.2961764026420515
386,0.7610921501706485,1.294626930874769
387,0.7647184300341296,1.2958359270779347
388,0.7649317406143344,1.288154884409986
389,0.7755972696245734,1.2776691217878167
390,0.7694112627986348,1.2844663028424104
391,0.7679180887372014,1.2811344093023307
392,0.7647184300341296,1.271739399066964
393,0.7666382252559727,1.2768418601755396
394,0.7736774744027304,1.2704176593559187
395,0.7709044368600683,1.267886756630074
396,0.7709044368600683,1.271171940471532
397,0.7777303754266212,1.2590771258487636
398,0.7715443686006825,1.2675664091272973
399,0.7745307167235495,1.2579496293344596
400,0.7698378839590444,1.2615346819060655
401,0.7851962457337884,1.2523066908019396
402,0.7747440273037542,1.2597209028009668
403,0.7743174061433447,1.255894001433467
404,0.7717576791808873,1.2561739976088748
405,0.7781569965870307,1.244032468405193
406,0.7743174061433447,1.2351295484210851
407,0.7702645051194539,1.2489997832034636
408,0.7832764505119454,1.2393096685409546
409,0.7723976109215017,1.2419133426386342
410,0.7798634812286689,1.236899417415007
411,0.7798634812286689,1.2334141401707517
412,0.7783703071672355,1.235707919345374
413,0.7866894197952219,1.2314476177554081
414,0.7892491467576792,1.228719622201887
415,0.7847696245733788,1.2282002851010996
416,0.7849829351535836,1.2240963096097874
417,0.7826365187713311,1.218465758265082
418,0.7824232081911263,1.2200151665625718
419,0.7796501706484642,1.213675201549465
420,0.7843430034129693,1.2207410754604144
421,0.77410409556314,1.2261109722352272
422,0.784556313993174,1.2180056657400555
423,0.78839590443686,1.2082390952028919
424,0.7913822525597269,1.2036360608026029
425,0.7881825938566553,1.2036259568998837
426,0.7854095563139932,1.2031114968016692
427,0.7871160409556314,1.2003810568474258
428,0.7947952218430034,1.1966645835609566
429,0.7935153583617748,1.1903290565510252
430,0.7926621160409556,1.1876906787169264
431,0.7956484641638225,1.1841984185749352
432,0.7871160409556314,1.1856870549530707
433,0.7888225255972696,1.1915658525232569
434,0.7945819112627986,1.1778166322577936
435,0.7967150170648464,1.1846947905960343
436,0.7962883959044369,1.1807204253030719
437,0.8007679180887372,1.1758321786089563
438,0.8018344709897611,1.1677958562512447
439,0.7965017064846417,1.1727860222090634
440,0.8018344709897611,1.1695943554106834
441,0.7913822525597269,1.176283956387751
442,0.7962883959044369,1.167056973070008
443,0.8005546075085325,1.1654084172265116
444,0.8041808873720137,1.1620565840001806
445,0.8046075085324232,1.1588664897065928
446,0.8056740614334471,1.1590872384582362
447,0.7965017064846417,1.1579814783135371
448,0.7992747440273038,1.1516976112391761
449,0.7920221843003413,1.153729412742849
450,0.8054607508532423,1.1522699415480318
451,0.7988481228668942,1.1562441213139087
452,0.797994880546075,1.1546553845291658
453,0.8056740614334471,1.1421223695774534
454,0.7975682593856656,1.1550086956382204
455,0.8041808873720137,1.148924472388961
456,0.8061006825938567,1.1384185898426042
457,0.8046075085324232,1.1403691569285994
458,0.8035409556313993,1.1371221522015516
459,0.806740614334471,1.1347203842609002
460,0.8056740614334471,1.132908312127045
461,0.8022610921501706,1.1356049698774318
462,0.8148464163822525,1.1187337523027492
463,0.8114334470989761,1.1256281678587097
464,0.8084470989761092,1.1206514497665823
465,0.8137798634812287,1.122348377322174
466,0.8075938566552902,1.1250989038382782
467,0.8112201365187713,1.117467080773754
468,0.8174061433447098,1.1199158503333864
469,0.8133532423208191,1.1103342047323546
470,0.8118600682593856,1.1078712903598877
471,0.8152730375426621,1.1072893984895518
472,0.8139931740614335,1.108683045813655
473,0.8265784982935154,1.1019386228034114
474,0.8084470989761092,1.1098737907897898
475,0.8176194539249146,1.107325522972862
476,0.8178327645051194,1.0982627648949217
477,0.8120733788395904,1.0976333227580726
478,0.8116467576791809,1.1012331214781101
479,0.8139931740614335,1.0999090614579237
480,0.8229522184300341,1.0923116752312045
481,0.8193259385665529,1.0945051330755189
482,0.820179180887372,1.0874696009801923
483,0.8210324232081911,1.0852984031312702
484,0.8193259385665529,1.0958444673453582
485,0.8169795221843004,1.0929685969401546
486,0.8265784982935154,1.0773817284522202
487,0.8272184300341296,1.079064560017895
488,0.8195392491467577,1.0821640039873612
489,0.8248720136518771,1.0761510194771933
490,0.820179180887372,1.078598574159902
491,0.825938566552901,1.0658729605300434
492,0.8252986348122867,1.072432703125599
493,0.8263651877133106,1.0739658493230775
494,0.8252986348122867,1.0668453197837282
495,0.8203924914675768,1.071736934648846
496,0.8227389078498294,1.068434656073209
497,0.830844709897611,1.0637106305503194
498,0.8246587030716723,1.0667777631063102
499,0.8248720136518771,1.0612252844885348
