epoch,categorical_accuracy,loss
0,0.5976962457337884,5.152740527338542
1,0.5802047781569966,4.46117656629647
2,0.5550341296928327,4.124121848226814
3,0.5550341296928327,3.8047537779238443
4,0.5373293515358362,3.716487624946308
5,0.5285836177474402,3.514912558090158
6,0.5217576791808873,3.468242645263672
7,0.5245307167235495,3.428933425161212
8,0.511518771331058,3.376835491063245
9,0.5159982935153583,3.302894960084466
10,0.5132252559726962,3.242450622161501
11,0.5051194539249146,3.2060519517892048
12,0.503839590443686,3.193421728375015
13,0.5051194539249146,3.1537977029845985
14,0.5068259385665529,3.065508392483708
15,0.5198378839590444,3.0149327300921236
16,0.5081058020477816,2.990742638656304
17,0.5081058020477816,2.908184976707953
18,0.5113054607508533,2.913185615181516
19,0.515358361774744,2.867999967861501
20,0.5025597269624573,2.8442354104624674
21,0.5130119453924915,2.8244168677020807
22,0.5221843003412969,2.76088955866192
23,0.514505119453925,2.7558602529987946
24,0.5189846416382252,2.7162160694395725
25,0.5170648464163823,2.7006445557591046
26,0.5164249146757679,2.6653560037905852
27,0.527943686006826,2.6336471375344965
28,0.5170648464163823,2.6339804637961013
29,0.5117320819112628,2.6299339724075264
30,0.5159982935153583,2.6237391367707237
31,0.5313566552901023,2.5581997108133985
32,0.5243174061433447,2.560691706556509
33,0.523037542662116,2.5441288996882
34,0.5217576791808873,2.5426839040814815
35,0.5209044368600683,2.5322469322347803
36,0.5149317406143344,2.5122663722510223
37,0.5266638225255973,2.4924963619115004
38,0.5243174061433447,2.4758226725021726
39,0.5253839590443686,2.457572838552169
40,0.5232508532423208,2.449267149785273
41,0.5215443686006825,2.4487069580742116
42,0.5307167235494881,2.417568522508641
43,0.5290102389078498,2.408274527702722
44,0.5273037542662116,2.4003799140656765
45,0.5298634812286689,2.3922196769063384
46,0.5334897610921502,2.363200772744397
47,0.5138651877133106,2.382985856345896
48,0.5334897610921502,2.3639240509007164
49,0.5260238907849829,2.351367013853158
50,0.5251706484641638,2.336788781266977
51,0.5217576791808873,2.350391317146223
52,0.5307167235494881,2.3130226525837245
53,0.527943686006826,2.331884751140868
54,0.5305034129692833,2.3163433424848745
55,0.5379692832764505,2.3084104354064214
56,0.5307167235494881,2.2971071432068078
57,0.5324232081911263,2.287212021114883
58,0.5277303754266212,2.2908886064848395
59,0.5358361774744027,2.274488270893032
60,0.5302901023890785,2.265160363688811
61,0.5322098976109215,2.2538575621595154
62,0.5347696245733788,2.25705273485021
63,0.5388225255972696,2.2489313306255143
64,0.5266638225255973,2.256783674194544
65,0.5275170648464164,2.2488348988542786
66,0.5343430034129693,2.2370013865187715
67,0.5324232081911263,2.2359384286118855
68,0.5354095563139932,2.231669639971476
69,0.5473549488054608,2.2208338125573897
70,0.5381825938566553,2.227521072882434
71,0.5369027303754266,2.210344163224152
72,0.5473549488054608,2.200861244071466
73,0.5300767918088737,2.215607390061987
74,0.5341296928327645,2.1973037019931416
75,0.53839590443686,2.1939103546402965
76,0.5484215017064846,2.185133970638184
77,0.5326365187713311,2.175523739219119
78,0.5424488054607508,2.1831256155267917
79,0.5456484641638225,2.1707184453059383
80,0.5458617747440273,2.1701212083927195
81,0.5437286689419796,2.1608302267745088
82,0.5388225255972696,2.1671844000702425
83,0.5430887372013652,2.1448044239864417
84,0.544155290102389,2.1517411930162345
85,0.5443686006825939,2.1481073683846117
86,0.5430887372013652,2.1463525140651663
87,0.5343430034129693,2.1508840920575243
88,0.550981228668942,2.130624601051669
89,0.5386092150170648,2.137439471462888
90,0.549061433447099,2.1233047950796706
91,0.5477815699658704,2.122819293481091
92,0.5460750853242321,2.1230756325119593
93,0.5388225255972696,2.129251177400452
94,0.5558873720136519,2.110303192822193
95,0.5526877133105802,2.110776804412998
96,0.5462883959044369,2.1040593438587907
97,0.5492747440273038,2.0972361271698725
98,0.5435153583617748,2.101876157949402
99,0.5486348122866894,2.0877838663680564
100,0.5558873720136519,2.0939550635757707
101,0.5492747440273038,2.08941772285175
102,0.5612201365187713,2.0804182335785226
103,0.5437286689419796,2.0829430456454436
104,0.5556740614334471,2.0719516960834072
105,0.5435153583617748,2.0737040205620256
106,0.5422354948805461,2.0757096847169634
107,0.5582337883959044,2.0670329482889014
108,0.5535409556313993,2.0615485878120916
109,0.5575938566552902,2.05886541698573
110,0.5595136518771331,2.0501470557658745
111,0.5516211604095563,2.062783139557562
112,0.5392491467576792,2.0527018630057063
113,0.5492747440273038,2.0478781372207018
114,0.5413822525597269,2.049340964177363
115,0.5465017064846417,2.0394541790054115
116,0.5535409556313993,2.0356791816880677
117,0.5445819112627986,2.038962802789317
118,0.5452218430034129,2.0284413038260296
119,0.5531143344709898,2.030935648358316
120,0.5588737201365188,2.0227262160070114
121,0.5625,2.0146640388631982
122,0.5648464163822525,2.0089626015249777
123,0.5575938566552902,2.0064172655242296
124,0.5738054607508533,2.0079549229592595
125,0.5593003412969283,2.006094581438006
126,0.5593003412969283,1.9953973350264513
127,0.5588737201365188,1.996031345360922
128,0.5520477815699659,2.000225569201004
129,0.5524744027303754,1.9993674047164136
130,0.564419795221843,1.9836530359938689
131,0.5597269624573379,1.986628469753591
132,0.564419795221843,1.9796977193689183
133,0.5686860068259386,1.9824870625453597
134,0.5588737201365188,1.9742484137466743
135,0.5633532423208191,1.9725738222688538
136,0.5642064846416383,1.9664139645905219
137,0.5497013651877133,1.9730646716042997
138,0.5731655290102389,1.9542341293328451
139,0.5612201365187713,1.9569038946067108
140,0.5582337883959044,1.9591861145488232
141,0.5554607508532423,1.9589471690890732
142,0.5712457337883959,1.9489154864496745
143,0.5703924914675768,1.9430073271839285
144,0.5718856655290102,1.9413556641686085
145,0.5738054607508533,1.9321211478815958
146,0.5667662116040956,1.9294662402351561
147,0.5714590443686007,1.9303899568095548
148,0.5731655290102389,1.924408662034383
149,0.574018771331058,1.9208069124319447
150,0.5680460750853242,1.9242240845546787
151,0.5676194539249146,1.9146112679621465
152,0.564419795221843,1.9195781226044222
153,0.5699658703071673,1.9117841488672198
154,0.577858361774744,1.9040495494933665
155,0.5723122866894198,1.9010739009128088
156,0.5791382252559727,1.898663163998835
157,0.5731655290102389,1.9020926606533064
158,0.5744453924914675,1.8949249417301737
159,0.5669795221843004,1.8981157366326238
160,0.5810580204778157,1.8853970058135205
161,0.5842576791808873,1.8773842065407556
162,0.5714590443686007,1.8774460143196705
163,0.5648464163822525,1.8804226430202913
164,0.5870307167235495,1.8715211926059918
165,0.5787116040955631,1.8672791621790812
166,0.5714590443686007,1.8706463160368363
167,0.5793515358361775,1.860579538670823
168,0.572098976109215,1.8671246608369587
169,0.5776450511945392,1.8609274275880625
170,0.5791382252559727,1.857437631782818
171,0.58169795221843,1.8509222244646768
172,0.5802047781569966,1.8505658346638338
173,0.5703924914675768,1.8465423885059031
174,0.5772184300341296,1.8412118287623538
175,0.5729522184300341,1.8397450211105086
176,0.5814846416382252,1.8385402082176339
177,0.5763651877133106,1.834498521817829
178,0.5782849829351536,1.828890049823722
179,0.5825511945392492,1.826249431831438
180,0.585537542662116,1.8281385743984184
181,0.5761518771331058,1.8228349860617732
182,0.5930034129692833,1.8174977868083395
183,0.5953498293515358,1.810402061752085
184,0.5876706484641638,1.8101470527388537
185,0.5797781569965871,1.808416720950156
186,0.5917235494880546,1.8044193743031993
187,0.5878839590443686,1.8016996709153108
188,0.5889505119453925,1.7960164274371933
189,0.5955631399317406,1.7927279651368437
190,0.5900170648464164,1.795138778133197
191,0.5968430034129693,1.7905893439725804
192,0.5938566552901023,1.783392747514484
193,0.5934300341296929,1.780230913145957
194,0.5942832764505119,1.7782122364630064
195,0.591296928327645,1.7773523757889003
196,0.596203071672355,1.7701917549042165
197,0.5908703071672355,1.7725897384584968
198,0.5908703071672355,1.7655522404270367
199,0.590443686006826,1.7682630971023248
200,0.5915102389078498,1.76532467925101
201,0.5951365187713311,1.7563537306346177
202,0.5906569965870307,1.7568274634690009
203,0.6002559726962458,1.7527711794238041
204,0.6070819112627986,1.7482817978582283
205,0.6026023890784983,1.7429142620783211
206,0.5923634812286689,1.7433835101208996
207,0.6113481228668942,1.7366025533285565
208,0.6085750853242321,1.7323932688390842
209,0.6107081911262798,1.7293229278037165
210,0.6006825938566553,1.7307372833681596
211,0.6053754266211604,1.7280197709086813
212,0.5994027303754266,1.7280272941133674
213,0.6068686006825939,1.7215062945369162
214,0.6126279863481229,1.7150844754619403
215,0.606655290102389,1.7158682346343994
216,0.6060153583617748,1.712196980320146
217,0.6015358361774744,1.7128286862129238
218,0.6017491467576792,1.706712112491855
219,0.6004692832764505,1.704258612805259
220,0.6119880546075085,1.7004974087757463
221,0.6126279863481229,1.6979679796882863
222,0.6006825938566553,1.700147603152148
223,0.613481228668942,1.6891257864623346
224,0.5994027303754266,1.6930172699710209
225,0.6051621160409556,1.6856246466522737
226,0.6100682593856656,1.6839205864753333
227,0.6079351535836177,1.687335421607763
228,0.6111348122866894,1.6773585121786228
229,0.6141211604095563,1.672067854591604
230,0.6045221843003413,1.6718970146602332
231,0.6032423208191127,1.6737566795772254
232,0.601962457337884,1.673260941440335
233,0.610494880546075,1.6654475292654982
234,0.611561433447099,1.6648129411931738
235,0.6203071672354948,1.653144174875253
236,0.6181740614334471,1.65433878866072
237,0.6213737201365188,1.6468371006409055
238,0.615401023890785,1.6477158570045498
239,0.625,1.646704445113094
240,0.6160409556313993,1.637300976307319
241,0.6023890784982935,1.6465909155562468
242,0.6117747440273038,1.6352719804939557
243,0.6149744027303754,1.6390341190754758
244,0.6190273037542662,1.63282784382231
245,0.6043088737201365,1.6343172577054021
246,0.6092150170648464,1.6293767169880786
247,0.6162542662116041,1.6218643766214416
248,0.621160409556314,1.6207358405858583
249,0.6220136518771331,1.620799494277902
250,0.617320819112628,1.6193632168167686
251,0.6177474402730375,1.6147510138794832
252,0.6147610921501706,1.616941223779229
253,0.6147610921501706,1.6088875552493151
254,0.6147610921501706,1.610323512513483
255,0.621160409556314,1.603467901005273
256,0.6299061433447098,1.5992592504000094
257,0.6179607508532423,1.5949333596961897
258,0.628839590443686,1.5933765844273486
259,0.6194539249146758,1.5863016705464177
260,0.6290529010238908,1.588437154431392
261,0.6264931740614335,1.589344504343365
262,0.6156143344709898,1.5866746621734047
263,0.619240614334471,1.579050407474765
264,0.6175341296928327,1.5827020516574586
265,0.6220136518771331,1.5763351563300696
266,0.6179607508532423,1.5737418872097653
267,0.6136945392491467,1.57429896361185
268,0.6186006825938567,1.574504105711146
269,0.626919795221843,1.5674820914610255
270,0.6226535836177475,1.5621570564374174
271,0.6299061433447098,1.5619590457388972
272,0.6220136518771331,1.5637968534495643
273,0.6254266211604096,1.555467900562612
274,0.6258532423208191,1.550648886189119
275,0.6267064846416383,1.5466094948732811
276,0.6324658703071673,1.547075792384229
277,0.6350255972696246,1.548044375998982
278,0.6305460750853242,1.544728083415243
279,0.6337457337883959,1.5415239155089082
280,0.6284129692832765,1.5381264023406513
281,0.6311860068259386,1.5356367887490439
282,0.626919795221843,1.5370932304818476
283,0.6341723549488054,1.5315300218074395
284,0.628839590443686,1.5341029647267312
285,0.6241467576791809,1.529319792477344
286,0.6299061433447098,1.5263281584599726
287,0.6213737201365188,1.525408145510703
288,0.6320392491467577,1.5170484512739215
289,0.6237201365187713,1.5149593634003258
290,0.6194539249146758,1.5203027977471466
291,0.6301194539249146,1.5105372699861233
292,0.6341723549488054,1.5145574397194508
293,0.6260665529010239,1.5104572028430248
294,0.6348122866894198,1.5102514606287047
295,0.6290529010238908,1.5048254012247808
296,0.6243600682593856,1.508044015425464
297,0.6247866894197952,1.5002144233358599
298,0.6409982935153583,1.4942423886406544
299,0.6373720136518771,1.49156687894372
300,0.6320392491467577,1.495133336086729
301,0.6239334470989761,1.4934039534969135
302,0.6339590443686007,1.4921880748898504
303,0.6369453924914675,1.4804852037299616
304,0.6456911262798635,1.4800581382810052
305,0.6416382252559727,1.4793008089879267
306,0.6350255972696246,1.4842234947575643
307,0.6461177474402731,1.4734736762356027
308,0.639505119453925,1.469106848736265
309,0.6303327645051194,1.4759457477530522
310,0.6232935153583617,1.4704610141877834
311,0.632679180887372,1.4656482170059413
312,0.6256399317406144,1.467279332082833
313,0.6235068259385665,1.4666783248198316
314,0.6290529010238908,1.463363006660149
315,0.6360921501706485,1.4603561736617885
316,0.6341723549488054,1.457223895466775
317,0.6352389078498294,1.4560660095345037
318,0.6356655290102389,1.4483564575377585
319,0.6424914675767918,1.4504790867554858
320,0.6422781569965871,1.4465631803961745
321,0.6301194539249146,1.4427917984158514
322,0.6324658703071673,1.4380273363289167
323,0.6360921501706485,1.4392188164968132
324,0.6422781569965871,1.44004523387948
325,0.6341723549488054,1.4355531572888736
326,0.6431313993174061,1.431043556118988
327,0.6386518771331058,1.4388051240517419
328,0.6369453924914675,1.4265783943820731
329,0.6318259385665529,1.433286879249807
330,0.636518771331058,1.425774053908859
331,0.6416382252559727,1.4254219072263803
332,0.6401450511945392,1.4223422450823995
333,0.6424914675767918,1.4177512353597648
334,0.6471843003412969,1.4140289265141146
335,0.6486774744027304,1.4148474614367956
336,0.6525170648464164,1.410442558571747
337,0.6375853242320819,1.415074813081136
338,0.6476109215017065,1.4072761437998698
339,0.6350255972696246,1.4111298644095152
340,0.6367320819112628,1.4046243091492117
341,0.638438566552901,1.4000269394278932
342,0.6328924914675768,1.4054153286963194
343,0.649957337883959,1.3966547348393514
344,0.6476109215017065,1.3978734248327314
345,0.6439846416382252,1.3954215428121262
346,0.6463310580204779,1.3909164418946354
347,0.6407849829351536,1.3873022094928364
348,0.6501706484641638,1.3842194458730392
349,0.6380119453924915,1.3893959286269881
350,0.6388651877133106,1.3883466028923062
351,0.6454778156996587,1.3847676308081824
352,0.6375853242320819,1.3808596113842908
353,0.6572098976109215,1.3727592323420397
354,0.6508105802047781,1.3742046539287112
355,0.6454778156996587,1.3729002963967698
356,0.6422781569965871,1.3745990051751251
357,0.6429180887372014,1.3706664424707458
358,0.6503839590443686,1.3695533881822137
359,0.6328924914675768,1.3756611505872967
360,0.6484641638225256,1.3670831227058438
361,0.6412116040955631,1.366497553249268
362,0.652943686006826,1.3552864269184985
363,0.6371587030716723,1.3571593110471862
364,0.6555034129692833,1.349264509035052
365,0.6412116040955631,1.355957720466848
366,0.6510238907849829,1.354876852279637
367,0.6580631399317406,1.3492853100389344
368,0.6478242320819113,1.3497457764661354
369,0.648037542662116,1.349840530763307
370,0.6482508532423208,1.340188652582136
371,0.6518771331058021,1.3444092322535075
372,0.6350255972696246,1.3474093590173297
373,0.6418515358361775,1.3433955981056032
374,0.6557167235494881,1.3358587502619512
375,0.652943686006826,1.3368019927483776
376,0.6546501706484642,1.332530611204206
377,0.6516638225255973,1.3327641910253532
378,0.6516638225255973,1.3275460497104268
379,0.639505119453925,1.3359723510188861
380,0.6535836177474402,1.326274605741273
381,0.6461177474402731,1.3271292728775597
382,0.6533703071672355,1.322912090060654
383,0.6606228668941979,1.3159217651386717
384,0.6535836177474402,1.320295992157972
385,0.6435580204778157,1.3205577131017483
386,0.652943686006826,1.3187910932729676
387,0.6473976109215017,1.317847307631587
388,0.6576365187713311,1.3123068947840877
389,0.6531569965870307,1.311208735147027
390,0.6525170648464164,1.3130917325361597
391,0.6377986348122867,1.3118190952535376
392,0.6448378839590444,1.3061587387384408
393,0.6565699658703071,1.3068562343258907
394,0.6533703071672355,1.300691042743852
395,0.6582764505119454,1.3001879616402114
396,0.6514505119453925,1.297740330061408
397,0.6565699658703071,1.2985960692675853
398,0.6505972696245734,1.2976539342476647
399,0.6563566552901023,1.2947763155751668
400,0.6668088737201365,1.292284678680498
401,0.6580631399317406,1.2896719320642256
402,0.640358361774744,1.289189252023404
403,0.6523037542662116,1.290480085607275
404,0.6697952218430034,1.2829578382570181
405,0.6505972696245734,1.2832952725602498
406,0.6614761092150171,1.2803205577179841
407,0.6642491467576792,1.2800990668579988
408,0.6527303754266212,1.2823906803293847
409,0.6495307167235495,1.2816915471399197
410,0.6619027303754266,1.272020581232403
411,0.6621160409556314,1.2767955784911589
412,0.6548634812286689,1.2719122358556494
413,0.6591296928327645,1.2748110436742217
414,0.6540102389078498,1.271764892766907
415,0.6533703071672355,1.270494075765382
416,0.6648890784982935,1.2672141786321438
417,0.6648890784982935,1.2641296630833336
418,0.6593430034129693,1.2636229316529153
419,0.6631825938566553,1.2621477887085273
420,0.6540102389078498,1.2636107417910578
421,0.64910409556314,1.2623886675557991
422,0.6582764505119454,1.2602013984231004
423,0.6646757679180887,1.2597620043738302
424,0.6542235494880546,1.2551642371525944
425,0.6606228668941979,1.2496733970609541
426,0.6631825938566553,1.254324293787569
427,0.6693686006825939,1.2476816995152027
428,0.6640358361774744,1.247672147718306
429,0.6584897610921502,1.2451863451622451
430,0.6584897610921502,1.2450840082591712
431,0.658703071672355,1.2427255944587265
432,0.6518771331058021,1.248326330054742
433,0.6601962457337884,1.2417980359276
434,0.6689419795221843,1.2357518685148845
435,0.6550767918088737,1.243361679767179
436,0.6589163822525598,1.2369618281569497
437,0.6580631399317406,1.2377270138711245
438,0.6712883959044369,1.2290697866739266
439,0.6655290102389079,1.230295182494987
440,0.6612627986348123,1.2289879879446974
441,0.6689419795221843,1.2281492948532104
442,0.6685153583617748,1.2225352383310883
443,0.6695819112627986,1.2263692552319159
444,0.6640358361774744,1.2236463010514556
445,0.6591296928327645,1.222161721044026
446,0.6670221843003413,1.22143890670542
447,0.6604095563139932,1.2183497041565565
448,0.6785409556313993,1.21479893747857
449,0.6629692832764505,1.2134782946557314
450,0.6619027303754266,1.21684013535952
451,0.6591296928327645,1.2151601017538598
452,0.6674488054607508,1.2115437561334603
453,0.6700085324232082,1.2106679303654224
454,0.6621160409556314,1.216641581099188
455,0.6702218430034129,1.211720372629654
456,0.6604095563139932,1.2133276035354406
457,0.6764078498293515,1.2023184205891737
458,0.6648890784982935,1.2058683849438872
459,0.6629692832764505,1.2066944674827134
460,0.6700085324232082,1.1954256833209926
461,0.6674488054607508,1.1961150763384718
462,0.6802474402730375,1.1937816069801512
463,0.6764078498293515,1.1933810995707332
464,0.66830204778157,1.1972410788715089
465,0.6689419795221843,1.1960199461048373
466,0.6719283276450512,1.1945047756917648
467,0.6706484641638225,1.1891560635875924
468,0.6697952218430034,1.187787477473757
469,0.6736348122866894,1.1835882651521077
470,0.6646757679180887,1.1921852285951478
471,0.6640358361774744,1.1842766288197488
472,0.675981228668942,1.1828556715831822
473,0.6715017064846417,1.1807447549832966
474,0.6710750853242321,1.1838046605269656
475,0.6738481228668942,1.1786248578146457
476,0.6708617747440273,1.1789049329204364
477,0.6725682593856656,1.1766526914700712
478,0.6627559726962458,1.176365747386685
479,0.675981228668942,1.1742109975717174
480,0.6764078498293515,1.1718970760957372
481,0.6808873720136519,1.166787836331963
482,0.6663822525597269,1.172364407838815
483,0.6764078498293515,1.165594180289389
484,0.6727815699658704,1.172183208091267
485,0.6612627986348123,1.171550129664229
486,0.6761945392491467,1.1651871733291157
487,0.6789675767918089,1.162373680303528
488,0.6734215017064846,1.1642583193632523
489,0.6687286689419796,1.1603373630868696
490,0.6806740614334471,1.1582664475099218
491,0.6712883959044369,1.157850745594949
492,0.6687286689419796,1.1595695974883773
493,0.6710750853242321,1.1616483100852055
494,0.6665955631399317,1.159250218306792
495,0.6753412969283277,1.1549913773357665
496,0.6717150170648464,1.157348496922047
497,0.6783276450511946,1.1481439465141947
498,0.6717150170648464,1.1530276353855589
499,0.6732081911262798,1.1498609386613345
