epoch,categorical_accuracy,loss
0,0.5264505119453925,5.245114264634689
1,0.5044795221843004,5.064943904355931
2,0.5266638225255973,4.895609160739
3,0.5204778156996587,4.762941253063215
4,0.5264505119453925,4.664795807197232
5,0.5223976109215017,4.517248492192083
6,0.5234641638225256,4.458039348849664
7,0.5245307167235495,4.372252741771346
8,0.528796928327645,4.328177294226637
9,0.5330631399317406,4.219862946064399
10,0.5543941979522184,4.184137114892641
11,0.5298634812286689,4.165363053006117
12,0.5324232081911263,4.132649322418629
13,0.5290102389078498,4.093268913620568
14,0.5424488054607508,4.032328599142133
15,0.5405290102389079,4.010702834601289
16,0.5456484641638225,3.974436356345948
17,0.5420221843003413,3.9574740461928855
18,0.5388225255972696,3.946131530475291
19,0.5473549488054608,3.915419942282979
20,0.5396757679180887,3.9007781137785407
21,0.5635665529010239,3.855982588419735
22,0.5593003412969283,3.856008181392943
23,0.5565273037542662,3.8355868334656282
24,0.5428754266211604,3.817992373944956
25,0.5554607508532423,3.818027426358376
26,0.5593003412969283,3.8005681526132005
27,0.5735921501706485,3.78568824566265
28,0.5593003412969283,3.786285862580908
29,0.5639931740614335,3.755724882509928
30,0.5750853242320819,3.7469170850291595
31,0.5661262798634812,3.727474713895101
32,0.5723122866894198,3.7310646507927174
33,0.5723122866894198,3.70864601672306
34,0.5676194539249146,3.710105826016579
35,0.5827645051194539,3.6951111795145497
36,0.5851109215017065,3.675992067356565
37,0.587457337883959,3.6688147486273337
38,0.5795648464163823,3.653083148669871
39,0.58660409556314,3.6407201469147976
40,0.5836177474402731,3.632820111492795
41,0.6017491467576792,3.61693097137347
42,0.6032423208191127,3.6102407564482184
43,0.606655290102389,3.592058877489266
44,0.6036689419795221,3.594435110027066
45,0.6113481228668942,3.576334675017477
46,0.6077218430034129,3.5559470702356855
47,0.6107081911262798,3.544190238360252
48,0.6200938566552902,3.532086246249619
49,0.6232935153583617,3.511508083994478
50,0.6186006825938567,3.5094762922553886
51,0.6209470989761092,3.498320129544255
52,0.6258532423208191,3.4767750041883554
53,0.6222269624573379,3.4719962886575955
54,0.6322525597269625,3.4500315164950113
55,0.6205204778156996,3.44316960683048
56,0.6232935153583617,3.4299561155534035
57,0.6324658703071673,3.4140451092768855
58,0.632679180887372,3.406165781281507
59,0.6356655290102389,3.381343689387976
60,0.6309726962457338,3.3775369779241777
61,0.6416382252559727,3.3541764269102963
62,0.6418515358361775,3.344262147519369
63,0.6388651877133106,3.3291274720084547
64,0.6488907849829352,3.317498174543674
65,0.6501706484641638,3.3011997095960806
66,0.6473976109215017,3.289281081014119
67,0.6478242320819113,3.276976104482449
68,0.6559300341296929,3.259159785488767
69,0.6505972696245734,3.2504849067727046
70,0.6648890784982935,3.2308777184209725
71,0.6640358361774744,3.2175736297112683
72,0.6655290102389079,3.199858545036446
73,0.6747013651877133,3.1867337169907604
74,0.6736348122866894,3.1790197204811173
75,0.6627559726962458,3.1639650120263214
76,0.6796075085324232,3.1473646432466476
77,0.6749146757679181,3.135990941076962
78,0.6736348122866894,3.12681924686497
79,0.6732081911262798,3.1120347171106437
80,0.6755546075085325,3.103042830379343
81,0.6727815699658704,3.0883261213530453
82,0.6821672354948806,3.0677808128526185
83,0.6938993174061433,3.052829028803334
84,0.6885665529010239,3.04857991661228
85,0.6772610921501706,3.0381143906824417
86,0.683660409556314,3.018319014396277
87,0.6879266211604096,3.0056303426267346
88,0.6896331058020477,2.9919993291535882
89,0.6938993174061433,2.980852888712704
90,0.6879266211604096,2.9682905633294947
91,0.6898464163822525,2.9578257526553937
92,0.6892064846416383,2.9438307985103984
93,0.6958191126279863,2.930832352654519
94,0.7054180887372014,2.9174051244104273
95,0.6930460750853242,2.9000443264892892
96,0.7092576791808873,2.8873577760755
97,0.7133105802047781,2.8803627490997314
98,0.7088310580204779,2.859015953011887
99,0.7231228668941979,2.8451485332775444
100,0.721203071672355,2.8379435010330667
101,0.7197098976109215,2.8212488088184657
102,0.7169368600682594,2.8130959309001833
103,0.7158703071672355,2.8068088289006985
104,0.73080204778157,2.785536071953106
105,0.7226962457337884,2.77410338763084
106,0.7318686006825939,2.7626304040589837
107,0.7254692832764505,2.752326325751816
108,0.7214163822525598,2.7506756343125485
109,0.7359215017064846,2.7252220611116584
110,0.7226962457337884,2.7177737776329898
111,0.7320819112627986,2.7064289517776956
112,0.7273890784982935,2.6981887247782113
113,0.7312286689419796,2.6884004467583353
114,0.7318686006825939,2.6715501607888386
115,0.7453071672354948,2.6543721395954742
116,0.744240614334471,2.64727569277376
117,0.7406143344709898,2.6312633455816794
118,0.7425341296928327,2.6291643002741165
119,0.7427474402730375,2.6173686167485886
120,0.7510665529010239,2.6027630514659164
121,0.7438139931740614,2.5949011906828896
122,0.7531996587030717,2.583159345815613
123,0.7504266211604096,2.5623729766025476
124,0.7495733788395904,2.556636044596649
125,0.7600255972696246,2.5437189963083626
126,0.7559726962457338,2.5318511622757636
127,0.751919795221843,2.52131938446097
128,0.7608788395904437,2.5116600868238117
129,0.7630119453924915,2.49510810236882
130,0.7497866894197952,2.4877319368486113
131,0.7570392491467577,2.476201029767762
132,0.7630119453924915,2.4663044202042927
133,0.7726109215017065,2.451857439080196
134,0.7585324232081911,2.4481132779105126
135,0.7706911262798635,2.4353087957401733
136,0.7574658703071673,2.4338107987882336
137,0.7636518771331058,2.4157155617918984
138,0.7664249146757679,2.4038855972550426
139,0.7734641638225256,2.393746865080485
140,0.774957337883959,2.3836867809295654
141,0.7721843003412969,2.3777647628719083
142,0.7709044368600683,2.36208467190583
143,0.7755972696245734,2.35884324601079
144,0.7719709897610921,2.3468301808874763
145,0.7773037542662116,2.3362635549018003
146,0.7858361774744027,2.324556292120507
147,0.7792235494880546,2.3166411818090964
148,0.7762372013651877,2.3113383652814012
149,0.7834897610921502,2.2929402813569677
150,0.7866894197952219,2.28746760583168
151,0.7843430034129693,2.2766636793117065
152,0.794155290102389,2.2649722790962192
153,0.7918088737201365,2.262822734617943
154,0.7877559726962458,2.2519384406939302
155,0.7958617747440273,2.2415411106148677
156,0.7926621160409556,2.23272380487097
157,0.7962883959044369,2.2187406268136085
158,0.7926621160409556,2.2124583761846655
159,0.7952218430034129,2.2038013853717584
160,0.7999146757679181,2.189441552341188
161,0.804820819112628,2.186003034025329
162,0.8035409556313993,2.172572706339709
163,0.8125,2.158820813019528
164,0.810580204778157,2.1553697150721893
165,0.8065273037542662,2.14523610238736
166,0.810580204778157,2.1373924671993323
167,0.8099402730375427,2.1274397714959883
168,0.8210324232081911,2.1216687745201708
169,0.8112201365187713,2.115644715751804
170,0.8165529010238908,2.1075387684558438
171,0.8223122866894198,2.0946387919142793
172,0.8214590443686007,2.083535033281346
173,0.8152730375426621,2.0794665675114445
174,0.818259385665529,2.0744171313458337
175,0.824018771331058,2.0639703587053577
176,0.8246587030716723,2.0571708166558587
177,0.8306313993174061,2.0409191891601877
178,0.8312713310580204,2.0293323782116888
179,0.825938566552901,2.022389827734781
180,0.8293515358361775,2.0134880974024227
181,0.8327645051194539,2.0118016968814993
182,0.8351109215017065,1.9984612342847492
183,0.8351109215017065,1.9904223110895516
184,0.8348976109215017,1.990019252275851
185,0.835537542662116,1.9826991928315407
186,0.8432167235494881,1.9646438417174303
187,0.8376706484641638,1.9657771192719913
188,0.83660409556314,1.957137402414055
189,0.8485494880546075,1.940814658236585
190,0.8398037542662116,1.9419001121162962
191,0.8402303754266212,1.9369831304908205
192,0.8447098976109215,1.9233653313470782
193,0.8551621160409556,1.9059954124912875
194,0.8498293515358362,1.910566376337826
195,0.8515358361774744,1.901824259513881
196,0.8485494880546075,1.8964449728715136
197,0.8585750853242321,1.8832594571260055
198,0.8594283276450512,1.8756284327230355
199,0.8611348122866894,1.8601094061197274
200,0.8494027303754266,1.8614868259267188
201,0.8649744027303754,1.8494046328417677
202,0.8579351535836177,1.844609647480701
203,0.8600682593856656,1.838545125905971
204,0.8590017064846417,1.8365928605961719
205,0.8622013651877133,1.8300044125664356
206,0.8592150170648464,1.8229391908482886
207,0.8668941979522184,1.807903133154729
208,0.8632679180887372,1.8108482438142797
209,0.8666808873720137,1.7983259849580888
210,0.8624146757679181,1.798608354740989
211,0.8715870307167235,1.7838663749727373
212,0.8754266211604096,1.7737129947024401
213,0.8679607508532423,1.7758946101413244
214,0.8737201365187713,1.7603943225873615
215,0.8741467576791809,1.7656777962889687
216,0.8713737201365188,1.7488443131332918
217,0.8728668941979523,1.7454009190354332
218,0.8718003412969283,1.741876723823287
219,0.8754266211604096,1.7312656087680074
220,0.8801194539249146,1.727140322887043
221,0.882679180887372,1.7171989313164668
222,0.8880119453924915,1.699715917427792
223,0.8843856655290102,1.701852377364253
224,0.8858788395904437,1.6949859967410768
225,0.8907849829351536,1.6860544982623729
226,0.8973976109215017,1.6743121277350208
227,0.8931313993174061,1.6760567764373362
228,0.8935580204778157,1.6665126101555678
229,0.8924914675767918,1.6630554532842017
230,0.8916382252559727,1.658228527156973
231,0.8882252559726962,1.651363683641974
232,0.8944112627986348,1.6468326435154208
233,0.8963310580204779,1.6368320419519835
234,0.8967576791808873,1.6293751379735641
235,0.8950511945392492,1.6316669198840144
236,0.8937713310580204,1.625040734587269
237,0.8965443686006825,1.6192817545588105
238,0.8971843003412969,1.6069623439385217
239,0.8956911262798635,1.6054367062988542
240,0.8988907849829352,1.6008126019617803
241,0.8965443686006825,1.5958544862148298
242,0.9018771331058021,1.583494581460139
243,0.9027303754266212,1.5832432577634428
244,0.9023037542662116,1.575353037375232
245,0.9052901023890785,1.572680542493436
246,0.9063566552901023,1.565661222454631
247,0.8984641638225256,1.5648649654290783
248,0.9106228668941979,1.548705337804332
249,0.9057167235494881,1.5474489622148637
250,0.9101962457337884,1.541858511166361
251,0.9116894197952219,1.538954172118125
252,0.9110494880546075,1.5331074182490847
253,0.9084897610921502,1.528655328034541
254,0.9131825938566553,1.5201613284622035
255,0.9063566552901023,1.5212982307115106
256,0.9097696245733788,1.5189907302628605
257,0.9208617747440273,1.500869461700778
258,0.9200085324232082,1.49663704938856
259,0.9202218430034129,1.494268844558924
260,0.9099829351535836,1.4944902760176935
261,0.9136092150170648,1.4901810143994796
262,0.9195819112627986,1.4784074452143074
263,0.9129692832764505,1.4792807964741574
264,0.9202218430034129,1.4653454026264543
265,0.922994880546075,1.4599806664339918
266,0.9302474402730375,1.4477827125848763
267,0.9197952218430034,1.4589398167645973
268,0.9238481228668942,1.4513709512586888
269,0.914462457337884,1.451668792617199
270,0.9287542662116041,1.4371903146086293
271,0.9270477815699659,1.4318147690222938
272,0.9272610921501706,1.4325471754367034
273,0.9244880546075085,1.4208411495026467
274,0.9257679180887372,1.4213938127198724
275,0.9281143344709898,1.4105478293252887
276,0.9281143344709898,1.4108451177642614
277,0.9291808873720137,1.4035977894128793
278,0.9251279863481229,1.4037868378512282
279,0.9289675767918089,1.3968783560059583
280,0.9300341296928327,1.3888085840505138
281,0.9293941979522184,1.3862046723479704
282,0.9330204778156996,1.3823559259798746
283,0.9244880546075085,1.3853142379493844
284,0.9334470989761092,1.37349093936816
285,0.9334470989761092,1.3668762770935945
286,0.9377133105802048,1.3586326650385157
287,0.9306740614334471,1.3628601592555387
288,0.9349402730375427,1.3603423561252426
289,0.9375,1.3473800331252428
290,0.9364334470989761,1.3429555811572806
291,0.9330204778156996,1.349335374278827
292,0.9379266211604096,1.3374999322175165
293,0.9306740614334471,1.3398798415278412
294,0.9347269624573379,1.3317872546231788
295,0.9347269624573379,1.3279114713440983
296,0.9396331058020477,1.322165605964921
297,0.9392064846416383,1.3166280305426274
298,0.9372866894197952,1.3168663596130474
299,0.9436860068259386,1.3044206420716165
300,0.9419795221843004,1.302109662176399
301,0.9385665529010239,1.3012650427964767
302,0.9362201365187713,1.2998908001408236
303,0.9387798634812287,1.2966138873084005
304,0.9426194539249146,1.2867694055667915
305,0.9400597269624573,1.2887104761885295
306,0.9398464163822525,1.2834450014622139
307,0.9505119453924915,1.2721623918709088
308,0.9464590443686007,1.2721845940925156
309,0.9466723549488054,1.2659186442150598
310,0.9404863481228669,1.2653378358066285
311,0.9473122866894198,1.2578045467467844
312,0.9449658703071673,1.2562689830011882
313,0.9485921501706485,1.2483534121269253
314,0.943259385665529,1.2551884268737896
315,0.9430460750853242,1.2497644424438477
316,0.9458191126279863,1.2377857401102477
317,0.9466723549488054,1.2362511589258605
318,0.9464590443686007,1.2390813819377495
319,0.9438993174061433,1.2344136567652835
320,0.9419795221843004,1.2361516627028533
321,0.9445392491467577,1.2264870515048707
322,0.9485921501706485,1.2190338527790108
323,0.9468856655290102,1.2184951085686277
324,0.9453924914675768,1.2165948897091603
325,0.9515784982935154,1.206690841974252
326,0.9513651877133106,1.204976085916721
327,0.9485921501706485,1.2025824097643127
328,0.9460324232081911,1.2009977191788344
329,0.9507252559726962,1.1928840415876474
330,0.9402730375426621,1.2000576416380169
331,0.9526450511945392,1.1890638769690087
332,0.9532849829351536,1.1835628312602384
333,0.9485921501706485,1.1856493315192214
334,0.9522184300341296,1.1786749704705977
335,0.9498720136518771,1.175026594168497
336,0.9492320819112628,1.1665716248567601
337,0.9532849829351536,1.1662717520580357
338,0.9524317406143344,1.165978915862256
339,0.9511518771331058,1.162037708653525
340,0.9532849829351536,1.154746547900776
341,0.9547781569965871,1.1555514848272954
342,0.9496587030716723,1.1527807590497638
343,0.9515784982935154,1.1510166202388932
344,0.9530716723549488,1.1499662403360569
345,0.9537116040955631,1.1419769419744967
346,0.9517918088737202,1.1397879388145213
347,0.9584044368600683,1.1310217343906495
348,0.955844709897611,1.1285291011016116
349,0.9522184300341296,1.1315667503116074
350,0.9564846416382252,1.1259798678114958
351,0.9596843003412969,1.1165828297976341
352,0.9522184300341296,1.1177621485837084
353,0.9592576791808873,1.1089173490276922
354,0.9554180887372014,1.1129667551444251
355,0.9547781569965871,1.1136273401995975
356,0.9586177474402731,1.1070907079319092
357,0.9592576791808873,1.0979895868399037
358,0.95669795221843,1.1001870550800101
359,0.9579778156996587,1.0968332254032227
360,0.9573378839590444,1.0941854227118117
361,0.9556313993174061,1.095928003763583
362,0.9596843003412969,1.0869437533433934
363,0.960537542662116,1.084547821979067
364,0.9607508532423208,1.0799700623893087
365,0.96160409556314,1.080440565994575
366,0.9586177474402731,1.0733781939073634
367,0.9586177474402731,1.070929628590268
368,0.95669795221843,1.0796360115142405
369,0.9584044368600683,1.0686300667479582
370,0.9584044368600683,1.065862124283566
371,0.9579778156996587,1.0621286512641777
372,0.9622440273037542,1.0542207390781961
373,0.9639505119453925,1.0541904578843622
374,0.9562713310580204,1.058447754423773
375,0.9620307167235495,1.0510319947382696
376,0.9633105802047781,1.0430423078276598
377,0.9622440273037542,1.042512791962347
378,0.9635238907849829,1.0403858042821135
379,0.9656569965870307,1.0386951433513758
380,0.9628839590443686,1.0323978853713938
381,0.9586177474402731,1.0405338612025916
382,0.9648037542662116,1.0298376319351457
383,0.9603242320819113,1.025581721966584
384,0.9633105802047781,1.0247951872112808
385,0.9650170648464164,1.0171402172017017
386,0.9637372013651877,1.0150259993588966
387,0.9626706484641638,1.0152258706174206
388,0.9637372013651877,1.0146995221388624
389,0.9639505119453925,1.0092510471164977
390,0.9622440273037542,1.0075834558278627
391,0.9628839590443686,1.0062195135871705
392,0.9630972696245734,1.0005253309275917
393,0.9635238907849829,1.0016361043721742
394,0.9635238907849829,0.9971061936824395
395,0.9620307167235495,0.998269949349934
396,0.9648037542662116,0.9946317318763342
397,0.966296928327645,0.9873236564239137
398,0.9635238907849829,0.9819941388462183
399,0.9660836177474402,0.9805217444286412
400,0.9601109215017065,0.9882999548733031
401,0.9628839590443686,0.9814646313214872
402,0.966296928327645,0.971589723544723
403,0.965443686006826,0.9718677548011415
404,0.9622440273037542,0.9728889587389324
405,0.966296928327645,0.9681875685376112
406,0.966296928327645,0.9707091680565791
407,0.9671501706484642,0.9655346642582083
408,0.966296928327645,0.9658446106487574
409,0.9675767918088737,0.9557395843922482
410,0.9658703071672355,0.9591708630831982
411,0.9648037542662116,0.9567649159008326
412,0.9673634812286689,0.9488691990692868
413,0.9620307167235495,0.9531537520193809
414,0.9669368600682594,0.9470248389162708
415,0.9660836177474402,0.945078651652808
416,0.9671501706484642,0.9406221185527971
417,0.9643771331058021,0.9461615824048429
418,0.9648037542662116,0.9429246960239606
419,0.9701365187713311,0.9341634033889901
420,0.9675767918088737,0.9331297473695904
421,0.9675767918088737,0.9296496949911931
422,0.9645904436860068,0.9278404962894453
423,0.9671501706484642,0.9254854913457669
424,0.9650170648464164,0.9267567739958649
425,0.9694965870307167,0.9205530928670342
426,0.9701365187713311,0.9162943133315129
427,0.9697098976109215,0.9222172124393971
428,0.9686433447098977,0.9118724253804203
429,0.9658703071672355,0.9144630232768661
430,0.9694965870307167,0.909849211624458
431,0.9667235494880546,0.9075687842971228
432,0.9673634812286689,0.91139413228214
433,0.9694965870307167,0.9020404109775817
434,0.9701365187713311,0.9003294366618472
435,0.9686433447098977,0.905088795736788
436,0.972056313993174,0.8970756172726992
437,0.9650170648464164,0.9044613799544324
438,0.9645904436860068,0.8974806613482713
439,0.9650170648464164,0.8985991817692441
440,0.9690699658703071,0.8915047810346193
441,0.9665102389078498,0.892117589000142
442,0.9677901023890785,0.8853988486752168
443,0.9709897610921502,0.8823208642087292
444,0.9660836177474402,0.8833460817971734
445,0.9741894197952219,0.8734190736614397
446,0.9669368600682594,0.8814343100114894
447,0.9665102389078498,0.8818716856399901
448,0.9701365187713311,0.8729559150572116
449,0.9701365187713311,0.8715980476079948
450,0.9688566552901023,0.8682186662540501
451,0.9714163822525598,0.8678855063972213
452,0.9709897610921502,0.8678216248648972
453,0.9724829351535836,0.860537758662839
454,0.9669368600682594,0.8693768925227403
455,0.9726962457337884,0.8591197289704463
456,0.9686433447098977,0.8599482042390739
457,0.9731228668941979,0.8562732015453508
458,0.9680034129692833,0.8541658158595244
459,0.972056313993174,0.8500086687530674
460,0.9716296928327645,0.8500581290127881
461,0.9688566552901023,0.8503458764365915
462,0.9688566552901023,0.8521007405206205
463,0.9714163822525598,0.8477786897392403
464,0.9660836177474402,0.8493499340864579
465,0.9680034129692833,0.8441086441990459
466,0.9731228668941979,0.8365405852884156
467,0.9699232081911263,0.8426667370486992
468,0.9741894197952219,0.8277850405348038
469,0.9741894197952219,0.8296591442192781
470,0.9705631399317406,0.8282928725151478
471,0.9746160409556314,0.8281697889236866
472,0.9746160409556314,0.8262873068197596
473,0.9707764505119454,0.8282000684900902
474,0.9741894197952219,0.8211833199950208
475,0.9690699658703071,0.8235161452976917
476,0.9718430034129693,0.8165053969357201
477,0.9701365187713311,0.8189075570871399
478,0.9735494880546075,0.8188448340819557
479,0.9733361774744027,0.815898123658151
480,0.9688566552901023,0.8156935875733151
481,0.9763225255972696,0.8083513672034488
482,0.9722696245733788,0.8127645638615605
483,0.9735494880546075,0.8078379919911407
484,0.9733361774744027,0.8052155780304007
485,0.9697098976109215,0.8051510892630437
486,0.9754692832764505,0.7978818935338955
487,0.971203071672355,0.8026746810499719
488,0.9709897610921502,0.8020726100576615
489,0.9716296928327645,0.7981088545948979
490,0.9701365187713311,0.7989150826841491
491,0.9733361774744027,0.7929091504409451
492,0.971203071672355,0.7940056006656165
493,0.9726962457337884,0.7939217963316335
494,0.972056313993174,0.78794473877539
495,0.9703498293515358,0.7897300297082894
496,0.9724829351535836,0.7903094440190052
497,0.9739761092150171,0.7825224275475069
498,0.97589590443686,0.7788708128619927
499,0.9735494880546075,0.7810324204659707
