epoch,categorical_accuracy,loss
0,0.5302901023890785,4.998950709255075
1,0.5127986348122867,4.627327027174393
2,0.49872013651877134,4.468538334752106
3,0.5006399317406144,4.321613335365321
4,0.5078924914675768,4.179871542868761
5,0.501919795221843,4.093261886375349
6,0.5093856655290102,4.039536433008344
7,0.5166382252559727,3.965615749359131
8,0.5136518771331058,3.8456973866797957
9,0.5170648464163823,3.817894140608075
10,0.5219709897610921,3.7847378961869067
11,0.5140784982935154,3.7582907009450244
12,0.5070392491467577,3.7372948081827
13,0.5189846416382252,3.691436121488187
14,0.511518771331058,3.652788201289779
15,0.5181313993174061,3.6304622990279474
16,0.5236774744027304,3.6081788767726755
17,0.5360494880546075,3.563035124397929
18,0.5255972696245734,3.549128280157929
19,0.5298634812286689,3.5398512033065432
20,0.5300767918088737,3.5107564478604054
21,0.5221843003412969,3.505089374125614
22,0.5253839590443686,3.4922015569315836
23,0.5309300341296929,3.4602592731905473
24,0.5369027303754266,3.4412673308987665
25,0.5349829351535836,3.4377496901632574
26,0.5456484641638225,3.4068440007675225
27,0.5360494880546075,3.4041073891896843
28,0.5317832764505119,3.3917208735039615
29,0.5426621160409556,3.383746463691008
30,0.5305034129692833,3.37786191884975
31,0.5447952218430034,3.359755640550685
32,0.5518344709897611,3.3379673494006994
33,0.5550341296928327,3.3304826033400188
34,0.5407423208191127,3.3263021597683227
35,0.5452218430034129,3.3134872652971703
36,0.5398890784982935,3.30571639415754
37,0.5505546075085325,3.3014517676708235
38,0.5443686006825939,3.2881134093418054
39,0.5473549488054608,3.2757681058942256
40,0.5497013651877133,3.2614838816606957
41,0.5516211604095563,3.2616659260447114
42,0.5616467576791809,3.2397764087130185
43,0.5388225255972696,3.245946778372286
44,0.5458617747440273,3.230383720007366
45,0.5492747440273038,3.228836922108517
46,0.550981228668942,3.2163322875117277
47,0.5571672354948806,3.197387587902082
48,0.5578071672354948,3.1903137200521527
49,0.5631399317406144,3.18517996996336
50,0.5614334470989761,3.174958874341164
51,0.5612201365187713,3.158188080218058
52,0.5639931740614335,3.1603571563043693
53,0.5599402730375427,3.1483281301557002
54,0.5607935153583617,3.1331360616781607
55,0.5612201365187713,3.132633480195706
56,0.5631399317406144,3.1245469583179357
57,0.5642064846416383,3.111446171490406
58,0.5599402730375427,3.1062831732193357
59,0.5718856655290102,3.094875861353435
60,0.5735921501706485,3.0815430460529525
61,0.5676194539249146,3.0751427578844717
62,0.5787116040955631,3.065597325868574
63,0.5853242320819113,3.0501609263566576
64,0.577005119453925,3.046763382674077
65,0.5842576791808873,3.034056366507104
66,0.585537542662116,3.0254663737560703
67,0.5906569965870307,3.011494085650395
68,0.5848976109215017,2.998356272336159
69,0.5900170648464164,2.999527599217542
70,0.596203071672355,2.9751937128984887
71,0.5863907849829352,2.975352149774597
72,0.5851109215017065,2.9701679729357515
73,0.5902303754266212,2.9601190456351323
74,0.5930034129692833,2.9464059014369197
75,0.591296928327645,2.9371719913677956
76,0.6004692832764505,2.9279517159120214
77,0.5957764505119454,2.9177640273709344
78,0.6036689419795221,2.909807992062878
79,0.5942832764505119,2.901106805931586
80,0.6083617747440273,2.8861932811476674
81,0.6068686006825939,2.8791632456991048
82,0.6049488054607508,2.8722753589877494
83,0.6053754266211604,2.867383044734343
84,0.6081484641638225,2.8456377169377975
85,0.613481228668942,2.8403083814288976
86,0.619240614334471,2.825655629610446
87,0.6218003412969283,2.8163513950113552
88,0.6145477815699659,2.8089729437649047
89,0.6222269624573379,2.8095211112051692
90,0.6305460750853242,2.787315153831508
91,0.6188139931740614,2.78343768331378
92,0.6331058020477816,2.767664013462262
93,0.6375853242320819,2.7590330688619775
94,0.623080204778157,2.760383622231337
95,0.6256399317406144,2.7490179701469866
96,0.6388651877133106,2.7318135040205087
97,0.6318259385665529,2.7263342471659793
98,0.634598976109215,2.7229319920718873
99,0.636518771331058,2.7039748239028985
100,0.6397184300341296,2.6961833543744915
101,0.6392918088737202,2.6874823138982364
102,0.6405716723549488,2.6725826011175995
103,0.6454778156996587,2.6697049791902407
104,0.6429180887372014,2.6631964001639306
105,0.6444112627986348,2.6560689752012387
106,0.6535836177474402,2.639649988441337
107,0.6540102389078498,2.635390854532808
108,0.6448378839590444,2.6278299260058096
109,0.6580631399317406,2.618206569359164
110,0.6463310580204779,2.6159887061591034
111,0.6531569965870307,2.598510588395311
112,0.6610494880546075,2.587800047910254
113,0.6680887372013652,2.5775811875639514
114,0.6738481228668942,2.5653901848776757
115,0.6663822525597269,2.557723214601901
116,0.6589163822525598,2.5539573028225946
117,0.6697952218430034,2.538825157152508
118,0.6708617747440273,2.5355371843019037
119,0.6642491467576792,2.5302771716394523
120,0.675981228668942,2.5154182105341056
121,0.6704351535836177,2.5075242690258874
122,0.6704351535836177,2.5064950143924754
123,0.6800341296928327,2.491338042268981
124,0.6847269624573379,2.4889997345595636
125,0.6802474402730375,2.476789917962136
126,0.6900597269624573,2.469314259473781
127,0.697098976109215,2.4513141897351263
128,0.6802474402730375,2.449923125550202
129,0.6857935153583617,2.4501037923142364
130,0.6917662116040956,2.4347891652950246
131,0.6804607508532423,2.4232516435226077
132,0.6872866894197952,2.412803254436714
133,0.6943259385665529,2.4163246040865016
134,0.6981655290102389,2.3970426886561786
135,0.6828071672354948,2.401104129622007
136,0.7015784982935154,2.3802606595661047
137,0.6911262798634812,2.3804255841941964
138,0.7071245733788396,2.3654135974194004
139,0.7047781569965871,2.3572618074384564
140,0.7113907849829352,2.349953448813116
141,0.7022184300341296,2.343820553997678
142,0.715443686006826,2.3360195469123917
143,0.697098976109215,2.337541004089772
144,0.7173634812286689,2.3188372854486667
145,0.7120307167235495,2.315960727047188
146,0.7152303754266212,2.3047200453566203
147,0.71160409556314,2.2923732943095443
148,0.7086177474402731,2.286186213379427
149,0.7182167235494881,2.275895558933349
150,0.7209897610921502,2.275116928608344
151,0.7273890784982935,2.261397610752249
152,0.7222696245733788,2.263828156344313
153,0.7267491467576792,2.252282570653401
154,0.7325085324232082,2.244152976384342
155,0.7314419795221843,2.2337342919750016
156,0.7273890784982935,2.2328607230463127
157,0.7337883959044369,2.217032429301291
158,0.7372013651877133,2.2172773559752583
159,0.7331484641638225,2.206131616956952
160,0.7276023890784983,2.2003333023383758
161,0.7344283276450512,2.1907971588824795
162,0.7357081911262798,2.1820254065477807
163,0.731655290102389,2.1752911785763684
164,0.7378412969283277,2.1731887522817877
165,0.7482935153583617,2.1560495892482407
166,0.740401023890785,2.1563646191216166
167,0.7335750853242321,2.1550254829914497
168,0.7546928327645052,2.1355893318970454
169,0.7446672354948806,2.1391340311069946
170,0.7440273037542662,2.1300600103957663
171,0.7487201365187713,2.1204811651958946
172,0.7468003412969283,2.1148435361556226
173,0.753839590443686,2.108080178804365
174,0.7559726962457338,2.099555752790015
175,0.7395477815699659,2.0982783328957932
176,0.7508532423208191,2.0892690822939826
177,0.753839590443686,2.0827420774987124
178,0.7578924914675768,2.072929564596443
179,0.7572525597269625,2.069472745823779
180,0.7613054607508533,2.0608535590025343
181,0.7589590443686007,2.049244033191798
182,0.7632252559726962,2.0480492635798537
183,0.7531996587030717,2.040747296688093
184,0.7670648464163823,2.0281659881409526
185,0.7606655290102389,2.027472894346348
186,0.7610921501706485,2.0219340519693523
187,0.7587457337883959,2.021705705151216
188,0.7619453924914675,2.0163016201286186
189,0.7651450511945392,2.0053442289397987
190,0.77410409556314,1.9950076158543089
191,0.7685580204778157,1.9865453991873678
192,0.7734641638225256,1.9796912401609454
193,0.7685580204778157,1.977583108094772
194,0.7719709897610921,1.9678338591149236
195,0.7805034129692833,1.960911110399526
196,0.7732508532423208,1.9607369533577876
197,0.7856228668941979,1.945090016000507
198,0.7892491467576792,1.9398198477644155
199,0.7717576791808873,1.9427064645005574
200,0.7822098976109215,1.9292368473860184
201,0.7854095563139932,1.9239671140807482
202,0.7832764505119454,1.9262594493175935
203,0.7807167235494881,1.922363513972572
204,0.7873293515358362,1.9077316811467193
205,0.7839163822525598,1.9016332935554583
206,0.7869027303754266,1.8977366291215396
207,0.7843430034129693,1.889865353245784
208,0.8041808873720137,1.8748430973840655
209,0.7860494880546075,1.8837720900265431
210,0.7775170648464164,1.8795704495784773
211,0.7962883959044369,1.8623690523792045
212,0.794155290102389,1.8632844100633172
213,0.8039675767918089,1.8535694156490494
214,0.8022610921501706,1.8500096000502133
215,0.7890358361774744,1.848632803549132
216,0.7994880546075085,1.8351815243223015
217,0.7992747440273038,1.8344162608983168
218,0.8020477815699659,1.8285915050083459
219,0.8041808873720137,1.8165499496785447
220,0.802901023890785,1.8185098773383443
221,0.7994880546075085,1.8145911266372472
222,0.8014078498293515,1.8094017648045928
223,0.7967150170648464,1.807653530465865
224,0.8120733788395904,1.7950894511193545
225,0.8024744027303754,1.7893353432111774
226,0.8161262798634812,1.7750106423381247
227,0.8093003412969283,1.7813422423580807
228,0.8142064846416383,1.77183577387813
229,0.8118600682593856,1.7660150955154628
230,0.8080204778156996,1.764195572394153
231,0.8101535836177475,1.7562860376598892
232,0.818259385665529,1.7460282052336293
233,0.8180460750853242,1.7393735862836088
234,0.8276450511945392,1.7308171670184607
235,0.8233788395904437,1.73198097883231
236,0.8178327645051194,1.7339377395122124
237,0.8199658703071673,1.7202131325067513
238,0.8227389078498294,1.7196030531320148
239,0.8265784982935154,1.7084230916898813
240,0.8246587030716723,1.7075544534689737
241,0.8210324232081911,1.699931329020868
242,0.8223122866894198,1.6976875697386549
243,0.8191126279863481,1.7032636448791816
244,0.8272184300341296,1.6913208371543234
245,0.8246587030716723,1.6852313573043094
246,0.8312713310580204,1.675520393628716
247,0.8274317406143344,1.6749274966659806
248,0.8280716723549488,1.672768256770059
249,0.8310580204778157,1.6667282320940453
250,0.8346843003412969,1.6546132198372798
251,0.8334044368600683,1.65045377174742
252,0.8331911262798635,1.650408680528504
253,0.8368174061433447,1.638854650507201
254,0.8378839590443686,1.6354335131498734
255,0.8336177474402731,1.6394840035422262
256,0.8325511945392492,1.634435016140596
257,0.8432167235494881,1.6271009176664386
258,0.8387372013651877,1.621225879867736
259,0.8383105802047781,1.6209006732641227
260,0.8449232081911263,1.613800445921185
261,0.8534556313993175,1.6029020226449282
262,0.83660409556314,1.60624564426344
263,0.8466296928327645,1.5941038530434357
264,0.8464163822525598,1.5829714032163391
265,0.8474829351535836,1.5814159726120098
266,0.8521757679180887,1.5785897022221276
267,0.8417235494880546,1.5863791374623166
268,0.8466296928327645,1.579905765048473
269,0.8408703071672355,1.5717027073427272
270,0.851962457337884,1.5635631666248568
271,0.8483361774744027,1.5665463323072362
272,0.8489761092150171,1.5565608874115928
273,0.8502559726962458,1.5514299011067725
274,0.8547354948805461,1.5429775910165937
275,0.8498293515358362,1.5407157949213282
276,0.8570819112627986,1.5352716917877718
277,0.8581484641638225,1.5282941828815604
278,0.8587883959044369,1.527763762571706
279,0.8660409556313993,1.5185132128386774
280,0.8585750853242321,1.5158054848986682
281,0.8626279863481229,1.5100299128086494
282,0.8577218430034129,1.5091813688798976
283,0.8666808873720137,1.5059386304620996
284,0.8489761092150171,1.5112736155962374
285,0.8675341296928327,1.4952463599195251
286,0.8647610921501706,1.4942974584501352
287,0.8688139931740614,1.4863254901899006
288,0.8683873720136519,1.4864695706871995
289,0.8647610921501706,1.4852338764854665
290,0.8694539249146758,1.4733867677812282
291,0.8658276450511946,1.4662909780346085
292,0.863481228668942,1.4702146570023416
293,0.8609215017064846,1.4713756826550481
294,0.8658276450511946,1.4597727031837957
295,0.8694539249146758,1.4621764397051553
296,0.8700938566552902,1.4493039394808305
297,0.8675341296928327,1.448525100844712
298,0.8649744027303754,1.4479542514976789
299,0.8700938566552902,1.4424075795521916
300,0.8679607508532423,1.441412038770552
301,0.871160409556314,1.4348555453401377
302,0.8837457337883959,1.42627230235741
303,0.876919795221843,1.4207462556533033
304,0.8756399317406144,1.4199487011587253
305,0.8811860068259386,1.4136077885741667
306,0.8784129692832765,1.4087362956675247
307,0.8786262798634812,1.4072249676180375
308,0.8737201365187713,1.4074451374112542
309,0.882679180887372,1.399229967553461
310,0.888438566552901,1.3920752005365522
311,0.884598976109215,1.3864794123294817
312,0.8809726962457338,1.3857908716787657
313,0.8854522184300341,1.382578669961402
314,0.8794795221843004,1.3822935327328105
315,0.8854522184300341,1.375580782369542
316,0.8841723549488054,1.374202336060716
317,0.8877986348122867,1.3675402349986314
318,0.8867320819112628,1.363744959896335
319,0.8886518771331058,1.358165660815841
320,0.8907849829351536,1.3489379203360234
321,0.8931313993174061,1.345848457398268
322,0.8867320819112628,1.35241741694688
323,0.8907849829351536,1.344260549382545
324,0.8961177474402731,1.3402231423114348
325,0.8886518771331058,1.33936859397758
326,0.8860921501706485,1.3437337297628358
327,0.890358361774744,1.3354354250553118
328,0.8973976109215017,1.3201378901257044
329,0.8929180887372014,1.3231520058758837
330,0.8922781569965871,1.3290009022572749
331,0.898037542662116,1.3149711593426128
332,0.8901450511945392,1.3205782370355756
333,0.89910409556314,1.3085767291104835
334,0.8952645051194539,1.3079255538588905
335,0.8948378839590444,1.3070176925268597
336,0.8986774744027304,1.3024016195596688
337,0.9010238907849829,1.2922739929713487
338,0.8976109215017065,1.2876559036176767
339,0.9012372013651877,1.2828459454884709
340,0.9018771331058021,1.2849002629009938
341,0.9020904436860068,1.279773856185809
342,0.8954778156996587,1.2898164702763737
343,0.9063566552901023,1.2705457450586781
344,0.89910409556314,1.2770131895566557
345,0.9012372013651877,1.273325962825033
346,0.8993174061433447,1.264859506294589
347,0.9040102389078498,1.2633513033186616
348,0.9099829351535836,1.2542266748057291
349,0.9020904436860068,1.2563512077103702
350,0.9023037542662116,1.2640459452065997
351,0.9080631399317406,1.2506572191218874
352,0.9076365187713311,1.2423751504754856
353,0.914462457337884,1.2414879225219884
354,0.902943686006826,1.2469622120515478
355,0.9110494880546075,1.2316279114309838
356,0.9151023890784983,1.226613498385042
357,0.9072098976109215,1.2301329353970472
358,0.9074232081911263,1.2359554629277043
359,0.9101962457337884,1.2245033238934981
360,0.9151023890784983,1.2206716732767255
361,0.9101962457337884,1.2204805075511997
362,0.9097696245733788,1.2179472169778454
363,0.9151023890784983,1.2144699625594624
364,0.9131825938566553,1.2113305936494378
365,0.9140358361774744,1.1988281967696883
366,0.9180887372013652,1.201525812262968
367,0.9163822525597269,1.2005771024235279
368,0.91339590443686,1.2060542940686587
369,0.9187286689419796,1.1923166558197333
370,0.9119027303754266,1.1939775829835964
371,0.9193686006825939,1.1837225053904405
372,0.9163822525597269,1.188959376803844
373,0.9185153583617748,1.1844387274146486
374,0.9112627986348123,1.1891867394333406
375,0.908703071672355,1.1828390376152846
376,0.9185153583617748,1.174042779837859
377,0.9212883959044369,1.176117569920146
378,0.9153156996587031,1.165255479438313
379,0.9204351535836177,1.1635593045693615
380,0.9225682593856656,1.1668259877800535
381,0.9232081911262798,1.155830262464061
382,0.922994880546075,1.1565440860624607
383,0.9247013651877133,1.1493204592031017
384,0.9334470989761092,1.1408693106914949
385,0.9242747440273038,1.1465139962707362
386,0.9264078498293515,1.1438415009820828
387,0.9195819112627986,1.14381296683497
388,0.9202218430034129,1.1431388981106338
389,0.9283276450511946,1.1355505085235569
390,0.9249146757679181,1.134313707058747
391,0.9247013651877133,1.1260595179255097
392,0.922994880546075,1.1320930231146438
393,0.9334470989761092,1.121227563444665
394,0.9247013651877133,1.1296090929174587
395,0.9289675767918089,1.1183045406797234
396,0.9283276450511946,1.1123924690708773
397,0.9311006825938567,1.1142783193458063
398,0.931740614334471,1.107239016086982
399,0.9244880546075085,1.1149577939876518
400,0.9281143344709898,1.1097004909971062
401,0.931740614334471,1.1016938438187687
402,0.9311006825938567,1.098889999422197
403,0.9264078498293515,1.1034348438217372
404,0.9315273037542662,1.094539374621655
405,0.9296075085324232,1.0979776919498379
406,0.931740614334471,1.0946988156224273
407,0.931740614334471,1.0901899394728625
408,0.933660409556314,1.0870177928905032
409,0.9325938566552902,1.084436004072326
410,0.9321672354948806,1.080368249082728
411,0.9332337883959044,1.0806086864894568
412,0.933660409556314,1.073696629992931
413,0.9340870307167235,1.0791391138330662
414,0.929820819112628,1.077428034141202
415,0.9392064846416383,1.0664733526242878
416,0.9381399317406144,1.0615406390343103
417,0.9349402730375427,1.066386302176596
418,0.9364334470989761,1.0620010822706256
419,0.9362201365187713,1.0589800369210618
420,0.935580204778157,1.0540139880603492
421,0.9319539249146758,1.0594093533099307
422,0.9406996587030717,1.0531075338454783
423,0.9302474402730375,1.0641528966076952
424,0.939419795221843,1.0453269127692786
425,0.9343003412969283,1.0476066394877515
426,0.9387798634812287,1.041306306070842
427,0.9368600682593856,1.0422065876449742
428,0.9349402730375427,1.0389887782087097
429,0.9334470989761092,1.0422631321099838
430,0.9368600682593856,1.0424655403293441
431,0.9377133105802048,1.04182266477025
432,0.941339590443686,1.0287191859691216
433,0.9400597269624573,1.0292930143278207
434,0.9464590443686007,1.016408137087122
435,0.9456058020477816,1.018638115287234
436,0.9364334470989761,1.0219796338585863
437,0.9419795221843004,1.0200028517140463
438,0.9366467576791809,1.021410099475457
439,0.9449658703071673,1.0113969715788909
440,0.9392064846416383,1.013656637164106
441,0.9383532423208191,1.0156476102998233
442,0.9460324232081911,1.0037797402603228
443,0.9368600682593856,1.0126769563036975
444,0.9404863481228669,1.0071382978263568
445,0.9387798634812287,1.0066539110177206
446,0.9502986348122867,0.9879387832745757
447,0.945179180887372,0.9976522855384358
448,0.9445392491467577,0.9960663766177441
449,0.9498720136518771,0.9902519516570576
450,0.9468856655290102,0.9886999927690004
451,0.9428327645051194,0.9897765289394522
452,0.9468856655290102,0.9821416617660392
453,0.9479522184300341,0.9854838103564526
454,0.943259385665529,0.9871519039108485
455,0.9404863481228669,0.9907765870615077
456,0.9485921501706485,0.976568494233662
457,0.943259385665529,0.9793410824020568
458,0.9458191126279863,0.97085568441059
459,0.9496587030716723,0.9746787902031335
460,0.9488054607508533,0.9685754238948887
461,0.9466723549488054,0.9686072332460319
462,0.9475255972696246,0.9702430251515359
463,0.9488054607508533,0.9636227002322877
464,0.9481655290102389,0.966138717257529
465,0.9466723549488054,0.9652846467779765
466,0.947098976109215,0.9645799119724755
467,0.9502986348122867,0.9529715609631848
468,0.9494453924914675,0.9566090464998838
469,0.9515784982935154,0.9556244017727953
470,0.947098976109215,0.9514437016773549
471,0.9498720136518771,0.9524901739159541
472,0.950938566552901,0.9445994836071653
473,0.9549914675767918,0.9392116472582768
474,0.9477389078498294,0.9517753828100783
475,0.9552047781569966,0.9447609871727615
476,0.9498720136518771,0.9398072178860166
477,0.9488054607508533,0.9381211031825876
478,0.9515784982935154,0.9368204596506451
479,0.950938566552901,0.9348241796672547
480,0.9511518771331058,0.934827453854141
481,0.9543515358361775,0.9297283544068451
482,0.9500853242320819,0.9313276729486094
483,0.9488054607508533,0.9328625078087374
484,0.952858361774744,0.9249949172495168
485,0.9541382252559727,0.9206953614238179
486,0.9534982935153583,0.9244565977985135
487,0.9584044368600683,0.9125738076789387
488,0.9541382252559727,0.912458250547025
489,0.9552047781569966,0.916529653218826
490,0.9522184300341296,0.9159590148274809
491,0.9571245733788396,0.9089645104603555
492,0.9513651877133106,0.9169536098685281
493,0.9513651877133106,0.9124450417101994
494,0.9543515358361775,0.9082396461695128
495,0.9545648464163823,0.9078759540876837
496,0.9564846416382252,0.9057355620755271
497,0.9532849829351536,0.9009193627500697
498,0.9530716723549488,0.8998505550439854
499,0.9609641638225256,0.8893870672675123
