epoch,categorical_accuracy,loss
0,0.5311433447098977,4.560556829992821
1,0.5234641638225256,4.459629503126437
2,0.5219709897610921,4.245262035330815
3,0.5042662116040956,4.121648021932348
4,0.515358361774744,4.019524242283948
5,0.5142918088737202,3.914415720786658
6,0.5247440273037542,3.87954485131612
7,0.5106655290102389,3.8262106656214483
8,0.5185580204778157,3.742287007615021
9,0.511518771331058,3.7307959221328892
10,0.514505119453925,3.6568677433521675
11,0.5174914675767918,3.625941798955507
12,0.5238907849829352,3.5873379886353787
13,0.513438566552901,3.571285470760723
14,0.5226109215017065,3.541544508201677
15,0.5307167235494881,3.485454117478771
16,0.5174914675767918,3.510490559880644
17,0.5281569965870307,3.448862668190393
18,0.524957337883959,3.466867443644553
19,0.5311433447098977,3.4113064845674272
20,0.5262372013651877,3.4201892170889794
21,0.5196245733788396,3.3945493893411784
22,0.52410409556314,3.374069730576395
23,0.5330631399317406,3.363602581284559
24,0.5211177474402731,3.3595586539128535
25,0.5266638225255973,3.3446850784809516
26,0.5307167235494881,3.305369328313313
27,0.5296501706484642,3.295226145929851
28,0.5360494880546075,3.3065258390667496
29,0.5245307167235495,3.2959792670943227
30,0.5430887372013652,3.2677704270789243
31,0.5341296928327645,3.2583282099648954
32,0.5465017064846417,3.2405997396736015
33,0.5499146757679181,3.225771285568081
34,0.5319965870307167,3.2401221774950777
35,0.5501279863481229,3.21191858431585
36,0.5322098976109215,3.216519376116808
37,0.5377559726962458,3.1978160854899436
38,0.5499146757679181,3.191439252664612
39,0.5507679180887372,3.1825599694821616
40,0.5522610921501706,3.1689144800140587
41,0.5405290102389079,3.1684816729900374
42,0.552901023890785,3.1466115928754057
43,0.5511945392491467,3.14202644149598
44,0.547141638225256,3.1350664555416174
45,0.5535409556313993,3.1225058072256147
46,0.5625,3.1214765135338687
47,0.575938566552901,3.0940944961313503
48,0.5578071672354948,3.092642382957016
49,0.5533276450511946,3.095513100510164
50,0.5648464163822525,3.076256292265023
51,0.5706058020477816,3.062398374284087
52,0.5665529010238908,3.0608818099767277
53,0.5697525597269625,3.053748304933411
54,0.5669795221843004,3.042051271366992
55,0.5680460750853242,3.0358313122707017
56,0.5915102389078498,3.016280514388361
57,0.5814846416382252,3.008776999984585
58,0.5729522184300341,3.01505657593138
59,0.5795648464163823,2.9934827247984175
60,0.5812713310580204,2.993142458359129
61,0.5793515358361775,2.981536110920304
62,0.5883105802047781,2.971282439834022
63,0.5910836177474402,2.9677343352255967
64,0.5900170648464164,2.9522483397669355
65,0.5921501706484642,2.951670806969392
66,0.5953498293515358,2.936662123878661
67,0.5936433447098977,2.9322370302961955
68,0.6081484641638225,2.9162635176661884
69,0.5942832764505119,2.9137999930072565
70,0.6006825938566553,2.901173895129572
71,0.5953498293515358,2.895052970879721
72,0.6079351535836177,2.8815587551520547
73,0.6015358361774744,2.877590631869059
74,0.6055887372013652,2.8642694966378066
75,0.6051621160409556,2.8591310554803844
76,0.613481228668942,2.840670582377463
77,0.6168941979522184,2.8364782902974723
78,0.6139078498293515,2.828270362098876
79,0.6183873720136519,2.8213643604578014
80,0.6092150170648464,2.8157253802432947
81,0.6322525597269625,2.794632089829689
82,0.6226535836177475,2.7921764199644223
83,0.621160409556314,2.785364878462443
84,0.634598976109215,2.76853081797577
85,0.6309726962457338,2.7643463636014243
86,0.6301194539249146,2.7493185232116906
87,0.6335324232081911,2.7450050632294536
88,0.6333191126279863,2.738278636346498
89,0.628839590443686,2.731344667311008
90,0.6339590443686007,2.7214368895052234
91,0.643344709897611,2.7045291104821216
92,0.6420648464163823,2.6949384415922717
93,0.630759385665529,2.6930931436323875
94,0.6416382252559727,2.685255793581237
95,0.6409982935153583,2.6807919582002397
96,0.6427047781569966,2.6644328145036926
97,0.6463310580204779,2.6567219874150925
98,0.6488907849829352,2.6490580099841434
99,0.6546501706484642,2.6393585229489585
100,0.6488907849829352,2.6251493623232274
101,0.6518771331058021,2.6224834959661596
102,0.6454778156996587,2.614820416063172
103,0.6555034129692833,2.6094069708736276
104,0.6580631399317406,2.5925855034447367
105,0.6610494880546075,2.591444503732102
106,0.659556313993174,2.5821834888067667
107,0.6629692832764505,2.569728234522172
108,0.6612627986348123,2.56352709503304
109,0.6668088737201365,2.5467904818342815
110,0.6653156996587031,2.544950961252935
111,0.6619027303754266,2.5350178321473833
112,0.674061433447099,2.5222338718765833
113,0.6627559726962458,2.528735754839796
114,0.6636092150170648,2.508967051327025
115,0.6693686006825939,2.502766202334251
116,0.6843003412969283,2.4863668838865522
117,0.6670221843003413,2.4879959093425867
118,0.6793941979522184,2.4822627944751
119,0.6736348122866894,2.4711394602935064
120,0.6811006825938567,2.4602816235083362
121,0.6766211604095563,2.4496742816508426
122,0.6744880546075085,2.444006597629586
123,0.6828071672354948,2.4404587151654344
124,0.6791808873720137,2.436911103668473
125,0.6911262798634812,2.420194726755188
126,0.6892064846416383,2.411115822938522
127,0.6906996587030717,2.4043031438625713
128,0.6983788395904437,2.3906256615505286
129,0.6930460750853242,2.391380986255997
130,0.6896331058020477,2.3846482368052615
131,0.7026450511945392,2.3693567266236393
132,0.6911262798634812,2.3646981065183774
133,0.699018771331058,2.353144373096297
134,0.702858361774744,2.3489216749171753
135,0.7030716723549488,2.3422030979455943
136,0.6994453924914675,2.329791971441015
137,0.6981655290102389,2.3242503831817833
138,0.6879266211604096,2.327385297814327
139,0.7160836177474402,2.301636079065629
140,0.7041382252559727,2.3027470030475397
141,0.7030716723549488,2.295655972314776
142,0.7047781569965871,2.291044259640951
143,0.7007252559726962,2.286919588115028
144,0.7060580204778157,2.2758658436784973
145,0.6979522184300341,2.274248028777972
146,0.7197098976109215,2.2595304108316987
147,0.7192832764505119,2.2471594004907707
148,0.7152303754266212,2.242109542820641
149,0.7118174061433447,2.2431634863895766
150,0.7126706484641638,2.226021725163118
151,0.7173634812286689,2.2280400905999715
152,0.7150170648464164,2.2200589171855523
153,0.7103242320819113,2.2134368281315617
154,0.7216296928327645,2.1970264187445006
155,0.7122440273037542,2.198247081183736
156,0.7216296928327645,2.188687750910736
157,0.7203498293515358,2.1837282066865993
158,0.7201365187713311,2.1785803736273337
159,0.7284556313993175,2.164031682160934
160,0.7216296928327645,2.1607473230199195
161,0.7224829351535836,2.161132915028126
162,0.7344283276450512,2.141062574175031
163,0.7282423208191127,2.1419569245784356
164,0.7337883959044369,2.1345868745354664
165,0.7322952218430034,2.1210286682376274
166,0.725042662116041,2.126747765231865
167,0.7431740614334471,2.106266235735636
168,0.7412542662116041,2.0991565644130774
169,0.7510665529010239,2.0914504324616834
170,0.7391211604095563,2.0896298860934
171,0.7444539249146758,2.086154538209935
172,0.7474402730375427,2.0704088308705404
173,0.75,2.069675991559598
174,0.7433873720136519,2.0678720108071285
175,0.7476535836177475,2.0495307079354244
176,0.7389078498293515,2.057127213722203
177,0.7399744027303754,2.052019952914007
178,0.7395477815699659,2.0434506240558297
179,0.7397610921501706,2.036459266936006
180,0.7525597269624573,2.0307818337918957
181,0.7536262798634812,2.0151878249523176
182,0.7649317406143344,2.0038393060501933
183,0.7508532423208191,2.0097252903537948
184,0.7504266211604096,2.0084785170115707
185,0.7514931740614335,2.0023229992837224
186,0.7617320819112628,1.988722574181931
187,0.7610921501706485,1.9802329926767448
188,0.7621587030716723,1.9765171732105087
189,0.7553327645051194,1.9774339129900362
190,0.7578924914675768,1.9611775394999533
191,0.7512798634812287,1.9607926493211818
192,0.7649317406143344,1.9463237239232243
193,0.7574658703071673,1.948032357180078
194,0.7674914675767918,1.9357996877956716
195,0.768344709897611,1.9335548861441758
196,0.7566126279863481,1.9320217578484338
197,0.7694112627986348,1.927495335962992
198,0.7723976109215017,1.9078031424369422
199,0.7681313993174061,1.912445835286033
200,0.7666382252559727,1.9050867325616778
201,0.7719709897610921,1.8996065867231975
202,0.7719709897610921,1.8953177046043475
203,0.7625853242320819,1.8972759718781038
204,0.7704778156996587,1.8807131080497248
205,0.7723976109215017,1.8765916405277447
206,0.7760238907849829,1.8667453222307329
207,0.7758105802047781,1.8656346317851096
208,0.7696245733788396,1.8577286277614762
209,0.7785836177474402,1.8551894877957809
210,0.7747440273037542,1.852494886710782
211,0.7758105802047781,1.8522688915298253
212,0.778796928327645,1.8407840618908202
213,0.7753839590443686,1.8338256984847399
214,0.7781569965870307,1.830890061098561
215,0.78839590443686,1.81632804951977
216,0.7738907849829352,1.821790443752406
217,0.7935153583617748,1.8034330191465775
218,0.7811433447098977,1.806682853568536
219,0.7809300341296929,1.8027121556903722
220,0.7854095563139932,1.7972848362483262
221,0.7871160409556314,1.792837761367954
222,0.7915955631399317,1.784509110369373
223,0.7965017064846417,1.77537588373386
224,0.7843430034129693,1.7756287416907302
225,0.7888225255972696,1.777617815818396
226,0.7954351535836177,1.7658985873538073
227,0.7901023890784983,1.7587362108783917
228,0.7928754266211604,1.7426591668112692
229,0.7871160409556314,1.7508939476143377
230,0.7952218430034129,1.7410600905532316
231,0.7877559726962458,1.7408746920348028
232,0.7994880546075085,1.7331727604817204
233,0.8050341296928327,1.7215261825522465
234,0.8014078498293515,1.7274492734935096
235,0.7997013651877133,1.7182605661222958
236,0.8018344709897611,1.7178335625157015
237,0.797141638225256,1.7105505421706841
238,0.8037542662116041,1.709232545549959
239,0.806740614334471,1.6946519955026411
240,0.802901023890785,1.6867998183383877
241,0.8099402730375427,1.688024583123243
242,0.8022610921501706,1.6884635056245043
243,0.8118600682593856,1.6787712712336726
244,0.8052474402730375,1.6763450659989496
245,0.8037542662116041,1.6713717598150208
246,0.8061006825938567,1.6725713588271938
247,0.8180460750853242,1.6504562885688026
248,0.8056740614334471,1.660222418885996
249,0.8171928327645052,1.6485275188810589
250,0.8075938566552902,1.6485128260309785
251,0.814419795221843,1.6428621877175549
252,0.8112201365187713,1.6326727793892089
253,0.8135665529010239,1.6301570524534674
254,0.806740614334471,1.6331947549618144
255,0.8152730375426621,1.6244434781448833
256,0.8142064846416383,1.6245254790823613
257,0.8208191126279863,1.612350033004943
258,0.8191126279863481,1.6131378457001044
259,0.8135665529010239,1.6103245780736513
260,0.8208191126279863,1.595807601974279
261,0.8238054607508533,1.5920741232588835
262,0.8231655290102389,1.5945103681128179
263,0.8229522184300341,1.5861032778085702
264,0.818259385665529,1.5941259922021078
265,0.8238054607508533,1.5733933253499834
266,0.8246587030716723,1.5758578984810632
267,0.8127133105802048,1.57779264490759
268,0.8289249146757679,1.560044237371191
269,0.8265784982935154,1.559377909927238
270,0.8319112627986348,1.5560645947277343
271,0.8344709897610921,1.547951395601136
272,0.8304180887372014,1.5480994254655804
273,0.8304180887372014,1.5433916402758185
274,0.8325511945392492,1.5396372743027202
275,0.8346843003412969,1.5327464895443705
276,0.8319112627986348,1.5352201844238178
277,0.8227389078498294,1.5331788884901756
278,0.8380972696245734,1.52367603453353
279,0.8380972696245734,1.515627483459056
280,0.8391638225255973,1.5141676049997375
281,0.8387372013651877,1.508546508212952
282,0.8370307167235495,1.5079045572378529
283,0.8287116040955631,1.5113683556533917
284,0.8389505119453925,1.4965890890095421
285,0.8321245733788396,1.5019742612545808
286,0.8479095563139932,1.48817331148089
287,0.8442832764505119,1.4917881553897272
288,0.847056313993174,1.4752044116270826
289,0.85089590443686,1.483212555227833
290,0.8430034129692833,1.4770996729261638
291,0.8453498293515358,1.4643388551249845
292,0.8444965870307167,1.4670917454839973
293,0.8398037542662116,1.471617994861798
294,0.8466296928327645,1.4568604108823444
295,0.856655290102389,1.4435617704033445
296,0.847056313993174,1.446584748326715
297,0.8447098976109215,1.4504142307991055
298,0.8617747440273038,1.435865407510829
299,0.8547354948805461,1.4329100057940434
300,0.8534556313993175,1.4384424751529108
301,0.8532423208191127,1.427082253804386
302,0.851962457337884,1.4328972015771442
303,0.8570819112627986,1.4185261946082521
304,0.8506825938566553,1.4244255201808422
305,0.8553754266211604,1.413075549203788
306,0.850042662116041,1.4134156150622579
307,0.8513225255972696,1.4097394271922192
308,0.8579351535836177,1.4025043948925395
309,0.871160409556314,1.3898619913810757
310,0.8675341296928327,1.3923684647465728
311,0.8562286689419796,1.3925513732962234
312,0.8632679180887372,1.3845633540950943
313,0.8641211604095563,1.3812264798037428
314,0.8656143344709898,1.3874053719100692
315,0.8468430034129693,1.3896803526341306
316,0.8688139931740614,1.3680459887501322
317,0.8641211604095563,1.3735513638310872
318,0.8686006825938567,1.3605329612009354
319,0.8677474402730375,1.3678600478904646
320,0.8617747440273038,1.362275166316244
321,0.8666808873720137,1.3537510576508558
322,0.8694539249146758,1.3548955697655272
323,0.8694539249146758,1.3418068242968146
324,0.8675341296928327,1.354540945726857
325,0.8666808873720137,1.345397884121527
326,0.8668941979522184,1.3422529994424293
327,0.8745733788395904,1.3351212634161471
328,0.8781996587030717,1.324881308721601
329,0.8805460750853242,1.324546837562587
330,0.875,1.321146754274596
331,0.8668941979522184,1.331841247480477
332,0.8758532423208191,1.3087666286950226
333,0.8760665529010239,1.3115727014509078
334,0.8794795221843004,1.3057165060433917
335,0.8718003412969283,1.3099173462024727
336,0.8739334470989761,1.301804459135687
337,0.8747866894197952,1.303714771319575
338,0.8745733788395904,1.2992416921329173
339,0.8871587030716723,1.2908634655304736
340,0.8805460750853242,1.294516641532195
341,0.8794795221843004,1.2886699267214883
342,0.8820392491467577,1.2817198363587312
343,0.8762798634812287,1.2837356886359206
344,0.8888651877133106,1.2808118952826022
345,0.876919795221843,1.2840793588462542
346,0.8939846416382252,1.264389867261815
347,0.8860921501706485,1.266429378310975
348,0.878839590443686,1.2646875418086914
349,0.8833191126279863,1.2661559016224466
350,0.8899317406143344,1.251808076588367
351,0.8860921501706485,1.2559690593452584
352,0.8828924914675768,1.2582450759288801
353,0.8843856655290102,1.256400331295391
354,0.8907849829351536,1.241347531002943
355,0.8805460750853242,1.249066310937901
356,0.8875853242320819,1.2381349285308005
357,0.8875853242320819,1.2399963103870484
358,0.8976109215017065,1.2326564048337447
359,0.8873720136518771,1.2381375942620807
360,0.8912116040955631,1.2235068078740872
361,0.8890784982935154,1.231920522227629
362,0.8888651877133106,1.2289808260295985
363,0.8875853242320819,1.2275724899239915
364,0.8946245733788396,1.217856781881417
365,0.8918515358361775,1.215822315460179
366,0.8929180887372014,1.2097571933635674
367,0.8937713310580204,1.2078863248076455
368,0.8984641638225256,1.20236893481362
369,0.89910409556314,1.2053988142631973
370,0.8959044368600683,1.1998148566626852
371,0.9003839590443686,1.1934666955023496
372,0.8961177474402731,1.1903649027437073
373,0.8997440273037542,1.1929919508130071
374,0.8899317406143344,1.196144449019188
375,0.9018771331058021,1.185636444303363
376,0.9018771331058021,1.1803526137876021
377,0.9012372013651877,1.1818639280039296
378,0.8907849829351536,1.1916130496373356
379,0.9035836177474402,1.1704382513977154
380,0.9035836177474402,1.1672003444144343
381,0.8950511945392492,1.170639997456261
382,0.9080631399317406,1.1630432247708682
383,0.9023037542662116,1.157214970312021
384,0.9014505119453925,1.1610316770475473
385,0.9040102389078498,1.1626501229842776
386,0.9003839590443686,1.1576037211629717
387,0.9035836177474402,1.1533281872296903
388,0.8978242320819113,1.1545985440752204
389,0.9005972696245734,1.1519591629301729
390,0.9023037542662116,1.1527979093200111
391,0.9012372013651877,1.1441257829959075
392,0.899957337883959,1.1438362476361896
393,0.9052901023890785,1.1378947313328245
394,0.9116894197952219,1.1311564209518172
395,0.9063566552901023,1.131838209799939
396,0.9065699658703071,1.1299998597480332
397,0.8997440273037542,1.137639437112385
398,0.9050767918088737,1.1267440835770486
399,0.9104095563139932,1.1182564598708429
400,0.9119027303754266,1.12062919668777
401,0.9074232081911263,1.1210364648506503
402,0.9119027303754266,1.118477357532384
403,0.9129692832764505,1.108375451263714
404,0.9136092150170648,1.1089007736472953
405,0.9161689419795221,1.1052402632228344
406,0.909556313993174,1.1076369301857802
407,0.9093430034129693,1.1095544575831182
408,0.908703071672355,1.103900577427991
409,0.9069965870307167,1.1063467736130281
410,0.9076365187713311,1.098349979306244
411,0.9215017064846417,1.0858066635327128
412,0.9129692832764505,1.0895741331699358
413,0.9110494880546075,1.0922164314842875
414,0.9172354948805461,1.0870136815940155
415,0.914462457337884,1.0810679661129114
416,0.9212883959044369,1.0726170291672794
417,0.9206484641638225,1.0765982083086267
418,0.9242747440273038,1.066775459071475
419,0.9146757679180887,1.074806091321613
420,0.9210750853242321,1.06798796198067
421,0.9223549488054608,1.0592924018768728
422,0.9249146757679181,1.059569182656324
423,0.9163822525597269,1.072048280019402
424,0.922141638225256,1.056403049429936
425,0.9195819112627986,1.0646204590390567
426,0.9206484641638225,1.054712346389432
427,0.9187286689419796,1.0594352455269354
428,0.9170221843003413,1.0566266624593899
429,0.9204351535836177,1.0515823189309026
430,0.9185153583617748,1.0455789948486225
431,0.9215017064846417,1.041887216193684
432,0.9212883959044369,1.0398852483404375
433,0.9232081911262798,1.0377322109892912
434,0.9225682593856656,1.0354491559718657
435,0.9247013651877133,1.0337673974932258
436,0.9219283276450512,1.0352074998230658
437,0.9219283276450512,1.0329400675288647
438,0.9225682593856656,1.0366806764244627
439,0.9202218430034129,1.0310744702205723
440,0.9234215017064846,1.0291345013693332
441,0.9272610921501706,1.0229025338696944
442,0.9255546075085325,1.025530132417386
443,0.9281143344709898,1.0156398779703082
444,0.9311006825938567,1.0117027092305466
445,0.9276877133105802,1.0098401495214209
446,0.9272610921501706,1.0128148834859958
447,0.927901023890785,1.0076737904304531
448,0.931740614334471,1.0068069102414232
449,0.9293941979522184,1.0027994914266436
450,0.925981228668942,1.00698538567019
451,0.9270477815699659,1.001844808510139
452,0.9253412969283277,1.003791266130506
453,0.9289675767918089,1.0018097524350007
454,0.9264078498293515,1.0015486157388003
455,0.9253412969283277,0.9971971644069555
456,0.9300341296928327,0.9887890427185814
457,0.9253412969283277,0.9870078868833418
458,0.9255546075085325,0.9915218926940762
459,0.9375,0.9810613029645978
460,0.9345136518771331,0.9863119164017687
461,0.9261945392491467,0.986185209742992
462,0.9398464163822525,0.9717609371748394
463,0.939419795221843,0.9707406153044196
464,0.9353668941979523,0.9736067953776988
465,0.9375,0.9734153747558594
466,0.9340870307167235,0.9678838043489554
467,0.929820819112628,0.9807455299657359
468,0.9319539249146758,0.965194335162843
469,0.9353668941979523,0.9675906186624599
470,0.9300341296928327,0.9684812082772369
471,0.941339590443686,0.9571686958697062
472,0.933660409556314,0.9606691462594902
473,0.9325938566552902,0.9627777445845229
474,0.9385665529010239,0.9535075308112968
475,0.9345136518771331,0.9588273696525105
476,0.933660409556314,0.9577342583050907
477,0.9357935153583617,0.9541377732371308
478,0.9357935153583617,0.9529318744412054
479,0.9353668941979523,0.9529962275215383
480,0.9345136518771331,0.9444140675938577
481,0.9362201365187713,0.9511322503203825
482,0.9343003412969283,0.9431476656080513
483,0.9338737201365188,0.942410203987421
484,0.9366467576791809,0.9448993783762024
485,0.9368600682593856,0.9397124031704848
486,0.9383532423208191,0.936061526321307
487,0.9360068259385665,0.9393249318868226
488,0.9375,0.934408800593822
489,0.9421928327645052,0.9311660731611805
490,0.9441126279863481,0.9230999210181904
491,0.9456058020477816,0.9239478800890796
492,0.9357935153583617,0.9263360581707222
493,0.9347269624573379,0.9301140621660512
494,0.9409129692832765,0.9242728244729417
495,0.9377133105802048,0.9299383320092341
496,0.9383532423208191,0.9203000817282615
497,0.9383532423208191,0.9181098394833327
498,0.9398464163822525,0.917706768260474
499,0.9387798634812287,0.9100828168742079
