epoch,categorical_accuracy,loss
0,0.4854948805460751,4.753050691845474
1,0.5029863481228669,4.46775801434045
2,0.5078924914675768,4.322558679678334
3,0.509598976109215,4.181242005410048
4,0.5243174061433447,4.031253765874348
5,0.5117320819112628,3.9587111676512317
6,0.5228242320819113,3.829181744376954
7,0.5283703071672355,3.793256046015248
8,0.5283703071672355,3.6844206116712135
9,0.5059726962457338,3.661085665836269
10,0.5253839590443686,3.5830945195598405
11,0.5211177474402731,3.5348567962646484
12,0.5194112627986348,3.4907062460538065
13,0.5292235494880546,3.416255574991272
14,0.5091723549488054,3.424335306414972
15,0.5270904436860068,3.3710442907574234
16,0.5307167235494881,3.324599898309024
17,0.524957337883959,3.32958662550604
18,0.5155716723549488,3.3097311010132877
19,0.5121587030716723,3.2601109364740677
20,0.51919795221843,3.2408310227833512
21,0.534556313993174,3.207095392734931
22,0.5322098976109215,3.1919324495686605
23,0.5298634812286689,3.180239782398471
24,0.5292235494880546,3.1514386821525497
25,0.5305034129692833,3.133641472448668
26,0.5290102389078498,3.1342733760742605
27,0.5270904436860068,3.112046358935255
28,0.5264505119453925,3.093178378844017
29,0.5270904436860068,3.0864433119321437
30,0.5294368600682594,3.076769687209927
31,0.5258105802047781,3.057470867658231
32,0.5326365187713311,3.039973174345778
33,0.5362627986348123,3.026797630681113
34,0.537542662116041,2.9975597215593877
35,0.5347696245733788,3.0051553656216776
36,0.5407423208191127,2.995576110716159
37,0.5172781569965871,3.0040659269782055
38,0.5469283276450512,2.9584344279644026
39,0.5366894197952219,2.9679394134482426
40,0.539462457337884,2.9579932478100774
41,0.5317832764505119,2.9573119711957285
42,0.5456484641638225,2.9389659943434157
43,0.5373293515358362,2.939692092023205
44,0.5311433447098977,2.9282259184345856
45,0.5482081911262798,2.9178541170452235
46,0.5377559726962458,2.9116328169461405
47,0.5424488054607508,2.89983420730044
48,0.5409556313993175,2.8981725534888256
49,0.5531143344709898,2.8745813337202364
50,0.5533276450511946,2.866158848329616
51,0.5403156996587031,2.8743319446316353
52,0.560580204778157,2.8579560660664947
53,0.5520477815699659,2.8542223448639437
54,0.5477815699658704,2.84659787331018
55,0.5460750853242321,2.8461446338953014
56,0.5541808873720137,2.830184481656592
57,0.5405290102389079,2.835717186586035
58,0.5593003412969283,2.8198141986599556
59,0.5541808873720137,2.813817722398673
60,0.5486348122866894,2.8102512172464627
61,0.5533276450511946,2.7937787531178966
62,0.5580204778156996,2.78237267321694
63,0.5665529010238908,2.778957652557425
64,0.5684726962457338,2.7699944753288817
65,0.568259385665529,2.7643563332411207
66,0.5597269624573379,2.760882951293789
67,0.5603668941979523,2.7499976646371262
68,0.5757252559726962,2.742093359651012
69,0.572098976109215,2.7270425578433093
70,0.5610068259385665,2.7303953032444768
71,0.5695392491467577,2.719771490162143
72,0.5767918088737202,2.7164012726663325
73,0.5716723549488054,2.707164365683806
74,0.5718856655290102,2.7026740869971264
75,0.5834044368600683,2.69162992243067
76,0.5793515358361775,2.6811286906740364
77,0.5735921501706485,2.6843426585604306
78,0.5774317406143344,2.6705113840591377
79,0.5836177474402731,2.6608635199354778
80,0.5735921501706485,2.6593159132036335
81,0.5787116040955631,2.6492660053760932
82,0.5836177474402731,2.640554671401457
83,0.5878839590443686,2.6328194214622314
84,0.6011092150170648,2.6236351195455816
85,0.5880972696245734,2.6147676970771556
86,0.5951365187713311,2.6126074913011883
87,0.5883105802047781,2.6039637518417305
88,0.5959897610921502,2.5932852758075597
89,0.5887372013651877,2.5930651934887363
90,0.6051621160409556,2.576376133811352
91,0.5974829351535836,2.5675465995541207
92,0.5987627986348123,2.571846664969018
93,0.6107081911262798,2.5574098089042376
94,0.6017491467576792,2.5489599623370904
95,0.5974829351535836,2.5491265322974925
96,0.600042662116041,2.545059837172056
97,0.6064419795221843,2.528672903471026
98,0.6060153583617748,2.525668722777643
99,0.6175341296928327,2.5165472112011176
100,0.6109215017064846,2.502022239535335
101,0.6030290102389079,2.5024314683451996
102,0.6215870307167235,2.493556725694051
103,0.6151877133105802,2.4876637304195364
104,0.6126279863481229,2.47767621421163
105,0.6143344709897611,2.4719579195406656
106,0.6209470989761092,2.460777892187594
107,0.6241467576791809,2.456805042032496
108,0.6348122866894198,2.4371558260999033
109,0.6247866894197952,2.4448840357744652
110,0.6386518771331058,2.4272358726722794
111,0.6313993174061433,2.423625361797346
112,0.6294795221843004,2.418153335616857
113,0.6322525597269625,2.4098244616602873
114,0.6271331058020477,2.4056382830232486
115,0.6226535836177475,2.405119032583139
116,0.6424914675767918,2.387870411824041
117,0.6373720136518771,2.376991802515023
118,0.6493174061433447,2.36815983931766
119,0.6431313993174061,2.364557862688657
120,0.6388651877133106,2.3541173625724716
121,0.6444112627986348,2.352713907131156
122,0.6333191126279863,2.3466205906135635
123,0.6471843003412969,2.333488955025787
124,0.6488907849829352,2.329076640028189
125,0.64910409556314,2.321929742044963
126,0.6503839590443686,2.318964827996472
127,0.6531569965870307,2.30726400333053
128,0.6412116040955631,2.3069856248211127
129,0.6437713310580204,2.2972523311706126
130,0.6488907849829352,2.2898191494339564
131,0.6501706484641638,2.284681245328623
132,0.6497440273037542,2.2764121957199563
133,0.6531569965870307,2.2707331514195777
134,0.659556313993174,2.2638636546737096
135,0.6580631399317406,2.2599139620419657
136,0.6689419795221843,2.2480846509184853
137,0.6742747440273038,2.238183316110344
138,0.6525170648464164,2.239663949191774
139,0.6727815699658704,2.2246978893214933
140,0.6572098976109215,2.2240027347929243
141,0.664462457337884,2.2178650740470496
142,0.6642491467576792,2.2124428325952525
143,0.6668088737201365,2.201904789986464
144,0.6663822525597269,2.19870774737804
145,0.6725682593856656,2.1897073345379616
146,0.6680887372013652,2.1837806083236537
147,0.6672354948805461,2.1820561251135815
148,0.6697952218430034,2.172900693815316
149,0.6704351535836177,2.1651202810502297
150,0.677901023890785,2.1517373620446634
151,0.6727815699658704,2.149533698176361
152,0.6727815699658704,2.145310462131435
153,0.6665955631399317,2.141682702119847
154,0.6804607508532423,2.131792127068946
155,0.6783276450511946,2.125282504859638
156,0.6736348122866894,2.1192780338456605
157,0.6804607508532423,2.1178921424488157
158,0.6732081911262798,2.113189793284029
159,0.6791808873720137,2.099586197133764
160,0.6766211604095563,2.098478793284185
161,0.674061433447099,2.092966480059835
162,0.6887798634812287,2.0821815122923346
163,0.6732081911262798,2.0806377666395273
164,0.6793941979522184,2.076049174871868
165,0.679820819112628,2.0687221634510027
166,0.6938993174061433,2.056406394613481
167,0.6979522184300341,2.0535357502947083
168,0.6830204778156996,2.051311169874953
169,0.6862201365187713,2.0386580021308145
170,0.6930460750853242,2.0367936278365986
171,0.6857935153583617,2.0299752027101485
172,0.6945392491467577,2.0230563248383713
173,0.7015784982935154,2.019813443206683
174,0.6956058020477816,2.006505859182963
175,0.7041382252559727,2.005492622941834
176,0.6983788395904437,1.9978165138296706
177,0.6904863481228669,1.998676064071395
178,0.7007252559726962,1.9867549666772524
179,0.7007252559726962,1.9834966907729061
180,0.6949658703071673,1.9862702714705223
181,0.7041382252559727,1.9683307547618099
182,0.6926194539249146,1.9704647747729827
183,0.7060580204778157,1.9654295757768911
184,0.7075511945392492,1.9559475085841105
185,0.7064846416382252,1.9518951031128293
186,0.7107508532423208,1.9435772248909335
187,0.702005119453925,1.941404234427234
188,0.7098976109215017,1.9340083786245093
189,0.7075511945392492,1.9270981432227958
190,0.7148037542662116,1.923498949500074
191,0.7139505119453925,1.9195416160817846
192,0.7126706484641638,1.914146531563977
193,0.7113907849829352,1.9105677901681373
194,0.71160409556314,1.9053755514450854
195,0.7254692832764505,1.895647688530411
196,0.7235494880546075,1.8869045150971657
197,0.7141638225255973,1.8887239731212524
198,0.7173634812286689,1.8756474577933042
199,0.7252559726962458,1.8780583098479913
200,0.712457337883959,1.8764056829869138
201,0.7184300341296929,1.8667657826947677
202,0.7239761092150171,1.8589308664660404
203,0.7241894197952219,1.855595062617149
204,0.725042662116041,1.8509735739678652
205,0.7278156996587031,1.8460235603840278
206,0.7182167235494881,1.8493385933365025
207,0.7280290102389079,1.8337515454243474
208,0.7318686006825939,1.8274119587888489
209,0.7156569965870307,1.8326636524330633
210,0.7248293515358362,1.817246980227708
211,0.7305887372013652,1.8166313924073358
212,0.7293088737201365,1.8123299107209814
213,0.7320819112627986,1.8086107501397768
214,0.7231228668941979,1.799431208457556
215,0.7318686006825939,1.79869132033794
216,0.7359215017064846,1.7923625329248734
217,0.7352815699658704,1.785752518998885
218,0.7252559726962458,1.7896910014819774
219,0.7310153583617748,1.786265861052295
220,0.7325085324232082,1.780650012729111
221,0.7297354948805461,1.7732483469992368
222,0.7320819112627986,1.7689432459072856
223,0.7348549488054608,1.7644307816801625
224,0.7297354948805461,1.759268456351635
225,0.7322952218430034,1.7521728444018054
226,0.7382679180887372,1.7487948481947082
227,0.7382679180887372,1.7435064539567602
228,0.7421075085324232,1.7336038643996463
229,0.7465870307167235,1.7281739036377786
230,0.7414675767918089,1.729889999070672
231,0.7527730375426621,1.7166609194498421
232,0.7425341296928327,1.723522991857431
233,0.7497866894197952,1.716954534778009
234,0.7544795221843004,1.704457175202744
235,0.7429607508532423,1.708774187459067
236,0.7436006825938567,1.6990554381556071
237,0.7470136518771331,1.702654163585181
238,0.7523464163822525,1.6876424262141205
239,0.7581058020477816,1.6862014153711624
240,0.7510665529010239,1.6789371068160281
241,0.7627986348122867,1.6797091423854893
242,0.7572525597269625,1.6750524157957005
243,0.7559726962457338,1.6731916641619424
244,0.7504266211604096,1.6700380739498464
245,0.7549061433447098,1.6641018256392495
246,0.7553327645051194,1.6612063788716704
247,0.763438566552901,1.650797858173123
248,0.757679180887372,1.6557703604063483
249,0.7572525597269625,1.6443944701562563
250,0.7589590443686007,1.6367342630750896
251,0.7559726962457338,1.6394725293429637
252,0.7625853242320819,1.6329748866501115
253,0.7531996587030717,1.631881811513022
254,0.764505119453925,1.6268945920182576
255,0.7566126279863481,1.6240190568637523
256,0.7593856655290102,1.6181446415572442
257,0.7606655290102389,1.6118682525263712
258,0.7636518771331058,1.6103898128144978
259,0.764505119453925,1.609250931202755
260,0.7593856655290102,1.604421161140598
261,0.7666382252559727,1.6001864761215834
262,0.7677047781569966,1.59534760139908
263,0.7668515358361775,1.6049633579449443
264,0.7766638225255973,1.5838451995784513
265,0.7709044368600683,1.5812373039258625
266,0.76919795221843,1.5788476100960689
267,0.7760238907849829,1.5751190014666665
268,0.7732508532423208,1.569606739099522
269,0.7728242320819113,1.5680618977790806
270,0.7770904436860068,1.5617878359739283
271,0.7800767918088737,1.5556244268352262
272,0.7713310580204779,1.5610725928492106
273,0.7807167235494881,1.5418319360388018
274,0.787542662116041,1.5428026288035788
275,0.7758105802047781,1.546556771004973
276,0.7781569965870307,1.5451778999367671
277,0.7770904436860068,1.535317478733258
278,0.7764505119453925,1.5398838707204565
279,0.7783703071672355,1.5292020588604665
280,0.7792235494880546,1.5349026666159515
281,0.7807167235494881,1.523406426654334
282,0.7783703071672355,1.5228688147287728
283,0.79330204778157,1.510556313364986
284,0.7913822525597269,1.509110403956
285,0.7888225255972696,1.5050724891265506
286,0.7856228668941979,1.504208729942504
287,0.7892491467576792,1.4982148746581614
288,0.7819965870307167,1.505408185333929
289,0.7930887372013652,1.4934477342273595
290,0.7898890784982935,1.4865550913501517
291,0.7999146757679181,1.4794834095463412
292,0.7922354948805461,1.4839725905310985
293,0.7858361774744027,1.4874998127641124
294,0.79330204778157,1.482343786405622
295,0.7898890784982935,1.4800652448634646
296,0.8014078498293515,1.4662604624907718
297,0.7911689419795221,1.4733817923191057
298,0.7947952218430034,1.4690851367781186
299,0.79330204778157,1.466235973322351
300,0.7975682593856656,1.4536618893463864
301,0.7860494880546075,1.4597586885654072
302,0.7960750853242321,1.4524253236555809
303,0.7862627986348123,1.4548930991631726
304,0.8043941979522184,1.4453557229286167
305,0.8050341296928327,1.4346099497922045
306,0.8018344709897611,1.4374771081546875
307,0.8073805460750854,1.4327277962258245
308,0.794155290102389,1.4354793329694573
309,0.8054607508532423,1.4227191571896394
310,0.7977815699658704,1.4325571597232754
311,0.7999146757679181,1.4295405930626515
312,0.8014078498293515,1.4139924924121374
313,0.7977815699658704,1.4203424893141607
314,0.7994880546075085,1.4139472429255984
315,0.8073805460750854,1.4066413502644353
316,0.8161262798634812,1.3996012015554278
317,0.8037542662116041,1.409171354648603
318,0.8082337883959044,1.3965058538287165
319,0.8050341296928327,1.39854458045634
320,0.8063139931740614,1.3962480997469644
321,0.8133532423208191,1.3871707623322262
322,0.8056740614334471,1.3897965475154004
323,0.8084470989761092,1.3818391589988215
324,0.8129266211604096,1.3712099794641697
325,0.8212457337883959,1.3709395297965092
326,0.8159129692832765,1.3668197784000695
327,0.8150597269624573,1.3624008523726219
328,0.8135665529010239,1.3681730955534015
329,0.8165529010238908,1.3644430324079233
330,0.8199658703071673,1.3609262590929103
331,0.8018344709897611,1.3733917039409025
332,0.822098976109215,1.3518403817362346
333,0.8252986348122867,1.346912139918617
334,0.8129266211604096,1.351002268010032
335,0.8225255972696246,1.3517536689803868
336,0.8206058020477816,1.3405668296097895
337,0.8139931740614335,1.3446476369994493
338,0.824018771331058,1.338120366932996
339,0.8255119453924915,1.340077931563602
340,0.8261518771331058,1.3277016878128052
341,0.8250853242320819,1.3289810280751042
342,0.8122866894197952,1.3306924751594205
343,0.820179180887372,1.3233428509975862
344,0.8319112627986348,1.3152799431374456
345,0.8346843003412969,1.3142698661459185
346,0.8225255972696246,1.3138813309295185
347,0.8334044368600683,1.3042376549984407
348,0.8302047781569966,1.3081032375426829
349,0.8334044368600683,1.3032239040823927
350,0.8263651877133106,1.3011973091359839
351,0.8293515358361775,1.2961251145743673
352,0.830844709897611,1.3002892655317286
353,0.8289249146757679,1.292530263243275
354,0.8255119453924915,1.2982610655319162
355,0.8203924914675768,1.295410788506778
356,0.8246587030716723,1.2882573344194848
357,0.837457337883959,1.282459098324434
358,0.8393771331058021,1.2768124553530695
359,0.8233788395904437,1.289510415275756
360,0.830844709897611,1.2802531076372687
361,0.8387372013651877,1.2798443878063164
362,0.8378839590443686,1.2622193293359907
363,0.8421501706484642,1.2646364425229537
364,0.8295648464163823,1.2690508776557323
365,0.83660409556314,1.2628883888290197
366,0.8395904436860068,1.255842193808572
367,0.8378839590443686,1.2622241347316183
368,0.8391638225255973,1.260681259754168
369,0.8410836177474402,1.252087228127307
370,0.8385238907849829,1.2486159174922384
371,0.8476962457337884,1.2402218576177395
372,0.8436433447098977,1.2400416363628244
373,0.8434300341296929,1.2402228731344178
374,0.8504692832764505,1.2310898714911815
375,0.8389505119453925,1.2384100725219518
376,0.8423634812286689,1.2326167101746126
377,0.8487627986348123,1.2252646574795043
378,0.8410836177474402,1.233781074094284
379,0.8430034129692833,1.2309845205866843
380,0.8438566552901023,1.2253141435746853
381,0.847056313993174,1.2250224103699772
382,0.8476962457337884,1.218990792186594
383,0.8545221843003413,1.2144248835462759
384,0.8472696245733788,1.2137284474161298
385,0.8494027303754266,1.2084626618505745
386,0.8432167235494881,1.2148235251065407
387,0.8487627986348123,1.2078681240309628
388,0.8474829351535836,1.2008936665570777
389,0.8523890784982935,1.1983767080632493
390,0.8534556313993175,1.2037811857034728
391,0.8504692832764505,1.1982381941922289
392,0.8432167235494881,1.1987845938360324
393,0.8540955631399317,1.1896106655687195
394,0.8481228668941979,1.2013868134176364
395,0.8564419795221843,1.1822096687128112
396,0.8521757679180887,1.1909310752621283
397,0.8564419795221843,1.183299954433897
398,0.8538822525597269,1.1856534306099797
399,0.8622013651877133,1.1764648595360765
400,0.8668941979522184,1.1646206891577398
401,0.8523890784982935,1.1743890799760004
402,0.8628412969283277,1.1674080224574221
403,0.8626279863481229,1.1624188642859865
404,0.856655290102389,1.1674398208234091
405,0.8600682593856656,1.1605732851874706
406,0.8511092150170648,1.172231609097113
407,0.8632679180887372,1.1540005833622538
408,0.8645477815699659,1.14435856252807
409,0.8630546075085325,1.1582706698785463
410,0.8600682593856656,1.14980466089151
411,0.8698805460750854,1.146672747647803
412,0.8666808873720137,1.146021701370083
413,0.8688139931740614,1.1414466730156856
414,0.867320819112628,1.1441417668052907
415,0.8600682593856656,1.147427105659511
416,0.8639078498293515,1.1395707358272409
417,0.8677474402730375,1.131945677177898
418,0.8694539249146758,1.135790144217299
419,0.8666808873720137,1.124503837917445
420,0.8683873720136519,1.1289701803552412
421,0.8728668941979523,1.1212060980422505
422,0.8651877133105802,1.1322094433950483
423,0.8754266211604096,1.1150842681272852
424,0.8728668941979523,1.1182922189959894
425,0.8703071672354948,1.1110248329696395
426,0.8690273037542662,1.1102127963772406
427,0.8656143344709898,1.119857585470831
428,0.8754266211604096,1.10697090788506
429,0.873080204778157,1.1086907224036728
430,0.8777730375426621,1.0967759797190644
431,0.8709470989761092,1.1119445245013708
432,0.8724402730375427,1.1105328843048408
433,0.8703071672354948,1.105952598535974
434,0.8741467576791809,1.099380501708073
435,0.8732935153583617,1.1001266013233328
436,0.8760665529010239,1.090721184890018
437,0.8771331058020477,1.0970632122645199
438,0.8720136518771331,1.1003546157387742
439,0.8803327645051194,1.0807015338448533
440,0.8792662116040956,1.084648489138372
441,0.8779863481228669,1.0845942159561575
442,0.8790529010238908,1.0810934834105976
443,0.880759385665529,1.0793202425839552
444,0.8833191126279863,1.0742315786283578
445,0.8794795221843004,1.077786758084346
446,0.8816126279863481,1.0707013598887993
447,0.8837457337883959,1.0708340438966457
448,0.8882252559726962,1.0667452205976935
449,0.8850255972696246,1.0655212796995663
450,0.8764931740614335,1.0672432106916407
451,0.880759385665529,1.0637645434600909
452,0.8871587030716723,1.0593681066923175
453,0.8767064846416383,1.069587542335328
454,0.8841723549488054,1.0593765831644624
455,0.8843856655290102,1.055187704620101
456,0.8856655290102389,1.0495132364510675
457,0.8880119453924915,1.043224219169226
458,0.8916382252559727,1.04812936042356
459,0.8931313993174061,1.0392111092297291
460,0.8869453924914675,1.0418718595553584
461,0.888438566552901,1.0456962776672312
462,0.890358361774744,1.039573175101557
463,0.8860921501706485,1.0371765671329694
464,0.8927047781569966,1.037314065080454
465,0.8897184300341296,1.0402934834005075
466,0.8939846416382252,1.031893309472771
467,0.8897184300341296,1.0354703351499277
468,0.8863054607508533,1.0328397323653966
469,0.8971843003412969,1.0254313719964272
470,0.8927047781569966,1.0287512984292093
471,0.8905716723549488,1.024262235840026
472,0.8948378839590444,1.0197278566327925
473,0.890358361774744,1.023328886910917
474,0.8860921501706485,1.025312399294596
475,0.8971843003412969,1.009805322100278
476,0.8959044368600683,1.0091267091829215
477,0.898037542662116,1.0115499585968641
478,0.8986774744027304,1.0030646859175516
479,0.8937713310580204,1.0136594202738167
480,0.9057167235494881,1.0002507823726017
481,0.8916382252559727,1.010302995252121
482,0.8950511945392492,1.0060987521357097
483,0.8982508532423208,1.0006935559848877
484,0.8997440273037542,1.000553740169408
485,0.8961177474402731,1.0025009006363539
486,0.9003839590443686,1.0010899089709078
487,0.9003839590443686,1.0028893491920758
488,0.8988907849829352,0.9924439708527445
489,0.899957337883959,0.9973614960400318
490,0.9048634812286689,0.9836286707136005
491,0.8995307167235495,0.9888582510346032
492,0.8984641638225256,0.994333703363308
493,0.899957337883959,0.9894216813325069
494,0.9035836177474402,0.9849831826044024
495,0.9003839590443686,0.980734801536534
496,0.9005972696245734,0.9808892231345584
497,0.8984641638225256,0.9812891035763477
498,0.9025170648464164,0.9800358302764112
499,0.8986774744027304,0.974698907686175
