epoch,acc,loss,val_acc,val_loss
0,0.525765306122449,0.7176880495888847,0.5306122444113907,0.7127053688983528
1,0.6668367346938775,0.6637292606489998,0.5510204076766968,0.7080250465140051
2,0.7176020408163265,0.6214192259068392,0.5479591831869008,0.7101565039887721
3,0.7579081632653061,0.5750389083307617,0.5540816324097769,0.7086631064512292
4,0.7954081632653062,0.5288471706059514,0.5489795918367347,0.7130059830996455
5,0.8170918367346939,0.5013596417952557,0.5530612240032274,0.7159449677078091
6,0.8395408163265307,0.46467089726000416,0.5530612240032274,0.7235436711992537
7,0.8410714285714286,0.4415711416273701,0.5581632650628382,0.7324389971032434
8,0.8543367346938775,0.4135163174600017,0.5520408160832464,0.7417706881250654
9,0.8691326530612244,0.3858958056994847,0.5530612244897959,0.7514135774301023
10,0.8716836734693878,0.37380341875309847,0.5448979594269577,0.7594854386485352
11,0.8744897959183674,0.3607672938278743,0.5459183673469388,0.7707031252432842
12,0.8775510204081632,0.34510469655601345,0.5479591836734694,0.7859641853643924
13,0.8849489795918367,0.33373167295845185,0.5479591834301851,0.7982794550000405
14,0.8857142857142857,0.324791193130065,0.5510204079199811,0.8168899395027939
15,0.8900510204081633,0.3092897793468164,0.5397959181240627,0.8297099546510346
16,0.8852040816326531,0.3023081009485284,0.5469387752669198,0.8427151988963691
17,0.8844387755102041,0.3030343333069159,0.5428571428571428,0.8586039153897033
18,0.8915816326530612,0.28846519029870327,0.5459183671036545,0.872290013274368
19,0.8931122448979592,0.28595485869719056,0.5479591836734694,0.8895260421597228
20,0.8959183673469387,0.27847543085107995,0.5530612244897959,0.9036450943168328
21,0.9040816326530612,0.26945933042740333,0.5438775510204081,0.9263821356150569
22,0.9089285714285714,0.26569854209617694,0.55,0.9465857063020978
23,0.9040816326530612,0.2652791261672974,0.5448979594269577,0.9697018384933471
24,0.9096938775510204,0.2630827653164766,0.5418367349371618,0.985597368649074
25,0.9119897959183674,0.2584665282648437,0.5377551020408163,1.0040826240364387
26,0.9178571428571428,0.24814139549829523,0.5346938775510204,1.0254522890460736
27,0.9137755102040817,0.24613202846780116,0.5387755099607974,1.0484059606279645
28,0.9196428571428571,0.24599198005637343,0.5336734693877551,1.0755951572437676
29,0.925,0.2360127125467573,0.5336734693877551,1.089339085987636
30,0.9216836734693877,0.24367369845205425,0.5387755099607974,1.1096301253961056
31,0.9229591836734694,0.23926973215171268,0.5448979591836735,1.1284627892533128
32,0.9303571428571429,0.22755811098886997,0.540816326287328,1.1490398382653995
33,0.9303571428571429,0.219402997955984,0.5459183671036545,1.1651919467108591
34,0.9262755102040816,0.22440940695149558,0.5397959181240627,1.180204813820975
35,0.9224489795918367,0.23173078271199246,0.5428571431004271,1.2018395917756217
36,0.9295918367346939,0.22247522047587803,0.5418367346938775,1.2354811356992137
37,0.9311224489795918,0.2203258709639919,0.5346938777943047,1.2522753131632902
38,0.9372448979591836,0.20751770600980643,0.5387755102040817,1.2632803262496481
39,0.9326530612244898,0.21322886233731192,0.5336734693877551,1.298620563137288
40,0.934438775510204,0.20698950430568383,0.5285714285714286,1.338347743482006
41,0.934438775510204,0.2043685573096178,0.5357142857142857,1.3463453665071605
42,0.9280612244897959,0.21218463523047312,0.5316326528179403,1.3759757294946788
43,0.9359693877551021,0.209599070707146,0.5357142854710014,1.3921751452952016
44,0.9280612244897959,0.21388080132250883,0.5306122446546749,1.4199997928677772
45,0.9359693877551021,0.21305932153244408,0.5214285711852872,1.4561212033641582
46,0.9385204081632653,0.20486032603954782,0.5214285709420029,1.4710783671359626
47,0.9346938775510204,0.20576849926491173,0.5255102035950642,1.483941264785066
48,0.9331632653061225,0.20368138947048967,0.5173469385322259,1.48918844802039
49,0.9339285714285714,0.20581753977707454,0.5193877551020408,1.5189837879064132
50,0.9349489795918368,0.20035743682968374,0.5265306122448979,1.544569610332956
51,0.9341836734693878,0.20042830839449047,0.527551020164879,1.5609403860812285
52,0.9392857142857143,0.1894230376092755,0.5275510199215947,1.585783610051992
53,0.9354591836734694,0.20048511709485736,0.5295918362481253,1.6062680397714888
54,0.938265306122449,0.18540496522066544,0.5214285711852872,1.6275847559072534
55,0.934438775510204,0.19650946551439713,0.5183673466954912,1.6542320149285452
56,0.9354591836734694,0.1945558796731793,0.5265306120016137,1.6695496238007836
57,0.9364795918367347,0.19202956164977988,0.5326530609812056,1.6800716139832321
58,0.9357142857142857,0.19454371102002202,0.531632652574656,1.7168426503940504
59,0.9359693877551021,0.1923553474095403,0.5265306117583294,1.7498921136466825
60,0.9334183673469387,0.18939520838309307,0.5306122444113907,1.776760007167349
61,0.9334183673469387,0.18755351773330142,0.5295918362481253,1.808748281488613
62,0.9313775510204082,0.19946110838530015,0.5326530607379213,1.8323051973265045
63,0.9346938775510204,0.18779102372271675,0.5275510199215947,1.8600448695980774
64,0.939795918367347,0.1849247144801276,0.5265306117583294,1.8602225325545487
65,0.9349489795918368,0.1890286573950125,0.5244897964049359,1.907265904484963
66,0.9362244897959183,0.1862232348748616,0.5112244900392027,1.9269385082381112
67,0.936734693877551,0.18372514880433374,0.5204081637518746,1.9267665619752845
68,0.9359693877551021,0.18950074479287984,0.5173469390187945,1.9415059537303692
69,0.9423469387755102,0.18103123395418635,0.5183673474253441,1.9645127797613338
70,0.9433673469387756,0.17581224769962078,0.5153061219624111,1.990921357699803
71,0.9359693877551021,0.18631153191838945,0.5061224487363075,2.021076927379686
72,0.9392857142857143,0.18213952998725735,0.5122448977158994,2.0457704337275757
73,0.9354591836734694,0.1860949309504762,0.5040816321664927,2.070166942294763
74,0.9410714285714286,0.18119694268216893,0.5122448974726151,2.078968259753013
75,0.9408163265306122,0.17901473118334402,0.5132653058791647,2.1008615143445075
76,0.940561224489796,0.17967010198199018,0.5132653056358805,2.1215798013064324
77,0.9395408163265306,0.1778311075604692,0.5183673474253441,2.1435487936954107
78,0.9471938775510204,0.17446896959932484,0.5132653056358805,2.1695749725614277
79,0.9392857142857143,0.17768908736048913,0.5142857147722828,2.179977549825396
80,0.9461734693877552,0.16904352660081826,0.5153061229355481,2.191950534801094
81,0.9433673469387756,0.17432118502198432,0.5193877555886094,2.22787571002026
82,0.9415816326530613,0.17115698398984208,0.5153061229355481,2.2596858457643156
83,0.9377551020408164,0.1725770495984019,0.5204081637518746,2.2993231787973523
84,0.9390306122448979,0.17847989846249016,0.5183673474253441,2.330350222392958
85,0.9438775510204082,0.17103213369846343,0.5163265301256764,2.3542413594771405
86,0.9410714285714286,0.1745377731262421,0.518367346452207,2.3514879489431575
87,0.9380102040816326,0.17335182020858841,0.5255102035950642,2.3725915329796927
88,0.9474489795918367,0.16998346195537217,0.5275510199215947,2.4175515929046942
89,0.9448979591836735,0.1733567377742456,0.5193877548587565,2.443810178552355
90,0.9418367346938775,0.17199716227395193,0.5255102038383483,2.4531582511201195
91,0.9395408163265306,0.17535807581580415,0.5214285711852872,2.4829994634706147
92,0.9375,0.17920336933160314,0.5244897954317989,2.507416609598666
93,0.9454081632653061,0.16254940945274976,0.5193877551020408,2.530396517442197
94,0.9423469387755102,0.17270442004106482,0.5102040811460845,2.5586212452577084
95,0.9428571428571428,0.17311303089467847,0.5193877546154723,2.5800728252955847
96,0.9408163265306122,0.17048907669223085,0.5153061219624111,2.5784917892241963
97,0.9372448979591836,0.17396582888097178,0.5091836729828192,2.5881535457105054
98,0.9426020408163265,0.17365743180318755,0.5132653056358805,2.5876571908289074
99,0.9392857142857143,0.16899996512398427,0.5193877546154723,2.623329403449078
100,0.9443877551020409,0.16626785896262344,0.5112244893093498,2.645624620087293
101,0.9408163265306122,0.1693473634062981,0.5112244893093498,2.6690911025417092
102,0.9403061224489796,0.17021118962034887,0.5122448984457522,2.7080860074685544
103,0.9410714285714286,0.17186052409970032,0.505102041302895,2.724097590543786
104,0.9464285714285714,0.1572042226791382,0.5122448984457522,2.7361121420957604
105,0.9418367346938775,0.16671295083907187,0.5173469392620788,2.7426391056605746
106,0.9448979591836735,0.16010155671713303,0.5193877546154723,2.7517629511502326
107,0.9426020408163265,0.16553654324035255,0.5132653056358805,2.7605482539352106
108,0.9469387755102041,0.1573428355309428,0.5173469382889416,2.781140184402466
109,0.9443877551020409,0.1542934961160835,0.5122448974726151,2.8078205059985724
110,0.9454081632653061,0.1617965737471775,0.5081632648195539,2.8250476720381754
111,0.9426020408163265,0.16522935361278301,0.5122448977158994,2.8431166824029415
112,0.9448979591836735,0.15561828780539183,0.5091836732261035,2.8638432570866175
113,0.9446428571428571,0.1579166375860876,0.5081632650628382,2.901564243375039
114,0.9438775510204082,0.15825590147655838,0.5061224484930233,2.909560750941841
115,0.940561224489796,0.16273573056167487,0.5112244893093498,2.8971776495174484
116,0.9474489795918367,0.15358512900313553,0.5091836729828192,2.9083103467007074
117,0.9413265306122449,0.16484561158078057,0.5153061219624111,2.9090399187438343
118,0.9438775510204082,0.16476512168134963,0.5153061219624111,2.900910504983396
119,0.9395408163265306,0.16414439389292074,0.5091836729828192,2.9119094649139714
120,0.9359693877551021,0.16975292380975218,0.5244897959183673,2.923934150228695
121,0.9436224489795918,0.160074782371521,0.5214285714285715,2.9338028722879836
122,0.9436224489795918,0.1573876230996482,0.5163265306122449,2.9442966225195906
123,0.9428571428571428,0.15618830265439287,0.5193877551020408,2.969484808736918
124,0.9479591836734694,0.15679350325039454,0.5183673469387755,2.9892444272430576
125,0.9466836734693878,0.15223677039754635,0.5153061222056954,2.9854702740299457
126,0.9443877551020409,0.1557438225466378,0.5142857140424301,3.0418233112413056
127,0.9482142857142857,0.15437051775504132,0.5193877548587565,3.052166562177697
128,0.9471938775510204,0.1537134703628871,0.5163265303689606,3.047556315636148
129,0.9438775510204082,0.16154553038733346,0.5183673466954912,3.054652088029044
130,0.9426020408163265,0.1597415364214352,0.5183673466954912,3.0485005690127003
131,0.950765306122449,0.15025888933819168,0.5112244893093498,3.056222158062215
132,0.9461734693877552,0.1556097646757048,0.5183673466954912,3.0626550591721826
133,0.9479591836734694,0.1560648810802674,0.5214285709420029,3.0745518003191266
134,0.9479591836734694,0.15472521718059268,0.5193877546154723,3.086979329342745
135,0.9426020408163265,0.15334208154556703,0.5173469385322259,3.1341301056803488
136,0.9436224489795918,0.1546994987343039,0.5132653056358805,3.125883070790038
137,0.9395408163265306,0.159243152822767,0.5163265301256764,3.1931067179660406
138,0.9395408163265306,0.16498383450873044,0.5122448974726151,3.1898022607881193
139,0.9456632653061224,0.15511462274862794,0.5173469382889416,3.180464305683058
140,0.9464285714285714,0.1561725271295528,0.5193877546154723,3.1932770135451336
141,0.9474489795918367,0.15012261314051492,0.5295918362481253,3.2169532046026115
142,0.9489795918367347,0.14751526205515375,0.5336734689011866,3.2026529983598357
143,0.9413265306122449,0.15657512375286647,0.5367346933909825,3.197458946948149
144,0.9477040816326531,0.14800194696504243,0.5357142852277171,3.20960936108414
145,0.95,0.1466707302295432,0.531632652574656,3.2120059864861625
146,0.9505102040816327,0.14544671843854748,0.5295918364914096,3.2102984082942108
147,0.9489795918367347,0.1529312506013987,0.527551020164879,3.247051481324799
148,0.9451530612244898,0.15537984225214743,0.527551020164879,3.24483924690558
149,0.9477040816326531,0.14929035652656944,0.52857142808486,3.263069811645819
150,0.9420918367346939,0.1577997058934095,0.5367346936342667,3.2550181413183408
151,0.9423469387755102,0.1548802795154708,0.5469387752669198,3.260357991529971
152,0.9466836734693878,0.15195276682474176,0.540816326287328,3.2739125597233674
153,0.9446428571428571,0.14708455828379613,0.541836734207309,3.2752995909476765
154,0.9464285714285714,0.1499920771134143,0.5428571433437114,3.2955937755351163
155,0.948469387755102,0.15126462776441962,0.5428571433437114,3.3319881395417816
156,0.950765306122449,0.14891214303824366,0.5408163270171807,3.323429329541265
157,0.9420918367346939,0.15963023517813002,0.5346938780375889,3.351193495672576
158,0.9494897959183674,0.14387118840704158,0.5357142852277171,3.36275449237045
159,0.9423469387755102,0.16002129957992203,0.5336734689011866,3.357364389847736
160,0.949234693877551,0.14758530076669188,0.5255102035950642,3.3909208273401066
161,0.9510204081632653,0.1468755889912041,0.52857142808486,3.40186231136322
162,0.9494897959183674,0.1501121638988962,0.52857142808486,3.405793720848706
163,0.949234693877551,0.14867913704745622,0.5275510208947318,3.423115651948111
164,0.9520408163265306,0.1438383136172684,0.5224489800784052,3.4442595165603014
165,0.9456632653061224,0.15443482684845827,0.5224489800784052,3.4745671807503213
166,0.9446428571428571,0.15208440775773963,0.5295918372212624,3.4688738745086045
167,0.9474489795918367,0.1535531056170561,0.5234693882416706,3.496237616636315
168,0.9469387755102041,0.15115518049926174,0.5234693882416706,3.5038602897099085
169,0.9415816326530613,0.1607067930759216,0.5275510199215947,3.5105305983095754
170,0.9497448979591837,0.1458498013262846,0.5295918362481253,3.5669365513081455
171,0.9482142857142857,0.14913547911814282,0.5306122444113907,3.575023605385605
172,0.9400510204081632,0.15624553168914757,0.5255102035950642,3.5835025398098694
173,0.9538265306122449,0.14778542108073525,0.5275510208947318,3.574962062251811
174,0.9497448979591837,0.14658929973232504,0.5295918372212624,3.565156283670542
175,0.9469387755102041,0.1440628308118606,0.531632653547793,3.566392993927002
176,0.9561224489795919,0.14352352096109974,0.5295918362481253,3.579644518482442
177,0.9517857142857142,0.14844552886729337,0.5295918362481253,3.601306851056157
178,0.948469387755102,0.14850542688248108,0.5346938770644519,3.631159139166073
179,0.9563775510204081,0.1375560757761099,0.531632652574656,3.6436391509309107
180,0.9482142857142857,0.1497251447670314,0.5346938770644519,3.6733293348429155
181,0.9530612244897959,0.14073354560805826,0.5265306117583294,3.6845773755287636
182,0.9525510204081633,0.138749759020854,0.5295918362481253,3.692351961135864
183,0.95,0.14502999715659085,0.5295918362481253,3.697301532784287
184,0.9535714285714286,0.13833966197407976,0.5326530607379213,3.6809729099273683
185,0.9551020408163265,0.13946149385705287,0.531632652574656,3.6896778632183462
186,0.9459183673469388,0.1498849956052644,0.5214285709420029,3.7037176394949154
187,0.9471938775510204,0.1456239347251094,0.5255102035950642,3.7099163415480634
188,0.9477040816326531,0.14439183777692366,0.5265306117583294,3.712297458551368
189,0.9494897959183674,0.1464770073489267,0.5255102038383483,3.767566306250436
190,0.951530612244898,0.1426927454009348,0.5255102035950642,3.765910382660068
191,0.9517857142857142,0.1461486291824555,0.518367346452207,3.786114168653683
192,0.9469387755102041,0.15059105729570194,0.5255102035950642,3.799129647624736
193,0.9520408163265306,0.14141362011432648,0.5244897954317989,3.8080733956122885
194,0.9528061224489796,0.14306990306596368,0.5163265310988134,3.852446933668487
195,0.9520408163265306,0.14497395839009966,0.5132653056358805,3.8674638636258183
196,0.9497448979591837,0.1509526980470638,0.5193877546154723,3.835821394531094
197,0.9573979591836734,0.13802902257564117,0.5163265301256764,3.809081419633359
198,0.952295918367347,0.1435759411478529,0.5275510199215947,3.7883951046028916
199,0.9548469387755102,0.1402260955499143,0.5255102035950642,3.7779810954113398
200,0.9497448979591837,0.14900711805236583,0.5244897954317989,3.785024298940386
201,0.9512755102040816,0.14712720516384864,0.52857142808486,3.7776643933082115
202,0.9520408163265306,0.14418380135784345,0.531632652574656,3.768019863050811
203,0.9558673469387755,0.14041732257726242,0.5295918362481253,3.7782472328263887
204,0.9540816326530612,0.14274544162409647,0.5326530609812056,3.8022323501353363
205,0.9573979591836734,0.13319261575839958,0.5316326528179403,3.804932387021123
206,0.9505102040816327,0.14244739461918265,0.5295918364914096,3.8141802826706246
207,0.9576530612244898,0.14130796516428187,0.5336734691444709,3.8290694368128873
208,0.9489795918367347,0.14900968743830312,0.5285714283281443,3.8636214883960025
209,0.949234693877551,0.14552207084334626,0.5265306120016137,3.878021909266102
210,0.9533163265306123,0.1408453379358564,0.5285714283281443,3.864614542163148
211,0.9512755102040816,0.14066653616574346,0.5173469385322259,3.9003599410154384
212,0.9538265306122449,0.1423857630515585,0.5214285709420029,3.901102837251157
213,0.9538265306122449,0.14255072060896426,0.5295918364914096,3.9041968564597926
214,0.9558673469387755,0.13889737533671515,0.5204081632653061,3.8986674235791576
215,0.9538265306122449,0.14230341385213696,0.5204081632653061,3.9060530925283627
216,0.952295918367347,0.14282517901488712,0.5193877551020408,3.9131103953536677
217,0.9530612244897959,0.14307479496513095,0.5214285711852872,3.9426890490006428
218,0.9538265306122449,0.14268242725912406,0.5204081630220219,3.9465655404694227
219,0.9538265306122449,0.13880645343843773,0.5234693875118178,3.934862300327846
220,0.9502551020408163,0.14641956607906187,0.5214285711852872,3.9216942431975386
221,0.9538265306122449,0.14432081212194597,0.5214285709420029,3.921021348116349
222,0.952295918367347,0.14889704645896445,0.5285714285714286,3.9014507541851122
223,0.9520408163265306,0.13922018750893828,0.5285714285714286,3.8811274893429815
224,0.9533163265306123,0.14188749601646344,0.5244897954317989,3.868701649685295
225,0.951530612244898,0.1426067494008006,0.5275510199215947,3.8787487964240874
226,0.9461734693877552,0.14759639428586377,0.5265306117583294,3.852312963836047
227,0.9533163265306123,0.13510914861547704,0.5255102045682012,3.8428208832838098
228,0.9548469387755102,0.1374987716577491,0.5285714290579971,3.8265960343030034
229,0.9545918367346938,0.1395765586471071,0.531632652574656,3.8099026577813286
230,0.952295918367347,0.14224861756879456,0.5336734693877551,3.8037845952170235
231,0.9538265306122449,0.13861444866170688,0.5336734693877551,3.8390244853739834
232,0.9520408163265306,0.13968219811819038,0.5306122446546749,3.8722410182563625
233,0.9568877551020408,0.14219067051094406,0.5265306122448979,3.882260123077704
234,0.9535714285714286,0.13839017879597995,0.527551020164879,3.902101737625745
235,0.9586734693877551,0.13825002641093975,0.5346938773077361,3.882180385200345
236,0.9538265306122449,0.13689841013781878,0.5367346936342667,3.8988152825102516
237,0.9533163265306123,0.1479890367814473,0.5336734691444709,3.917152301632628
238,0.951530612244898,0.14423158104930606,0.5295918364914096,3.929110384960564
239,0.9553571428571429,0.14235016378212947,0.5346938773077361,3.908465167454311
240,0.9487244897959184,0.14872393988224925,0.5326530609812056,3.923935570035662
241,0.9538265306122449,0.1428983239190919,0.5326530609812056,3.90320412918013
242,0.9520408163265306,0.14615177293213047,0.527551020164879,3.91817503267405
243,0.9573979591836734,0.13591940673638364,0.5367346936342667,3.9342580303853874
244,0.9563775510204081,0.1453990608757856,0.527551020164879,3.939717645547828
245,0.9525510204081633,0.14514568490641458,0.5316326528179403,3.9240504006950223
246,0.9538265306122449,0.14042744849409375,0.5336734689011866,3.949682701850424
247,0.9535714285714286,0.14655858211371364,0.5346938770644519,3.9499186116821914
248,0.9510204081632653,0.14764278217846033,0.5336734689011866,3.957163338271939
249,0.9579081632653061,0.13035927019557175,0.5326530607379213,3.9382922289322835
