epoch,acc,loss,val_acc,val_loss
0,0.5693877551020409,0.7055373800044157,0.5989795920800189,0.6999684044292995
1,0.5875,0.6787036937110278,0.5989795920800189,0.6951096778013268
2,0.5931122448979592,0.6517859814118366,0.6000000002432843,0.6929648440711352
3,0.6119897959183673,0.6238529217486479,0.595918367590223,0.6934101328557851
4,0.6290816326530613,0.6027427520070757,0.5908163270171808,0.6950653387575734
5,0.6818877551020408,0.5760512697453402,0.5928571423705743,0.701779431956155
6,0.7119897959183673,0.5514801828228697,0.5867346933909825,0.7020070776647451
7,0.7306122448979592,0.5310589116446826,0.5897959181240626,0.7044988405947783
8,0.7622448979591837,0.5078459917282572,0.5826530609812055,0.7087744943949641
9,0.7747448979591837,0.48053396380677516,0.5857142857142857,0.7161440027003385
10,0.8239795918367347,0.4553482416941195,0.5775510199215947,0.7254961407914453
11,0.8607142857142858,0.4372407329325773,0.5836734689011865,0.7346448547986089
12,0.8688775510204082,0.41699273209182586,0.5826530609812055,0.7450016174997602
13,0.8811224489795918,0.3965545252877839,0.5836734689011865,0.7579956108210039
14,0.8836734693877552,0.38917225733095284,0.5673469382889417,0.7756274967777486
15,0.8915816326530612,0.3675494274314569,0.5744897954317988,0.7864741094258367
16,0.8951530612244898,0.3601048957328407,0.5724489800784053,0.802337767883223
17,0.9084183673469388,0.33167528948005365,0.5724489800784053,0.8165122720659995
18,0.900765306122449,0.3348485147466465,0.5857142854710015,0.8343943698065621
19,0.9104591836734693,0.31577603093215395,0.5846938773077361,0.8527791889346376
20,0.9145408163265306,0.30431260247619785,0.5806122444113907,0.8738946625164576
21,0.9048469387755103,0.3111810881264356,0.5704081627787376,0.889882847240993
22,0.9160714285714285,0.2957722808025321,0.5765306127314664,0.9166064172374959
23,0.9132653061224489,0.2911537509791705,0.5653061229355482,0.9372722898210798
24,0.9127551020408163,0.2882463344505855,0.5744897954317988,0.958497653445419
25,0.9216836734693877,0.27642130815252963,0.5775510208947318,0.9789621226641596
26,0.9221938775510204,0.2714769362186899,0.5755102038383484,0.9955910145019998
27,0.9201530612244898,0.2683380512558684,0.5826530609812055,1.0120947356126746
28,0.9288265306122448,0.25880438168438114,0.5653061222056953,1.0297550478760078
29,0.9323979591836735,0.2564111064891426,0.5734693872685335,1.0493726963899574
30,0.9255102040816326,0.2554617121511576,0.5724489793485524,1.0755449100416534
31,0.9336734693877551,0.24385375550815036,0.565306121962411,1.0936687547333386
32,0.9295918367346939,0.2450099616026392,0.5704081627787376,1.1080621986973043
33,0.9418367346938775,0.22938822526104596,0.5663265303689606,1.1337254052259484
34,0.9346938775510204,0.23148365118065659,0.5612244893093499,1.1474023745984447
35,0.9372448979591836,0.22771420728187172,0.5602040811460846,1.1661167290745948
36,0.9349489795918368,0.22880249266721764,0.56428571404243,1.1831304710738513
37,0.9354591836734694,0.22999999827268172,0.5653061222056953,1.2015604797674686
38,0.939795918367347,0.21901125324015713,0.5704081630220219,1.2108624896224665
39,0.9418367346938775,0.21514509977126609,0.5704081630220219,1.234411029426419
40,0.9346938775510204,0.22355128429373916,0.5653061222056953,1.2562183214693654
41,0.9380102040816326,0.22039728590420316,0.5744897964049359,1.2962143338456447
42,0.9341836734693878,0.22607189793975985,0.5561224494661604,1.3249385283917796
43,0.9357142857142857,0.21943854330753793,0.5571428576294257,1.3398179969009087
44,0.9418367346938775,0.2090197162360561,0.5632653056358804,1.3663930211748396
45,0.9357142857142857,0.2124354606380268,0.5602040811460846,1.390960851494147
46,0.9489795918367347,0.19651117209269076,0.5540816331396298,1.415880306886167
47,0.9426020408163265,0.2077077219680864,0.5530612240032274,1.4407252126810501
48,0.9369897959183674,0.21000360335622514,0.5540816331396298,1.4607665825863274
49,0.9454081632653061,0.19631927238435162,0.5591836739559563,1.4849046220584792
50,0.9438775510204082,0.1954944702435513,0.5581632657926909,1.5125239231148544
51,0.9446428571428571,0.1999878674137349,0.5612244902824869,1.5350265887318826
52,0.9415816326530613,0.20263446764070162,0.5571428566562886,1.5582889488765173
53,0.936734693877551,0.20765639884131296,0.5530612240032274,1.5861052065479513
54,0.9459183673469388,0.19219324616145114,0.5530612240032274,1.6255383963487586
55,0.9487244897959184,0.19257648970399585,0.5510204076766968,1.6586484587922388
56,0.9502551020408163,0.1843188330227015,0.5551020405730422,1.6818831151845504
57,0.9510204081632653,0.18451697053957958,0.5612244893093499,1.6935772954201211
58,0.95,0.18756392622480586,0.5540816324097769,1.7138552860337861
59,0.9502551020408163,0.18679424718934662,0.5612244893093499,1.7417895482510937
60,0.9446428571428571,0.1932493498738931,0.5632653056358804,1.7477035026161039
61,0.9479591836734694,0.18774544687903658,0.5663265301256764,1.7760568151668625
62,0.948469387755102,0.19037577923463314,0.5581632650628382,1.8064973889564981
63,0.9494897959183674,0.1865953168090509,0.5581632650628382,1.8407067006948044
64,0.9474489795918367,0.18311299766813005,0.5632653056358804,1.8595051463769408
65,0.9528061224489796,0.18602201750083847,0.5530612242465116,1.8857441084725517
66,0.9464285714285714,0.18774254477145721,0.5612244893093499,1.9328114217641403
67,0.9469387755102041,0.1904738808773002,0.5642857137991457,1.9221995431549694
68,0.9505102040816327,0.18201737723180225,0.5724489791052682,1.940503707224009
69,0.9551020408163265,0.17602434614483192,0.5591836729828192,1.9688792316281065
70,0.9520408163265306,0.186356712056666,0.5561224484930233,2.010468769073486
71,0.9589285714285715,0.16987481368135432,0.5561224484930233,2.033220212313594
72,0.9561224489795919,0.17217324801853726,0.555102040329758,2.045713909304872
73,0.949234693877551,0.18289815163125797,0.5561224484930233,2.06734560947029
74,0.9584183673469387,0.17141099975121266,0.5581632648195539,2.086966829883809
75,0.9548469387755102,0.17642068143705933,0.5612244893093499,2.102551758046053
76,0.9540816326530612,0.17638355286753907,0.5622448974726152,2.11730776125071
77,0.95,0.18140577184302467,0.5540816321664926,2.1279081218096674
78,0.9573979591836734,0.1728858945929274,0.5540816321664926,2.153706220704682
79,0.9589285714285715,0.1693624668583578,0.5571428566562886,2.1720646566274215
80,0.9558673469387755,0.1729455631910538,0.5561224484930233,2.1876761835448595
81,0.9596938775510204,0.1656720731635483,0.5581632648195539,2.2041245801108222
82,0.9563775510204081,0.1795552544143735,0.5561224484930233,2.219919373064625
83,0.9607142857142857,0.16899179919641846,0.5581632648195539,2.244467714854649
84,0.9561224489795919,0.17252510129189005,0.5591836739559563,2.2671908582959857
85,0.9586734693877551,0.16494263503320364,0.5591836739559563,2.2878510874144884
86,0.9558673469387755,0.17033597884737717,0.5602040811460846,2.321313462938581
87,0.9612244897959183,0.1623461973910429,0.5612244893093499,2.349671998315928
88,0.9607142857142857,0.16493585550663423,0.5591836739559563,2.3676806936458665
89,0.9576530612244898,0.16077619967411977,0.5561224484930233,2.3777145891773457
90,0.960204081632653,0.16821448596156374,0.5581632657926909,2.383208957983523
91,0.9627551020408164,0.1625961873604327,0.5622448984457522,2.4115773249645622
92,0.9640306122448979,0.1590684436717812,0.5530612249763645,2.449973707782979
93,0.952295918367347,0.1723491638594744,0.5612244893093499,2.4464475330041378
94,0.9630102040816326,0.1559296115320556,0.5591836739559563,2.459552828146487
95,0.9617346938775511,0.15913364835539642,0.5530612249763645,2.471587169413664
96,0.9642857142857143,0.1559336729195653,0.5653061229355482,2.5218022940110187
97,0.9642857142857143,0.15444213468201307,0.5561224494661604,2.565065556156392
98,0.9650510204081633,0.15338117267404283,0.5540816331396298,2.591808538047635
99,0.9617346938775511,0.15482710174151829,0.5540816331396298,2.614913576476428
100,0.9612244897959183,0.15846418683626215,0.5418367351804461,2.633812052862985
101,0.9612244897959183,0.15429244266480815,0.5438775515069767,2.6522932237508345
102,0.9673469387755103,0.14572302696047998,0.5408163260440437,2.661899688292523
103,0.9642857142857143,0.1569578965707701,0.5428571431004271,2.6771634705212652
104,0.9653061224489796,0.15101599942664712,0.5438775515069767,2.691222246325746
105,0.9604591836734694,0.1573552465560485,0.5581632657926909,2.6927710834814578
106,0.9614795918367347,0.15674786768397506,0.5489795923233032,2.700236819714916
107,0.963265306122449,0.15764268323475,0.5428571433437114,2.7045415878295898
108,0.9584183673469387,0.16352974623441696,0.544897959670242,2.722543561701872
109,0.9586734693877551,0.16604476668396775,0.547959184160038,2.771026652199881
110,0.9642857142857143,0.15392513938096106,0.5479591834301851,2.8040380711458166
111,0.9635204081632653,0.15695744223740635,0.5428571433437114,2.8191422861449573
112,0.9640306122448979,0.15140873820197825,0.5418367351804461,2.8101579792645515
113,0.9599489795918368,0.16050767605097926,0.544897959670242,2.808657128470285
114,0.9625,0.15557744515185454,0.5510204084065495,2.8102485549693204
115,0.9627551020408164,0.15486426294154051,0.548979592080019,2.8167283233331175
116,0.9668367346938775,0.14652117724929536,0.5540816331396298,2.836572311362442
117,0.9686224489795918,0.14570720575901927,0.559183673712672,2.858300971984863
118,0.9619897959183673,0.1581632244039555,0.5581632653061225,2.8585012922481616
119,0.9642857142857143,0.15042123943567276,0.5551020410596108,2.8603076555291
120,0.960969387755102,0.1581826628166802,0.5540816328963455,2.8774903822918327
121,0.9653061224489796,0.14819770707767838,0.5551020410596108,2.8728415781137895
122,0.9653061224489796,0.14554519598581353,0.5561224492228761,2.8826830552548777
123,0.9635204081632653,0.15224606647175185,0.5602040821192216,2.9038447749858
124,0.9650510204081633,0.1457345142656443,0.5591836739559563,2.9308850521944008
125,0.9635204081632653,0.15485535032895145,0.5612244902824869,2.9292049738825585
126,0.9658163265306122,0.14259757648925392,0.5632653066090175,2.923727899668168
127,0.9653061224489796,0.14690750557549145,0.5632653056358804,2.91635704819037
128,0.9701530612244897,0.139953804685145,0.5632653056358804,2.917018851455377
129,0.9658163265306122,0.14470326064192518,0.5561224494661604,2.90902971734806
130,0.9637755102040816,0.15003538268561267,0.5642857147722828,2.90072907817607
131,0.9678571428571429,0.14514385251974574,0.5612244893093499,2.9125018003035565
132,0.9673469387755103,0.14057875777385673,0.5540816321664926,2.9334187711988178
133,0.9627551020408164,0.15084748094787404,0.5591836729828192,2.9459287585044396
134,0.9696428571428571,0.13811263644269534,0.5642857137991457,2.9475283204292766
135,0.9653061224489796,0.1450528213868336,0.555102040329758,2.9783301548082
136,0.9668367346938775,0.14439538641243566,0.5561224484930233,3.0132625920431955
137,0.9612244897959183,0.15352967195973105,0.5571428566562886,3.0093210522009404
138,0.9635204081632653,0.15442689578143917,0.5520408168130991,3.024516030720302
139,0.9663265306122449,0.1541397594067515,0.5551020413028951,3.0149749113588915
140,0.9683673469387755,0.14484414710682267,0.5561224484930233,3.034425382224881
141,0.9688775510204082,0.15026192114669448,0.5571428576294257,3.066558872923559
142,0.9642857142857143,0.1573482835171174,0.5561224484930233,3.0917261425329716
143,0.9670918367346939,0.14569957019114982,0.5571428576294257,3.0907026329819036
144,0.9673469387755103,0.14657149360496172,0.5551020413028951,3.09156580457882
145,0.9663265306122449,0.1491114934792324,0.5540816331396298,3.0973581829849555
146,0.9673469387755103,0.14250073928614052,0.5602040811460846,3.0911655834742953
147,0.9630102040816326,0.15420230484130432,0.5642857147722828,3.0892178564655537
148,0.9645408163265307,0.15050503708878343,0.5612244900392026,3.098022420065744
149,0.9647959183673469,0.15149653818534345,0.5602040818759373,3.1139344371094997
150,0.9673469387755103,0.14133787033509235,0.559183673712672,3.1286671920698517
151,0.9658163265306122,0.14536419900096192,0.5632653063657332,3.1497629136455303
152,0.9711734693877551,0.1303446780358042,0.5612244900392026,3.1666260894463987
153,0.9691326530612245,0.13453807329036752,0.5571428573861414,3.1680187030714384
154,0.9696428571428571,0.13890607290121973,0.5571428571428572,3.1745339909378365
155,0.9691326530612245,0.13598810169769793,0.5612244897959183,3.183129043968356
156,0.9701530612244897,0.13644917081205213,0.5581632655494068,3.2025099579168828
157,0.9681122448979592,0.13977086425435786,0.5612244900392026,3.1941926226323964
158,0.9663265306122449,0.14428092536269402,0.5602040818759373,3.2084558778879595
159,0.9709183673469388,0.13532906326712393,0.5561224494661604,3.187748653061536
160,0.9716836734693878,0.13904327360951171,0.5551020408163265,3.159142828960808
161,0.9701530612244897,0.13679723383820785,0.5642857147722828,3.1587556060479614
162,0.9698979591836735,0.13917470735554793,0.5622448984457522,3.158440574334592
163,0.9653061224489796,0.1482483323435394,0.5653061229355482,3.1708579686223244
164,0.9673469387755103,0.14257012668008706,0.5632653056358804,3.1794571302375014
165,0.9688775510204082,0.1385669864562093,0.5551020410596108,3.1838931657830063
166,0.9701530612244897,0.1366696068826987,0.548979592080019,3.1872207018793848
167,0.9688775510204082,0.13898399253280797,0.5500000002432842,3.2143563367882555
168,0.9655612244897959,0.14801986275278792,0.5520408163265306,3.2255406058564478
169,0.9691326530612245,0.1418991998446231,0.5530612244897959,3.259119451289274
170,0.9683673469387755,0.14025066878114428,0.5561224492228761,3.2474180532961476
171,0.9650510204081633,0.1529973960804696,0.5561224494661604,3.253772199397184
172,0.9647959183673469,0.15089702600119065,0.5653061229355482,3.2670959861911073
173,0.9698979591836735,0.1376269974574751,0.568367346452207,3.2680635744211624
174,0.9696428571428571,0.14000253890241895,0.5704081637518746,3.2839434711300597
175,0.9663265306122449,0.1462269376735298,0.5591836739559563,3.3114322983488744
176,0.9688775510204082,0.14009397276202026,0.5612244902824869,3.297916200209637
177,0.9691326530612245,0.14570117941012187,0.5612244902824869,3.290968909555552
178,0.9688775510204082,0.14173893378097183,0.5642857147722828,3.306066754399514
179,0.9686224489795918,0.14832390516388172,0.5663265310988135,3.3187918857652314
180,0.9688775510204082,0.1450157183165453,0.5663265310988135,3.3035201374365357
181,0.9676020408163265,0.1481837689572451,0.5683673471820597,3.325062622342791
182,0.9658163265306122,0.15029276496901803,0.5612244900392026,3.338404130935669
183,0.9729591836734693,0.1355654189173056,0.5581632655494068,3.361191351559697
184,0.9660714285714286,0.14828365338700158,0.5642857147722828,3.3631041225121945
185,0.9716836734693878,0.13701605291999117,0.5673469390187945,3.3659947132577703
186,0.9739795918367347,0.13209175879553872,0.5612244902824869,3.395575894141684
187,0.9678571428571429,0.13919895631926402,0.5653061229355482,3.40421791465915
188,0.9706632653061225,0.13335481872972177,0.5642857147722828,3.366422917891522
189,0.9716836734693878,0.1332805789855062,0.5734693872685335,3.3936945710863387
190,0.9676020408163265,0.13892440561737332,0.568367346452207,3.380465625256908
191,0.9734693877551021,0.13146328320916817,0.5632653066090175,3.395079014252643
192,0.9704081632653061,0.13108730167150498,0.5602040811460846,3.3990177621646804
193,0.9732142857142857,0.12547440793441267,0.5663265310988135,3.383613700282817
194,0.9719387755102041,0.13220493115332663,0.5571428576294257,3.4122516369333074
195,0.9727040816326531,0.1298945306515207,0.5632653066090175,3.4074300006944305
196,0.9691326530612245,0.13829158112710835,0.5642857147722828,3.388749666603244
197,0.9701530612244897,0.13411870629203562,0.5632653066090175,3.4215720274010484
198,0.9721938775510204,0.13222386354998666,0.5602040821192216,3.4322603040811965
199,0.9747448979591836,0.1252123620437116,0.5571428576294257,3.442873614174979
200,0.9693877551020408,0.13418735685397168,0.5581632657926909,3.4534201368993642
201,0.9719387755102041,0.13027819541035865,0.5612244902824869,3.471628055767137
202,0.9719387755102041,0.12836536977972304,0.5571428576294257,3.523373755630182
203,0.9752551020408163,0.12189124661440752,0.5561224494661604,3.4914258869326846
204,0.9732142857142857,0.12813701194768048,0.5632653066090175,3.5112883577541427
205,0.9737244897959184,0.1277122273585018,0.5663265310988135,3.5223012544670884
206,0.9696428571428571,0.13472948880219945,0.5663265310988135,3.4801069580778785
207,0.9693877551020408,0.13884137592145374,0.568367347425344,3.475416000521913
208,0.9686224489795918,0.13838167379097063,0.5704081637518746,3.4529874675127923
209,0.9724489795918367,0.12945582106405376,0.565306121962411,3.4728311850100146
210,0.9706632653061225,0.1327224590036334,0.5632653056358804,3.4621426893740286
211,0.9693877551020408,0.13794376795389215,0.571428570942003,3.4719316424155724
212,0.9734693877551021,0.12673553952148983,0.5724489800784053,3.468606015614101
213,0.9706632653061225,0.1350673553894977,0.5642857145289986,3.4823677646870514
214,0.9716836734693878,0.1304902900846637,0.5561224494661604,3.487696940558297
215,0.9681122448979592,0.1399940101467833,0.5612244900392026,3.5020136628832135
216,0.9757653061224489,0.12314903073164882,0.5602040818759373,3.489770876631445
217,0.9724489795918367,0.13021518872404586,0.5602040818759373,3.492784255864669
218,0.9744897959183674,0.12669152982380924,0.5642857145289986,3.4616399463342162
219,0.9732142857142857,0.1293017571677967,0.5642857145289986,3.4922320716235102
220,0.9732142857142857,0.1272083004062273,0.5683673471820597,3.460602377872078
221,0.9767857142857143,0.12237423241746669,0.569387755345325,3.4722073078155518
222,0.9724489795918367,0.1288710954846168,0.5663265308555292,3.467072257217096
223,0.9752551020408163,0.12364897198823034,0.5683673471820597,3.4537962962170035
224,0.9757653061224489,0.1219299066127563,0.5744897961616516,3.457924949879549
225,0.9744897959183674,0.12811802180141818,0.5714285716718557,3.449993474142892
226,0.9732142857142857,0.1267902250800814,0.5765306127314664,3.459859631986034
227,0.9732142857142857,0.1288242219053969,0.5775510208947318,3.482894177339515
228,0.975,0.12499775977767244,0.5744897964049359,3.492496109008789
229,0.9747448979591836,0.12513592498643059,0.5755102045682012,3.4975714060725
230,0.9780612244897959,0.11693355316410259,0.5755102045682012,3.50716370173863
231,0.9770408163265306,0.11671754073123543,0.5765306127314664,3.4908210618155344
232,0.9719387755102041,0.133512690222385,0.5765306127314664,3.4842919592954673
233,0.9729591836734693,0.12787883485458335,0.5806122444113907,3.5075334140232632
234,0.9714285714285714,0.13092102429696492,0.5806122444113907,3.5156913718398735
235,0.9727040816326531,0.1331369332817136,0.5755102045682012,3.527617359161377
236,0.9755102040816327,0.13045661066259656,0.5704081637518746,3.5399543995759926
237,0.974234693877551,0.1288708795090111,0.5744897964049359,3.514271354675293
238,0.9778061224489796,0.12516016044786998,0.5785714290579971,3.503302075911541
239,0.9719387755102041,0.13794407327564395,0.5775510208947318,3.5099357507666764
240,0.9704081632653061,0.14151118750474892,0.5714285716718557,3.5156173491964533
241,0.9737244897959184,0.13625357292440474,0.5765306124881823,3.501599664104228
242,0.9755102040816327,0.12456234942893593,0.5683673471820597,3.5020577547501546
243,0.9757653061224489,0.12787015991551534,0.5734693879983863,3.5025986593596787
244,0.9755102040816327,0.12805176170504823,0.5622448984457522,3.512031884096107
245,0.9704081632653061,0.14023812413215636,0.5673469392620787,3.54067298149576
246,0.9711734693877551,0.13771160406117536,0.5683673471820597,3.5500811615768746
247,0.9734693877551021,0.13246286623940176,0.5642857145289986,3.5638187330596303
248,0.9739795918367347,0.13263584758554187,0.5663265308555292,3.609467750666093
249,0.9724489795918367,0.13971169162161495,0.5653061226922639,3.610492252816959
