epoch,acc,loss,val_acc,val_loss
0,0.488265306122449,0.7215813264554861,0.46326530600080684,0.7174350161941684
1,0.6125,0.690645419578163,0.4887755104473659,0.7155927697006537
2,0.6706632653061224,0.6657721850336814,0.48265306134613195,0.7165962416298536
3,0.7165816326530612,0.6390997913418984,0.5030612249763644,0.718160308137232
4,0.7535714285714286,0.6138101280951986,0.5102040821192216,0.7188611989118615
5,0.7760204081632653,0.5819671506784401,0.5030612249763644,0.7246654345064747
6,0.8028061224489796,0.5481442779910808,0.5102040818759374,0.7300232870238168
7,0.8193877551020409,0.5216468601810689,0.5061224489795918,0.7344700859517467
8,0.8316326530612245,0.4943418933420765,0.5020408163265306,0.7407244468221859
9,0.8431122448979592,0.4709894754448716,0.5142857137991458,0.7442090523486234
10,0.8566326530612245,0.44704614573595475,0.5071428573861414,0.7498795533666806
11,0.8775510204081632,0.4144473922495939,0.5091836734693878,0.7603751287168387
12,0.8747448979591836,0.4052469016337881,0.5132653063657332,0.7711462198471536
13,0.8755102040816326,0.38548462695004987,0.5122448984457522,0.7815298683789311
14,0.8798469387755102,0.37534561400510824,0.5142857147722828,0.7952250660682211
15,0.8918367346938776,0.35265331152750523,0.5193877555886094,0.806305972410708
16,0.8933673469387755,0.34817715214223277,0.5224489791052682,0.82534880492152
17,0.8954081632653061,0.3374383043269722,0.5224489800784052,0.8382285273804957
18,0.9094387755102041,0.31969476025931687,0.5326530617110583,0.8548914707436853
19,0.9150510204081632,0.3050337926465638,0.5224489800784052,0.8695044225575973
20,0.9079081632653061,0.3071561026329897,0.5204081627787376,0.8889896915883434
21,0.9260204081632653,0.28147338288170953,0.5224489791052682,0.9055692988999036
22,0.9188775510204081,0.2789852136860088,0.5173469382889416,0.9258729139152838
23,0.9244897959183673,0.2746592274733952,0.5234693882416706,0.9433818559257352
24,0.9267857142857143,0.26599274849405097,0.5255102045682012,0.9625501613227688
25,0.9316326530612244,0.25481849191140155,0.5234693882416706,0.9813214090405679
26,0.9285714285714286,0.2595152993591464,0.518367346452207,1.0003415886236697
27,0.9359693877551021,0.2430056294008177,0.5224489791052682,1.0201386651214288
28,0.9415816326530613,0.23394629775869602,0.5163265310988134,1.0445068889734697
29,0.9431122448979592,0.22485004304623118,0.5132653063657332,1.0674199357324716
30,0.9431122448979592,0.22353662489628306,0.5040816327747033,1.102781739040297
31,0.9438775510204082,0.22413268010227047,0.5163265306122449,1.1225576167203941
32,0.9415816326530613,0.22417946774132397,0.5020408163265306,1.1523294585091728
33,0.9459183673469388,0.2122796873657071,0.5183673474253441,1.1750816442528549
34,0.9433673469387756,0.21238138663525485,0.5102040813893688,1.2024343665765256
35,0.9448979591836735,0.21250429567025633,0.5061224491012339,1.22748104358206
36,0.9563775510204081,0.19761500443731037,0.5142857142857142,1.248997846428229
37,0.9497448979591837,0.19998486987790282,0.5112244897959184,1.2775255417337223
38,0.9505102040816327,0.19825248353335323,0.5183673469387755,1.2979682100062468
39,0.949234693877551,0.1962596286316307,0.5112244897959184,1.3229013399201996
40,0.950765306122449,0.19079293158589578,0.5204081632653061,1.3506740472754655
41,0.9528061224489796,0.18563043517725808,0.49897959159345046,1.383426709077796
42,0.9543367346938776,0.19254492387479666,0.5132653058791647,1.4020903446236435
43,0.952295918367347,0.18622912442197606,0.5132653058791647,1.4190209194105499
44,0.9520408163265306,0.18935012634919615,0.5061224491012339,1.4499944920442542
45,0.963265306122449,0.16536356143805445,0.5051020409379686,1.4736606549243538
46,0.9538265306122449,0.18245617297230934,0.5010204082849075,1.4981740353058794
47,0.9619897959183673,0.16783503458207968,0.5030612242465117,1.5235651663371494
48,0.9586734693877551,0.17095905651851576,0.5,1.5564921802403975
49,0.9586734693877551,0.16887123739841034,0.5061224487363075,1.5821039404187884
50,0.9650510204081633,0.15966740639842286,0.501020407919981,1.6222438155388346
51,0.9558673469387755,0.17161147177827601,0.5102040813893688,1.6487356511914
52,0.9619897959183673,0.16327102628289436,0.5000000001216421,1.6750038521630424
53,0.9599489795918368,0.16432061636326264,0.5081632654277646,1.6930987552720673
54,0.9596938775510204,0.1609077242564182,0.49285714297878497,1.72524001647015
55,0.9653061224489796,0.1558982464731956,0.5000000001216421,1.7525805103535554
56,0.9581632653061225,0.15983743527714087,0.5071428568995728,1.7851946762629918
57,0.9625,0.1602895831575199,0.5091836732261035,1.8197194376770331
58,0.9607142857142857,0.16316565095770116,0.5071428572644993,1.8432181426456997
59,0.9584183673469387,0.16320933869906834,0.5010204082849075,1.8763877430740667
60,0.9635204081632653,0.14926322205942505,0.4948979593053156,1.913012054988316
61,0.9645408163265307,0.14667490407520412,0.4959183671036545,1.93831316159696
62,0.9678571428571429,0.1479431463443503,0.4928571426138586,1.9490790221155907
63,0.9591836734693877,0.16247461137114738,0.501020407919981,1.9851221736596556
64,0.9650510204081633,0.14630953456674303,0.49795918343018514,2.0206684871595733
65,0.9637755102040816,0.14790329157697912,0.49897959159345046,2.058386199328364
66,0.9614795918367347,0.1580804738767293,0.49795918343018514,2.070375209925126
67,0.9645408163265307,0.14632237878989202,0.4999999997567157,2.0988145915829404
68,0.9619897959183673,0.1547214042775485,0.4999999997567157,2.115827242208987
69,0.9635204081632653,0.15048166589469325,0.49387755102040815,2.137838510591157
70,0.9645408163265307,0.14779389321195835,0.4959183673469388,2.161079690894302
71,0.9604591836734694,0.15993886504854474,0.49489795918367346,2.1659075513177988
72,0.9658163265306122,0.14526475506777667,0.49489795918367346,2.2037980313203773
73,0.9617346938775511,0.15653170243817932,0.4938775507771239,2.232475552266958
74,0.963265306122449,0.15144946712012194,0.501020407919981,2.2427274392575636
75,0.9668367346938775,0.1393630296296003,0.49897959159345046,2.2711779428988086
76,0.9670918367346939,0.14345715939998627,0.4928571426138586,2.286640773500715
77,0.9660714285714286,0.14082296876883021,0.49795918343018514,2.295164475149038
78,0.9619897959183673,0.1510237892367402,0.48571428583592785,2.3253015459800253
79,0.9619897959183673,0.14960739694687786,0.49387755102040815,2.3539900692141784
80,0.9683673469387755,0.14315826473187426,0.4918367348155197,2.3728497456531135
81,0.9660714285714286,0.13934424063380885,0.49795918343018514,2.3936017133751695
82,0.9681122448979592,0.14350301903121326,0.5010204081632653,2.4266520840781074
83,0.9668367346938775,0.14127515502730195,0.5081632653061224,2.4342878341674803
84,0.9737244897959184,0.12782767259952973,0.5030612247330802,2.447094557236652
85,0.9693877551020408,0.13327800765329478,0.49591836759022306,2.4691166342521202
86,0.9668367346938775,0.1464634730499618,0.5030612247330802,2.5028371119985775
87,0.9681122448979592,0.13811629429763678,0.5030612247330802,2.508256530761719
88,0.9668367346938775,0.14860849179783647,0.501020407919981,2.519970888021041
89,0.9701530612244897,0.13796073961622862,0.4938775507771239,2.5207575223883802
90,0.9704081632653061,0.14056191424630127,0.4928571428571429,2.562476056935836
91,0.9691326530612245,0.13731229499894745,0.48673469387755103,2.598851777096184
92,0.9709183673469388,0.13524414638475496,0.477551020164879,2.6247821185053613
93,0.9747448979591836,0.1269409289165419,0.48367346938775513,2.6646939404156744
94,0.9716836734693878,0.13129021084430267,0.4816326533045088,2.6895755359104703
95,0.9704081632653061,0.13797745075152845,0.4846938775510204,2.700498323051297
96,0.9734693877551021,0.1295422548238112,0.48061224514124345,2.708893516112347
97,0.9752551020408163,0.12460318058729172,0.48673469436411954,2.7454584209286437
98,0.9711734693877551,0.1366600199621551,0.4826530617110583,2.769245076666073
99,0.9704081632653061,0.13877366489293624,0.48673469387755103,2.802360046153166
100,0.9737244897959184,0.1329920398033395,0.4887755099607974,2.8148878204579257
101,0.9714285714285714,0.14297002064330236,0.477551020164879,2.8555103126837285
102,0.9739795918367347,0.1348246633702395,0.4959183671036545,2.858185357463603
103,0.9714285714285714,0.13686769148524927,0.4959183671036545,2.8343495631704525
104,0.9729591836734693,0.13652258630917996,0.4928571426138586,2.8855177314914005
105,0.9691326530612245,0.14013437894838196,0.48775510204081635,2.9245696495990363
106,0.9739795918367347,0.12955758316176277,0.4897959181240627,2.935749675789658
107,0.9760204081632653,0.12102816758715376,0.48673469363426675,2.9505368933385734
108,0.9729591836734693,0.12983119959125713,0.48775510179753206,2.9967859384964926
109,0.9739795918367347,0.1272303310584049,0.4826530612244898,3.0158167702811105
110,0.9721938775510204,0.13214743231632273,0.4846938777943047,3.020730449715439
111,0.9744897959183674,0.1301033568929653,0.49081632701718075,3.043503240663178
112,0.9803571428571428,0.1186185286361344,0.4887755097175131,3.045285486688419
113,0.9747448979591836,0.13181920337433717,0.4928571433437114,3.054755654626963
114,0.9783163265306123,0.12338563228140072,0.49489795967024197,3.0622849513073356
115,0.9770408163265306,0.12298782924000098,0.49183673518044607,3.079844267514287
116,0.9734693877551021,0.13337449817633143,0.48265306146777404,3.1198522791570547
117,0.9770408163265306,0.1222825393688922,0.4897959183673469,3.1205666795068856
118,0.9762755102040817,0.12577828837900745,0.4969387755102041,3.12201759182677
119,0.9716836734693878,0.1313856050676229,0.4908163267738965,3.1378953816939372
120,0.9770408163265306,0.12518683072863793,0.4867346941208353,3.1431475415521737
121,0.9701530612244897,0.13303312200064563,0.4846938777943047,3.1651294396848093
122,0.9785714285714285,0.1225778908145671,0.48775510204081635,3.1844577400051817
123,0.9778061224489796,0.12238979449077528,0.4867346941208353,3.183553852353777
124,0.9752551020408163,0.12725339166972102,0.4867346941208353,3.199531143538806
125,0.9709183673469388,0.13896642117475977,0.4867346941208353,3.2390517906266814
126,0.9778061224489796,0.12090900519064494,0.4887755102040816,3.2423158704018107
127,0.9823979591836735,0.11189043245145253,0.4846938777943047,3.2566202105308064
128,0.976530612244898,0.12118050024217489,0.49081632701718075,3.2718199603411615
129,0.9760204081632653,0.12103568671309219,0.4938775515069767,3.303439307699398
130,0.9788265306122449,0.11874076447316578,0.4999999995134315,3.297124022853618
131,0.9801020408163266,0.11572770716584459,0.5000000004865686,3.3075830245504574
132,0.9788265306122449,0.11727449310069181,0.4969387759967726,3.3098185928500428
133,0.9714285714285714,0.13595779483415643,0.4969387759967726,3.338931050592539
134,0.976530612244898,0.12183254239510517,0.5061224484930233,3.342235767598055
135,0.9778061224489796,0.11733483220545612,0.5,3.3806684639989113
136,0.9755102040816327,0.12232450222482487,0.505102041302895,3.3583140392692723
137,0.9795918367346939,0.11776876902701904,0.5040816328963454,3.3672310965401784
138,0.9737244897959184,0.12428990283182689,0.5071428573861414,3.3618198501820467
139,0.9785714285714285,0.1180696644497161,0.504081632409777,3.3951612365489106
140,0.9790816326530613,0.11265022113006942,0.49285714297878497,3.4257537277377383
141,0.9767857142857143,0.12185190462944459,0.49387755102040815,3.4404926290317457
142,0.9757653061224489,0.122072571059879,0.4969387755102041,3.429396353935709
143,0.977295918367347,0.11651570108167979,0.4959183673469388,3.422892642507748
144,0.9793367346938775,0.11649938687986257,0.49081632653061225,3.434540558834465
145,0.9795918367346939,0.11626937015324222,0.49285714297878497,3.4551244083715944
146,0.9770408163265306,0.1199852486045993,0.49387755102040815,3.479948023387364
147,0.977295918367347,0.11910567186316666,0.4897959181240627,3.4908510383294553
148,0.9795918367346939,0.12227371395850668,0.4918367344505933,3.4957527199570015
149,0.9813775510204081,0.11053439114166766,0.4948979589403892,3.524483765388022
150,0.9795918367346939,0.11419861423117773,0.48367346938775513,3.5309492335027577
151,0.9818877551020408,0.10795494387952649,0.4806122446546749,3.5399096732236903
152,0.9785714285714285,0.11217166240117987,0.49387755102040815,3.5215163269821477
153,0.9795918367346939,0.11042071818088998,0.4897959183673469,3.523435507988443
154,0.9762755102040817,0.12281808705658329,0.4785714288147128,3.5495882978244704
155,0.9793367346938775,0.11760866794050956,0.4785714285714286,3.5426310130528043
156,0.9823979591836735,0.10758041036980492,0.4846938777943047,3.542678217985192
157,0.9778061224489796,0.12210193103065296,0.4857142857142857,3.5678957345534346
158,0.9785714285714285,0.11611216123006782,0.4867346941208353,3.6002866365471666
159,0.9788265306122449,0.12035927453211376,0.4897959178807784,3.62295406399941
160,0.9836734693877551,0.10925342747751547,0.49489795967024197,3.618035814713459
161,0.9808673469387755,0.11011552698149973,0.49183673518044607,3.635181951522827
162,0.9801020408163266,0.1167350516331439,0.48061224538452774,3.646912869628595
163,0.9798469387755102,0.1110311964640812,0.48265306146777404,3.661255249685171
164,0.9770408163265306,0.12145317640839791,0.49081632604404374,3.6622010075316136
165,0.9795918367346939,0.11994567057307885,0.4928571433437114,3.651750287231134
166,0.9818877551020408,0.10900690473464071,0.4959183668603703,3.6623084447821794
167,0.9780612244897959,0.12010609796460794,0.5030612247330802,3.689717212015269
168,0.9803571428571428,0.11294514165849102,0.49489795942695775,3.689562210744741
169,0.9788265306122449,0.1169062082560695,0.4959183678335073,3.69861739411646
170,0.9798469387755102,0.11182555516763609,0.49387755102040815,3.6989479609898157
171,0.9826530612244898,0.10821650172678791,0.4938775515069767,3.714810084323494
172,0.976530612244898,0.12270310624521606,0.49693877502363554,3.7260641545665507
173,0.9816326530612245,0.1094006815126964,0.4877551015542478,3.7312905525674624
174,0.9778061224489796,0.12188617203916823,0.4938775515069767,3.7104951089742233
175,0.9818877551020408,0.10622443374322385,0.4887755104473659,3.7125775210711423
176,0.9821428571428571,0.10666693914301541,0.48367346987432364,3.728723285636123
177,0.9818877551020408,0.10836281831167183,0.4826530617110583,3.7480270813922494
178,0.9785714285714285,0.11995092025216744,0.4857142862008542,3.768018303112108
179,0.9816326530612245,0.11228035648866576,0.4969387757534883,3.79001538607539
180,0.9831632653061224,0.10450450229097386,0.49081632653061225,3.8373844905775423
181,0.9795918367346939,0.11560014620119212,0.48571428595757,3.840282353576349
182,0.9785714285714285,0.11530525967174647,0.48775510252738485,3.8632804637052574
183,0.9813775510204081,0.11064205201608794,0.4938775515069767,3.8664481688518912
184,0.9823979591836735,0.10954326327357973,0.491836734207309,3.880476510768034
185,0.9778061224489796,0.12397331537640825,0.49081632701718075,3.881642534294907
186,0.9801020408163266,0.11571100419577288,0.4969387759967726,3.895419334878727
187,0.9762755102040817,0.12500809488856063,0.49387755053383964,3.889715932340038
188,0.9854591836734694,0.10304031776530402,0.49183673518044607,3.8849066383984625
189,0.9790816326530613,0.1179995836652055,0.4938775515069767,3.8949225990139706
190,0.9790816326530613,0.11656707458350123,0.4887755106906502,3.886016712383348
191,0.9790816326530613,0.12053144747505383,0.4887755106906502,3.899684185884437
192,0.9813775510204081,0.11278981329226981,0.4887755106906502,3.9266507537997497
193,0.9816326530612245,0.10894399130222748,0.4959183668603703,3.925279921901469
194,0.9790816326530613,0.12185889835260352,0.4989795913501662,3.9221555953123133
195,0.9839285714285714,0.10834200172399988,0.49489795967024197,3.922998366063955
196,0.9816326530612245,0.11496332798685346,0.4867346941208353,3.977450973160413
197,0.976530612244898,0.12474880036042661,0.4959183678335073,3.9590232041417335
198,0.9826530612244898,0.11047624778382632,0.49693877502363554,3.9584791611651986
199,0.9783163265306123,0.11415919196240756,0.5091836739559563,3.961466156706518
200,0.985204081632653,0.10039828106456873,0.5040816331396297,3.9558775570927835
201,0.9803571428571428,0.11430149307968665,0.5071428566562887,3.9881099175433725
202,0.9795918367346939,0.11348944181690411,0.5061224484930233,3.9931579657963345
203,0.9798469387755102,0.1116743554114079,0.5061224494661604,4.028368971299152
204,0.9788265306122449,0.11244424490296111,0.49897959232330324,4.053883816271412
205,0.9798469387755102,0.11319977297466628,0.4938775515069767,4.059211578174513
206,0.9808673469387755,0.1161207658143676,0.49183673518044607,4.094212450299945
207,0.9818877551020408,0.10474467192377362,0.49081632701718075,4.0874611426372915
208,0.9826530612244898,0.10738173673043445,0.49183673518044607,4.083888058759729
209,0.9816326530612245,0.10731014925606397,0.4887755106906502,4.070717566353935
210,0.9823979591836735,0.10618574512856348,0.48673469436411954,4.095278400304366
211,0.9836734693877551,0.1027894283739888,0.48367346963103935,4.129803333477098
212,0.9818877551020408,0.1117904640582143,0.48367346963103935,4.114818810443489
213,0.9849489795918367,0.09889180575098311,0.4816326533045088,4.128231306465304
214,0.9806122448979592,0.11006147748961741,0.47551020408163264,4.153203511724667
215,0.9795918367346939,0.11436975066150938,0.4795918372212624,4.16831985006527
216,0.9821428571428571,0.1056304783541329,0.48367346987432364,4.164299901650876
217,0.9811224489795919,0.10759953582773403,0.4816326533045088,4.16118051957111
218,0.9806122448979592,0.11127117534681243,0.47755102065144756,4.154801180897927
219,0.9811224489795919,0.1064576969462998,0.4785714290579971,4.167072602680752
220,0.9831632653061224,0.10383827853567747,0.4846938777943047,4.161838080931683
221,0.9836734693877551,0.10224633305048456,0.49183673518044607,4.171967055846234
222,0.9813775510204081,0.10776884355107132,0.48775510252738485,4.166589099533704
223,0.9823979591836735,0.10350958121066191,0.48673469436411954,4.173296507037416
224,0.9808673469387755,0.10816212148994815,0.48061224514124345,4.165326666345401
225,0.9818877551020408,0.1062288082071713,0.49183673518044607,4.151104751898318
226,0.9816326530612245,0.10604848229155249,0.481632653547793,4.165494318397678
227,0.9795918367346939,0.11463227396716877,0.4857142862008542,4.201651752238371
228,0.9844387755102041,0.10605869475676089,0.4877551015542478,4.188738957229925
229,0.9801020408163266,0.1129220726842783,0.4795918372212624,4.168974468659381
230,0.9839285714285714,0.10016631920422826,0.48571428595757,4.153539358839697
231,0.9803571428571428,0.1101396796958787,0.48571428595757,4.161892383925768
232,0.9790816326530613,0.11240658005889581,0.48673469339098246,4.185865111253699
233,0.9811224489795919,0.10983292293183658,0.48775510252738485,4.190701934269496
234,0.9811224489795919,0.11036163595866184,0.49081632701718075,4.195476905667052
235,0.9806122448979592,0.11171791827192112,0.48571428595757,4.210609329963217
236,0.9806122448979592,0.10871795485822522,0.48673469436411954,4.228920978429366
237,0.9816326530612245,0.11152254035886452,0.4969387759967726,4.222368987725705
238,0.9836734693877551,0.09914086062689217,0.4959183678335073,4.213673954593892
239,0.9829081632653062,0.10897842475346156,0.49489795967024197,4.196432121432557
240,0.9836734693877551,0.1025853951518633,0.4897959188539155,4.210218560938933
241,0.9816326530612245,0.10524287220774865,0.4969387759967726,4.195638373433328
242,0.9846938775510204,0.10283276333796734,0.4857142862008542,4.183156047548566
243,0.9821428571428571,0.11055077954518552,0.48265306146777404,4.2004878005202935
244,0.9844387755102041,0.10306358608056088,0.4846938777943047,4.219354078721027
245,0.9834183673469388,0.10727659337678734,0.48061224514124345,4.214994921003069
246,0.9818877551020408,0.10611480656935245,0.48775510252738485,4.242620602432562
247,0.9811224489795919,0.10915156313959433,0.4846938777943047,4.284796698239385
248,0.9788265306122449,0.117278745633607,0.48367346963103935,4.301539149576304
249,0.9806122448979592,0.11068257808077092,0.4846938777943047,4.28927831747094
