epoch,acc,loss,val_acc,val_loss
0,0.4630102040816326,0.7243278622627258,0.4377551022841006,0.718564603280048
1,0.5645408163265306,0.7007192886605554,0.4632653058791647,0.7155224936349052
2,0.648469387755102,0.6813258810919158,0.4999999997567157,0.7150038646191966
3,0.6918367346938775,0.6635290812472908,0.5214285715502136,0.7155258711503476
4,0.7395408163265306,0.6478036250386919,0.5285714286930707,0.7162795653148574
5,0.7698979591836734,0.6292074748447963,0.5193877549803987,0.7201494992995748
6,0.7918367346938775,0.6084199701036725,0.5163265304906027,0.7229195446384197
7,0.8045918367346939,0.5924773488725935,0.5255102039599905,0.7252233052740291
8,0.8255102040816327,0.5732169630576153,0.5306122451412435,0.7306936942801183
9,0.8494897959183674,0.5505656339684312,0.5316326529395824,0.7356357688806495
10,0.85,0.53824011452344,0.5336734695093972,0.7400524197792521
11,0.8683673469387755,0.5189948738837729,0.5367346939991932,0.745272099728487
12,0.8752551020408164,0.5011419247607796,0.5387755100824395,0.7520832144484229
13,0.8808673469387756,0.48635446112983083,0.5336734692661129,0.7646944595842945
14,0.8903061224489796,0.46971218950894417,0.5408163264089701,0.7713423439434597
15,0.9022959183673469,0.4563359135267686,0.5408163266522544,0.7853271224060837
16,0.9089285714285714,0.435475334221003,0.5438775511420503,0.7954082233565194
17,0.9035714285714286,0.43045238098319694,0.5459183674685809,0.8094763862843416
18,0.9112244897959184,0.4120655720331231,0.5489795917150926,0.8259880012395431
19,0.9127551020408163,0.39974380512626806,0.5489795917150926,0.8419905886358144
20,0.924234693877551,0.3854016302799692,0.5520408162048884,0.855776411173295
21,0.9267857142857143,0.37644615623415734,0.5418367345722355,0.8724928247685335
22,0.9214285714285714,0.36931293108025376,0.5428571431004271,0.8880968322559278
23,0.9313775510204082,0.35399939916571793,0.5438775512636924,0.9069174406479816
24,0.9329081632653061,0.3447435376595478,0.5438775512636924,0.925011470853066
25,0.9334183673469387,0.3341996763433729,0.5387755100824395,0.9441214673373164
26,0.9359693877551021,0.33078800549312515,0.5387755100824395,0.9633798628437276
27,0.9433673469387756,0.31797995019932185,0.5479591835518273,0.9777150874235192
28,0.9349489795918368,0.3175676541669028,0.553061224611438,0.9994675086469066
29,0.9438775510204082,0.3033238856159911,0.5367346939991932,1.0154378360631515
30,0.940561224489796,0.3027231269953202,0.5367346937559089,1.0352191608779284
31,0.9464285714285714,0.2892706199568145,0.5316326529395824,1.0529727210803908
32,0.9436224489795918,0.2832494654217545,0.5357142854710014,1.0782501079598252
33,0.9487244897959184,0.27624157770555846,0.5336734691444709,1.0960940127470056
34,0.9461734693877552,0.27154452399331697,0.5326530613461319,1.1246779573207
35,0.9451530612244898,0.2679005311459911,0.5275510206514475,1.148131182242413
36,0.950765306122449,0.2621616674929249,0.5346938777943047,1.178498398527807
37,0.9474489795918367,0.2570562261707929,0.5367346941208353,1.1970167792573267
38,0.9576530612244898,0.24179585028667838,0.5306122447763171,1.2176691167208613
39,0.9576530612244898,0.24208489400999886,0.5285714284497864,1.2441786736858134
40,0.9533163265306123,0.24363924885282712,0.5316326533045087,1.269858450305705
41,0.9548469387755102,0.23691907768346826,0.5306122448979592,1.2834503139768327
42,0.960969387755102,0.22285794104848589,0.5214285714285715,1.326255556515285
43,0.9538265306122449,0.23072514442764983,0.5224489795918368,1.3541451439565542
44,0.9594387755102041,0.22005335378403568,0.5275510204081633,1.3742926908999074
45,0.9571428571428572,0.2253113218108002,0.5275510206514475,1.4029627955689723
46,0.963265306122449,0.20769075240407672,0.5204081632653061,1.4319973887229451
47,0.9635204081632653,0.20940622073047016,0.5306122448979592,1.4569242886134557
48,0.960969387755102,0.20980357339187544,0.5244897959183673,1.4902915808619286
49,0.9596938775510204,0.20584098313535962,0.5183673469387755,1.5273033998450454
50,0.9612244897959183,0.2054451283143491,0.5265306122448979,1.5570385319846016
51,0.9647959183673469,0.19679717804704394,0.5214285714285715,1.5810082571847097
52,0.9581632653061225,0.20903335517766525,0.5265306122448979,1.6204121482615568
53,0.9614795918367347,0.19879744709754477,0.5214285716718557,1.6576903927082918
54,0.9642857142857143,0.19176148820896538,0.5183673471820598,1.6706438220277124
55,0.9673469387755103,0.1853067832333701,0.5183673471820598,1.6814286173606405
56,0.9645408163265307,0.19028585334213413,0.5224489794701946,1.7099111031512826
57,0.9678571428571429,0.17947504176777238,0.5204081635085904,1.7269321743322879
58,0.9668367346938775,0.18251088967128676,0.5193877549803987,1.747417720483274
59,0.9653061224489796,0.18066208903886835,0.5224489797134788,1.7666576385498047
60,0.9732142857142857,0.1679685078105148,0.520408163143664,1.8098949695120052
61,0.9668367346938775,0.1771001791467472,0.52346938763346,1.838726973047062
62,0.9668367346938775,0.17593863205033905,0.5244897957967252,1.86249998345667
63,0.9653061224489796,0.17840148611944548,0.5285714284497864,1.9010940571220554
64,0.9635204081632653,0.17538253421686134,0.5295918366130518,1.9311948357796183
65,0.9691326530612245,0.17421134503520264,0.5255102039599905,1.95375155040196
66,0.9719387755102041,0.16390036666879848,0.5265306121232558,1.977390313635067
67,0.9709183673469388,0.16518027609100147,0.5306122451412435,2.00172450201852
68,0.9709183673469388,0.15903299079865826,0.5255102039599905,2.0225187282173
69,0.9729591836734693,0.1567785240557729,0.532653061467774,2.055908642009813
70,0.9691326530612245,0.16313542580726195,0.5295918369779782,2.07954416080397
71,0.9724489795918367,0.15507962740197473,0.5265306121232558,2.11181214974851
72,0.9719387755102041,0.159412567956107,0.517346938653868,2.123212884396923
73,0.9711734693877551,0.1600696283031483,0.5265306121232558,2.15322243145534
74,0.9686224489795918,0.16446027922995238,0.5122448978375416,2.1910148562217246
75,0.9693877551020408,0.15829960360210768,0.517346938653868,2.2164063755346803
76,0.9709183673469388,0.15537542396662188,0.5091836733477456,2.242590855578987
77,0.9734693877551021,0.1480481867887536,0.5163265308555292,2.2647245397373124
78,0.9732142857142857,0.1546784372049935,0.5051020408163265,2.2984944499268822
79,0.9737244897959184,0.15019384573917,0.5102040816326531,2.3115981929156244
80,0.9701530612244897,0.15535074429852622,0.5102040816326531,2.3529136482550173
81,0.9683673469387755,0.16152530908584595,0.5122448980200047,2.377610391500045
82,0.9747448979591836,0.14860416860604772,0.5061224490404129,2.4003787342382936
83,0.9734693877551021,0.14829399281618547,0.5142857143465354,2.430192565917969
84,0.9747448979591836,0.14377773078728695,0.516326530733887,2.4530384959006795
85,0.9752551020408163,0.14678571183158426,0.5204081633869483,2.4740556677993464
86,0.9760204081632653,0.14400155072917745,0.5081632654277646,2.4742632106858857
87,0.976530612244898,0.1353903533092567,0.5204081633869483,2.4987481642742546
88,0.9744897959183674,0.1383065296679127,0.5214285715502136,2.518432060553103
89,0.9724489795918367,0.145051288300631,0.5061224490404129,2.549445625227325
90,0.9780612244897959,0.13443722049800716,0.5091836735302088,2.5759509787267567
91,0.9686224489795918,0.15622207862990242,0.5051020408771476,2.585790338321608
92,0.9767857142857143,0.13769712366011677,0.5091836735302088,2.60018952817333
93,0.9734693877551021,0.1434430486693674,0.5061224490404129,2.631149365950604
94,0.974234693877551,0.1453408625357005,0.5030612246114381,2.6525870498345823
95,0.9744897959183674,0.14241349025040256,0.5132653061528595,2.682705595055405
96,0.974234693877551,0.14410571691637136,0.5102040817542952,2.7136290881098533
97,0.9732142857142857,0.14255222027399103,0.5030612245202064,2.735797138603366
98,0.9788265306122449,0.12681239697397972,0.5020408163569412,2.756211872490085
99,0.9780612244897959,0.1280934352199642,0.5102040816630636,2.762509310975367
100,0.9757653061224489,0.14185337041105542,0.505102040846737,2.7864573692788883
101,0.9732142857142857,0.14221547838984702,0.5153061225706217,2.8013987327108576
102,0.9762755102040817,0.13709827086755208,0.5102040817542952,2.8203704678282446
103,0.9755102040816327,0.1353098434757213,0.5102040817542952,2.852561567267593
104,0.9783163265306123,0.12867224636126537,0.5030612246114381,2.876785657843765
105,0.9732142857142857,0.14108443144632846,0.5071428572644993,2.8871624557339417
106,0.9755102040816327,0.13143962825439415,0.5051020409379686,2.908454614756059
107,0.9770408163265306,0.1328790584997255,0.5010204082849075,2.9415733882359096
108,0.976530612244898,0.13407678315225913,0.5102040817542952,2.9514832165776466
109,0.9755102040816327,0.1336069133816933,0.5010204082849075,2.9706506904290646
110,0.977295918367347,0.13510228587048395,0.5051020409379686,3.007511286832848
111,0.9793367346938775,0.12372650683534389,0.4979591837951115,3.01992945184513
112,0.9783163265306123,0.1271969757822095,0.4948979593053156,3.031903971457968
113,0.976530612244898,0.13279854497131036,0.4918367348155197,3.07711823911083
114,0.9755102040816327,0.13357064088388365,0.4918367348155197,3.0833857653092367
115,0.9778061224489796,0.12699855693749018,0.48877551032572375,3.0960358308286082
116,0.9790816326530613,0.12151094697871986,0.4918367348155197,3.1207514334698114
117,0.9778061224489796,0.13168893106737917,0.4959183674685809,3.1361080520007074
118,0.9829081632653062,0.11612028208922366,0.4948979593053156,3.1726285467342454
119,0.9795918367346939,0.12384649983474187,0.4959183674685809,3.1659519740513393
120,0.9813775510204081,0.1235865546124322,0.4918367348155197,3.181946493654835
121,0.9775510204081632,0.1303224121581535,0.48877551032572375,3.190655844552176
122,0.9760204081632653,0.13605768604546178,0.48265306134613195,3.222714667417565
123,0.975,0.13067613675886272,0.4867346939383721,3.2535652510973874
124,0.9785714285714285,0.1249961109793916,0.48163265312204556,3.2782762897257904
125,0.9767857142857143,0.13225228018602547,0.4795918367955149,3.304195141305729
126,0.9747448979591836,0.13539394120476683,0.48571428583592785,3.308348089334916
127,0.9798469387755102,0.11720647363334286,0.49183673475469863,3.3349170237171406
128,0.9770408163265306,0.13060972880648106,0.48673469399919317,3.348944714604592
129,0.9770408163265306,0.12476483507423984,0.4928571429179639,3.369676551040338
130,0.9795918367346939,0.1219714388099252,0.48469387761184146,3.3793016725656937
131,0.9778061224489796,0.12761701836573836,0.4867346939383721,3.410371990593112
132,0.9783163265306123,0.12916733394471966,0.4857142857751068,3.436524068092813
133,0.9821428571428571,0.11272250730164197,0.4857142857751068,3.389546351530114
134,0.9760204081632653,0.12942899529423033,0.49489795924449453,3.3334297374803192
135,0.9737244897959184,0.13393827196286648,0.5040816327138823,3.326352528163365
136,0.9790816326530613,0.12150286160865609,0.4938775510812292,3.319642970026756
137,0.9775510204081632,0.12887193636626612,0.4969387755102041,3.3554800014106596
138,0.9775510204081632,0.1268786542877859,0.4897959183673469,3.367904340004434
139,0.9767857142857143,0.13092802455838845,0.48469387761184146,3.38581353790906
140,0.9778061224489796,0.12445575427644107,0.4887755102649027,3.407102937114482
141,0.9829081632653062,0.11365416236982054,0.4928571429179639,3.421311228615897
142,0.9836734693877551,0.10198235823487749,0.4938775510812292,3.447775295802525
143,0.9839285714285714,0.11082196177876726,0.4857142857751068,3.456218842097691
144,0.9803571428571428,0.115753194537698,0.48469387761184146,3.465494969426369
145,0.9813775510204081,0.11146823079610357,0.4877551021016374,3.4634037387614347
146,0.9795918367346939,0.12044372306186325,0.48469387761184146,3.4972973959786553
147,0.9821428571428571,0.10858426560856858,0.4826530612853109,3.5139205932617186
148,0.9821428571428571,0.1117546506530168,0.48163265312204556,3.519566855138662
149,0.9803571428571428,0.11850093020772448,0.4826530612853109,3.525921951994604
150,0.977295918367347,0.12467434436691051,0.4877551021016374,3.5202432379430655
151,0.9831632653061224,0.11014665696693926,0.48367346944857614,3.5253291947501046
152,0.9831632653061224,0.11145371119586789,0.48469387761184146,3.5430620037779517
153,0.9821428571428571,0.10978484286033377,0.48265306134613195,3.5703577644970954
154,0.9813775510204081,0.11449085099964726,0.48673469399919317,3.5939733699876433
155,0.9803571428571428,0.11225697592813141,0.48877551032572375,3.6132995469229563
156,0.9803571428571428,0.11524154577328234,0.4928571429179639,3.645137033657152
157,0.9790816326530613,0.11812097570117638,0.48163265312204556,3.652623022819052
158,0.9801020408163266,0.11498568083862869,0.49183673475469863,3.659199043196075
159,0.9834183673469388,0.10836277829141033,0.4928571429179639,3.6858249936785015
160,0.9821428571428571,0.11224210905481358,0.489795918428168,3.685367948181775
161,0.9808673469387755,0.11526904563818659,0.4877551021016374,3.7046551548704807
162,0.9826530612244898,0.1104608483308432,0.4857142857751068,3.720736209713683
163,0.9816326530612245,0.11129145705882384,0.48367346944857614,3.740528260445108
164,0.9816326530612245,0.10865610447161052,0.48469387767266253,3.747634157842519
165,0.9793367346938775,0.11883010236280304,0.4765306123665401,3.785738549913679
166,0.9816326530612245,0.10915364863312975,0.4836734695093972,3.7855844011112136
167,0.9795918367346939,0.12121220206727787,0.4938775511420503,3.7740592664601853
168,0.9826530612244898,0.10921483711928738,0.48979591848898907,3.791870710801105
169,0.9836734693877551,0.10216011508386963,0.48877551032572375,3.8209159072564574
170,0.9831632653061224,0.10292678306601485,0.48265306134613195,3.824469607216971
171,0.9849489795918367,0.1055323356876568,0.48673469399919317,3.8206616966091858
172,0.9831632653061224,0.10533711975630448,0.4938775511420503,3.8080580010706067
173,0.9816326530612245,0.10939771794542974,0.4857142857446963,3.804477964128767
174,0.9826530612244898,0.10670536120935362,0.48877551032572375,3.8162373717950313
175,0.9785714285714285,0.11985808036157063,0.4867346939383721,3.8274636288078465
176,0.9821428571428571,0.10697699698562525,0.4887755102649027,3.8305262604538277
177,0.9803571428571428,0.11050765867135963,0.4857142857751068,3.8599463034649286
178,0.9808673469387755,0.11683046708301623,0.48367346944857614,3.874317694683464
179,0.9795918367346939,0.11637877440270113,0.48571428559264357,3.913816919132155
180,0.9813775510204081,0.11470195105185314,0.49591836759022306,3.9132356857766912
181,0.9829081632653062,0.10281971468000996,0.49387755102040815,3.8753521744085817
182,0.9841836734693877,0.1007893182793442,0.48673469387755103,3.901409267892643
183,0.9821428571428571,0.11027911858899253,0.4918367349371618,3.904574672543273
184,0.9836734693877551,0.10380301613892828,0.4846938775510204,3.9415376994074607
185,0.9811224489795919,0.11533774207441175,0.49183673469387756,3.9924732908910636
186,0.9816326530612245,0.11207885296673191,0.4928571429179639,3.9550116032970193
187,0.9811224489795919,0.11497615356834567,0.4989795918367347,3.963472518142389
188,0.9783163265306123,0.1173052750375806,0.49183673469387756,3.9839878782934073
189,0.9849489795918367,0.09908565574762773,0.49795918367346936,3.9881869004697217
190,0.9854591836734694,0.0963914928995833,0.49387755102040815,3.985404736655099
191,0.9821428571428571,0.11036677485217854,0.49489795918367346,3.9949707751371424
192,0.9813775510204081,0.11006146556868845,0.49183673469387756,3.999615680928133
193,0.9823979591836735,0.10160621473071527,0.49795918367346936,4.014783569258086
194,0.9788265306122449,0.11800822002851233,0.4959183673469388,4.007655211857387
195,0.9823979591836735,0.10927516307149615,0.4938775510812292,3.984715644680724
196,0.9831632653061224,0.10314477165134586,0.4887755102040816,3.9802002361842566
197,0.9849489795918367,0.09553498279075233,0.5051020408163265,3.9862343126413773
198,0.9826530612244898,0.10562818348407746,0.5010204082240863,3.965039586047737
199,0.9844387755102041,0.09989008935434478,0.5061224490404129,3.96269994268612
200,0.9818877551020408,0.109374237638347,0.5051020408163265,3.9832107894274653
201,0.9872448979591837,0.09215211602193969,0.5071428571428571,4.002189336504255
202,0.9831632653061224,0.10645857614522078,0.5102040816326531,3.9965036080808054
203,0.9836734693877551,0.09931501472482876,0.5122448980200047,4.021396076435946
204,0.9803571428571428,0.10908161927850879,0.5204081633261272,4.024647331237793
205,0.9816326530612245,0.10821960823876517,0.516326530673066,4.02855974703419
206,0.9839285714285714,0.1040649922830718,0.5153061225098007,4.043125061113007
207,0.9839285714285714,0.09824963511556996,0.5112244898567394,4.041244769582943
208,0.9793367346938775,0.10920222824325367,0.5091836735302088,4.052178585286043
209,0.9841836734693877,0.0994274803874444,0.5081632653669436,4.060673604692732
210,0.986734693877551,0.09311919978686742,0.5051020408771476,4.071608052934919
211,0.9857142857142858,0.09302703161932985,0.5091836735302088,4.099105531342175
212,0.9803571428571428,0.10931460113853825,0.5102040816934741,4.0878194088838535
213,0.9813775510204081,0.10852181724443728,0.516326530673066,4.1517157340536315
214,0.9829081632653062,0.10718431775363124,0.5204081633261272,4.144970545476797
215,0.9813775510204081,0.11565212859791152,0.516326530673066,4.17645895043198
216,0.9829081632653062,0.1020966122192996,0.5122448980200047,4.169869535796496
217,0.9849489795918367,0.09904889100972487,0.503061224550617,4.168142674893749
218,0.9849489795918367,0.09739640315576475,0.5081632653669436,4.157406119911038
219,0.9862244897959184,0.09099274794666135,0.5102040816934741,4.159312234606062
220,0.9834183673469388,0.10158994240420205,0.5071428572036782,4.158184392111642
221,0.9839285714285714,0.10180042661270317,0.5051020408771476,4.166287494192318
222,0.9813775510204081,0.11292918759341143,0.5081632653669436,4.17597440602828
223,0.9829081632653062,0.10720692529362075,0.5091836735302088,4.1887905004073165
224,0.9869897959183673,0.0936739306212688,0.49489795924449453,4.206904475542964
225,0.9829081632653062,0.10573077533318072,0.5061224490404129,4.230709655917421
226,0.9839285714285714,0.10306147379534585,0.503061224550617,4.236417612737539
227,0.9829081632653062,0.10552166017646693,0.49489795924449453,4.244527283493353
228,0.9849489795918367,0.09922077587368537,0.49795918373429043,4.2593503815787175
229,0.9813775510204081,0.11083818230093742,0.5051020408771476,4.260360803409498
230,0.985204081632653,0.09426339498283912,0.503061224550617,4.289000633784703
231,0.9841836734693877,0.0983158247203243,0.5020408163873517,4.285572172670948
232,0.985204081632653,0.09868508134873547,0.5081632653669436,4.263018590576794
233,0.9829081632653062,0.10279865870062185,0.503061224550617,4.272215685552481
234,0.9869897959183673,0.08708916703353123,0.503061224550617,4.270120437777773
235,0.9841836734693877,0.1003282475836423,0.5061224490404129,4.279453822544643
236,0.985969387755102,0.09550873623514662,0.5010204082849075,4.279461325431357
237,0.9826530612244898,0.10386301986112886,0.5061224490404129,4.291054877456354
238,0.9844387755102041,0.09925703083982274,0.5051020408771476,4.293722088482915
239,0.9864795918367347,0.0912631615844308,0.5020408163873517,4.314908358515526
240,0.9795918367346939,0.11608896647789041,0.49795918373429043,4.350439118365852
241,0.9864795918367347,0.09603214210697583,0.49795918373429043,4.354602144202407
242,0.9836734693877551,0.10341498675395032,0.49591836740775985,4.347875684621383
243,0.9849489795918367,0.09966863364893563,0.4928571429179639,4.363946807627776
244,0.9841836734693877,0.10092748275824956,0.49591836740775985,4.373385125763562
245,0.9839285714285714,0.10456351348940207,0.4969387755102041,4.350885439892204
246,0.9841836734693877,0.10112827266661488,0.49693877557102517,4.344355402187425
247,0.9816326530612245,0.11202329686101602,0.49387755102040815,4.374219618038255
248,0.9798469387755102,0.11260361507230876,0.49489795924449453,4.386511717037279
249,0.9831632653061224,0.10675616173111663,0.49897959189755575,4.374117905753
