epoch,acc,loss,val_acc,val_loss
0,0.5767857142857142,0.7001640954796149,0.5846938777943047,0.6976342446950017
1,0.6007653061224489,0.6793987386080683,0.5836734696310394,0.696648671189133
2,0.6058673469387755,0.6640931630621151,0.5928571431004271,0.6967347011274221
3,0.6150510204081633,0.6455831320918336,0.5887755102040816,0.698222266654579
4,0.6234693877551021,0.6246672700862496,0.5836734696310394,0.6982913766588483
5,0.6341836734693878,0.6047933223296185,0.5795918369779781,0.7009615119622679
6,0.6471938775510204,0.5780725668887703,0.5765306124881823,0.704227710986624
7,0.6556122448979592,0.5561955291397718,0.575510204324917,0.7088166974028762
8,0.6732142857142858,0.5348836395205284,0.5785714288147128,0.714509739681166
9,0.6795918367346939,0.5160543957535102,0.5775510204081633,0.7211403822412297
10,0.6862244897959183,0.49308366897154826,0.5816326528179402,0.7275439116419579
11,0.7362244897959184,0.4588923276687155,0.5785714285714286,0.7386295080184937
12,0.7971938775510204,0.4485490196821641,0.5663265310988135,0.7474259926348317
13,0.8372448979591837,0.4190532391168633,0.5673469392620787,0.7603517337721222
14,0.8591836734693877,0.39877393270025446,0.5704081627787376,0.7696188398769923
15,0.8721938775510204,0.3807023082460676,0.5540816321664926,0.7863533246273897
16,0.8938775510204081,0.3584129241656284,0.5622448977158994,0.80183512921236
17,0.9061224489795918,0.33568706025882644,0.5571428566562886,0.8234161985163786
18,0.897704081632653,0.3381948196766328,0.5428571433437114,0.8474468639918736
19,0.9127551020408163,0.3123789222872987,0.5408163270171807,0.8689643813639271
20,0.9211734693877551,0.2971012181165267,0.555102040329758,0.8875687226957204
21,0.9198979591836735,0.28834854747567856,0.555102040329758,0.9072061008336593
22,0.9173469387755102,0.28366758896380057,0.5500000004865685,0.9291004540968915
23,0.9209183673469388,0.2711680143463368,0.5489795915934504,0.9545109826691297
24,0.9247448979591837,0.26392824321377034,0.5510204079199811,0.9806477675632554
25,0.9321428571428572,0.2501574245034432,0.5448979589403892,1.005451325494416
26,0.9308673469387755,0.24496166918958936,0.5469387759967727,1.0284163020095047
27,0.9349489795918368,0.2375652415411813,0.5438775515069767,1.0533805540629795
28,0.9385204081632653,0.22790776576314653,0.5469387759967727,1.0842415403346626
29,0.9387755102040817,0.22538881806694733,0.5551020405730422,1.1085116121233727
30,0.940561224489796,0.2203886435044055,0.5561224484930233,1.1341202288257832
31,0.9410714285714286,0.21216654595063658,0.5469387750236355,1.1695842545859667
32,0.9438775510204082,0.20996928814114357,0.5632653056358804,1.193441294407358
33,0.9464285714285714,0.20754135889666422,0.56428571404243,1.219988685967971
34,0.9497448979591837,0.2027494043111801,0.5612244895526342,1.2472262745000877
35,0.9502551020408163,0.19772642370389432,0.5530612240032274,1.276124374720515
36,0.950765306122449,0.1941522592184495,0.5561224484930233,1.3065490936746402
37,0.9517857142857142,0.1901153119851132,0.555102040329758,1.3452460989660147
38,0.9502551020408163,0.1853392526811483,0.5642857137991457,1.3679191584489783
39,0.9517857142857142,0.1862619725721223,0.5622448974726152,1.391596345998803
40,0.9538265306122449,0.18094878598135344,0.5704081632653061,1.4206163639924965
41,0.9581632653061225,0.17280945260914005,0.5714285711852871,1.4473297469469966
42,0.9505102040816327,0.17609710693359376,0.5663265303689606,1.4757091648724614
43,0.9571428571428572,0.17073492468619833,0.5612244902824869,1.4941730071087274
44,0.9589285714285715,0.16679882553158973,0.5673469392620787,1.5178663088350879
45,0.9566326530612245,0.16770840311536983,0.5622448984457522,1.5540286433940032
46,0.9563775510204081,0.16879275118818088,0.5693877546154723,1.5779216878268183
47,0.9563775510204081,0.16293983155367325,0.5632653056358804,1.6091132704092532
48,0.9558673469387755,0.16655468490658973,0.5642857137991457,1.6396054345734266
49,0.9596938775510204,0.15784939819452715,0.5591836729828192,1.664631612933412
50,0.9558673469387755,0.1615767742906298,0.5663265303689606,1.695436965689367
51,0.9566326530612245,0.16155321591970873,0.555102040329758,1.717118991151148
52,0.9596938775510204,0.15353554973796923,0.5642857137991457,1.7444275870615122
53,0.9619897959183673,0.15240654951455643,0.5663265301256764,1.7820620848208057
54,0.9568877551020408,0.15663829759067419,0.5612244893093499,1.830394249059716
55,0.9576530612244898,0.15749048794410667,0.5663265301256764,1.8506096981009659
56,0.9596938775510204,0.1493323628087433,0.5571428566562886,1.8824672752497147
57,0.9571428571428572,0.15636471742574048,0.5571428568995729,1.9149300638510256
58,0.9625,0.14549800698854484,0.5520408158399621,1.9399815389088222
59,0.9591836734693877,0.14951403837422936,0.5448979586971049,1.9652557640659565
60,0.9607142857142857,0.14762556644118563,0.5438775505338397,2.0004485762849145
61,0.9561224489795919,0.14811863464360334,0.5530612240032274,2.019665439274846
62,0.9635204081632653,0.14023121485904771,0.5551020405730422,2.051150307363393
63,0.9650510204081633,0.14225535972081885,0.5469387752669198,2.0808864019354996
64,0.9658163265306122,0.1425930675195188,0.5551020405730422,2.10396961679264
65,0.9573979591836734,0.14709379910206308,0.5561224487363076,2.1189245058565724
66,0.9576530612244898,0.15272013645391075,0.5530612242465116,2.1489950399009548
67,0.9688775510204082,0.1320239635602552,0.5540816324097769,2.17326555981928
68,0.9584183673469387,0.14780364364993814,0.5479591834301851,2.1992639492969124
69,0.9599489795918368,0.14159482611077173,0.5561224484930233,2.2206865860491383
70,0.9581632653061225,0.1442590118366845,0.5510204076766968,2.244536044159714
71,0.9665816326530612,0.13346705304420725,0.5499999995134315,2.265109200866855
72,0.9619897959183673,0.14411777428218298,0.5489795913501662,2.278041894581853
73,0.9581632653061225,0.1445470230615869,0.5510204076766968,2.2896680578893545
74,0.9607142857142857,0.14283048118255576,0.5540816321664926,2.295484316592314
75,0.9647959183673469,0.13653948243175235,0.5561224484930233,2.321708899128194
76,0.9599489795918368,0.14142766257329864,0.5571428566562886,2.344039385659354
77,0.9653061224489796,0.13344384228088418,0.5612244902824869,2.341783463225073
78,0.963265306122449,0.13990622468444766,0.5540816331396298,2.365700609829961
79,0.9622448979591837,0.1400307948644064,0.5612244902824869,2.385129214306267
80,0.9581632653061225,0.1469358585014635,0.5622448974726152,2.420833918513084
81,0.963265306122449,0.13752927892670339,0.5622448974726152,2.4568577065759776
82,0.9668367346938775,0.1321248144215467,0.5663265310988135,2.4663504318315157
83,0.9658163265306122,0.13104079742820895,0.5653061222056953,2.471158197947911
84,0.9622448979591837,0.1338814036578548,0.5561224487363076,2.517590246395189
85,0.9594387755102041,0.1455213593889256,0.5602040811460846,2.5426842086169184
86,0.9647959183673469,0.1354092937951185,0.5561224484930233,2.5410116584933533
87,0.9655612244897959,0.13225557442222322,0.5642857137991457,2.555980060538467
88,0.9640306122448979,0.1333190409200532,0.56428571404243,2.5915789896128127
89,0.9653061224489796,0.13244015455854183,0.5581632650628382,2.6047739223558075
90,0.9653061224489796,0.12871798544513935,0.5602040811460846,2.6166064398629323
91,0.9645408163265307,0.13345998321868935,0.5612244893093499,2.649051078484983
92,0.9640306122448979,0.13282336594194782,0.5591836729828192,2.64878240896731
93,0.960969387755102,0.14219507815278307,0.5602040813893688,2.6502364470034228
94,0.9660714285714286,0.14054568490507652,0.5571428576294257,2.6615008578008537
95,0.960204081632653,0.13999321743541834,0.5561224494661604,2.691051429631759
96,0.9640306122448979,0.13254654836289737,0.5622448984457522,2.7019530169817867
97,0.9658163265306122,0.12608885873033077,0.5561224494661604,2.7251978465488977
98,0.9637755102040816,0.13513696167846115,0.5581632657926909,2.7391609405984685
99,0.9716836734693878,0.1190356226295841,0.5571428566562886,2.7539594621074444
100,0.9714285714285714,0.11550207860311683,0.5612244902824869,2.7633857376721442
101,0.9658163265306122,0.12800796412083568,0.5561224494661604,2.7843754612669653
102,0.9635204081632653,0.13601395016422077,0.5612244893093499,2.7987092066784296
103,0.9691326530612245,0.12271804757872407,0.5602040813893688,2.814421628445995
104,0.9686224489795918,0.12551358019819064,0.5510204079199811,2.847241396806678
105,0.9653061224489796,0.13194009308912316,0.5489795915934504,2.8661496055369473
106,0.9658163265306122,0.12863484785264853,0.5459183668603702,2.8953967026301792
107,0.9640306122448979,0.1306853703850386,0.5520408168130991,2.9072641615964927
108,0.9635204081632653,0.13235833021451016,0.5520408158399621,2.928183142019778
109,0.9676020408163265,0.1300791050706591,0.5448979586971049,2.9440206109261027
110,0.9642857142857143,0.12820907454101407,0.5561224484930233,2.987495517730713
111,0.9642857142857143,0.13082055577210017,0.547959184160038,3.0178603464243365
112,0.9653061224489796,0.1284707673806317,0.5489795923233032,3.029164272425126
113,0.9642857142857143,0.13059352090468213,0.5540816321664926,3.0512832339929075
114,0.9630102040816326,0.13569607199454795,0.5551020413028951,3.0455804279872347
115,0.9678571428571429,0.1180345701623936,0.5581632657926909,3.0581271862497137
116,0.9635204081632653,0.12906239707859196,0.5622448982024679,3.068282295733082
117,0.9658163265306122,0.12622960145984377,0.5602040821192216,3.0738731248038156
118,0.9668367346938775,0.12554956711068446,0.5591836739559563,3.093884852467751
119,0.9686224489795918,0.12113490132044773,0.5612244897959183,3.103162196217751
120,0.9719387755102041,0.11486509661285245,0.563265306122449,3.1202119496403906
121,0.9721938775510204,0.11536125674539682,0.5622448982024679,3.1250819069998603
122,0.9635204081632653,0.13269462147537542,0.5642857145289986,3.1284457333233893
123,0.9729591836734693,0.1122842359907773,0.5632653063657332,3.1486944928461194
124,0.9686224489795918,0.12247054142003157,0.5540816328963455,3.1503222085991682
125,0.9653061224489796,0.1275466400445724,0.5581632655494068,3.1419140844928974
126,0.9709183673469388,0.11796320354451939,0.5581632655494068,3.14918056118245
127,0.9686224489795918,0.12120738658978014,0.5591836739559563,3.164600405401113
128,0.9665816326530612,0.12441055730593448,0.5622448984457522,3.1751409180310306
129,0.9668367346938775,0.12137709725268032,0.5510204086498338,3.206290411462589
130,0.9599489795918368,0.13718224788198666,0.5448979594269577,3.2168339340054257
131,0.9617346938775511,0.1300796632559932,0.5438775512636924,3.216248982293265
132,0.9701530612244897,0.11891612781553852,0.5418367349371618,3.244390728035752
133,0.9650510204081633,0.13055523527520044,0.5469387757534884,3.237379685226752
134,0.9681122448979592,0.12143371911073217,0.5510204076766968,3.2500275271279473
135,0.9650510204081633,0.1291873495189511,0.5438775515069767,3.248036340791352
136,0.9688775510204082,0.1207538144624963,0.5500000002432842,3.26393417241622
137,0.9663265306122449,0.12675216132584882,0.5530612249763645,3.2719678470066618
138,0.9681122448979592,0.1243472276597607,0.5571428576294257,3.272445500626856
139,0.9698979591836735,0.11251667558538671,0.5581632648195539,3.278753039301658
140,0.9681122448979592,0.11917619173015867,0.5591836739559563,3.27359397557317
141,0.9737244897959184,0.11052061419705955,0.5551020413028951,3.2806403510424555
142,0.9729591836734693,0.11611973153693335,0.5540816331396298,3.3054031527772243
143,0.9716836734693878,0.11368440860996441,0.5571428576294257,3.312087479416205
144,0.9691326530612245,0.11998581560898801,0.5540816328963455,3.3285867136351914
145,0.9645408163265307,0.1264400970570895,0.5438775515069767,3.3404040365803
146,0.9737244897959184,0.1096520970366439,0.5520408168130991,3.3464200360434395
147,0.9709183673469388,0.11378678174651399,0.547959184160038,3.368535023319478
148,0.9747448979591836,0.10754729273672006,0.5530612249763645,3.376409949088583
149,0.9673469387755103,0.1233706719717201,0.5510204081632653,3.3845276842311938
150,0.9701530612244897,0.11597392052716138,0.5540816326530612,3.37936780209444
151,0.9681122448979592,0.12263955326408756,0.5561224489795918,3.375463932387683
152,0.9721938775510204,0.11489302006607154,0.5520408163265306,3.3992979244310026
153,0.9727040816326531,0.11249219683968291,0.55,3.3982333056780756
154,0.9732142857142857,0.11546877099543201,0.5459183673469388,3.4085443087986538
155,0.9706632653061225,0.11329561307722208,0.5438775515069767,3.422747211067044
156,0.9719387755102041,0.11068010938410856,0.548979592080019,3.4247555304546746
157,0.9721938775510204,0.11651646628671763,0.5551020413028951,3.4282626794309032
158,0.9676020408163265,0.12243347891739437,0.5489795923233032,3.4552559852600098
159,0.9744897959183674,0.1112437755781777,0.5510204084065495,3.4674836723171936
160,0.9704081632653061,0.11958877897384215,0.5510204081632653,3.4535197219070124
161,0.9683673469387755,0.11973200618308417,0.545918367590223,3.454737259417164
162,0.9668367346938775,0.12391937850993506,0.5530612244897959,3.468089720667625
163,0.9704081632653061,0.1176810802549732,0.5520408163265306,3.4766120667360267
164,0.9739795918367347,0.11062866619655064,0.5561224489795918,3.4745863398727104
165,0.9737244897959184,0.10987508099298088,0.5540816331396298,3.478033956216306
166,0.9709183673469388,0.11697912185775991,0.5530612249763645,3.4742594426991986
167,0.9737244897959184,0.11158204946895035,0.548979592080019,3.4884460585457937
168,0.9737244897959184,0.11066309338321491,0.5530612249763645,3.510236322636507
169,0.9757653061224489,0.10678923131555927,0.5530612240032274,3.4981979331191706
170,0.9678571428571429,0.12231336800115448,0.5571428576294257,3.5149925484949227
171,0.9716836734693878,0.11231087817221272,0.5581632655494068,3.524931608900732
172,0.9724489795918367,0.11299058519759957,0.5581632657926909,3.5368072860094966
173,0.9721938775510204,0.11499339017484869,0.5561224494661604,3.539959883203312
174,0.9711734693877551,0.11675592460194413,0.5612244900392026,3.522683432637429
175,0.9706632653061225,0.11343703441778008,0.5561224492228761,3.54137757943601
176,0.9714285714285714,0.11274851344677866,0.5551020413028951,3.5368183583629373
177,0.9688775510204082,0.12202269722308431,0.5591836739559563,3.5467854217607147
178,0.9724489795918367,0.11072822400957955,0.5551020413028951,3.5562746096630486
179,0.9734693877551021,0.1103902822702515,0.5622448982024679,3.546417677159212
180,0.9696428571428571,0.11760155099387072,0.5612244900392026,3.5121456000269675
181,0.9691326530612245,0.12476981808336414,0.5540816328963455,3.534732485790642
182,0.9721938775510204,0.12058518732688865,0.5683673471820597,3.5330457920930822
183,0.9732142857142857,0.11868956864488368,0.5632653063657332,3.538383101443855
184,0.9706632653061225,0.1254336140593704,0.569387755345325,3.5391249637214504
185,0.9693877551020408,0.12457552415375807,0.5663265310988135,3.5319374911639154
186,0.9681122448979592,0.1296041827420799,0.5632653063657332,3.5409382703352947
187,0.9724489795918367,0.1129876609663574,0.5632653063657332,3.5416971167739555
188,0.9714285714285714,0.12217864935495415,0.5632653063657332,3.5441021121278102
189,0.9752551020408163,0.10574601716837105,0.5622448982024679,3.554679601046504
190,0.9732142857142857,0.11288943815292145,0.5642857145289986,3.5672683871522244
191,0.9775510204081632,0.10242194379774891,0.5622448982024679,3.5709189687456404
192,0.9770408163265306,0.1027239628592316,0.5642857145289986,3.583654294695173
193,0.9752551020408163,0.10839675269564804,0.5602040821192216,3.6096914758487624
194,0.9714285714285714,0.1152413084190719,0.5673469392620787,3.6131066059579653
195,0.9737244897959184,0.10835989771448835,0.5602040821192216,3.626910618373326
196,0.974234693877551,0.11055750059229986,0.5581632657926909,3.630558034351894
197,0.9732142857142857,0.11486563855896191,0.5673469392620787,3.6275060040610176
198,0.9737244897959184,0.10879862387569583,0.5642857147722828,3.63813745440269
199,0.9711734693877551,0.11441247741482696,0.5663265310988135,3.638285633982444
200,0.9698979591836735,0.11682180943233626,0.5561224494661604,3.6169429127050905
201,0.9704081632653061,0.11832729505032909,0.5561224494661604,3.620642428495446
202,0.9706632653061225,0.11923686366300193,0.5591836739559563,3.59653478739213
203,0.9678571428571429,0.12416315460387542,0.5530612249763645,3.633974401318297
204,0.974234693877551,0.10653908851803566,0.5510204086498338,3.6516038106412303
205,0.9704081632653061,0.12012208508593696,0.5500000002432842,3.6214774754582617
206,0.9716836734693878,0.1119511780081963,0.5551020410596108,3.6321058487405584
207,0.9704081632653061,0.11690479211357176,0.5561224492228761,3.6311657097874854
208,0.974234693877551,0.10535114085187718,0.5561224492228761,3.647703925930724
209,0.9734693877551021,0.10754468702540106,0.5540816328963455,3.663469595811805
210,0.9714285714285714,0.1143790709424992,0.5520408165698149,3.656359814624397
211,0.9729591836734693,0.11344538899708767,0.5469387757534884,3.665407507760184
212,0.9739795918367347,0.10817722240272834,0.5510204084065495,3.6673046287225217
213,0.9691326530612245,0.11942220175144624,0.5540816328963455,3.6726312248074278
214,0.9732142857142857,0.10767941742527241,0.5581632655494068,3.688065808159964
215,0.974234693877551,0.1077039042145622,0.5551020410596108,3.65618416922433
216,0.9719387755102041,0.11295927839011562,0.5602040821192216,3.6702554654101935
217,0.9734693877551021,0.11351444067395464,0.5540816328963455,3.67744546423153
218,0.9724489795918367,0.11435653758900506,0.5561224492228761,3.6722721771318083
219,0.9709183673469388,0.11226777023806864,0.5571428573861414,3.69649322178899
220,0.9752551020408163,0.10907480202767314,0.5540816328963455,3.7211177495061136
221,0.9721938775510204,0.1127398314068512,0.5571428571428572,3.6999307934118777
222,0.9711734693877551,0.11334996792126675,0.5602040818759373,3.6962114820674974
223,0.9716836734693878,0.11450921972187197,0.5632653056358804,3.665517248426165
224,0.9729591836734693,0.11234028555300771,0.5653061229355482,3.6623742152233514
225,0.9704081632653061,0.12292766738302853,0.5602040818759373,3.672489780309249
226,0.9701530612244897,0.11928923145240666,0.5632653063657332,3.6678969315120153
227,0.9719387755102041,0.11335296022648714,0.5602040818759373,3.7108555229342715
228,0.9734693877551021,0.1180210895988406,0.5622448982024679,3.6959805945960844
229,0.9727040816326531,0.11649756816272833,0.5653061226922639,3.6976814162974456
230,0.9709183673469388,0.12183818768481819,0.5622448982024679,3.6930757405806562
231,0.9714285714285714,0.12576287174407316,0.5561224494661604,3.6949129240853447
232,0.975,0.11376031412153828,0.5571428576294257,3.6918472659831143
233,0.977295918367347,0.10952123709175052,0.5602040818759373,3.6948678298872344
234,0.9747448979591836,0.10960373784206351,0.5622448982024679,3.686121245792934
235,0.974234693877551,0.10976899431980386,0.5571428573861414,3.6921416214534215
236,0.9744897959183674,0.10710464913626107,0.5530612247330802,3.71028596333095
237,0.9724489795918367,0.11190491905625985,0.5551020410596108,3.7151330860293643
238,0.9727040816326531,0.1141877392116858,0.5540816328963455,3.7043575987523916
239,0.9744897959183674,0.10741394708047108,0.5581632653061225,3.718348605292184
240,0.9760204081632653,0.10261572278579888,0.5571428571428572,3.72362361830108
241,0.9709183673469388,0.11591711314965268,0.5612244900392026,3.706802797317505
242,0.9716836734693878,0.11247315476743543,0.5551020408163265,3.716733427436984
243,0.9744897959183674,0.11033732853069597,0.5581632655494068,3.707736751984577
244,0.9727040816326531,0.11077348063794934,0.5653061226922639,3.7151525682332562
245,0.9693877551020408,0.12172590047121049,0.5612244897959183,3.7182704974193963
246,0.9724489795918367,0.11416816097133013,0.560204081632653,3.732565520734203
247,0.9727040816326531,0.11353844282578449,0.5673469390187945,3.7402668816702707
248,0.9734693877551021,0.10956002683663854,0.5663265306122449,3.7323599192560937
249,0.9698979591836735,0.11686538658580002,0.5581632650628382,3.7392495865724524
