epoch,acc,loss,val_acc,val_loss
0,0.4961734693877551,0.7312495637913139,0.5020408160832464,0.7173348110549304
1,0.5841836734693877,0.6865451834639724,0.523469387755102,0.7087692993027823
2,0.6479591836734694,0.6567045265314531,0.5367346941208353,0.7064330193461205
3,0.684438775510204,0.6269539825770319,0.5336734696310393,0.7044716737708266
4,0.7073979591836734,0.599325377113965,0.5265306122448979,0.7027764862897444
5,0.7275510204081632,0.5791219015510715,0.5397959186106313,0.7075758651811249
6,0.7538265306122449,0.5506577331192639,0.5397959186106313,0.7082970779769274
7,0.7581632653061224,0.533771304938258,0.5520408163265306,0.7110024152969827
8,0.7778061224489796,0.5026856385931677,0.5530612247330802,0.7165772313974341
9,0.8028061224489796,0.4817680186154891,0.5530612249763645,0.7232732901767809
10,0.8196428571428571,0.45827034176612386,0.5510204086498338,0.7296650331847522
11,0.8239795918367347,0.43974747450984253,0.5551020410596108,0.7394555235395626
12,0.8372448979591837,0.4275897597780033,0.544897959670242,0.7527988935003476
13,0.8451530612244897,0.4095045537364726,0.5459183678335073,0.7579915224289407
14,0.8466836734693878,0.39944794944354467,0.5602040821192216,0.7681594970274944
15,0.8573979591836735,0.3842660916094877,0.5581632657926909,0.7859304068039875
16,0.8711734693877551,0.36913423453058514,0.5438775515069767,0.7983148774322198
17,0.8803571428571428,0.34799964464440636,0.5428571433437114,0.8113057350625797
18,0.8895408163265306,0.3422527964017829,0.5428571433437114,0.8256807305374924
19,0.8928571428571429,0.3244783699512482,0.544897959670242,0.8428503201932324
20,0.8910714285714286,0.3220669748831768,0.548979592080019,0.8587590293008454
21,0.8948979591836734,0.3181955205542701,0.5469387757534884,0.8692908457347325
22,0.9058673469387755,0.3038317511276323,0.5438775510204081,0.893766784911253
23,0.9122448979591836,0.2861029152967492,0.5438775510204081,0.9109556074045142
24,0.9094387755102041,0.2842240624281825,0.5428571431004271,0.9285951959843538
25,0.9056122448979592,0.2889241272089433,0.5428571428571428,0.9511070151718295
26,0.9142857142857143,0.26772465413930463,0.5377551022841006,0.9767295202430414
27,0.9119897959183674,0.272202106337158,0.5377551022841006,0.9967317637132138
28,0.9130102040816327,0.26909349341781774,0.5479591839167537,1.0073322193963188
29,0.9201530612244898,0.2535781012505901,0.55,1.0353854208576436
30,0.9244897959183673,0.24064286770869275,0.5479591836734694,1.0508176803588867
31,0.9142857142857143,0.2535155820603273,0.5459183673469388,1.0709197229268599
32,0.9173469387755102,0.24485340848260997,0.5428571428571428,1.0937570065868145
33,0.9196428571428571,0.24163300030085505,0.5438775510204081,1.1139837853762569
34,0.9260204081632653,0.23234506468383634,0.5479591836734694,1.1342059057586047
35,0.9229591836734694,0.23558571460295696,0.5448979591836735,1.158484740646518
36,0.922704081632653,0.23111965248779376,0.5459183673469388,1.1884502800143495
37,0.9211734693877551,0.22598158023795303,0.5489795918367347,1.21273089185053
38,0.9191326530612245,0.22688074926940763,0.5418367349371618,1.2400618694266494
39,0.9247448979591837,0.22217755001418443,0.5448979594269577,1.2698979805926887
40,0.924234693877551,0.22032356669708175,0.548979592080019,1.2862580990304753
41,0.924234693877551,0.22319114567065726,0.548979592080019,1.2946861894763246
42,0.925,0.21360248479307914,0.5438775512636924,1.3115940522174445
43,0.925,0.21272074641013633,0.5530612247330802,1.334931733170334
44,0.9295918367346939,0.20576570769962,0.5561224494661604,1.3611518718758409
45,0.923469387755102,0.2141736214258233,0.5469387759967727,1.3893192880007685
46,0.9313775510204082,0.20186468003963937,0.5418367351804461,1.4042121658519822
47,0.9303571428571429,0.19937021920875628,0.5346938777943047,1.4370642749630675
48,0.9311224489795918,0.19921696325954125,0.5336734689011866,1.4554487126214164
49,0.936734693877551,0.1838664230035276,0.5336734698743236,1.4781653739968124
50,0.9285714285714286,0.19390744506096352,0.5397959186106313,1.5083398629208
51,0.9285714285714286,0.19399249036701358,0.5428571423705744,1.545540790655175
52,0.9285714285714286,0.1922080467550122,0.5275510206514475,1.578066223008292
53,0.9334183673469387,0.18505514306681498,0.532653061467774,1.5990124420243867
54,0.9293367346938776,0.1890892966669433,0.5285714288147129,1.6006500214946513
55,0.9285714285714286,0.18977239192748557,0.5214285719151399,1.6290345936405415
56,0.9313775510204082,0.1852931357464012,0.5224489800784052,1.6724383767770261
57,0.9311224489795918,0.18261333986812708,0.5265306124881822,1.6857941087411374
58,0.9346938775510204,0.18207994869777133,0.5295918369779782,1.7131733738646215
59,0.9339285714285714,0.18113734703891132,0.5316326530612245,1.7547284316043466
60,0.9313775510204082,0.18949579705997388,0.5285714288147129,1.7758207423346384
61,0.9372448979591836,0.17671743242108093,0.5265306122448979,1.8047138223842698
62,0.9375,0.17607964186035857,0.5316326533045087,1.816644195147923
63,0.9354591836734694,0.1810893649045302,0.5163265306122449,1.847343583009681
64,0.9341836734693878,0.18357728628479705,0.5244897959183673,1.8672560025234612
65,0.9369897959183674,0.17307279736411815,0.5255102040816326,1.8884317947893727
66,0.9410714285714286,0.16469409596555087,0.5285714285714286,1.9143560467934122
67,0.9313775510204082,0.17705629325034666,0.5275510204081633,1.9349207834321624
68,0.9377551020408164,0.17038327762667013,0.5295918364914096,1.9553299991451965
69,0.9301020408163265,0.17717242949471182,0.5336734693877551,1.966268656205158
70,0.9377551020408164,0.17061250328409427,0.5306122448979592,1.9857429095676966
71,0.9377551020408164,0.1654378643449472,0.5285714285714286,2.007671278350207
72,0.934438775510204,0.16774460639880628,0.5367346933909825,2.016870683066699
73,0.9331632653061225,0.17090078832543626,0.5357142852277171,2.0212841505907018
74,0.9357142857142857,0.16969922698882162,0.5397959188539154,2.0602528153633584
75,0.9364795918367347,0.17171457035809148,0.541836734207309,2.0710798365729195
76,0.940561224489796,0.16211719704525812,0.53571428595757,2.0847555184850886
77,0.9377551020408164,0.1608263087211823,0.5285714288147129,2.1146778447287424
78,0.9339285714285714,0.1674984588914988,0.5357142857142857,2.1361666173351055
79,0.9336734693877551,0.16463054634478627,0.5316326533045087,2.1555058362532633
80,0.9390306122448979,0.15984111759735614,0.5346938777943047,2.16797474938996
81,0.9377551020408164,0.1610504204065216,0.539795918367347,2.1873042427763645
82,0.9451530612244898,0.15178443914165302,0.5357142857142857,2.1925410669677112
83,0.9372448979591836,0.16171369017386922,0.5346938775510204,2.2036622538858532
84,0.9387755102040817,0.15904426627925464,0.5306122448979592,2.2064197014789193
85,0.9369897959183674,0.16056276544624445,0.5285714285714286,2.2340242706999485
86,0.9413265306122449,0.155778862049385,0.5326530612244897,2.2449321547333074
87,0.9415816326530613,0.1541909148194352,0.5306122448979592,2.2664914559344855
88,0.9375,0.15519824687923703,0.5295918367346939,2.290975626147523
89,0.9372448979591836,0.16194903674174327,0.5418367346938775,2.3206111037001316
90,0.9438775510204082,0.14625126242029424,0.536734693877551,2.3311026427210595
91,0.9408163265306122,0.1508201695826589,0.5306122448979592,2.33932386466435
92,0.9403061224489796,0.15173847559763462,0.5316326530612245,2.3867687745970123
93,0.9390306122448979,0.1574946199144636,0.5285714283281443,2.4135014169070184
94,0.9385204081632653,0.15301487369804967,0.5244897961616516,2.431331357177423
95,0.940561224489796,0.15315648305172824,0.5295918367346939,2.4410547198081503
96,0.9456632653061224,0.143732720522248,0.5377551020408163,2.4674434116908484
97,0.9423469387755102,0.15012593497427143,0.5326530612244897,2.4713129958327937
98,0.940561224489796,0.15228926892183264,0.5346938775510204,2.4991112733373835
99,0.9413265306122449,0.1513181477481005,0.5316326530612245,2.520793870030617
100,0.9403061224489796,0.14606229930507894,0.5295918369779782,2.5565653406843847
101,0.9428571428571428,0.1462349328763631,0.5234693879983863,2.598836063365547
102,0.9423469387755102,0.1507600407211148,0.5153061229355481,2.6098858667879687
103,0.9395408163265306,0.1493028312921524,0.5183673474253441,2.6339610742062938
104,0.9436224489795918,0.14643370950100373,0.5214285716718557,2.6500574194655124
105,0.9456632653061224,0.14474683510405675,0.5255102045682012,2.6389620367361575
106,0.9390306122448979,0.1527895188149141,0.5265306124881822,2.649790951183864
107,0.9426020408163265,0.1467406115057517,0.5316326533045087,2.6507693957309333
108,0.9410714285714286,0.14991485908323404,0.5285714285714286,2.6923088900896968
109,0.9426020408163265,0.15060698529895472,0.5214285714285715,2.7575250129310453
110,0.9426020408163265,0.14884909360992665,0.5285714285714286,2.77528931753976
111,0.9456632653061224,0.14819963355453647,0.5265306124881822,2.771870417497596
112,0.9431122448979592,0.14685278306810223,0.5295918369779782,2.788803429506263
113,0.9461734693877552,0.147365410078545,0.5306122451412435,2.7768303121839253
114,0.9403061224489796,0.15141073498798877,0.5306122451412435,2.8040573684536683
115,0.9436224489795918,0.1489673237107238,0.5387755104473659,2.8413846268945813
116,0.9390306122448979,0.15877707691825166,0.5316326530612245,2.8569875843670904
117,0.9408163265306122,0.15000889720965405,0.5295918367346939,2.8650405056622565
118,0.9410714285714286,0.14652052476089827,0.5265306122448979,2.9099115230599226
119,0.9423469387755102,0.14694814937455314,0.5285714285714286,2.935410130753809
120,0.9413265306122449,0.1457435152056266,0.5336734693877551,2.9666515540103524
121,0.9418367346938775,0.1380621214606324,0.5346938777943047,2.962528502697847
122,0.9482142857142857,0.13575707926433914,0.5295918369779782,2.9606785745036843
123,0.9479591836734694,0.13784812783100167,0.5285714285714286,2.9703676637338132
124,0.9454081632653061,0.1416003061800587,0.5336734693877551,2.9850283530293678
125,0.9443877551020409,0.14353624667440143,0.5346938775510204,2.990123056878849
126,0.9466836734693878,0.14436218829787506,0.536734693877551,2.9879524308807994
127,0.940561224489796,0.14895793062691787,0.5336734693877551,2.9618211337498255
128,0.9395408163265306,0.1475788213768784,0.5295918367346939,2.9749779496874127
129,0.9354591836734694,0.15502824193360853,0.5306122448979592,2.993066896711077
130,0.9415816326530613,0.147870594901698,0.5357142857142857,3.0021715392871777
131,0.9420918367346939,0.14249079841740278,0.5346938775510204,3.0264717272349766
132,0.9466836734693878,0.14162392525040374,0.5255102040816326,2.9999613815424393
133,0.9433673469387756,0.14644959550731035,0.5387755102040817,3.0086022313760252
134,0.9392857142857143,0.1472937961318055,0.536734693877551,3.0186100843001387
135,0.939795918367347,0.1503660707753532,0.527551020164879,3.040500033631617
136,0.9454081632653061,0.1447478392294475,0.5295918367346939,3.0354757532781482
137,0.9403061224489796,0.1478128340171308,0.5336734693877551,3.026459044826274
138,0.940561224489796,0.14932107332409644,0.532653061467774,3.0235716352657396
139,0.9487244897959184,0.13600604649709194,0.5346938777943047,3.021860565458025
140,0.949234693877551,0.13951087898137618,0.5326530612244897,3.042470080025342
141,0.9494897959183674,0.13555781987248636,0.5326530612244897,3.0681429356944805
142,0.9431122448979592,0.14095080032640575,0.5377551022841006,3.065070174664867
143,0.9454081632653061,0.1426536310996328,0.53571428595757,3.0410442089547916
144,0.9415816326530613,0.1410834527593486,0.5397959186106313,3.0842230110752338
145,0.9410714285714286,0.14444340506986697,0.5336734693877551,3.120527513173162
146,0.9387755102040817,0.14155060350894927,0.5367346941208353,3.134724707992709
147,0.9451530612244898,0.13662406108817277,0.5367346941208353,3.1534271858176406
148,0.9466836734693878,0.13689378366178395,0.5336734693877551,3.176689273483899
149,0.9420918367346939,0.14167770122995182,0.5255102038383483,3.2033123892180773
150,0.9426020408163265,0.1421458373568496,0.5295918367346939,3.220187385714784
151,0.9392857142857143,0.14336032447766284,0.5295918369779782,3.2198399295612257
152,0.939795918367347,0.14308566958928595,0.5275510204081633,3.241911866713543
153,0.9451530612244898,0.13509275832650613,0.5285714288147129,3.2658747201063196
154,0.940561224489796,0.1406839697792822,0.531632653547793,3.2840835279347944
155,0.9415816326530613,0.13434399259181656,0.5275510206514475,3.2951165053309226
156,0.9454081632653061,0.13680684727673628,0.531632653547793,3.298019857795871
157,0.9413265306122449,0.13754717303173883,0.5265306127314665,3.3097899344502664
158,0.9469387755102041,0.13063569213358722,0.5214285716718557,3.308656340229268
159,0.9474489795918367,0.1357079010988985,0.5326530617110583,3.3111444035354927
160,0.9471938775510204,0.1359406627258476,0.5357142862008543,3.3085151098212418
161,0.9426020408163265,0.14370628234987357,0.5336734696310393,3.3065500716773832
162,0.9423469387755102,0.13522462297459037,0.532653061467774,3.3275805580372713
163,0.9471938775510204,0.13604462177169566,0.5367346941208353,3.338566971798332
164,0.9487244897959184,0.12954241946643713,0.5377551025273849,3.3548713071005687
165,0.9438775510204082,0.14162650427648,0.5295918372212624,3.3347751870447278
166,0.9456632653061224,0.13662801850207,0.5295918372212624,3.3377383728416596
167,0.948469387755102,0.13097584512160748,0.5316326533045087,3.3385152923817536
168,0.9487244897959184,0.13333408420487325,0.5255102043249169,3.369813450015321
169,0.9459183673469388,0.1366011687839518,0.5306122451412435,3.353600735567054
170,0.9469387755102041,0.13380448442636703,0.5214285716718557,3.363130341743936
171,0.9494897959183674,0.13363707412262352,0.5285714288147129,3.398787282437694
172,0.9471938775510204,0.13027194388666932,0.5214285716718557,3.4175419340328292
173,0.9443877551020409,0.1337647378292619,0.5183673471820598,3.430654325290602
174,0.9482142857142857,0.13256280454141753,0.5214285716718557,3.4321092702904528
175,0.9497448979591837,0.12727294793846655,0.5265306124881822,3.4789074557168145
176,0.9494897959183674,0.13017945177092843,0.5295918369779782,3.4597214075983787
177,0.9477040816326531,0.13247406513107066,0.5377551022841006,3.4553945045081935
178,0.9433673469387756,0.13482691225956897,0.5377551022841006,3.441610089126898
179,0.9479591836734694,0.13994337667007836,0.5387755104473659,3.428494935133019
180,0.9426020408163265,0.14064278938636487,0.5387755104473659,3.437751374925886
181,0.9428571428571428,0.14079205713101794,0.5346938780375889,3.451725013888612
182,0.9474489795918367,0.1320579137120928,0.5326530617110583,3.4581243573402873
183,0.9466836734693878,0.13390143139629948,0.5285714288147129,3.487924204067308
184,0.950765306122449,0.13314980818909042,0.5255102043249169,3.51632497456609
185,0.9471938775510204,0.13510292357936196,0.5193877555886094,3.5226663696522613
186,0.9423469387755102,0.13968683870471255,0.5204081637518746,3.5423288160440873
187,0.9464285714285714,0.13506435356578048,0.5224489795918368,3.545433823916377
188,0.9469387755102041,0.1373478665643809,0.5224489795918368,3.5601971723595445
189,0.9436224489795918,0.1339230078519607,0.5163265310988134,3.5659843824347672
190,0.9494897959183674,0.12851773317979306,0.5153061226922638,3.562824230777974
191,0.9400510204081632,0.13601639663078346,0.5234693879983863,3.5722234502130625
192,0.9459183673469388,0.13619062258880965,0.5132653063657332,3.6059616390539677
193,0.95,0.12611531803802567,0.5173469390187945,3.6268285537252622
194,0.9456632653061224,0.13558734247879106,0.5142857142857142,3.6621196367302717
195,0.9502551020408163,0.1289534016531341,0.513265306122449,3.6766445120986626
196,0.9474489795918367,0.13008519435415464,0.5214285714285715,3.6580942844857973
197,0.9456632653061224,0.1324777909383482,0.5244897961616516,3.698464634953713
198,0.9410714285714286,0.13477962947621638,0.5153061224489796,3.7333031401342276
199,0.9426020408163265,0.14564660443943375,0.5214285714285715,3.75549248286656
200,0.9474489795918367,0.1306859887680229,0.5214285716718557,3.736463114680076
201,0.9436224489795918,0.1329249820386877,0.5193877553453251,3.7574439155812165
202,0.9454081632653061,0.13219689951867472,0.5163265306122449,3.7773377759116036
203,0.9431122448979592,0.13543093761011046,0.5244897959183673,3.7683545132072602
204,0.9466836734693878,0.1359368339789157,0.523469387755102,3.7597495575340427
205,0.9477040816326531,0.1333001062273979,0.5255102043249169,3.758283624843675
206,0.9454081632653061,0.1347292062123211,0.5214285719151399,3.751672156003057
207,0.9494897959183674,0.12905946814892244,0.5244897964049359,3.7639894203263884
208,0.9459183673469388,0.13430955817504805,0.5255102045682012,3.7637034484318326
209,0.9469387755102041,0.13192541152238846,0.5255102045682012,3.7584114804559823
210,0.9489795918367347,0.12934358711449467,0.5214285716718557,3.816071454846129
211,0.9461734693877552,0.12961771539887604,0.5214285716718557,3.8303451032054667
212,0.9446428571428571,0.13511797922606372,0.5265306124881822,3.840726273400443
213,0.9426020408163265,0.13992790157089427,0.5224489800784052,3.8575809537147987
214,0.95,0.13154003676407192,0.5255102045682012,3.822751724476717
215,0.950765306122449,0.13336842166525978,0.5244897964049359,3.808640854699271
216,0.9426020408163265,0.13640417082577336,0.5255102045682012,3.846173958875695
217,0.9446428571428571,0.14245390107437056,0.5357142862008543,3.8220868032805773
218,0.9461734693877552,0.13109343660121062,0.5346938780375889,3.808485561487626
219,0.9459183673469388,0.13550605433327811,0.5377551025273849,3.824175094098461
220,0.9456632653061224,0.13052903812150565,0.5377551025273849,3.8202829039826685
221,0.951530612244898,0.12508238064391272,0.5275510206514475,3.8110930218988535
222,0.9530612244897959,0.12938652370049028,0.5244897959183673,3.804067007376223
223,0.948469387755102,0.13034185630326367,0.5244897964049359,3.8090669437330598
224,0.9454081632653061,0.13148839665310724,0.5244897959183673,3.820733316577211
225,0.9438775510204082,0.13221671219382966,0.5316326533045087,3.8461338286497155
226,0.9469387755102041,0.13515119579981785,0.5336734696310393,3.8410503844825588
227,0.9530612244897959,0.12187813629909437,0.5336734696310393,3.876748718534197
228,0.9497448979591837,0.13091846220955558,0.5316326533045087,3.896617110894651
229,0.948469387755102,0.13608844827632516,0.531632653547793,3.9048605072255036
230,0.9502551020408163,0.13069099428094164,0.5387755097175131,3.876917465852231
231,0.9487244897959184,0.13187145678972712,0.5377551015542478,3.877554713463297
232,0.9538265306122449,0.12320398411580495,0.5397959178807784,3.9031275768669285
233,0.9446428571428571,0.1388883417662309,0.5448979586971049,3.9101002313652815
234,0.9551020408163265,0.12059504429296572,0.5357142862008543,3.898264995886355
235,0.9464285714285714,0.135954236132758,0.5285714290579971,3.888030787876674
236,0.9517857142857142,0.1281351488767838,0.5336734696310393,3.9019378506407447
237,0.9479591836734694,0.1338265141358181,0.5387755104473659,3.9159719593670905
238,0.9489795918367347,0.13062817402640167,0.5387755102040817,3.9410900777699998
239,0.9512755102040816,0.12758289931380018,0.536734693877551,3.9317464857685325
240,0.9548469387755102,0.11922733430959741,0.5326530612244897,3.95690209233031
241,0.9489795918367347,0.13129748051263848,0.5326530612244897,3.9521356952433684
242,0.9482142857142857,0.1271336442353774,0.5367346941208353,3.964542170933315
243,0.9471938775510204,0.12786406527976601,0.53571428595757,3.9750439118365852
244,0.9535714285714286,0.12210673513461133,0.5336734696310393,3.9746406545444413
245,0.9464285714285714,0.12997198697863793,0.5275510206514475,3.9719718329760494
246,0.9471938775510204,0.13002386391162873,0.5265306127314665,3.9989903411086725
247,0.949234693877551,0.13029096281650115,0.53571428595757,3.9911115753407382
248,0.951530612244898,0.12580276675978486,0.5377551025273849,3.9801787658613557
249,0.9471938775510204,0.1280900049118363,0.5357142862008543,3.9670295812645735
