epoch,acc,loss,val_acc,val_loss
0,0.5354591836734693,0.7057588054209339,0.5387755102040817,0.6986189202386506
1,0.5900510204081633,0.688174608288979,0.5642857145289986,0.6951588012734238
2,0.6262755102040817,0.6721077267004519,0.5857142857142857,0.6917651008586494
3,0.6400510204081633,0.6597817099824244,0.5908163270171808,0.6897747392557105
4,0.6625,0.644939217518787,0.5867346943641195,0.6887905478477478
5,0.6785714285714286,0.6318200398464592,0.5897959188539155,0.6879769135494621
6,0.685204081632653,0.6150087714195251,0.5938775515069767,0.6867467420441764
7,0.6989795918367347,0.5971052016530718,0.5857142862008542,0.6877525456097662
8,0.7176020408163265,0.5784577150734104,0.5908163260440438,0.6891466707599406
9,0.7122448979591837,0.5672576232832305,0.5846938770644519,0.6891867284872094
10,0.735204081632653,0.5392974753769076,0.5826530609812055,0.6925945766118108
11,0.7426020408163265,0.5213452606785054,0.5826530607379212,0.6942214177579296
12,0.7502551020408164,0.5065896012345139,0.5846938770644519,0.6975542360422563
13,0.749234693877551,0.49076649230353686,0.5755102035950641,0.7030810592125873
14,0.7563775510204082,0.4731155232507355,0.57142857191514,0.7058986043443485
15,0.7650510204081633,0.45760668783771746,0.5795918372212624,0.7129889254667321
16,0.7594387755102041,0.44835980400747183,0.581632653547793,0.7189541746158989
17,0.7744897959183673,0.4273448480635273,0.5846938770644519,0.7288326338845856
18,0.7696428571428572,0.4201314473638729,0.5816326525746559,0.7372931918319391
19,0.7854591836734693,0.4026406213945272,0.5897959178807785,0.7443602547353628
20,0.7803571428571429,0.3965137425734072,0.5785714290579971,0.7533821356539824
21,0.7864795918367347,0.376796506740609,0.5877551015542478,0.7627501643433863
22,0.7864795918367347,0.3781337193080357,0.5816326525746559,0.7756436880753965
23,0.7813775510204082,0.3670867482010199,0.5857142852277172,0.788522507706467
24,0.7969387755102041,0.3505957497625935,0.5806122444113907,0.802975798383051
25,0.7964285714285714,0.3405750249113355,0.5836734689011865,0.8122677175366149
26,0.8005102040816326,0.3348896716322218,0.5867346943641195,0.8244106042141817
27,0.8040816326530612,0.3273828005304142,0.5693877555886093,0.840970934897053
28,0.8045918367346939,0.3141049087047577,0.5734693882416706,0.8533932201716364
29,0.8079081632653061,0.3050903050875177,0.5795918362481254,0.8720212600669083
30,0.8109693877551021,0.30379738017004365,0.5755102045682012,0.886492561077585
31,0.8043367346938776,0.29970255737402,0.5704081630220219,0.9036764731212538
32,0.8071428571428572,0.29385817792950847,0.5693877546154723,0.9213278853163427
33,0.814795918367347,0.2830708935552714,0.5663265310988135,0.9396545127946503
34,0.824234693877551,0.28003374119194185,0.5693877555886093,0.9573585974926851
35,0.863265306122449,0.2882863432777171,0.5704081637518746,0.96620803536201
36,0.885969387755102,0.2695207682191109,0.5755102045682012,0.9811813196357415
37,0.8816326530612245,0.2647142247886074,0.5734693872685335,0.9996674265180315
38,0.8880102040816327,0.2581945998936283,0.5744897954317988,1.018032827182692
39,0.8862244897959184,0.2601868167215464,0.5693877555886093,1.0355142965608715
40,0.8933673469387755,0.25417821887804537,0.5704081627787376,1.0565765001335923
41,0.8948979591836734,0.2574741265603474,0.571428570942003,1.0734465511477724
42,0.8956632653061225,0.2498896302617326,0.5724489793485524,1.091713989510828
43,0.9043367346938775,0.23927919986296672,0.5704081632653061,1.1065772908074516
44,0.9038265306122449,0.23887944288399754,0.57142857191514,1.1297267356697394
45,0.900765306122449,0.2405989537433702,0.5765306127314664,1.149933269802405
46,0.9084183673469388,0.2302956967937703,0.5806122453845277,1.1635774391038076
47,0.9066326530612245,0.2324289085305467,0.5734693879983863,1.1783372061593191
48,0.9096938775510204,0.2232244663092555,0.5806122446546749,1.2001506204507788
49,0.9091836734693878,0.22587286471104134,0.5724489793485524,1.2096587908511258
50,0.9096938775510204,0.2277335075395448,0.575510204324917,1.2313005775821453
51,0.9073979591836735,0.22841122843781297,0.5693877555886093,1.2525497307582778
52,0.9066326530612245,0.23072760494387878,0.569387755345325,1.2739708876123235
53,0.923469387755102,0.21703590902746941,0.5642857147722828,1.29523078470814
54,0.9153061224489796,0.21799440791412275,0.576530612244898,1.3111418801911023
55,0.9181122448979592,0.2112511654897612,0.5744897961616516,1.337123694711802
56,0.9196428571428571,0.20943976731932892,0.5714285716718557,1.3546547772933026
57,0.9160714285714285,0.21542312119688306,0.5795918372212624,1.3740426024612116
58,0.9155612244897959,0.2142795264112706,0.5734693882416706,1.3913502907266422
59,0.9153061224489796,0.212361464086844,0.5673469390187945,1.4123473581002683
60,0.9153061224489796,0.2112787575746069,0.5653061224489796,1.4302070968005123
61,0.9181122448979592,0.20367812727178847,0.563265306122449,1.439314950728903
62,0.9229591836734694,0.20560666535581862,0.5683673469387756,1.4538420463094905
63,0.9221938775510204,0.19447718317411383,0.5581632653061225,1.4714062418256486
64,0.9165816326530613,0.20235000514254278,0.5663265310988135,1.492259590966361
65,0.9163265306122449,0.19704545213251698,0.5673469392620787,1.5020355594401458
66,0.9247448979591837,0.19057669864625346,0.5591836732261035,1.5195554752739109
67,0.9176020408163266,0.19768867346705224,0.5561224487363076,1.558579013298969
68,0.9188775510204081,0.20127725418733092,0.5612244900392026,1.558532581523973
69,0.9219387755102041,0.1978107500137115,0.5591836734693878,1.5802151295603537
70,0.9204081632653062,0.19336389722872754,0.5683673471820597,1.6006770907616128
71,0.923469387755102,0.1938734927347728,0.5612244900392026,1.618600845336914
72,0.9191326530612245,0.19803467313854062,0.5663265310988135,1.6322415955212652
73,0.9247448979591837,0.19231046505120336,0.5714285716718557,1.6554997035435268
74,0.9255102040816326,0.18687754948528446,0.5744897964049359,1.6799421008752318
75,0.9221938775510204,0.189833474402525,0.5734693879983863,1.6933588752941209
76,0.9244897959183673,0.18456739509592252,0.5622448982024679,1.711437648656417
77,0.9272959183673469,0.17918963599569943,0.5653061229355482,1.7283796154722875
78,0.9221938775510204,0.18620237920965468,0.5693877555886093,1.7383419090387773
79,0.9214285714285714,0.19130650041054706,0.5673469392620787,1.7594723847447609
80,0.9221938775510204,0.1887343141497398,0.5653061229355482,1.787857706692754
81,0.9275510204081633,0.17842872230982293,0.5642857147722828,1.8055370997409432
82,0.9204081632653062,0.18072946086830022,0.5612244902824869,1.8275104795183454
83,0.9216836734693877,0.1820834709065301,0.5653061226922639,1.8369369973941725
84,0.9285714285714286,0.17209014047165305,0.5663265306122449,1.8437377949150242
85,0.9219387755102041,0.18539380729198457,0.5622448979591836,1.8669003184960813
86,0.9178571428571428,0.18817529401608876,0.5693877551020409,1.8808489283736871
87,0.9329081632653061,0.16885203062271587,0.5683673469387756,1.9005884769011516
88,0.9306122448979591,0.18013015553659323,0.5683673471820597,1.907315410886492
89,0.9331632653061225,0.1729794385481854,0.5642857142857143,1.9239907045753635
90,0.9288265306122448,0.17578895675892733,0.5632653063657332,1.9412425347736904
91,0.9262755102040816,0.1764189035004499,0.5663265308555292,1.9592119323964021
92,0.9244897959183673,0.18089883084199868,0.5622448979591836,1.9763582249076999
93,0.9219387755102041,0.17509746955973762,0.5612244895526342,1.986659766703236
94,0.9298469387755102,0.16577753582779242,0.5602040813893688,1.991678988690279
95,0.938265306122449,0.16335467839119386,0.5653061226922639,2.0135255098342895
96,0.9311224489795918,0.16804079480317174,0.5642857145289986,2.034656825357554
97,0.9303571428571429,0.16745763189938603,0.5632653063657332,2.039938205115649
98,0.9237244897959184,0.1711288517835189,0.5581632655494068,2.060906351342493
99,0.9283163265306122,0.16849968853045483,0.5663265303689606,2.0711677921061615
100,0.9283163265306122,0.1715009163228833,0.5663265306122449,2.09457497840025
101,0.9357142857142857,0.16670809260436467,0.5622448979591836,2.1209346965867644
102,0.926530612244898,0.16823835333391113,0.5642857145289986,2.1430191268726273
103,0.9329081632653061,0.16275385043450763,0.563265306122449,2.166128035954067
104,0.934438775510204,0.1603766525278286,0.5663265306122449,2.172430631579185
105,0.9288265306122448,0.16353934586656338,0.5714285714285714,2.18762321472168
106,0.9280612244897959,0.16450276510143766,0.5693877551020409,2.1818258976449774
107,0.9272959183673469,0.16505973655350353,0.5653061224489796,2.2029279037397735
108,0.9280612244897959,0.16136296896301972,0.5663265306122449,2.2127678472168593
109,0.9303571428571429,0.16352009362712197,0.5622448979591836,2.232967016648273
110,0.9280612244897959,0.16438963641317522,0.5642857142857143,2.244825438090733
111,0.9260204081632653,0.16567168777086297,0.5622448979591836,2.262306093683048
112,0.9331632653061225,0.15493824320788285,0.5622448977158994,2.280376367179715
113,0.9290816326530612,0.16196312022452453,0.5693877548587566,2.2936927493737667
114,0.9306122448979591,0.1597379071371896,0.5704081630220219,2.295317675142872
115,0.9211734693877551,0.1695381907784209,0.5744897956750831,2.2944008214133125
116,0.9275510204081633,0.16342634625580846,0.5775510204081633,2.299060428385832
117,0.9283163265306122,0.15968668962619742,0.5744897956750831,2.3265623773847306
118,0.9359693877551021,0.15179088988474437,0.5744897959183674,2.326366667844811
119,0.9306122448979591,0.15574069032255483,0.5642857142857143,2.3383108460173316
120,0.9326530612244898,0.15815949960022557,0.5632653058791647,2.369472739161277
121,0.9375,0.15199999772772496,0.5663265303689606,2.3836726860124235
122,0.9318877551020408,0.15577476517278321,0.5653061222056953,2.3910133060143917
123,0.9283163265306122,0.15641484382201215,0.5653061229355482,2.4054175668833206
124,0.9318877551020408,0.15361638961701976,0.5642857147722828,2.4312856177894435
125,0.9303571428571429,0.15530793837138585,0.5653061229355482,2.4345609655185623
126,0.9369897959183674,0.15204521393289372,0.569387755345325,2.4511480788795317
127,0.9346938775510204,0.1472821646959198,0.5693877551020409,2.4484098668001137
128,0.9272959183673469,0.15581319815650277,0.5663265306122449,2.4614954345080315
129,0.9288265306122448,0.15710241846284087,0.575510204324917,2.474266024025119
130,0.9278061224489796,0.1591838645387669,0.572448979835121,2.490810312057028
131,0.9252551020408163,0.16188849183369655,0.5683673471820597,2.494578385839657
132,0.9349489795918368,0.1523072578164996,0.5632653063657332,2.504942833647436
133,0.9280612244897959,0.15338864378174957,0.5642857145289986,2.5237044392799843
134,0.9313775510204082,0.14889918623530135,0.5693877551020409,2.531037442538203
135,0.925765306122449,0.15967709124088286,0.5612244897959183,2.5457007155126457
136,0.9357142857142857,0.1436973803809711,0.5683673469387756,2.5469452040536065
137,0.9270408163265306,0.15426709217076398,0.5683673469387756,2.5383631521341754
138,0.9321428571428572,0.14892654440232686,0.5693877551020409,2.546869658450691
139,0.9288265306122448,0.1540251791173098,0.5673469387755102,2.5636505652447137
140,0.935204081632653,0.1489608807527289,0.5714285714285714,2.578498341112721
141,0.9288265306122448,0.15322192630597523,0.5714285714285714,2.5992578642708914
142,0.9349489795918368,0.14653527183192117,0.5693877551020409,2.607507067310567
143,0.9346938775510204,0.14841900592555804,0.5673469387755102,2.605279470949757
144,0.9224489795918367,0.15577545232918796,0.5683673469387756,2.612356781472965
145,0.9270408163265306,0.15342875977559967,0.5663265308555292,2.622223202063113
146,0.9323979591836735,0.14792025493724006,0.5632653058791647,2.6385418531846025
147,0.9308673469387755,0.1482040803347315,0.567346938532226,2.654528948725486
148,0.9308673469387755,0.1496760993283622,0.5612244895526342,2.6709911083688542
149,0.9349489795918368,0.14563287785466836,0.5581632653061225,2.6937881245905038
150,0.9357142857142857,0.14133712840931756,0.560204081632653,2.7092261752303766
151,0.9341836734693878,0.14778326031352793,0.5591836732261035,2.7124723638807025
152,0.9339285714285714,0.14494792834228398,0.563265306122449,2.7215840670527243
153,0.9349489795918368,0.1444513540182795,0.5673469387755102,2.749593995541942
154,0.9260204081632653,0.15200430308373608,0.560204081632653,2.7712839963484783
155,0.9278061224489796,0.14969084095589968,0.5581632653061225,2.7639734900727566
156,0.9323979591836735,0.14540768122794676,0.5551020408163265,2.7686171570602727
157,0.9385204081632653,0.1429442847869834,0.5561224487363076,2.7800891399383545
158,0.9331632653061225,0.14570689412708185,0.5540816326530612,2.8068729926128775
159,0.9301020408163265,0.1535365728395326,0.5571428571428572,2.8165811616547254
160,0.9285714285714286,0.15185452448774356,0.5612244900392026,2.8147522887405083
161,0.9280612244897959,0.145809389954927,0.5622448977158994,2.797137299362494
162,0.9331632653061225,0.14734377619259212,0.567346938532226,2.7954688597698603
163,0.9280612244897959,0.14865217741046632,0.5704081635085904,2.800432578884825
164,0.9375,0.13595679882837802,0.5642857142857143,2.8123839251849114
165,0.9341836734693878,0.1454879370422996,0.5632653063657332,2.8050087091874105
166,0.9339285714285714,0.1433492488398844,0.5673469390187945,2.8113759439818713
167,0.9336734693877551,0.14453448783986422,0.5642857147722828,2.816873806350085
168,0.9403061224489796,0.1418524892050393,0.5642857142857143,2.831362820644768
169,0.9331632653061225,0.14838641982297507,0.5632653063657332,2.8535898753574918
170,0.9375,0.14264456061076144,0.559183673712672,2.8636720326482035
171,0.9272959183673469,0.145739474193174,0.5591836729828192,2.8626527533239248
172,0.9364795918367347,0.1416302626078226,0.5571428576294257,2.8657243611861247
173,0.9285714285714286,0.15104366364527722,0.5632653063657332,2.8699325289045063
174,0.9318877551020408,0.15055523526911832,0.5622448982024679,2.858324707770834
175,0.9308673469387755,0.14121888158272725,0.5612244900392026,2.8583656291572415
176,0.9298469387755102,0.1433884854523503,0.5581632655494068,2.884812510743433
177,0.9318877551020408,0.14561543169678473,0.5561224489795918,2.8909014361245293
178,0.9334183673469387,0.14385891425974515,0.5663265306122449,2.9011326254630574
179,0.9362244897959183,0.13970205215167025,0.5581632653061225,2.9208437296808984
180,0.9311224489795918,0.14748077973419307,0.563265306122449,2.9175545488085066
181,0.9308673469387755,0.14470842489782645,0.5653061224489796,2.9419237973738688
182,0.9369897959183674,0.1377274421860977,0.5642857142857143,2.9453585838784977
183,0.9280612244897959,0.14853391075620845,0.5612244897959183,2.95792311065051
184,0.936734693877551,0.14049874626252115,0.5622448982024679,2.981225142187002
185,0.9283163265306122,0.1464311931510361,0.5642857145289986,3.0168528624943325
186,0.9329081632653061,0.14023584872484207,0.5561224492228761,3.0312154838017054
187,0.936734693877551,0.1374834791129949,0.5571428573861414,3.0271699555066167
188,0.9346938775510204,0.13694188743829727,0.5571428573861414,3.0194821153368268
189,0.9375,0.1406535656172402,0.5622448982024679,3.0414886970909274
190,0.9364795918367347,0.13926893074293525,0.5622448979591836,3.01354701664983
191,0.9290816326530612,0.14770477541855404,0.5581632650628382,3.009627515442517
192,0.9357142857142857,0.1401103683576292,0.5622448979591836,3.018186329822151
193,0.9385204081632653,0.13509969165434643,0.5622448982024679,3.0071073629418197
194,0.9339285714285714,0.13983656379337214,0.5632653063657332,3.023247072648029
195,0.9380102040816326,0.13903272200603875,0.5653061226922639,3.009338094750229
196,0.9321428571428572,0.14059836259301828,0.5612244900392026,3.0278174147313957
197,0.9321428571428572,0.14342391439238372,0.5602040821192216,3.053352132135508
198,0.9400510204081632,0.13334048670165394,0.5602040818759373,3.0651619414893947
199,0.935204081632653,0.13589574855809308,0.5581632655494068,3.083641406467983
200,0.9415816326530613,0.13325515888175185,0.5540816328963455,3.0882778887846034
201,0.9334183673469387,0.1391260139187988,0.560204081632653,3.0863448434946488
202,0.9316326530612244,0.1423368360923261,0.5540816326530612,3.086490706035069
203,0.938265306122449,0.13612122345639735,0.5612244897959183,3.1136167623558824
204,0.9385204081632653,0.13398009763688457,0.560204081632653,3.103296620505197
205,0.9390306122448979,0.13462576613742477,0.5632653063657332,3.103471241191942
206,0.9387755102040817,0.13446400189886287,0.5612244902824869,3.1200993401663646
207,0.9346938775510204,0.13967167084314386,0.5622448984457522,3.130798152028298
208,0.9318877551020408,0.13910086452960968,0.5642857145289986,3.1362786429268974
209,0.9428571428571428,0.127368114827847,0.5571428576294257,3.152929028686212
210,0.9339285714285714,0.13574497568972257,0.5591836739559563,3.173887050395109
211,0.9329081632653061,0.13913746415352335,0.5602040818759373,3.161404642766836
212,0.9346938775510204,0.1357630808742679,0.5622448982024679,3.173260243084966
213,0.9326530612244898,0.14015173913568865,0.5642857142857143,3.17747484907812
214,0.9362244897959183,0.13983545523821092,0.5602040818759373,3.164355064898121
215,0.9329081632653061,0.14243975819981827,0.560204081632653,3.2001059133179335
216,0.9375,0.13758033793799732,0.5673469387755102,3.205823768888201
217,0.9346938775510204,0.14079693235000784,0.5663265306122449,3.226748359446623
218,0.936734693877551,0.1340455456959958,0.560204081632653,3.2503717169469715
219,0.9341836734693878,0.13722485221770345,0.5581632653061225,3.254652502098862
220,0.9303571428571429,0.14179460491452897,0.5479591836734694,3.2648540175690943
221,0.9372448979591836,0.13322690454672795,0.5551020410596108,3.2602579545001595
222,0.9426020408163265,0.13170587919196303,0.5530612244897959,3.285064783874823
223,0.9362244897959183,0.13617131162662896,0.5561224492228761,3.2966284138815745
224,0.9354591836734694,0.1330345612095327,0.5530612247330802,3.316064676946523
225,0.9336734693877551,0.1407288675557594,0.5581632655494068,3.318899809584326
226,0.936734693877551,0.13582704462567155,0.5581632655494068,3.3127671261222993
227,0.9375,0.13482421411543477,0.5591836739559563,3.322399294133089
228,0.9349489795918368,0.1380256125209283,0.5612244902824869,3.3362830385869864
229,0.9357142857142857,0.14086774806587063,0.5653061229355482,3.352299096632977
230,0.9359693877551021,0.13552042397917533,0.5642857147722828,3.3260617129656733
231,0.9446428571428571,0.12515473986158565,0.5602040821192216,3.310265688020356
232,0.9387755102040817,0.13416009733871537,0.5602040821192216,3.314097814170682
233,0.9308673469387755,0.1421424205814089,0.5591836739559563,3.347971228190831
234,0.9267857142857143,0.14572437004167207,0.5632653066090175,3.360793098138303
235,0.9372448979591836,0.13252766755770665,0.5581632657926909,3.3745898227302398
236,0.9285714285714286,0.14232354509283085,0.5602040818759373,3.3867382322038924
237,0.9354591836734694,0.1355595796692128,0.5632653063657332,3.3757705552237374
238,0.9415816326530613,0.12974552375321485,0.5622448982024679,3.3681204455239433
239,0.9357142857142857,0.13686595099921128,0.5571428571428572,3.364814481929857
240,0.9362244897959183,0.13475243224173175,0.5581632655494068,3.3837451457977297
241,0.935204081632653,0.13370899558067323,0.5602040821192216,3.396092332139307
242,0.9362244897959183,0.13400631382757303,0.5612244902824869,3.3991315841674803
243,0.9385204081632653,0.13537295238704097,0.5602040821192216,3.397534722697978
244,0.9410714285714286,0.13264158918541305,0.5551020413028951,3.4052992499604517
245,0.9318877551020408,0.1383914818873211,0.5602040818759373,3.406877865110125
246,0.9400510204081632,0.1328728319734943,0.5612244900392026,3.4223631021927816
247,0.934438775510204,0.13864003567367184,0.5653061226922639,3.410265653960559
248,0.9354591836734694,0.13472141547470676,0.5642857145289986,3.411496680123465
249,0.9423469387755102,0.12816701637847083,0.5642857142857143,3.425631893897543
