epoch,acc,loss,val_acc,val_loss
0,0.45229591836734695,0.7156691354148242,0.46326530600080684,0.7090448243277413
1,0.5755102040816327,0.6981702563714008,0.5173469387755102,0.7055328408066107
2,0.6716836734693877,0.683724704567267,0.5479591836734694,0.7047384147741357
3,0.7117346938775511,0.6742877351994417,0.536734693877551,0.7041020240102496
4,0.7364795918367347,0.6616648530473515,0.5448979593053156,0.7025585308366892
5,0.7683673469387755,0.6488256632065287,0.5479591836734694,0.7011288929958732
6,0.7943877551020408,0.6289198055559275,0.5673469387755102,0.7002972816934391
7,0.8170918367346939,0.6112865598834291,0.5540816328963455,0.7023382048217618
8,0.8183673469387756,0.5974615873122702,0.5469387757534884,0.7035189976497572
9,0.8349489795918368,0.5771845727550741,0.560204081632653,0.7036424850930973
10,0.8436224489795918,0.5632802987585263,0.5551020410596108,0.7060967360224043
11,0.8614795918367347,0.5379562446049282,0.5663265308555292,0.7105645719839602
12,0.8744897959183674,0.5179717846062719,0.5489795918367347,0.7149470120060201
13,0.8691326530612244,0.5057879228981174,0.5551020413028951,0.7209877705087467
14,0.875,0.4881361024720328,0.5561224494661604,0.7283972054111715
15,0.8913265306122449,0.4632552713763957,0.5489795923233032,0.733660170010158
16,0.897704081632653,0.4467978548030464,0.5520408165698149,0.7384780735385661
17,0.8959183673469387,0.4356377775571784,0.5561224492228761,0.7489947572046397
18,0.9002551020408164,0.41669374935481013,0.548979592080019,0.7605555434616245
19,0.9063775510204082,0.4011495162029656,0.5500000002432842,0.7696739673614502
20,0.9073979591836735,0.3877254646651599,0.5377551025273849,0.7841796171908476
21,0.9102040816326531,0.3742852817992775,0.5387755106906502,0.7942611618917815
22,0.9102040816326531,0.36168025002187615,0.5377551025273849,0.8066432376297152
23,0.9130102040816327,0.3573558206460914,0.5438775515069767,0.8189796338275988
24,0.9168367346938775,0.34334832016302613,0.544897959670242,0.8361826215471541
25,0.9191326530612245,0.33112975948927353,0.5408163260440437,0.8471326592017193
26,0.9255102040816326,0.32135738839908523,0.5387755099607974,0.8653594262745916
27,0.9275510204081633,0.308395257348917,0.5367346943641196,0.8800008812729193
28,0.9255102040816326,0.3057749266527137,0.5367346933909825,0.8931680659858547
29,0.9219387755102041,0.2989948190596639,0.5357142852277171,0.9095583550784052
30,0.924234693877551,0.2932920825724699,0.5357142854710014,0.9233821289879935
31,0.9329081632653061,0.2814857820467073,0.5295918362481253,0.94455323486912
32,0.9216836734693877,0.289089393007512,0.5326530607379213,0.9581420037211205
33,0.9280612244897959,0.27390509235615634,0.5346938773077361,0.9741517621643689
34,0.9303571428571429,0.26977943486096906,0.5295918364914096,1.0024145802673028
35,0.9323979591836735,0.2667700300411302,0.5346938773077361,1.0201999944083544
36,0.939795918367347,0.24777823680517624,0.5295918364914096,1.0412883310901875
37,0.9400510204081632,0.24820483995943654,0.5357142854710014,1.0560374427814874
38,0.9290816326530612,0.2541778286500853,0.531632652574656,1.0805773399314103
39,0.9334183673469387,0.24964965353814922,0.5255102035950642,1.098314169961579
40,0.9329081632653061,0.25109701022809866,0.5244897954317989,1.1234233693200715
41,0.9413265306122449,0.2325536619035565,0.5295918362481253,1.1449498996442677
42,0.940561224489796,0.230079564148066,0.531632652574656,1.1660649625622497
43,0.9369897959183674,0.23308340244147244,0.5346938773077361,1.1836731382778714
44,0.9413265306122449,0.22401095604409976,0.5397959181240627,1.20235568090361
45,0.936734693877551,0.23089359810157697,0.5418367344505933,1.2210886169453057
46,0.9426020408163265,0.22026514240673611,0.5357142854710014,1.24470431464059
47,0.9420918367346939,0.2196457229706706,0.540816326287328,1.2765378353547077
48,0.9451530612244898,0.2138076489069024,0.5295918367346939,1.304457860333579
49,0.9339285714285714,0.2285263037195011,0.5285714285714286,1.3255866228317728
50,0.9456632653061224,0.20982453081072594,0.5265306122448979,1.3421282330337836
51,0.9448979591836735,0.20631576600123425,0.5346938773077361,1.3585315105866413
52,0.9433673469387756,0.2115834152364001,0.5295918364914096,1.395785905633654
53,0.9446428571428571,0.20889487005009943,0.5244897959183673,1.4170077455287078
54,0.9459183673469388,0.20977647693789736,0.5285714285714286,1.4350023165041086
55,0.9489795918367347,0.20396063619730423,0.5336734693877551,1.458185513652101
56,0.9448979591836735,0.20684019996195424,0.5357142857142857,1.4811465377710304
57,0.9454081632653061,0.20164621399373425,0.5377551022841006,1.4879516691577679
58,0.9454081632653061,0.20033508758155666,0.5377551020408163,1.5080668648894953
59,0.9482142857142857,0.19532994533679923,0.5367346936342667,1.5169750802370967
60,0.9436224489795918,0.20452930349476484,0.5346938770644519,1.5445925002195398
61,0.9441326530612245,0.2045888301669335,0.5326530612244897,1.567793259815294
62,0.951530612244898,0.19243734059285145,0.5295918362481253,1.5909878463161236
63,0.9471938775510204,0.1991325257079942,0.5346938773077361,1.618489717707342
64,0.9446428571428571,0.1989132279644207,0.5367346936342667,1.6372755048226337
65,0.95,0.19019819783921144,0.5397959178807784,1.6549203057678379
66,0.9448979591836735,0.1990233540534973,0.5397959181240627,1.678627622127533
67,0.9533163265306123,0.1849837975842612,0.5418367344505933,1.7107455263332445
68,0.9494897959183674,0.18419206647240385,0.5367346936342667,1.7347746484133661
69,0.9489795918367347,0.1929605552128383,0.5346938773077361,1.764982626389484
70,0.95,0.1873010817839175,0.540816326287328,1.7885129716931558
71,0.9525510204081633,0.18715687169104206,0.5459183673469388,1.8045567585497486
72,0.9505102040816327,0.18286587945660765,0.5387755099607974,1.823098094609319
73,0.9461734693877552,0.19142491641093273,0.5295918362481253,1.8578182020965888
74,0.9502551020408163,0.18608364754793597,0.527551020164879,1.866597739287785
75,0.9538265306122449,0.1769510220508186,0.527551020164879,1.8893654263749415
76,0.9477040816326531,0.18750181049108505,0.5275510204081633,1.9076511791774204
77,0.9451530612244898,0.19256225681426573,0.5306122444113907,1.908596183815781
78,0.95,0.18192800351855706,0.52857142808486,1.9310457881616085
79,0.9543367346938776,0.18076446333101817,0.5285714283281443,1.9533967850159626
80,0.9553571428571429,0.1732081263345115,0.5357142857142857,1.9687635144408868
81,0.9528061224489796,0.17788587455846824,0.5357142852277171,1.9910278081893922
82,0.9489795918367347,0.1843522923941515,0.5326530609812056,2.008850123444382
83,0.9530612244897959,0.17001128257537373,0.5295918364914096,2.030001983350637
84,0.9535714285714286,0.17083118700859498,0.5306122444113907,2.0525147574288503
85,0.952295918367347,0.17396851197189214,0.5418367346938775,2.0632176647380907
86,0.9596938775510204,0.1616494106394904,0.5428571426138586,2.0971319607325962
87,0.9494897959183674,0.1811211503281885,0.5408163265306123,2.11887845993042
88,0.9530612244897959,0.1724800447420198,0.5438775510204081,2.1426498145473247
89,0.9556122448979592,0.1687764890644015,0.5438775507771239,2.159147060160734
90,0.9553571428571429,0.17022549747204294,0.537755101797532,2.189098917708105
91,0.949234693877551,0.1878429563982146,0.537755101797532,2.203245722031107
92,0.9581632653061225,0.16251935949739144,0.5459183671036545,2.2080898104881754
93,0.9573979591836734,0.1685044890003545,0.5499999997567158,2.212548633984157
94,0.963265306122449,0.16118178267259986,0.5397959181240627,2.234291690223071
95,0.9545918367346938,0.1666817792216126,0.5408163265306123,2.2490773415078924
96,0.9558673469387755,0.1670874718196538,0.5448979591836735,2.28234910235113
97,0.963265306122449,0.15697452313437754,0.5500000002432842,2.2985877620930575
98,0.9561224489795919,0.16751332857779094,0.5479591836734694,2.320522150701406
99,0.9573979591836734,0.16320700070687702,0.5418367344505933,2.3380930409139515
100,0.9586734693877551,0.16290535145268148,0.5438775507771239,2.3730238865832893
101,0.9540816326530612,0.17033207903102954,0.540816326287328,2.3984632827797716
102,0.9551020408163265,0.16926299917454624,0.5438775505338397,2.4024889386430077
103,0.9576530612244898,0.16257494861374097,0.5357142854710014,2.428284291345246
104,0.9599489795918368,0.1572141984895784,0.540816326287328,2.4357397016213866
105,0.9584183673469387,0.15891938653527474,0.5346938775510204,2.4608094113213674
106,0.9584183673469387,0.15889835579662906,0.5336734693877551,2.494730545063408
107,0.9596938775510204,0.1581688423241888,0.5377551022841006,2.507853741061931
108,0.9540816326530612,0.16825921921705714,0.5397959186106313,2.5363152980804444
109,0.9591836734693877,0.15500057497803046,0.5408163265306123,2.530752941053741
110,0.9589285714285715,0.15902265754281258,0.5387755102040817,2.51143318293046
111,0.9627551020408164,0.15126812877703685,0.5357142857142857,2.529993537007546
112,0.9599489795918368,0.1549795772044026,0.536734693877551,2.5342167864040452
113,0.9573979591836734,0.15710449142723668,0.5377551020408163,2.5301991199960514
114,0.9568877551020408,0.16114203090570411,0.5336734693877551,2.5504337734105635
115,0.9556122448979592,0.16187733165463622,0.5295918367346939,2.5814822235885932
116,0.9586734693877551,0.156801517459811,0.5295918367346939,2.604312831041764
117,0.9622448979591837,0.14496342311708293,0.5306122448979592,2.6373648862449492
118,0.9589285714285715,0.15822144841053049,0.5255102040816326,2.632979587146214
119,0.9556122448979592,0.15951895345838701,0.5295918367346939,2.6447518110275268
120,0.9599489795918368,0.1543570595432301,0.5285714288147129,2.635311509151848
121,0.9586734693877551,0.1506229136063128,0.5316326533045087,2.655545647290288
122,0.9573979591836734,0.1594656381680041,0.5285714288147129,2.6715965489951934
123,0.9573979591836734,0.15563462315773477,0.5316326533045087,2.691359825523532
124,0.9594387755102041,0.15134705204744728,0.5357142854710014,2.7104458551017605
125,0.9596938775510204,0.15026517334033032,0.5377551020408163,2.726193725332922
126,0.9637755102040816,0.1391628600809039,0.5357142857142857,2.7425614030993715
127,0.960969387755102,0.14559560086654158,0.5326530612244897,2.7637727596321886
128,0.9591836734693877,0.15240083864452889,0.5336734693877551,2.7704856240019504
129,0.9545918367346938,0.15601403591584187,0.5346938775510204,2.7851438721831965
130,0.9581632653061225,0.1524061757082842,0.536734693877551,2.810622347617636
131,0.9604591836734694,0.1475042083433696,0.5346938775510204,2.8030513938592403
132,0.9589285714285715,0.14692497204761115,0.5489795918367347,2.82316265495456
133,0.9596938775510204,0.14992782744217892,0.5408163265306123,2.8194741039860007
134,0.9589285714285715,0.14941742018777496,0.5438775510204081,2.830139229248981
135,0.9604591836734694,0.14917223654231246,0.5387755102040817,2.8306085985534044
136,0.960969387755102,0.1432290200676237,0.5448979591836735,2.8352833733266714
137,0.9589285714285715,0.14860422237187015,0.5469387755102041,2.8372481535892096
138,0.9589285714285715,0.14989658445119858,0.55,2.8421785656286747
139,0.9579081632653061,0.148495563013213,0.5530612244897959,2.849454263278416
140,0.9596938775510204,0.14646109809376756,0.5510204081632653,2.859421570933595
141,0.9594387755102041,0.144294865520633,0.55,2.8763592311314174
142,0.9637755102040816,0.1409855507770363,0.5469387755102041,2.873365084978999
143,0.9576530612244898,0.1496029892746283,0.5510204081632653,2.8710082638020418
144,0.9594387755102041,0.14455398196468547,0.5459183673469388,2.874993752946659
145,0.9571428571428572,0.1505110667980447,0.5510204084065495,2.8827705091359666
146,0.960969387755102,0.14424143238943452,0.5500000002432842,2.899632529336579
147,0.9619897959183673,0.13778810753506057,0.5397959186106313,2.901981629157553
148,0.9622448979591837,0.1394676697497465,0.5448979594269577,2.9250006408107523
149,0.9607142857142857,0.1407110118136114,0.5387755104473659,2.954383897781372
150,0.9599489795918368,0.14276603439024516,0.5387755102040817,2.9909970157000485
151,0.9622448979591837,0.1382592826777575,0.5418367346938775,3.0028170099063796
152,0.9596938775510204,0.144554579653302,0.5448979591836735,3.014438786798594
153,0.9635204081632653,0.14283870273098653,0.5428571428571428,3.046088774836793
154,0.960204081632653,0.14124154071418607,0.5479591839167537,3.066567927477311
155,0.963265306122449,0.1367814087137884,0.5438775510204081,3.0672293341889674
156,0.9630102040816326,0.14097654633984275,0.5489795918367347,3.066173302397436
157,0.9630102040816326,0.142430550224927,0.5510204081632653,3.065864870013023
158,0.9607142857142857,0.1430017206741839,0.5479591839167537,3.0474517554652936
159,0.9681122448979592,0.13148690817915665,0.5551020410596108,3.071990216508204
160,0.9586734693877551,0.14296708684794757,0.545918367590223,3.085520036366521
161,0.9594387755102041,0.1440236007376593,0.5510204084065495,3.0845000797388504
162,0.9635204081632653,0.1363350186725052,0.5530612247330802,3.0813824707148028
163,0.9614795918367347,0.14048878030509365,0.5469387757534884,3.100054195462441
164,0.9642857142857143,0.1366417064958689,0.5438775512636924,3.1121962878168845
165,0.9640306122448979,0.14002985945161509,0.5448979594269577,3.13363241176216
166,0.9607142857142857,0.14163591712713242,0.548979592080019,3.1661476655882232
167,0.9607142857142857,0.1431983548159502,0.548979592080019,3.1792842855258865
168,0.9635204081632653,0.13857179715925333,0.5438775512636924,3.183475982413
169,0.9660714285714286,0.13632446387592628,0.5397959186106313,3.2062905102360006
170,0.9650510204081633,0.13947879653804157,0.5448979594269577,3.2042863855556565
171,0.9647959183673469,0.1343630457411007,0.5438775512636924,3.199937872497403
172,0.9637755102040816,0.13456555334280948,0.545918367590223,3.190658299290404
173,0.9640306122448979,0.13985271779250125,0.5428571431004271,3.228415245912513
174,0.9645408163265307,0.13773563546793802,0.5418367349371618,3.211284036539039
175,0.9630102040816326,0.1405428427214525,0.5377551022841006,3.2120603892267967
176,0.9635204081632653,0.13647187501192093,0.5438775512636924,3.213139132577546
177,0.9670918367346939,0.13079074345985237,0.5418367349371618,3.1987525808567905
178,0.9650510204081633,0.13067449401227796,0.5367346941208353,3.20953129700252
179,0.9655612244897959,0.12945505189044135,0.5397959186106313,3.2243932845641154
180,0.9612244897959183,0.1409141816046773,0.5377551022841006,3.2402828197089995
181,0.9630102040816326,0.13649928393412608,0.53571428595757,3.234441796127631
182,0.960969387755102,0.14307580083912733,0.532653061467774,3.260882572738492
183,0.9607142857142857,0.14342071283228544,0.5428571431004271,3.259339905271725
184,0.9596938775510204,0.1421667087443021,0.5377551022841006,3.275310580097899
185,0.9650510204081633,0.12780195883646303,0.5265306124881822,3.296123557188073
186,0.9604591836734694,0.13825361178237563,0.5285714288147129,3.3068862336022513
187,0.9673469387755103,0.1296846942938104,0.5306122451412435,3.297873345686465
188,0.9658163265306122,0.13247171813736155,0.5316326533045087,3.3030592120423607
189,0.9642857142857143,0.13397623832736696,0.5295918369779782,3.305893025592882
190,0.9653061224489796,0.13348165324756078,0.5275510206514475,3.3109942645442727
191,0.9645408163265307,0.1283750601873106,0.5285714288147129,3.3213204135700147
192,0.9673469387755103,0.1254450940660068,0.5275510206514475,3.3236277122886815
193,0.9653061224489796,0.1343486793491305,0.5285714288147129,3.3173672272234547
194,0.9658163265306122,0.1251489471416084,0.5285714288147129,3.3435212183971794
195,0.9635204081632653,0.13411137393238592,0.5295918369779782,3.3566896375344726
196,0.9607142857142857,0.13930288233927318,0.5316326533045087,3.3640769544912845
197,0.9658163265306122,0.1314924187654135,0.5295918369779782,3.3856174288963783
198,0.9663265306122449,0.1303043271814074,0.5306122451412435,3.358260432554751
199,0.9579081632653061,0.14550708033600632,0.5265306124881822,3.3481121525472526
200,0.9589285714285715,0.1450766057992468,0.5316326533045087,3.37512431923224
201,0.9622448979591837,0.13583970608151688,0.522448979835121,3.3952815868416613
202,0.9668367346938775,0.12770667777073627,0.532653061467774,3.4058320765592613
203,0.9653061224489796,0.13222243049923255,0.532653061467774,3.404451220376151
204,0.9622448979591837,0.13767637701667085,0.532653061467774,3.4262882417562057
205,0.9607142857142857,0.14223684294491398,0.5255102043249169,3.4450589087544654
206,0.9604591836734694,0.14028425806639147,0.532653061467774,3.420672512541012
207,0.9660714285714286,0.12983316186131263,0.53571428595757,3.422435366864107
208,0.9658163265306122,0.12943924586383665,0.5295918369779782,3.435275619370597
209,0.9619897959183673,0.14000173405725128,0.5295918369779782,3.439452998005614
210,0.9642857142857143,0.1310808559765621,0.532653061467774,3.4249068897597645
211,0.9673469387755103,0.12749601806304892,0.5397959186106313,3.4126786081158387
212,0.9635204081632653,0.1371943739603977,0.5387755104473659,3.421311645605126
213,0.9647959183673469,0.13271534150960493,0.5408163267738965,3.4421956762975574
214,0.9658163265306122,0.13250211299378045,0.53571428595757,3.4533331924555255
215,0.9642857142857143,0.13410489534845157,0.5377551022841006,3.444411341024905
216,0.9594387755102041,0.1411948437593421,0.5367346941208353,3.4608797521007304
217,0.9681122448979592,0.1264099804722533,0.5377551022841006,3.4402223995753696
218,0.9640306122448979,0.13518947895084107,0.5397959186106313,3.431973956069168
219,0.9650510204081633,0.1293589544995707,0.5418367349371618,3.4203819737142447
220,0.9663265306122449,0.13268944928232504,0.5244897961616516,3.458534635329733
221,0.9660714285714286,0.13151748469289468,0.5265306124881822,3.4634706774536443
222,0.9637755102040816,0.13333080851910065,0.5265306124881822,3.4749050661009186
223,0.9665816326530612,0.12849093122141703,0.5316326530612245,3.4926961334384217
224,0.9693877551020408,0.12426527588039028,0.532653061467774,3.5086564891192378
225,0.9655612244897959,0.12984321272494842,0.5316326533045087,3.521191888439412
226,0.9665816326530612,0.12899165676564586,0.5285714285714286,3.5593653654565616
227,0.9642857142857143,0.12970575282768326,0.5387755104473659,3.5312753813607354
228,0.9625,0.13587974586657114,0.5316326533045087,3.5294452847266684
229,0.9655612244897959,0.13106131275393526,0.5326530612244897,3.5295027810700086
230,0.9665816326530612,0.1305908540073706,0.5387755104473659,3.5137415944313517
231,0.9691326530612245,0.1264015925477962,0.5438775512636924,3.521808659300512
232,0.9635204081632653,0.1323174651179995,0.545918367590223,3.5202568968948054
233,0.9670918367346939,0.12397925421899679,0.5367346941208353,3.5028691267480654
234,0.9668367346938775,0.12877502654279982,0.5306122451412435,3.523916837147304
235,0.9698979591836735,0.12294593502064141,0.5397959186106313,3.529163641345744
236,0.9686224489795918,0.12356632651419056,0.5469387757534884,3.519001073253398
237,0.9647959183673469,0.129802951976961,0.5479591839167537,3.5258742653593727
238,0.9668367346938775,0.12830859109455225,0.5408163270171807,3.541349170645889
239,0.9673469387755103,0.12724155531245834,0.5408163270171807,3.5563834131980427
240,0.9642857142857143,0.13114141928298131,0.544897959670242,3.550108860950081
241,0.9655612244897959,0.1289875063665059,0.5459183678335073,3.548030033890082
242,0.9704081632653061,0.12130498682357826,0.5408163270171807,3.5796506419473766
243,0.9676020408163265,0.12498535799736879,0.5459183678335073,3.585735304501592
244,0.9673469387755103,0.12802810948722215,0.5357142862008543,3.5758610900567502
245,0.9698979591836735,0.12243834828235665,0.5428571433437114,3.5836318974592247
246,0.9645408163265307,0.13270136982354583,0.5510204086498338,3.580416218115359
247,0.9668367346938775,0.12689401896632446,0.5428571433437114,3.586297830270261
248,0.9709183673469388,0.11904175387961524,0.5377551025273849,3.5799834334120457
249,0.9645408163265307,0.1317067219590654,0.544897959670242,3.582645443021035
