epoch,acc,loss,val_acc,val_loss
0,0.4673469387755102,0.7204615069895375,0.4306122448979592,0.7123492219010178
1,0.5331632653061225,0.7024606602532523,0.4775510204081633,0.7086768091941367
2,0.6063775510204081,0.6882452402796064,0.5122448979591837,0.7060571291008774
3,0.6584183673469388,0.6793834871175338,0.5367346941208353,0.703840345265914
4,0.685204081632653,0.6699462849266675,0.5540816326530612,0.7022730007463572
5,0.7135204081632653,0.6590994457809293,0.5357142857142857,0.7031248649772333
6,0.7431122448979591,0.6453340683664595,0.5387755099607974,0.702469524072141
7,0.7528061224489796,0.6345886303454029,0.5459183673469388,0.7027331342502516
8,0.7721938775510204,0.620509042788525,0.5377551020408163,0.7039590660406618
9,0.7982142857142858,0.6026058389216054,0.5295918364914096,0.7065395513359382
10,0.7869897959183674,0.5940528212761392,0.5285714285714286,0.70910729194174
11,0.8160714285714286,0.5749275066414657,0.5316326533045087,0.714356660356327
12,0.8278061224489796,0.5584378777718058,0.5336734691444709,0.7188720347929974
13,0.8283163265306123,0.5464249153526461,0.5316326528179403,0.720237436829781
14,0.8466836734693878,0.5225666437830244,0.53571428595757,0.7244658749930712
15,0.8614795918367347,0.5045706306185042,0.5255102043249169,0.7306687987580591
16,0.8698979591836735,0.48966424270552034,0.539795918367347,0.7367236524212117
17,0.8775510204081632,0.4721264693201805,0.5265306124881822,0.7451546158109392
18,0.8887755102040816,0.4539134431858452,0.5244897959183673,0.7543642552531495
19,0.8910714285714286,0.4412490415329836,0.5275510206514475,0.7630284484551877
20,0.8971938775510204,0.4229877081452584,0.5306122448979592,0.7734437480264781
21,0.9089285714285714,0.401050236273785,0.5193877553453251,0.7827398149334654
22,0.9135204081632653,0.38767560489323677,0.531632652574656,0.7939963732446943
23,0.9211734693877551,0.3673364342475424,0.5214285719151399,0.8074759235187453
24,0.9109693877551021,0.36723452721323285,0.5183673469387755,0.8238162522413293
25,0.9130102040816327,0.35564355892794475,0.5173469387755102,0.84326308795384
26,0.9237244897959184,0.33447522131764157,0.5224489795918368,0.8570865996029913
27,0.9278061224489796,0.32465171199672077,0.5265306122448979,0.871234849521092
28,0.9298469387755102,0.31429739399832124,0.5173469385322259,0.8943890488877588
29,0.9313775510204082,0.30351586937904357,0.5102040816326531,0.9098672601641441
30,0.9326530612244898,0.29367746905404696,0.501020407919981,0.9331361522479933
31,0.935204081632653,0.28877543417774904,0.5091836732261035,0.9518540260743121
32,0.9428571428571428,0.274732349843395,0.5071428568995728,0.9704756868128874
33,0.9387755102040817,0.2699066260639502,0.504081632409777,0.9939527569984903
34,0.9395408163265306,0.2646185630438279,0.504081632409777,1.0184900677933986
35,0.9443877551020409,0.25531900920430006,0.5102040813893688,1.0382820173185698
36,0.9464285714285714,0.2448805712315501,0.5061224491012339,1.0596959853658872
37,0.9454081632653061,0.23698207821164813,0.49693877563184624,1.0810453244618008
38,0.9454081632653061,0.23811983916224266,0.4959183671036545,1.1136219788570794
39,0.9540816326530612,0.22448317019306885,0.504081632409777,1.130959693266421
40,0.9517857142857142,0.221116966921456,0.5051020405730423,1.1578955548150198
41,0.9510204081632653,0.2142907760885297,0.4959183671036545,1.1783542506548823
42,0.9517857142857142,0.21954721261043939,0.49285714297878497,1.2066970796001202
43,0.9568877551020408,0.20431179227877636,0.4989795919583768,1.2295531662143007
44,0.9502551020408163,0.21613210068673502,0.5061224489795918,1.2515592283132124
45,0.9517857142857142,0.2083892374318473,0.5051020408163265,1.2844992807933262
46,0.9543367346938776,0.19621854850224085,0.5112244897959184,1.3111848490578788
47,0.9591836734693877,0.1918761631055754,0.5142857142857142,1.3403633550721772
48,0.9589285714285715,0.19261536391413941,0.5061224489795918,1.3626853232481042
49,0.9584183673469387,0.18700712657704646,0.5122448977158994,1.3796979008888712
50,0.9596938775510204,0.1810082538395512,0.5020408160832464,1.412326842424821
51,0.9579081632653061,0.18570701984726654,0.5020408160832464,1.4455489358123468
52,0.9581632653061225,0.1810885588429412,0.5020408160832464,1.4733937993341564
53,0.9594387755102041,0.18397592184494954,0.49795918343018514,1.5044702617489563
54,0.9561224489795919,0.18493389821782405,0.4928571426138586,1.5318387537586446
55,0.9604591836734694,0.17751331469234155,0.4999999997567157,1.5457717447864765
56,0.9637755102040816,0.1677250338452203,0.5030612242465117,1.5788814822021795
57,0.9614795918367347,0.17089902858953088,0.4969387752669198,1.5976234445766526
58,0.9589285714285715,0.1739251859029945,0.5051020408163265,1.6296731744493758
59,0.9589285714285715,0.17863849103450774,0.5010204081632653,1.6554963481669522
60,0.9622448979591837,0.16510525783713983,0.503061224489796,1.6821724429422495
61,0.9599489795918368,0.16718574525142202,0.49387755102040815,1.7131299636801895
62,0.9640306122448979,0.15837954313171154,0.4969387755102041,1.7358168957184772
63,0.9668367346938775,0.1591448976373186,0.5010204084065496,1.7700892034842044
64,0.9640306122448979,0.16000922699363865,0.4989795918367347,1.7926102278183917
65,0.9663265306122449,0.15729607967089634,0.49387755102040815,1.8126195309113482
66,0.9604591836734694,0.1632882528159083,0.48673469387755103,1.8504476313688316
67,0.9647959183673469,0.15644299047333854,0.4938775512636924,1.8790522010958925
68,0.9678571428571429,0.14705993213823865,0.4857142857142857,1.9136546271187918
69,0.9673469387755103,0.14774700582635647,0.49795918367346936,1.9375391288679473
70,0.9668367346938775,0.15235802166315973,0.48571428547100143,1.9764986485851055
71,0.9709183673469388,0.1413779213112228,0.4938775507771239,2.0092925490165245
72,0.9658163265306122,0.15279437711044233,0.5,2.0335288320268905
73,0.9670918367346939,0.1482225248400046,0.5020408160832464,2.059415386161026
74,0.9642857142857143,0.15716366402956905,0.504081632409777,2.0841283720366808
75,0.9642857142857143,0.15611755054215995,0.4969387755102041,2.102830202725469
76,0.9673469387755103,0.14326780852006407,0.5051020408163265,2.1358305356940446
77,0.963265306122449,0.1521001527504045,0.4969387755102041,2.164533517798599
78,0.9693877551020408,0.14317682552702574,0.49081632653061225,2.1988464618215757
79,0.9719387755102041,0.1303811609136815,0.4897959183673469,2.219046582007895
80,0.9670918367346939,0.14367782952530042,0.4969387755102041,2.241669104050617
81,0.9696428571428571,0.13822449792404565,0.4938775507771239,2.2821640189813106
82,0.9676020408163265,0.14455490577585844,0.5020408163265306,2.2911520617348806
83,0.9724489795918367,0.135330596779074,0.5010204081632653,2.3217380698846313
84,0.9737244897959184,0.1345213275782916,0.49387755102040815,2.3471859133973414
85,0.9744897959183674,0.12618296106859128,0.4969387755102041,2.3688884774032903
86,0.9706632653061225,0.13476056198076325,0.49387755102040815,2.401803767924406
87,0.9704081632653061,0.13673815068845846,0.4928571428571429,2.4338628185038664
88,0.9693877551020408,0.1400821295015666,0.4897959183673469,2.442616607704941
89,0.9734693877551021,0.13057076055176403,0.4928571428571429,2.456637801929396
90,0.9681122448979592,0.14026559387542764,0.4959183673469388,2.473029951173432
91,0.9721938775510204,0.1310295752116612,0.4969387755102041,2.5048068445556018
92,0.9709183673469388,0.13796930693242015,0.4918367344505933,2.515662213734218
93,0.9719387755102041,0.13814049791924807,0.4918367344505933,2.5326770617037404
94,0.9729591836734693,0.1355552742675859,0.49183673469387756,2.5392621303091243
95,0.9693877551020408,0.14259669701663816,0.4928571426138586,2.5732971133018028
96,0.9711734693877551,0.13469615581692482,0.48775510179753206,2.6150550667120487
97,0.9739795918367347,0.12698194231001697,0.4918367344505933,2.6358373126205135
98,0.9744897959183674,0.12647030742800966,0.4887755099607974,2.646151577696508
99,0.9716836734693878,0.1313499724530444,0.48367346914447085,2.662461720680704
100,0.9721938775510204,0.12913000842138211,0.4765306120016137,2.6845285036125963
101,0.9737244897959184,0.12638216569107405,0.4816326528179402,2.6923544659906504
102,0.9709183673469388,0.13526838148126796,0.4897959181240627,2.7077289698075275
103,0.9719387755102041,0.1359715070651502,0.4918367344505933,2.71459622285804
104,0.974234693877551,0.1283723338222017,0.48265306098120553,2.724889583003764
105,0.9734693877551021,0.129283976007481,0.4887755099607974,2.747202339950873
106,0.9673469387755103,0.13685468967471803,0.48979591848898907,2.800106714209732
107,0.9706632653061225,0.1345896956871967,0.48877551032572375,2.807346975560091
108,0.9739795918367347,0.12155332467993911,0.49081632653061225,2.8122562729582494
109,0.9716836734693878,0.13088686949744516,0.48877551032572375,2.820617386759544
110,0.9714285714285714,0.13038189398999117,0.4948979589403892,2.8300446909301136
111,0.9755102040816327,0.12161275756602384,0.49489795918367346,2.854058772690442
112,0.9739795918367347,0.12296239815804423,0.48775510204081635,2.881882329862945
113,0.976530612244898,0.11577035606819756,0.48775510204081635,2.9047121262063786
114,0.9729591836734693,0.12775292052906387,0.48673469387755103,2.923504068413559
115,0.9711734693877551,0.1305299573863039,0.48673469363426675,2.9428857628180056
116,0.9698979591836735,0.13369520285299846,0.48163265318286663,2.9351306428714676
117,0.9714285714285714,0.1252779821656188,0.4826530612244898,2.954072666168213
118,0.974234693877551,0.12408451888026023,0.47653061224489796,2.973325810140493
119,0.974234693877551,0.12579484470948882,0.4765306120016137,3.003306775190392
120,0.9716836734693878,0.12746304869651795,0.4785714285714286,3.0251511933852213
121,0.9734693877551021,0.12341394675325375,0.4755102038383484,3.077374882600745
122,0.9760204081632653,0.12215162657049237,0.4744897959183674,3.1014124383731763
123,0.9785714285714285,0.1153356788565918,0.47244897959183674,3.100364179027324
124,0.9734693877551021,0.12709025622022396,0.48367346938775513,3.099829665008856
125,0.9783163265306123,0.11417395978861926,0.47959183673469385,3.094703040804182
126,0.9727040816326531,0.12504348231821644,0.4806122448979592,3.1232320055669667
127,0.9727040816326531,0.13034928748194052,0.48265306098120553,3.123037613654623
128,0.9734693877551021,0.1230560241913309,0.48265306098120553,3.101991352743032
129,0.9688775510204082,0.13721655122175508,0.46938775485875656,3.124722890464627
130,0.974234693877551,0.12115585954517734,0.46428571404243,3.13889024890199
131,0.975,0.12276959084734625,0.46836734669549124,3.1324054231449048
132,0.9744897959183674,0.12375132703051275,0.4673469385322259,3.1437511395434945
133,0.9785714285714285,0.11106140557296422,0.47551020408163264,3.1372166526560883
134,0.9724489795918367,0.12383586663980874,0.47346938775510206,3.160509052081984
135,0.9816326530612245,0.10589384211569416,0.4857142857142857,3.1694418556836186
136,0.9752551020408163,0.11908677378479315,0.4785714285714286,3.232960186199266
137,0.9739795918367347,0.12355011021908449,0.4785714285714286,3.235636479513986
138,0.976530612244898,0.11785699132145668,0.4928571428571429,3.215417112622942
139,0.9760204081632653,0.118174973008584,0.49081632653061225,3.2188361187370456
140,0.9714285714285714,0.1251706314026093,0.4887755099607974,3.247181574179202
141,0.9711734693877551,0.12963350392421896,0.48673469363426675,3.2499855839476295
142,0.9757653061224489,0.1212623661269947,0.477551020164879,3.2645646396948367
143,0.9793367346938775,0.1055012512876063,0.4734693875118178,3.2613906412708515
144,0.9714285714285714,0.12738039000910156,0.47959183649140963,3.2809145849578236
145,0.9760204081632653,0.11744751309861942,0.47959183649140963,3.2939989644653944
146,0.9747448979591836,0.11326303714696243,0.4806122448979592,3.322707066244009
147,0.9729591836734693,0.12691011442517747,0.48775510204081635,3.3159814863788837
148,0.9760204081632653,0.11398547519834674,0.49081632653061225,3.3214101100454525
149,0.9780612244897959,0.10828592918661176,0.4785714283281443,3.36581764026564
150,0.977295918367347,0.11397128564362623,0.48367346938775513,3.36794304945031
151,0.975,0.11700154103490772,0.47959183673469385,3.3874429235653003
152,0.9775510204081632,0.11270313925889074,0.4887755099607974,3.386207410267421
153,0.9775510204081632,0.11067797118911937,0.48367346914447085,3.369608333159466
154,0.9686224489795918,0.13953871359022296,0.4785714283281443,3.373944378872307
155,0.9739795918367347,0.11690606362357432,0.477551020164879,3.399819156101772
156,0.9780612244897959,0.11484544535680694,0.4897959181240627,3.4031901359558105
157,0.9762755102040817,0.11644462616163857,0.4897959183673469,3.4021950420068237
158,0.9767857142857143,0.11426799659218106,0.48673469387755103,3.409017294280383
159,0.9747448979591836,0.11912606329638131,0.48469387730773617,3.4192488251900186
160,0.975,0.11431589558416483,0.4897959183673469,3.4212674160392917
161,0.9721938775510204,0.12764498367905616,0.4928571426138586,3.4389723184157392
162,0.9739795918367347,0.12151521596373344,0.48775510204081635,3.4548241800191453
163,0.9775510204081632,0.11395564348417886,0.48265306098120553,3.469801749015341
164,0.975,0.12045074637447084,0.48469387730773617,3.465560751545186
165,0.9778061224489796,0.11342505724454413,0.48367346938775513,3.4800155824544476
166,0.9755102040816327,0.1170346237262901,0.49183673469387756,3.512011502713573
167,0.9770408163265306,0.11528961792284129,0.4928571428571429,3.4825145040239605
168,0.9724489795918367,0.1244377744745235,0.4938775512636924,3.48804182227777
169,0.9803571428571428,0.1062493089054312,0.49183673469387756,3.4755922161802952
170,0.9808673469387755,0.10086164550513638,0.4897959183673469,3.4824442522866383
171,0.9770408163265306,0.11523901345778485,0.49081632653061225,3.527751818481757
172,0.977295918367347,0.11455590855710361,0.4969387752669198,3.5400639407488765
173,0.9780612244897959,0.11521505465616985,0.49795918343018514,3.5042120096634846
174,0.9775510204081632,0.11248576308087427,0.4928571426138586,3.5087918914094263
175,0.9775510204081632,0.11133387000585089,0.4989795918367347,3.5015829154423304
176,0.9721938775510204,0.12734575253360125,0.49081632653061225,3.512239150611722
177,0.977295918367347,0.1099093348700173,0.49489795918367346,3.536563340985045
178,0.9752551020408163,0.11349233890674552,0.4969387755102041,3.554550925079657
179,0.9752551020408163,0.11610686041566791,0.49387755102040815,3.5551479972138695
180,0.9770408163265306,0.11505205023045442,0.5,3.555352312204789
181,0.9803571428571428,0.10685795696110141,0.48775510204081635,3.5998618223229233
182,0.9755102040816327,0.11385547185734826,0.4846938775510204,3.624255913131091
183,0.975,0.12116424208697008,0.4897959183673469,3.6357840878622874
184,0.9783163265306123,0.10846302028821439,0.49387755102040815,3.6469201710759376
185,0.9788265306122449,0.10710380160991026,0.48673469387755103,3.648169064035221
186,0.9798469387755102,0.1057017054484815,0.4897959183673469,3.6619130582225567
187,0.9788265306122449,0.10495002768477615,0.4867346941208353,3.704249600974881
188,0.9762755102040817,0.10995142903863167,0.4897959186106312,3.6542761111746027
189,0.9780612244897959,0.11365588634293906,0.47346938775510206,3.6451776572636194
190,0.9757653061224489,0.1146456783523365,0.48673469387755103,3.6690069315384846
191,0.9823979591836735,0.09962633224014117,0.4846938777943047,3.704977182466157
192,0.9755102040816327,0.11927537788846054,0.4867346941208353,3.714454156525281
193,0.9808673469387755,0.1071856141546551,0.48367346963103935,3.7392972868316026
194,0.9783163265306123,0.1117759261204272,0.48061224514124345,3.746301370737504
195,0.9808673469387755,0.10610124841332436,0.4887755102040816,3.740165783434498
196,0.9760204081632653,0.12222716017645233,0.4918367349371618,3.7508611844510447
197,0.977295918367347,0.11725706984193958,0.4897959183673469,3.7865376822802483
198,0.9803571428571428,0.10543707007048081,0.48673469387755103,3.7620529126147835
199,0.9785714285714285,0.10962107517585462,0.48571428595757,3.777419276140174
200,0.9785714285714285,0.11296623337025545,0.47959183697797814,3.8083273683275496
201,0.9798469387755102,0.10785987801393684,0.4887755104473659,3.8183679901823706
202,0.9795918367346939,0.11453766629708056,0.4857142857142857,3.825551157581563
203,0.9775510204081632,0.11228994756024711,0.47959183673469385,3.82542393548148
204,0.9801020408163266,0.10612213068774769,0.4908163267738965,3.842658737727574
205,0.9788265306122449,0.10863737713317481,0.49489795942695775,3.8645255974360873
206,0.9801020408163266,0.10798634339352044,0.4928571431004271,3.8730268439468074
207,0.9760204081632653,0.1191880818380385,0.49489795942695775,3.850512167872215
208,0.9803571428571428,0.10383348291625782,0.49591836759022306,3.8534952261009994
209,0.9770408163265306,0.1154306454013805,0.4969387757534883,3.857430038646776
210,0.9783163265306123,0.10848318411379444,0.48571428595757,3.8696258019427865
211,0.9767857142857143,0.11644856586140029,0.4938775512636924,3.8892875126429964
212,0.9813775510204081,0.10085045178325809,0.48265306146777404,3.8783274261318907
213,0.9793367346938775,0.1054026232386122,0.47653061248818224,3.8467626912253245
214,0.9793367346938775,0.10534883875932012,0.4744897961616516,3.835550713052555
215,0.9821428571428571,0.10273318334805723,0.47653061248818224,3.8558666365487233
216,0.9767857142857143,0.11546050524529146,0.48571428595757,3.8673914451988374
217,0.9798469387755102,0.09807340151497296,0.48775510204081635,3.872178727753308
218,0.9793367346938775,0.10887316193203536,0.4928571428571429,3.8329968141049755
219,0.9778061224489796,0.11300720905466956,0.5,3.803315408862367
220,0.976530612244898,0.11710394642182759,0.4969387757534883,3.7444095747811454
221,0.9790816326530613,0.10557574544634138,0.5010204084065496,3.766845991173569
222,0.977295918367347,0.11454647510331505,0.49387755102040815,3.7745499231377426
223,0.9755102040816327,0.11920130780460883,0.4928571428571429,3.7969355077159648
224,0.9793367346938775,0.10734721305114882,0.4959183673469388,3.803960573429964
225,0.9790816326530613,0.1098613681689817,0.4897959186106312,3.793815567055527
226,0.9818877551020408,0.097798305339351,0.5030612247330802,3.805984420192485
227,0.9770408163265306,0.10848979986443812,0.4918367349371618,3.8312853492036156
228,0.9785714285714285,0.10962026175491664,0.4867346941208353,3.8626662760364767
229,0.976530612244898,0.11169087529486539,0.5010204084065496,3.842964523665759
230,0.9795918367346939,0.10683830719517202,0.49489795942695775,3.8830344813210624
231,0.9744897959183674,0.11826087707767681,0.48265306146777404,3.932989299540617
232,0.9813775510204081,0.10015390560943253,0.48367346963103935,3.9391959024935352
233,0.9818877551020408,0.0962140137899895,0.4806122448979592,3.9450306989708723
234,0.9775510204081632,0.10966411489917308,0.48571428595757,3.8805330004010883
235,0.9795918367346939,0.10422651390640103,0.4877551022841006,3.9002631936754497
236,0.9795918367346939,0.11109664969298304,0.4867346941208353,3.925958403762506
237,0.9788265306122449,0.10896446566496576,0.48367346963103935,3.944255730570579
238,0.9783163265306123,0.10783045691799144,0.4887755104473659,3.940754305586523
239,0.9780612244897959,0.1112660708476086,0.49387755102040815,3.9335082735334126
240,0.9775510204081632,0.1105263026697295,0.4897959186106312,3.9445207479048747
241,0.9806122448979592,0.10236468391150845,0.4897959186106312,3.938854235045764
242,0.9793367346938775,0.10691131970712117,0.4887755104473659,3.947949321902528
243,0.976530612244898,0.11190247706004551,0.4877551022841006,3.983261489868164
244,0.9785714285714285,0.10893130185348647,0.4816326533045088,4.015624858895126
245,0.9788265306122449,0.11151149068407866,0.4928571431004271,3.9966194892416196
246,0.977295918367347,0.1096697278929,0.48571428595757,3.996213217170871
247,0.9801020408163266,0.10330896883898852,0.4785714288147128,4.022893721716745
248,0.9811224489795919,0.10138124958897124,0.4846938777943047,4.006594671521868
249,0.9801020408163266,0.10567903213050901,0.48367346963103935,4.0249543579257265
