epoch,acc,loss,val_acc,val_loss
0,0.5966836734693878,0.7047790938494157,0.5989795920800189,0.7047386466240396
1,0.5971938775510204,0.6567332026909809,0.5989795920800189,0.7051301092517619
2,0.5987244897959184,0.6134054848126003,0.5989795920800189,0.705399755312472
3,0.5977040816326531,0.5778957941094224,0.5989795920800189,0.7070419854047347
4,0.5974489795918367,0.5467715294993654,0.5989795920800189,0.7116403234248259
5,0.5969387755102041,0.5210522206462159,0.5989795920800189,0.7173540351342181
6,0.6803571428571429,0.4911970896380288,0.5744897960400095,0.7221132059486545
7,0.8066326530612244,0.46878655224430316,0.5540816324097769,0.730837499608799
8,0.8471938775510204,0.45304077547423693,0.5571428572644993,0.7351347950040078
9,0.8663265306122448,0.4402559256067081,0.5479591837951115,0.749930698044446
10,0.8887755102040816,0.42326110236498776,0.5581632654277646,0.7591387386224708
11,0.8864795918367347,0.40838650756952716,0.5540816324097769,0.7741633210863386
12,0.8997448979591837,0.39622719214887037,0.5540816324097769,0.7873752350709876
13,0.9025510204081633,0.388930416350462,0.5520408160832464,0.7965409429705873
14,0.911734693877551,0.3706056962207872,0.556122449101234,0.8137046166828701
15,0.9073979591836735,0.36609298307068494,0.5591836732261035,0.826552325608779
16,0.9155612244897959,0.3519174722992644,0.5571428568995729,0.8387393717863122
17,0.9160714285714285,0.3461104188646589,0.5663265308555292,0.8537590829693541
18,0.9186224489795919,0.33834235631689735,0.5530612247330802,0.8708185862521736
19,0.9165816326530613,0.3285796774893391,0.5489795918367347,0.8851556595490904
20,0.9178571428571428,0.3221846963678088,0.5489795918367347,0.9069635809684287
21,0.9244897959183673,0.3096037896312013,0.5510204081632653,0.924667265950417
22,0.9193877551020408,0.3042337771581144,0.5571428573861414,0.9379441470515971
23,0.9219387755102041,0.29689162665483904,0.5581632650628382,0.95919459985227
24,0.9214285714285714,0.2907154173267131,0.5530612247330802,0.9781279958024317
25,0.924234693877551,0.27968511605749324,0.5571428573861414,1.0008197443825857
26,0.9204081632653062,0.28200777805581384,0.5459183678335073,1.019877730583658
27,0.9272959183673469,0.26898555536659396,0.5591836734693878,1.0337437882715341
28,0.9267857142857143,0.2617592365766058,0.5561224489795918,1.0536752175311652
29,0.9275510204081633,0.25776221277762434,0.5530612244897959,1.0782097548854594
30,0.9260204081632653,0.25313829317384834,0.5622448979591836,1.095745899239365
31,0.9298469387755102,0.2460072145170095,0.5520408163265306,1.1250183212513827
32,0.9285714285714286,0.24378132570763023,0.5551020410596108,1.1528733608674029
33,0.9318877551020408,0.23900718330120554,0.5530612244897959,1.1669330314714081
34,0.9252551020408163,0.24636441396207226,0.5561224489795918,1.175159513220495
35,0.9288265306122448,0.2380328900960027,0.5571428571428572,1.196843196907822
36,0.9306122448979591,0.2329260380900636,0.5561224487363076,1.2248145229962408
37,0.934438775510204,0.22773083606544806,0.553061224611438,1.2412789023652369
38,0.9293367346938776,0.22740370935323287,0.553061224611438,1.2722678340211206
39,0.9295918367346939,0.22759649370397841,0.5571428568995729,1.307300463501288
40,0.9392857142857143,0.21035810757656487,0.5551020409379687,1.3252416576657977
41,0.9354591836734694,0.21496165169745077,0.5602040813893688,1.3405154539614308
42,0.9326530612244898,0.21715026844520957,0.5663265303689606,1.3652323246002198
43,0.9375,0.2077207548581824,0.5612244895526342,1.384421324243351
44,0.9362244897959183,0.21275514917714256,0.5499999997567158,1.4096233075978806
45,0.9413265306122449,0.2055599785580927,0.5520408164481727,1.4293698709838245
46,0.9380102040816326,0.21428497543140335,0.5561224487363076,1.4647879099359318
47,0.9341836734693878,0.21564927046396296,0.5520408160832464,1.5158977586395888
48,0.9385204081632653,0.204044965335301,0.5551020409379687,1.522310157698028
49,0.9380102040816326,0.20707921282369263,0.5448979593053156,1.5538768223353794
50,0.9354591836734694,0.2109417431208552,0.5459183671036545,1.5775706748573148
51,0.940561224489796,0.19649925913129535,0.5448979593053156,1.5940088855976962
52,0.9433673469387756,0.19318876424614265,0.5530612244897959,1.6121929606612848
53,0.9428571428571428,0.1930846326813406,0.5581632653061225,1.6477640560695104
54,0.9372448979591836,0.19833467748700356,0.560204081632653,1.666777498868047
55,0.9364795918367347,0.19865036533803357,0.5479591834301851,1.6669622684011653
56,0.9390306122448979,0.1928887921936658,0.5459183671036545,1.6853597855081364
57,0.9426020408163265,0.18900795432986045,0.5510204079199811,1.7042924297099211
58,0.9459183673469388,0.181828460158134,0.5448979589403892,1.7380549479504022
59,0.9431122448979592,0.1928037853873506,0.5428571426138586,1.7571215902056012
60,0.9448979591836735,0.18703201626028335,0.5397959184889891,1.7843642020712094
61,0.9413265306122449,0.18742388048950506,0.542857142978785,1.8074176574239926
62,0.9341836734693878,0.19639029160750154,0.5479591837951115,1.8388601478265256
63,0.9436224489795918,0.1859470208688658,0.5438775511420503,1.8610205416776695
64,0.9448979591836735,0.18269721591959195,0.5469387756318462,1.8775816966076286
65,0.939795918367347,0.1849343787954778,0.5387755103257238,1.9009804647796007
66,0.9446428571428571,0.1818457967164565,0.5357142858359278,1.9274141992841447
67,0.9466836734693878,0.17696224250355547,0.5336734695093972,1.9510462147848946
68,0.9415816326530613,0.18387364796837982,0.5408163266522544,1.976356197863209
69,0.9387755102040817,0.18691054044329392,0.5469387756318462,1.9820612800364592
70,0.9451530612244898,0.1769012266275834,0.5448979593053156,1.9893442251244369
71,0.9461734693877552,0.1782813731200841,0.5489795919583769,1.9882520276672986
72,0.9403061224489796,0.18450975144396023,0.5520408164481727,2.0213024158867037
73,0.9413265306122449,0.18121674340598437,0.5571428572644993,2.0394658127609566
74,0.9436224489795918,0.1772139134151595,0.5428571426138586,2.062338858234639
75,0.9497448979591837,0.1720549862603752,0.5540816326530612,2.073623394479557
76,0.939795918367347,0.181319781408018,0.5581632653061225,2.1001785317245796
77,0.9469387755102041,0.17584809248848837,0.5489795915934504,2.1321897117459043
78,0.9461734693877552,0.176801264042757,0.5540816326530612,2.1493284867734324
79,0.949234693877551,0.17031676422576514,0.5540816326530612,2.1547899119708003
80,0.9431122448979592,0.1778727735183677,0.5561224492228761,2.1740621917101803
81,0.9446428571428571,0.17839618994265186,0.5540816324097769,2.1878597940717426
82,0.9482142857142857,0.17160828504331258,0.5520408163265306,2.192442531001811
83,0.9487244897959184,0.1707730946796281,0.5642857145289986,2.2161937061621217
84,0.9443877551020409,0.17383317406080206,0.55,2.2319858443980314
85,0.9474489795918367,0.16883164799335051,0.5581632653061225,2.25146007148587
86,0.9459183673469388,0.17258339341805906,0.5581632654277646,2.271623189108712
87,0.9459183673469388,0.16921073955540755,0.5520408164481727,2.2988295730279416
88,0.9464285714285714,0.17398892604574864,0.5469387756318462,2.3261161220316984
89,0.9474489795918367,0.1697318619155154,0.5438775510204081,2.3462370006405577
90,0.9459183673469388,0.17067029384934174,0.5387755099607974,2.347924957470018
91,0.952295918367347,0.16149430752408747,0.5428571426138586,2.3299522545872904
92,0.9487244897959184,0.16913534840758965,0.5387755103257238,2.3700174224619963
93,0.9466836734693878,0.17069394886493683,0.5438775511420503,2.3806531400096658
94,0.950765306122449,0.16273937377394462,0.5448979589403892,2.3998159379375226
95,0.9446428571428571,0.1710794543733402,0.5438775507771239,2.415756735509756
96,0.9443877551020409,0.1753970163513203,0.5336734691444709,2.43441479935938
97,0.948469387755102,0.16884256674318898,0.5377551021624585,2.4544924950113103
98,0.95,0.16495283562309887,0.537755101797532,2.4461762788344403
99,0.9479591836734694,0.1655244554183921,0.5377551021624585,2.45520500066329
100,0.9497448979591837,0.1671142784308414,0.540816326287328,2.460002895277374
101,0.9494897959183674,0.16404047799961907,0.5397959184889891,2.481579426356724
102,0.9505102040816327,0.16299349203401683,0.5397959184889891,2.4996911194859717
103,0.9528061224489796,0.1620410843771331,0.542857142978785,2.498932155297727
104,0.9553571428571429,0.1567896325977481,0.542857142978785,2.498641456876482
105,0.9548469387755102,0.15587987201858539,0.5428571426138586,2.5125110801385375
106,0.9502551020408163,0.16157718668786847,0.5469387756318462,2.519898284211451
107,0.9477040816326531,0.16708035320043563,0.546938775388562,2.5319908502150557
108,0.9535714285714286,0.1584435227270029,0.5377551021624585,2.576595163345337
109,0.9482142857142857,0.16496845876075783,0.5448979593053156,2.5755192153307855
110,0.9512755102040816,0.1586941670398323,0.5428571427355007,2.570988732941297
111,0.9487244897959184,0.159763051295767,0.5479591835518273,2.56973378220383
112,0.9530612244897959,0.15567699728571638,0.5448979590620313,2.5737330611871214
113,0.950765306122449,0.15573413876854644,0.5408163264089701,2.5868340132187826
114,0.9482142857142857,0.16506532163036114,0.5459183672252966,2.6049460547310965
115,0.951530612244898,0.1582102571823159,0.5459183672252966,2.636060487007608
116,0.9535714285714286,0.1554403406320786,0.5459183672252966,2.6482437075400838
117,0.951530612244898,0.15580848534496464,0.543877550898766,2.675696144298631
118,0.9474489795918367,0.160841865837574,0.5489795917150926,2.6802664766506274
119,0.9561224489795919,0.15135628800002895,0.5510204080416232,2.6758411894039233
120,0.949234693877551,0.16029900446230053,0.543877550898766,2.68540990887856
121,0.9553571428571429,0.15481032206087697,0.5500000001216422,2.6958011588271784
122,0.9540816326530612,0.1525085350688623,0.5489795917150926,2.695617880140032
123,0.9525510204081633,0.15507401948680682,0.5489795919583769,2.698893220084054
124,0.952295918367347,0.1557909998966723,0.5520408164481727,2.713653779516415
125,0.952295918367347,0.15830830931663514,0.5499999998783579,2.7271132585953692
126,0.9497448979591837,0.15900899409031383,0.546938775388562,2.746012895934436
127,0.9571428571428572,0.14908321952941467,0.5428571427355007,2.7525282996041436
128,0.9581632653061225,0.14821654958080271,0.5377551019191742,2.781456314787573
129,0.9561224489795919,0.15090107081495985,0.5459183672252966,2.7932472345780353
130,0.9494897959183674,0.1606396157826696,0.5448979590620313,2.818519810267857
131,0.9553571428571429,0.1554729012810454,0.542857142978785,2.851540662804428
132,0.9551020408163265,0.1592565831481194,0.5418367348155196,2.8623690060206823
133,0.9548469387755102,0.159056734278494,0.5397959184889891,2.8615519679322534
134,0.9535714285714286,0.15404056941672248,0.5418367348155196,2.8585701095814606
135,0.9561224489795919,0.14717808654721903,0.5469387756318462,2.870731359598588
136,0.9573979591836734,0.1573485867101319,0.5438775511420503,2.8608684267316544
137,0.9525510204081633,0.1552775832463284,0.5510204082849074,2.855597464892329
138,0.9573979591836734,0.15550376073438293,0.5448979589403892,2.8847729721847846
139,0.9543367346938776,0.15928666257128424,0.5428571427355007,2.8807928854105422
140,0.9502551020408163,0.16586906888655253,0.5469387756318462,2.8812203164003334
141,0.952295918367347,0.15686130657487987,0.5408163266522544,2.879948751293883
142,0.9551020408163265,0.15870288038740352,0.553061224611438,2.8791161439856703
143,0.9533163265306123,0.15985630857092994,0.5510204082849074,2.8756616913542454
144,0.9533163265306123,0.16425367055498824,0.5438775511420503,2.8767328836479966
145,0.9551020408163265,0.15963521329115848,0.5479591837951115,2.8820057012596907
146,0.9584183673469387,0.15325910926473385,0.5489795915934504,2.8983156097178555
147,0.9502551020408163,0.16236625852025285,0.5448979593053156,2.8931529307851984
148,0.9581632653061225,0.1507217426993409,0.5438775511420503,2.9085494002517387
149,0.9533163265306123,0.15694060003270907,0.542857142978785,2.921050979653183
150,0.9566326530612245,0.1535885003148293,0.5489795919583769,2.923535696341067
151,0.9571428571428572,0.15293842341218675,0.5418367348155196,2.9329457030004384
152,0.9566326530612245,0.1543401113274146,0.542857142978785,2.9521006516047885
153,0.9589285714285715,0.14919543901876528,0.5448979593053156,2.9671316613956376
154,0.9553571428571429,0.1572365765668908,0.5438775507771239,2.968116058622088
155,0.9553571428571429,0.15604446937843244,0.5500000001216422,2.963476641324102
156,0.9528061224489796,0.15995310006701216,0.553061224611438,2.991058335985456
157,0.9545918367346938,0.1571568063935455,0.5499999997567158,2.9951704531299823
158,0.9556122448979592,0.15829842637996283,0.5520408163265306,2.976295279483406
159,0.9553571428571429,0.14897871558763542,0.5520408163265306,2.9786757955745773
160,0.9561224489795919,0.1554525315457461,0.5510204081632653,2.981122433409399
161,0.9571428571428572,0.1535868438835047,0.5459183673469388,2.977009523158171
162,0.9530612244897959,0.15435287666564085,0.5530612244897959,2.988676267740678
163,0.9571428571428572,0.1535065729703222,0.5469387755102041,3.0136041203323676
164,0.9556122448979592,0.14846514794899493,0.5428571428571428,3.0247388431004114
165,0.9551020408163265,0.1527322393594956,0.5408163265306123,3.053962130449256
166,0.9497448979591837,0.16271040120295116,0.5377551020408163,3.098985158180704
167,0.9540816326530612,0.1634632904614721,0.5244897959183673,3.117742108325569
168,0.951530612244898,0.16086052850801116,0.532653061467774,3.097861033069844
169,0.9571428571428572,0.15563837520930232,0.5336734693877551,3.0994157518659318
170,0.9619897959183673,0.14565537243473287,0.5387755102040817,3.106780841399212
171,0.9525510204081633,0.15791819202048438,0.540816326287328,3.1090277302021883
172,0.9614795918367347,0.13772087103250075,0.5336734691444709,3.1169415999431997
173,0.963265306122449,0.14260192303633204,0.5448979594269577,3.1051833970206126
174,0.9573979591836734,0.15526033244570908,0.5479591834301851,3.1044511104116634
175,0.9604591836734694,0.14495852741659904,0.5438775510204081,3.128884610351251
176,0.963265306122449,0.14211501795418408,0.5428571426138586,3.137085752097928
177,0.9558673469387755,0.1529886754495757,0.5479591836734694,3.1339148268407704
178,0.9553571428571429,0.15244394227558253,0.5571428571428572,3.140253396910064
179,0.9533163265306123,0.15720945088839045,0.5520408165698149,3.1468839333981884
180,0.9594387755102041,0.14616763138649416,0.5520408163265306,3.1500697096999812
181,0.9568877551020408,0.14936745020808007,0.5520408160832464,3.1412944015191524
182,0.9599489795918368,0.14415436304953633,0.5438775507771239,3.1642840404899752
183,0.9571428571428572,0.15114218030048876,0.5459183673469388,3.170002940236306
184,0.9566326530612245,0.14534397228639953,0.5428571428571428,3.2005552554617123
185,0.9576530612244898,0.1523493172258747,0.5520408163265306,3.224743533621029
186,0.9545918367346938,0.15462746951653034,0.5510204081632653,3.245145353978994
187,0.9571428571428572,0.1536702531941083,0.5520408163265306,3.2381529691267987
188,0.9586734693877551,0.14565094557343697,0.5408163265306123,3.2562358797812947
189,0.9612244897959183,0.14110436430391,0.5357142857142857,3.267185281247509
190,0.9596938775510204,0.150773933712317,0.5438775510204081,3.2685599336818774
191,0.960204081632653,0.14726635917108885,0.5438775510204081,3.279764174441902
192,0.9591836734693877,0.1493315754192216,0.5408163265306123,3.271977508311369
193,0.9561224489795919,0.15691955646081845,0.5377551020408163,3.2929326962451544
194,0.9625,0.1403291899330762,0.5387755102040817,3.2923995777052277
195,0.9599489795918368,0.1444627043848135,0.536734693877551,3.310541786466326
196,0.9581632653061225,0.15095905235835483,0.5377551020408163,3.2962543935191873
197,0.9619897959183673,0.14951738401943324,0.5479591836734694,3.2863358205678512
198,0.9653061224489796,0.1405074383987456,0.55,3.2670103744584686
199,0.9617346938775511,0.1489381768265549,0.5448979591836735,3.2566705703735352
200,0.960969387755102,0.14630065241030285,0.5540816326530612,3.239898125006228
201,0.9566326530612245,0.15130829613427726,0.5520408163265306,3.252316764909394
202,0.9553571428571429,0.15603206844962372,0.55,3.2498089615179566
203,0.9617346938775511,0.14536616441850758,0.5510204081632653,3.2464461248748155
204,0.9568877551020408,0.15158821611988302,0.5510204081632653,3.241458312832579
205,0.9607142857142857,0.1439553896079258,0.55,3.253843694803666
206,0.9607142857142857,0.13970488534898173,0.5418367346938775,3.256579584004928
207,0.9604591836734694,0.1467541415776525,0.5448979591836735,3.253781768253871
208,0.9596938775510204,0.1433614496369751,0.539795918367347,3.2398039097688636
209,0.9573979591836734,0.15067206307941552,0.560204081632653,3.2493059197250678
210,0.963265306122449,0.13646792732939428,0.5581632653061225,3.262763632560263
211,0.9622448979591837,0.1373779908734925,0.5622448979591836,3.2789013054906104
212,0.9625,0.1374689384990809,0.5561224489795918,3.2764169381589308
213,0.9627551020408164,0.13348618958677563,0.55,3.2956917217799595
214,0.9630102040816326,0.13376561068758672,0.5561224489795918,3.300357435187515
215,0.9627551020408164,0.13936001019818442,0.5520408163265306,3.3218971719547192
216,0.9561224489795919,0.1468352988970523,0.5510204081632653,3.313916673465651
217,0.9625,0.13392944065283757,0.5479591836734694,3.3437922613961355
218,0.9594387755102041,0.13894871518928179,0.5459183671036545,3.369452645827313
219,0.9637755102040816,0.14149838552183033,0.5510204079199811,3.3899303047024474
220,0.9625,0.1373677653621654,0.5469387752669198,3.356229388957121
221,0.9612244897959183,0.1433686702531211,0.5540816324097769,3.3573511104194487
222,0.9604591836734694,0.14217969279508202,0.5540816324097769,3.363970135669319
223,0.9594387755102041,0.1461173470227086,0.5591836732261035,3.384354425936329
224,0.960204081632653,0.14156994007679882,0.5520408160832464,3.3945157703088253
225,0.9635204081632653,0.13587619987677554,0.5540816324097769,3.3895685750610975
226,0.9545918367346938,0.15248194282152214,0.5510204079199811,3.406463823513109
227,0.9571428571428572,0.14834329437236396,0.5510204081632653,3.3954725654757754
228,0.9645408163265307,0.1404655621672163,0.5489795918367347,3.394337368011475
229,0.960969387755102,0.14595042795551066,0.5489795918367347,3.388214064617546
230,0.9599489795918368,0.14065571129322052,0.5520408163265306,3.378754337466493
231,0.9599489795918368,0.14598280364761548,0.5438775510204081,3.372089587425699
232,0.9619897959183673,0.13672931390453358,0.5510204081632653,3.392746045638104
233,0.9630102040816326,0.14013741569859642,0.55,3.4142659333287453
234,0.9650510204081633,0.13478800231704907,0.5459183673469388,3.426836697909297
235,0.9607142857142857,0.14281675915937034,0.5469387755102041,3.426654154913766
236,0.9579081632653061,0.14142729118466377,0.5551020408163265,3.4001108889677085
237,0.9612244897959183,0.13580461603646377,0.5530612244897959,3.4222931920265665
238,0.9627551020408164,0.13599752339781548,0.55,3.391904578890119
239,0.9630102040816326,0.13790561143232852,0.5540816326530612,3.422302263610217
240,0.9637755102040816,0.13630020965118797,0.5438775507771239,3.4437552997044154
241,0.9637755102040816,0.14370991383888285,0.5418367344505933,3.471850011786636
242,0.963265306122449,0.13578339854673463,0.5418367344505933,3.464197573369863
243,0.9614795918367347,0.14350392669439316,0.5448979589403892,3.474807665299396
244,0.9604591836734694,0.14233259902316697,0.5469387752669198,3.486191745680206
245,0.9589285714285715,0.14318197907841934,0.5418367344505933,3.4919869734316458
246,0.9630102040816326,0.13890139205115182,0.5367346936342667,3.4830448870756188
247,0.9591836734693877,0.141426205817534,0.5397959181240627,3.4928298307924854
248,0.9604591836734694,0.14164035733865232,0.5397959181240627,3.4857341435490823
249,0.9625,0.13464630519857212,0.5397959181240627,3.5032932242568657
