epoch,acc,loss,val_acc,val_loss
0,0.599234693877551,0.6993109518167924,0.5989795920800189,0.6994166048205629
1,0.599234693877551,0.6609815743504738,0.5989795920800189,0.6985062601614972
2,0.599234693877551,0.624933368332532,0.5989795920800189,0.6982250785341069
3,0.599234693877551,0.587153402639895,0.5989795920800189,0.6996855451136219
4,0.599234693877551,0.556611029469237,0.5989795920800189,0.7006940518106733
5,0.6068877551020408,0.5320020838659637,0.5969387755102041,0.7053790306558414
6,0.7704081632653061,0.50109375216523,0.5938775512636925,0.7102871308521349
7,0.8010204081632653,0.48514937296205635,0.5887755106906502,0.7158393497369727
8,0.8377551020408164,0.4663050435027298,0.5938775515069767,0.7239102906110335
9,0.8665816326530612,0.4404820535864149,0.5867346943641195,0.7345991694197362
10,0.8892857142857142,0.4252697852193093,0.5826530617110584,0.7476140508846361
11,0.9035714285714286,0.40554043674955564,0.584693878037589,0.757086187236163
12,0.9183673469387755,0.3923007478519362,0.5959183678335073,0.7686239167135589
13,0.9285714285714286,0.3794368805933972,0.5877551025273848,0.7881291557331475
14,0.9293367346938776,0.3687299726568923,0.5887755106906502,0.8027686527797154
15,0.9387755102040817,0.35929029462288836,0.5836734698743237,0.8211323375604591
16,0.9431122448979592,0.35003234610265616,0.58571428595757,0.8404112300094293
17,0.9461734693877552,0.3393646095480238,0.5765306127314664,0.8602943447171425
18,0.9543367346938776,0.32631777050543803,0.5744897964049359,0.8786111936277273
19,0.9545918367346938,0.32202342517521915,0.5704081635085904,0.9005254708990759
20,0.9540816326530612,0.3137456025396075,0.572448979835121,0.9235787389229755
21,0.9568877551020408,0.30951750667727723,0.5744897961616516,0.9443592061801832
22,0.9543367346938776,0.30389755891293896,0.5857142862008542,0.9681299297177062
23,0.9589285714285715,0.2949398111323921,0.5908163270171808,0.9861903808554825
24,0.960969387755102,0.29214021320245703,0.5734693882416706,1.0062745366777692
25,0.9594387755102041,0.2873689511600806,0.57142857191514,1.0356651286689602
26,0.963265306122449,0.28167820828301565,0.5704081635085904,1.0619051728929791
27,0.9614795918367347,0.27600393222302805,0.5734693882416706,1.0787395803295836
28,0.9668367346938775,0.2678865638314461,0.5734693879983863,1.100725412855343
29,0.9647959183673469,0.26574231167228857,0.572448979835121,1.1272026480460653
30,0.9640306122448979,0.2635925657895147,0.581632653547793,1.1495483656318821
31,0.9653061224489796,0.25843841494346154,0.572448979835121,1.1719630961515466
32,0.963265306122449,0.2584665270484224,0.5734693879983863,1.2027677375443129
33,0.9612244897959183,0.2568671721584943,0.572448979835121,1.2278963439318598
34,0.9655612244897959,0.24898481229130104,0.5744897961616516,1.2451223300427807
35,0.9653061224489796,0.24499610540818195,0.5724489800784053,1.2670190587335703
36,0.9676020408163265,0.24104031969089898,0.5734693879983863,1.2942552347572482
37,0.9711734693877551,0.23496410652082794,0.5765306127314664,1.3232617874534762
38,0.9642857142857143,0.2421304254507532,0.5765306124881823,1.3526918299344122
39,0.9673469387755103,0.2328061722371043,0.5734693879983863,1.3899961310990003
40,0.9617346938775511,0.23483289522784098,0.5704081635085904,1.4125711304800852
41,0.9670918367346939,0.22994656137057712,0.5683673471820597,1.4399365755976463
42,0.9701530612244897,0.22154744754032213,0.5673469390187945,1.4622176496350034
43,0.9686224489795918,0.22260080807063046,0.5785714285714286,1.5043926462835195
44,0.9701530612244897,0.215396299897408,0.5653061222056953,1.5326761381966727
45,0.9688775510204082,0.21588471075709986,0.5683673469387756,1.5646100277803383
46,0.9716836734693878,0.20987458113504917,0.5673469387755102,1.5936602519482983
47,0.9683673469387755,0.21042308503267718,0.5744897959183674,1.6160838711018466
48,0.9617346938775511,0.21736730276321878,0.5704081632653061,1.6360800626326581
49,0.9734693877551021,0.2036124498868475,0.5683673471820597,1.6694001874145197
50,0.9716836734693878,0.20159451462784592,0.5683673469387756,1.6936054039974602
51,0.9709183673469388,0.2008764924443498,0.5653061226922639,1.7278197444215113
52,0.9711734693877551,0.19680301571378903,0.563265306122449,1.7510052661506497
53,0.974234693877551,0.19153273385398242,0.5653061224489796,1.7912312984466552
54,0.9739795918367347,0.19046890948499953,0.5520408163265306,1.8179867939073213
55,0.9709183673469388,0.19199152771307498,0.5571428571428572,1.8412644250052317
56,0.9727040816326531,0.18684659539436807,0.5612244900392026,1.85406044356677
57,0.9696428571428571,0.18908353502653083,0.5581632653061225,1.885274144581386
58,0.9729591836734693,0.18359483769353555,0.5683673469387756,1.91699536576563
59,0.9709183673469388,0.18647609614596075,0.5581632653061225,1.954632787315213
60,0.9711734693877551,0.18371488372890316,0.560204081632653,1.9753947374772052
61,0.9752551020408163,0.17775454782709785,0.5591836734693878,1.9890485568922394
62,0.9770408163265306,0.17301484236911852,0.563265306122449,2.0046993615675945
63,0.9729591836734693,0.17541371212930096,0.5653061222056953,2.02036430787067
64,0.9755102040816327,0.17259343990257808,0.5622448979591836,2.0575079421607816
65,0.9719387755102041,0.17660358292715891,0.5612244895526342,2.0901270039227544
66,0.9767857142857143,0.1658141142859751,0.560204081632653,2.114392338966837
67,0.9724489795918367,0.1717233693721343,0.5653061224489796,2.1451735817656226
68,0.9693877551020408,0.17580897601283327,0.567346938532226,2.162236854981403
69,0.9719387755102041,0.1716839320805608,0.5714285711852871,2.2159221736752257
70,0.9760204081632653,0.1634531855583191,0.5663265303689606,2.2383120069698412
71,0.9724489795918367,0.1667401392849124,0.5663265308555292,2.2595904554639543
72,0.9752551020408163,0.16239265969821384,0.56428571404243,2.2770011678033946
73,0.9760204081632653,0.15921796627190649,0.5673469388971524,2.304331910853483
74,0.9744897959183674,0.16066844609318948,0.5663265306122449,2.307279443740845
75,0.9714285714285714,0.16236396614386112,0.5704081632653061,2.346900983732574
76,0.977295918367347,0.15270462255088652,0.5612244899175605,2.3621126778271733
77,0.9757653061224489,0.15512049131247463,0.5581632650628382,2.371525948388236
78,0.9727040816326531,0.16637996818338122,0.5540816324097769,2.39416498943251
79,0.976530612244898,0.1564047730090667,0.5551020405730422,2.407273736292002
80,0.9739795918367347,0.16353136547365968,0.567346938532226,2.427400069334069
81,0.9798469387755102,0.14810799734324825,0.5653061222056953,2.468241753870127
82,0.9770408163265306,0.15101228864217292,0.5591836732261035,2.496133820864619
83,0.9724489795918367,0.15845363334733611,0.5581632650628382,2.506495005743844
84,0.9760204081632653,0.15346609980476145,0.5520408160832464,2.532148691099517
85,0.9770408163265306,0.15207698828711802,0.5591836732261035,2.551651895289518
86,0.977295918367347,0.14633831552096777,0.5612244895526342,2.5599159844067634
87,0.9752551020408163,0.14890047579395527,0.5520408160832464,2.622653564141721
88,0.975,0.1461445999388792,0.5581632650628382,2.632549933024815
89,0.9783163265306123,0.142610230342466,0.5591836734693878,2.648847329859831
90,0.9752551020408163,0.1427765362724966,0.5551020405730422,2.674829623163963
91,0.9801020408163266,0.1359101687158857,0.5551020408163265,2.6918132820907905
92,0.9778061224489796,0.1390605147395815,0.5571428572644993,2.70586910150489
93,0.977295918367347,0.13971079146983673,0.56428571404243,2.7340869407264554
94,0.9770408163265306,0.13816544033434927,0.5693877548587566,2.7326077821303385
95,0.9760204081632653,0.14082877483903145,0.5693877548587566,2.77533858552271
96,0.977295918367347,0.1368282311424917,0.5551020405730422,2.798953151702881
97,0.9767857142857143,0.13721594409066803,0.5622448977158994,2.8307811026670495
98,0.9732142857142857,0.14378631057179703,0.5612244895526342,2.842189040475962
99,0.9732142857142857,0.14328177255027147,0.5571428571428572,2.8594431157014806
100,0.9760204081632653,0.1373308872690006,0.5581632653061225,2.8658776030248525
101,0.9826530612244898,0.12317731377421594,0.5561224489795918,2.8636693973930516
102,0.9785714285714285,0.13182515806081344,0.5653061226922639,2.8927893658073582
103,0.9793367346938775,0.12589069589668392,0.5683673471820597,2.928571959904262
104,0.9755102040816327,0.13350368023526912,0.5663265308555292,2.9142676431305556
105,0.9801020408163266,0.12602316366166486,0.5663265306122449,2.951349791701959
106,0.9793367346938775,0.12499310781761092,0.5714285714285714,2.959154245804767
107,0.9818877551020408,0.12285397886013498,0.5744897959183674,2.966941936648622
108,0.9732142857142857,0.13839672286899724,0.5826530612244898,2.9728741898828623
109,0.9788265306122449,0.12859257389696277,0.5734693879983863,2.985836575955761
110,0.9803571428571428,0.12463779212260732,0.5765306124881823,3.0181137007109973
111,0.9767857142857143,0.12970732961382184,0.5775510204081633,3.0377420386489558
112,0.9801020408163266,0.12316395868452228,0.5857142857142857,3.0515545514165137
113,0.9795918367346939,0.12380987092548487,0.5826530612244898,3.0572739289731397
114,0.9788265306122449,0.12522717157796937,0.5693877548587566,3.0965359006609234
115,0.9808673469387755,0.12075309868977994,0.5683673466954913,3.119104661746901
116,0.9770408163265306,0.12890927186425852,0.5683673469387756,3.1323622664626765
117,0.9806122448979592,0.11884282602339374,0.5714285716718557,3.139083132451894
118,0.976530612244898,0.12717267016367037,0.5673469390187945,3.161107602411387
119,0.9793367346938775,0.12094001788265851,0.5683673471820597,3.2120242235611896
120,0.9831632653061224,0.1144787434716614,0.57142857191514,3.226781954084124
121,0.9783163265306123,0.12319754012385194,0.5775510208947318,3.2398753769543704
122,0.977295918367347,0.12442925201386822,0.57142857191514,3.236675194331578
123,0.9770408163265306,0.12613898524824455,0.568367347425344,3.2359588623046873
124,0.9823979591836735,0.1149056328194482,0.5673469390187945,3.2582666007839904
125,0.9793367346938775,0.12129827302937606,0.5714285716718557,3.2821307552104093
126,0.9790816326530613,0.11922996454701132,0.5714285716718557,3.289542145631751
127,0.9793367346938775,0.11707189943717451,0.5734693879983863,3.2839124212459643
128,0.9798469387755102,0.11778358303162516,0.5704081635085904,3.2899373054504393
129,0.9806122448979592,0.11494086786192291,0.5765306127314664,3.3013062146245216
130,0.9813775510204081,0.1142149772875163,0.5836734698743237,3.309517412769551
131,0.9783163265306123,0.12069365205813427,0.5795918372212624,3.3295131138392855
132,0.9801020408163266,0.11600958420609941,0.5755102045682012,3.3372398201300175
133,0.9801020408163266,0.11625744423695973,0.5704081637518746,3.3412388392857144
134,0.9744897959183674,0.12946501565831048,0.5693877555886093,3.3601283151276258
135,0.9778061224489796,0.1216646676769062,0.5734693882416706,3.378533322470529
136,0.9798469387755102,0.11382561654460674,0.5744897964049359,3.3865334880595306
137,0.9801020408163266,0.11630939312127171,0.5724489800784053,3.399359249582096
138,0.9793367346938775,0.11722886513690559,0.5683673469387756,3.4289731453876104
139,0.9811224489795919,0.11446743482837872,0.5693877551020409,3.444542190006801
140,0.9826530612244898,0.10988888646266898,0.5663265308555292,3.4541304491004166
141,0.9798469387755102,0.1162027152825375,0.5734693879983863,3.4477419288790956
142,0.9801020408163266,0.11274763595084755,0.5653061229355482,3.458795261383057
143,0.9821428571428571,0.10959856903978757,0.5673469392620787,3.444504807919872
144,0.9831632653061224,0.10596275977334198,0.57142857191514,3.4544416583314232
145,0.9793367346938775,0.11507690177888287,0.5693877555886093,3.477882412501744
146,0.9808673469387755,0.11196640337608299,0.5683673471820597,3.476687987969846
147,0.9811224489795919,0.11269342417315562,0.5642857142857143,3.5055309587595413
148,0.9808673469387755,0.11308980339339801,0.5673469390187945,3.5055146003256037
149,0.9795918367346939,0.11411594185902148,0.5653061226922639,3.510167337923634
150,0.9823979591836735,0.10832183935812541,0.5571428573861414,3.5005193457311514
151,0.9829081632653062,0.10654001946047861,0.5581632653061225,3.52190695782097
152,0.9785714285714285,0.11858320868745142,0.5581632655494068,3.5487614845742983
153,0.9783163265306123,0.11542570420673916,0.5540816328963455,3.5687632443953534
154,0.9813775510204081,0.11208348821620552,0.5632653063657332,3.5944650941965532
155,0.9834183673469388,0.1047261685741191,0.5642857145289986,3.592912952267394
156,0.9816326530612245,0.10959578037870174,0.5602040818759373,3.620284785056601
157,0.9785714285714285,0.11831446548505706,0.5632653063657332,3.6383339648344077
158,0.9818877551020408,0.10763675710376427,0.5581632655494068,3.6484095612350775
159,0.9811224489795919,0.1086922782112141,0.5622448982024679,3.6554056420618175
160,0.9841836734693877,0.10384554902509767,0.5653061226922639,3.668435929746044
161,0.9767857142857143,0.1220587386008428,0.5530612247330802,3.688655084493209
162,0.9778061224489796,0.11911637284317796,0.5612244900392026,3.7120486045370296
163,0.9798469387755102,0.11555338392452318,0.5551020410596108,3.7339769558030733
164,0.9831632653061224,0.10643393540260743,0.5561224492228761,3.718006638118199
165,0.9803571428571428,0.10882201419801128,0.5571428573861414,3.6982009868232573
166,0.9767857142857143,0.12092087168474587,0.5551020410596108,3.7214173822986836
167,0.9823979591836735,0.1071466928538011,0.5561224492228761,3.7486345719318
168,0.9806122448979592,0.11055888319197966,0.5571428573861414,3.7457927139437928
169,0.9823979591836735,0.10737702921032906,0.5581632657926909,3.772745329019975
170,0.9826530612244898,0.1053345536394995,0.5561224492228761,3.7764351533383738
171,0.9836734693877551,0.1028455958986769,0.5510204081632653,3.788980972523592
172,0.9829081632653062,0.10418922688279833,0.5540816328963455,3.8191729584518743
173,0.9836734693877551,0.1034302503174665,0.5551020410596108,3.824417341971884
174,0.9811224489795919,0.10797665745628124,0.5540816328963455,3.8107414089903537
175,0.9816326530612245,0.10746569086094292,0.5510204084065495,3.80985232761928
176,0.9806122448979592,0.11319902230586325,0.559183673712672,3.8256346897203093
177,0.9834183673469388,0.10347171219027772,0.5581632653061225,3.823023410719268
178,0.9831632653061224,0.10647034052075172,0.5571428573861414,3.8387753720186195
179,0.9798469387755102,0.11413823731091557,0.5571428573861414,3.8534962984980368
180,0.9839285714285714,0.10262786143896531,0.5581632653061225,3.838352242294623
181,0.9834183673469388,0.10055243937032564,0.5561224489795918,3.8663836712739905
182,0.9816326530612245,0.10873260358158424,0.5561224489795918,3.8730141814874144
183,0.9803571428571428,0.11099752716872156,0.5581632655494068,3.8643757528188276
184,0.9808673469387755,0.11159428303339043,0.5642857142857143,3.8998010148807447
185,0.9844387755102041,0.10189629270105946,0.5612244897959183,3.9097391109077297
186,0.9834183673469388,0.10145474839575437,0.5612244897959183,3.905004341748296
187,0.9801020408163266,0.11415648405649224,0.5683673471820597,3.9209746613794443
188,0.9834183673469388,0.10277390714202608,0.5734693879983863,3.9076409845936055
189,0.9806122448979592,0.1104615675399498,0.5642857145289986,3.9165649180509607
190,0.9823979591836735,0.10671745157059358,0.5663265308555292,3.914810359721281
191,0.9831632653061224,0.10322439556523245,0.575510204324917,3.901251670292446
192,0.9826530612244898,0.10687774726930929,0.5673469390187945,3.9281013527695015
193,0.9844387755102041,0.10008243118621865,0.5653061229355482,3.9177881591174066
194,0.9829081632653062,0.10357100410120827,0.57142857191514,3.9414649437884894
195,0.9875,0.09217112163195805,0.5622448982024679,3.9610045413581694
196,0.9857142857142858,0.09595469611943984,0.568367347425344,3.970003791731231
197,0.9813775510204081,0.10843560817290325,0.57142857191514,3.9888039102359696
198,0.9829081632653062,0.10357583336988274,0.5683673471820597,3.9993155284803743
199,0.9831632653061224,0.10398900198693178,0.568367347425344,4.022647674716249
200,0.9849489795918367,0.09922406481845038,0.5734693879983863,4.01921932064757
201,0.9813775510204081,0.10853746192795889,0.569387755345325,4.01162396450432
202,0.9798469387755102,0.11019940659099696,0.5642857145289986,4.015453455399494
203,0.9829081632653062,0.09920025609281598,0.5591836739559563,4.018051065717425
204,0.9813775510204081,0.10851471720605481,0.5632653066090175,4.030718423882309
205,0.9829081632653062,0.1085759908721155,0.5612244902824869,4.051995888534857
206,0.986734693877551,0.10135841600748957,0.5612244902824869,4.055294307397336
207,0.9818877551020408,0.11131835272725747,0.5673469392620787,4.046296037946429
208,0.9829081632653062,0.10687203688585029,0.5612244902824869,4.084391214409653
209,0.985204081632653,0.10534151178233478,0.5612244900392026,4.083383922187649
210,0.9834183673469388,0.11124848011805087,0.5581632657926909,4.077635451725551
211,0.9854591836734694,0.09924804626070723,0.5591836734693878,4.069567215199373
212,0.9836734693877551,0.10277556118612387,0.5581632653061225,4.125614960339605
213,0.9831632653061224,0.10775218729157837,0.5602040813893688,4.119727477248834
214,0.9857142857142858,0.103751974963412,0.5551020408163265,4.142811876413774
215,0.985204081632653,0.10286306224915447,0.5581632655494068,4.142373318574866
216,0.9854591836734694,0.1022458895280653,0.559183673712672,4.159804593300333
217,0.9834183673469388,0.11006948896208588,0.5622448979591836,4.174501650674003
218,0.9862244897959184,0.0970180579290098,0.5561224487363076,4.188535079177545
219,0.9885204081632653,0.09706819629182621,0.5622448977158994,4.194840590807856
220,0.9849489795918367,0.10327216140469726,0.56428571404243,4.197406842757244
221,0.9798469387755102,0.12075615161839796,0.5581632650628382,4.213502961762098
222,0.9793367346938775,0.11996086878435952,0.5612244895526342,4.17163201351555
223,0.9826530612244898,0.1146019806211092,0.5591836732261035,4.182909969407685
224,0.985969387755102,0.10056582844378997,0.5551020408163265,4.200487866693614
225,0.9836734693877551,0.10684371961622822,0.5612244895526342,4.2000377752343
226,0.9826530612244898,0.10983033794529584,0.5489795915934504,4.219873231771041
227,0.9841836734693877,0.10327100878467366,0.5459183671036545,4.220990593579351
228,0.9821428571428571,0.11129960873905494,0.5530612242465116,4.17341707774571
229,0.9869897959183673,0.09121691903897694,0.5551020405730422,4.151442714613311
230,0.9836734693877551,0.10290558794323279,0.5510204081632653,4.159735627077064
231,0.9813775510204081,0.11743875208253764,0.5571428568995729,4.170271104695845
232,0.9862244897959184,0.10131636547799013,0.5510204081632653,4.1825297511353785
233,0.9836734693877551,0.1072543633987709,0.5479591836734694,4.22077707173873
234,0.9880102040816326,0.09474712804872162,0.5469387755102041,4.223818991135578
235,0.9857142857142858,0.10199630436848621,0.5530612244897959,4.218960458405164
236,0.9798469387755102,0.12104228473439509,0.5520408163265306,4.2179468952879615
237,0.9823979591836735,0.11119188730205809,0.5438775507771239,4.252837761080995
238,0.9808673469387755,0.11624086795716869,0.5510204081632653,4.2582284129395775
239,0.9846938775510204,0.10858537063610797,0.5561224489795918,4.2471334399009235
240,0.9864795918367347,0.09664128144480744,0.5469387755102041,4.2624397161055585
241,0.9829081632653062,0.11030021467987372,0.5499999997567158,4.259975186172797
242,0.9854591836734694,0.10295254978902486,0.5489795915934504,4.260461525041229
243,0.9862244897959184,0.10001488288446349,0.5489795915934504,4.263774827061868
244,0.985204081632653,0.09760938873704599,0.5499999997567158,4.278605276224565
245,0.9813775510204081,0.1104763679358424,0.5499999997567158,4.286888071955467
246,0.985969387755102,0.09896328069117605,0.5510204079199811,4.272852089940285
247,0.9829081632653062,0.10762740779592066,0.5448979593053156,4.264479689695397
248,0.9844387755102041,0.10037522188254765,0.5469387756318462,4.281246265099973
249,0.9846938775510204,0.09851119802618513,0.5438775507771239,4.32081980802575
