epoch,acc,loss,val_acc,val_loss
0,0.5178571428571429,0.7152639367142503,0.5163265303689606,0.7115293086791525
1,0.6306122448979592,0.6799887854225781,0.5428571426138586,0.7094294338810201
2,0.6948979591836735,0.6450311480736246,0.543877550898766,0.7068587509953246
3,0.7181122448979592,0.6193601676395961,0.543877550898766,0.7069233884616773
4,0.7594387755102041,0.5797672150086384,0.5336734692661129,0.7085070052925422
5,0.7721938775510204,0.5505449003102828,0.5336734691444709,0.7135690433638436
6,0.7880102040816327,0.5218786188534328,0.5428571426138586,0.7179087098763913
7,0.8068877551020408,0.49050264358520507,0.5295918364914096,0.7259021070538735
8,0.8308673469387755,0.4640059671839889,0.5275510205298054,0.7379738717663045
9,0.8405612244897959,0.43288692357588787,0.5285714283281443,0.7447110993521554
10,0.8545918367346939,0.4164446926846796,0.5387755102040817,0.755114788425212
11,0.8622448979591837,0.3933533335218624,0.5387755099607974,0.7734408950319096
12,0.8711734693877551,0.3773254260724905,0.5265306120016137,0.784572767481512
13,0.8823979591836735,0.3560403490553097,0.5336734691444709,0.7984287407933449
14,0.8926020408163265,0.3405595034969096,0.5397959186106313,0.8139439524436484
15,0.8864795918367347,0.333370147675884,0.5428571427355007,0.8316434899154974
16,0.8900510204081633,0.3149263473189607,0.5357142855926436,0.8487365756716047
17,0.897704081632653,0.3066911691305589,0.5326530613461319,0.8680610671335337
18,0.8997448979591837,0.2975331443304918,0.5316326528179403,0.8864938030437547
19,0.900765306122449,0.2914761037242656,0.5336734693877551,0.9096673790289431
20,0.9002551020408164,0.28556184075316604,0.5346938775510204,0.9305145750240403
21,0.9051020408163265,0.27373936173258995,0.527551020164879,0.950146433771873
22,0.9,0.27476693635084193,0.537755101797532,0.9775263499240486
23,0.9076530612244897,0.26225109854523015,0.5448979589403892,1.0003999418141891
24,0.9089285714285714,0.25344851947560604,0.5377551020408163,1.0220838595409782
25,0.9010204081632653,0.25823833498419546,0.5418367344505933,1.0420920498517094
26,0.9068877551020408,0.24567833409017445,0.5479591836734694,1.0644681327197016
27,0.9102040816326531,0.24236743176469996,0.540816326287328,1.0821118422916958
28,0.9089285714285714,0.23861013669140485,0.5500000001216422,1.095058409535155
29,0.9081632653061225,0.2357907919251189,0.5469387752669198,1.1137879556539108
30,0.9125,0.22658730629755527,0.5357142854710014,1.1390619944552987
31,0.9071428571428571,0.2348197565395005,0.5448979589403892,1.1668841439850477
32,0.9170918367346939,0.22022569836402425,0.5357142854710014,1.1898132285293268
33,0.9183673469387755,0.214929948230179,0.5428571428571428,1.2210232686023323
34,0.9102040816326531,0.22371442190238408,0.5377551020408163,1.2524635460911966
35,0.9109693877551021,0.2198874404235762,0.5336734695093972,1.2829129355294364
36,0.9145408163265306,0.21487316598697584,0.5285714286930707,1.3062318972178868
37,0.9142857142857143,0.21117499270001236,0.5346938776726625,1.3338455720823639
38,0.9081632653061225,0.21169011671932375,0.5428571431004271,1.36066540990557
39,0.9125,0.20777606416721733,0.5438775512636924,1.3871341393918408
40,0.9170918367346939,0.20111846564983835,0.5500000002432842,1.4208664699476592
41,0.9160714285714285,0.2021636591882122,0.5459183673469388,1.4320089690539302
42,0.9221938775510204,0.1931967443045305,0.5489795919583769,1.4494094250153522
43,0.9168367346938775,0.19996601601644437,0.5367346937559089,1.4638875309301882
44,0.9096938775510204,0.20623078589536706,0.5469387756318462,1.4803390575914968
45,0.9232142857142858,0.18483880910338188,0.543877550898766,1.5125488096353958
46,0.9160714285714285,0.19321331716313653,0.5336734691444709,1.5492612790088265
47,0.9209183673469388,0.19004949446843594,0.5316326531828667,1.5739321562708641
48,0.9130102040816327,0.1945423526423318,0.5224489797134788,1.5942008777540557
49,0.9153061224489796,0.18986654394135183,0.5224489794701946,1.606429639154551
50,0.9188775510204081,0.19005040336324244,0.52346938763346,1.6345716106648347
51,0.9252551020408163,0.18226155906307454,0.5265306121232558,1.6592137657866186
52,0.923469387755102,0.18573843520514818,0.5214285713069293,1.683936377934047
53,0.9321428571428572,0.18050491095197443,0.5255102039599905,1.7082857453093236
54,0.9359693877551021,0.17798875822704666,0.5265306121232558,1.7290026236553582
55,0.934438775510204,0.18076813756203164,0.5255102039599905,1.7510394641331264
56,0.9385204081632653,0.1745230228317027,0.5255102039599905,1.7917264996742717
57,0.9423469387755102,0.1734940153603651,0.5285714284497864,1.8112991167574513
58,0.9387755102040817,0.1736641694696582,0.5336734692661129,1.8461789646927191
59,0.9359693877551021,0.17538704005431155,0.5326530613461319,1.8737170433511539
60,0.940561224489796,0.17511453798839025,0.542857142978785,1.8664499341225138
61,0.9357142857142857,0.1793294135709198,0.5357142858359278,1.9194974373797982
62,0.9387755102040817,0.1717842038188662,0.5295918369779782,1.9426497206395985
63,0.9395408163265306,0.1687265272043189,0.5316326531828667,1.993371443845788
64,0.9436224489795918,0.1672668933868408,0.5346938776726625,2.0004252618672895
65,0.9433673469387756,0.1630913714060978,0.5326530611028477,2.018013837386151
66,0.9448979591836735,0.1661809142907055,0.5346938774293782,2.0392772518858617
67,0.9377551020408164,0.16996488528592246,0.542857142978785,2.0486141224296723
68,0.9369897959183674,0.17158353015476344,0.5418367345722355,2.0842317357355236
69,0.9497448979591837,0.15550762679503888,0.5336734692661129,2.1063585398148517
70,0.9479591836734694,0.1604428408401353,0.5459183674685809,2.1202577659061976
71,0.9441326530612245,0.1665066298781609,0.5377551021624585,2.150034980384671
72,0.9512755102040816,0.1566989241205916,0.5387755099607974,2.1837896804420316
73,0.9469387755102041,0.16191637081151106,0.5397959184889891,2.187393129115202
74,0.9482142857142857,0.15875243371238515,0.5357142857142857,2.1963000735458063
75,0.9530612244897959,0.15467711151862631,0.5357142854710014,2.2446020564254447
76,0.951530612244898,0.1525292714639586,0.5357142858359278,2.269494965611672
77,0.9517857142857142,0.1564130370562174,0.5306122447763171,2.307928806421708
78,0.9517857142857142,0.15068991886717933,0.5295918366130518,2.3432024508106464
79,0.9543367346938776,0.1510153220016129,0.5275510206514475,2.379599011674219
80,0.9535714285714286,0.15398185022023259,0.5316326533045087,2.378586646488735
81,0.9482142857142857,0.15766925854342326,0.532653061467774,2.3956875382637492
82,0.9530612244897959,0.15189614520997416,0.5306122447763171,2.412559296160328
83,0.9528061224489796,0.15561512240341732,0.5265306124881822,2.4308995752918476
84,0.9548469387755102,0.1509023601303295,0.5275510202865211,2.442545211558439
85,0.9586734693877551,0.14189749378330854,0.5275510202865211,2.4547802088211994
86,0.9533163265306123,0.15018875495511658,0.5163265304906027,2.4668616771698
87,0.9525510204081633,0.14835168792276968,0.5214285713069293,2.4825073972040292
88,0.9528061224489796,0.14939166717991537,0.517346938653868,2.517057244631709
89,0.9579081632653061,0.13940704122793918,0.5112244896742763,2.547711571868585
90,0.9561224489795919,0.1418974673565553,0.5255102039599905,2.5627804152819573
91,0.960204081632653,0.1394392021152438,0.5183673468171334,2.5693232137329725
92,0.9543367346938776,0.14417362637361703,0.5316326529395824,2.5836310892688985
93,0.951530612244898,0.14893128680331366,0.5316326529395824,2.6274823081736662
94,0.9596938775510204,0.13354802922326692,0.5326530611028477,2.6684900634142816
95,0.9553571428571429,0.15003560474332497,0.5255102039599905,2.6880987819360227
96,0.9599489795918368,0.13980526927174355,0.5183673471820598,2.6975824414467326
97,0.9566326530612245,0.14217352341024242,0.5142857145289985,2.723718915666853
98,0.9579081632653061,0.13790175586330647,0.5132653063657332,2.738295349782827
99,0.9614795918367347,0.13575072994037551,0.5153061223273374,2.745740423397142
100,0.9533163265306123,0.1485187345165379,0.5234693879983863,2.7398894601938677
101,0.9561224489795919,0.14403185236210725,0.5224489794701946,2.7462045796063483
102,0.9551020408163265,0.14695813868727003,0.5285714284497864,2.752085813210935
103,0.9568877551020408,0.1441286039291596,0.5214285713069293,2.7779403306999986
104,0.9556122448979592,0.1451284849522065,0.5255102042032748,2.7921115777930434
105,0.9566326530612245,0.13950840414178614,0.520408163143664,2.8170770518633783
106,0.9563775510204081,0.14045513725402403,0.5193877549803987,2.864010056670831
107,0.9586734693877551,0.13523062899404642,0.5214285715502136,2.8763310325389004
108,0.9589285714285715,0.13551234283617564,0.529591836856336,2.8870058779813808
109,0.9617346938775511,0.13239378241860136,0.5265306123665401,2.870343642332116
110,0.9576530612244898,0.13680654040404727,0.529591836856336,2.879780016140062
111,0.9584183673469387,0.13946377504236845,0.5285714284497864,2.9099774166029326
112,0.9556122448979592,0.13885929932703778,0.5224489794701946,2.9022196049592934
113,0.9612244897959183,0.13388975621486196,0.5244897961616516,2.9530291751939424
114,0.9589285714285715,0.1373456523278538,0.52346938763346,2.9473853831388515
115,0.9599489795918368,0.1339605365784801,0.5244897957967252,2.958979653338997
116,0.9596938775510204,0.1322694311944806,0.5295918366130518,2.968867671733
117,0.9617346938775511,0.12661469487511381,0.517346938653868,2.9884870217770945
118,0.9579081632653061,0.1373218621830551,0.5214285713069293,3.0223325904534786
119,0.9589285714285715,0.13600639612699042,0.5163265304906027,3.017464986139414
120,0.9568877551020408,0.13693031759894625,0.52346938763346,3.013455159323556
121,0.9561224489795919,0.14076055394751685,0.5295918366130518,3.009015589344258
122,0.9637755102040816,0.128633502064919,0.5255102039599905,3.0580240677814094
123,0.9625,0.13249478927072214,0.5244897957967252,3.058465743551449
124,0.9619897959183673,0.131343114254426,0.5255102039599905,3.0848615617168194
125,0.9594387755102041,0.13396975145656234,0.52346938763346,3.097685065561411
126,0.9653061224489796,0.12741980072186918,0.519387755223683,3.1204130883119543
127,0.9571428571428572,0.13861916001353944,0.5214285711852872,3.1175001883993345
128,0.9607142857142857,0.13710055208327818,0.5224489793485525,3.15312322402487
129,0.9594387755102041,0.13324570455113235,0.5255102038383483,3.1655107984737474
130,0.9627551020408164,0.13151032836461554,0.52346938763346,3.1794811355824373
131,0.9576530612244898,0.13552521379018317,0.517346938653868,3.179667653842848
132,0.9584183673469387,0.13860511816277796,0.5316326531828667,3.1746177955549593
133,0.9655612244897959,0.12915854432753154,0.5275510202865211,3.1751495049924268
134,0.9556122448979592,0.14164518349024716,0.5275510202865211,3.19613581482245
135,0.9630102040816326,0.12453899760635531,0.5255102042032748,3.1985242201357473
136,0.9637755102040816,0.1301040916722648,0.5316326529395824,3.1983362373040647
137,0.9637755102040816,0.1307406805303632,0.5326530613461319,3.223619050395732
138,0.9622448979591837,0.13079329221224298,0.5295918366130518,3.2256823714898557
139,0.9617346938775511,0.12997032276221684,0.5316326529395824,3.2435160675827337
140,0.9642857142857143,0.1310302734375,0.5326530613461319,3.253472968510219
141,0.9579081632653061,0.1418772861665609,0.5316326529395824,3.2732175184755907
142,0.960969387755102,0.14031286270034557,0.5306122447763171,3.2756033118890255
143,0.9660714285714286,0.128051702130814,0.5295918369779782,3.3069195046716806
144,0.9630102040816326,0.12921488218161525,0.5255102043249169,3.288224866438885
145,0.9642857142857143,0.1250022893961595,0.52346938763346,3.3166873309077047
146,0.9617346938775511,0.12849601370339492,0.5255102039599905,3.3325592722211566
147,0.9637755102040816,0.12950404967580523,0.5346938774293782,3.3458983362937462
148,0.9622448979591837,0.13002059237689387,0.5346938774293782,3.3355262406018316
149,0.9640306122448979,0.1275120015655245,0.5285714284497864,3.342463320128772
150,0.9607142857142857,0.13104790648331446,0.5346938774293782,3.347185216631208
151,0.9650510204081633,0.1272353393538874,0.5367346937559089,3.337274265289307
152,0.9591836734693877,0.133852710954997,0.5367346939991932,3.3568018115296656
153,0.9596938775510204,0.13597472731252105,0.542857142978785,3.3785373687744142
154,0.9625,0.1335348859125254,0.5336734695093972,3.4107532189816845
155,0.9635204081632653,0.12640317152349317,0.5336734692661129,3.4157404354640417
156,0.9663265306122449,0.12253181239476009,0.5316326529395824,3.4198120876234404
157,0.9625,0.1289548595036779,0.5265306121232558,3.4637921566865884
158,0.9637755102040816,0.1266841354418774,0.5214285713069293,3.4685966413848255
159,0.9627551020408164,0.12584022052434027,0.5255102039599905,3.4335289098778548
160,0.9642857142857143,0.12244748707328523,0.5265306121232558,3.450223399181755
161,0.9716836734693878,0.11626647789867557,0.52346938763346,3.468765622742322
162,0.9625,0.1268697039509306,0.5255102039599905,3.4727427073887416
163,0.9637755102040816,0.12698920095453456,0.5224489794701946,3.4489289556230815
164,0.9591836734693877,0.13556846729954894,0.5285714284497864,3.457983258305764
165,0.9635204081632653,0.12441821244298196,0.5306122447763171,3.46004144902132
166,0.9599489795918368,0.1373190115605082,0.5295918366130518,3.490784520519023
167,0.9635204081632653,0.12604623102411933,0.5295918366130518,3.4784566937660686
168,0.9650510204081633,0.12327060010664317,0.5346938774293782,3.5117238180977957
169,0.9637755102040816,0.12987803041326756,0.5326530611028477,3.4945117288706253
170,0.9630102040816326,0.1273523712036561,0.5387755100824395,3.516262085583745
171,0.9619897959183673,0.13420203066602046,0.5357142855926436,3.552555154294384
172,0.9619897959183673,0.1283452541396326,0.5397959182457048,3.5468668198098943
173,0.9599489795918368,0.13498280972850565,0.5367346939991932,3.5494782837069763
174,0.9627551020408164,0.12959490068713014,0.5336734691444709,3.5508702784168475
175,0.9599489795918368,0.1338159359687445,0.5397959181240627,3.541287529225252
176,0.9627551020408164,0.12780810293494438,0.539795918367347,3.5215980004291145
177,0.9645408163265307,0.12892200609250945,0.5438775507771239,3.526217186207674
178,0.9663265306122449,0.12290104046768072,0.5418367348155196,3.57174254826137
179,0.9650510204081633,0.12973742761782237,0.5387755103257238,3.5681977174719988
180,0.9660714285714286,0.12880035876011361,0.5438775507771239,3.578256910674426
181,0.9568877551020408,0.13754110024595748,0.546938775388562,3.6021984839925962
182,0.9619897959183673,0.13829267040199164,0.5448979590620313,3.6209055861648247
183,0.9645408163265307,0.13155634360654014,0.5367346937559089,3.6190159058084292
184,0.9645408163265307,0.12806599623694712,0.5428571427355007,3.614575670203384
185,0.9645408163265307,0.1261057024403494,0.5459183674685809,3.616677644301434
186,0.9650510204081633,0.1282660471541541,0.5357142855926436,3.5846094462336326
187,0.9635204081632653,0.12964880983440244,0.5377551019191742,3.600597502260792
188,0.9660714285714286,0.13026468581995185,0.5387755100824395,3.598025388133769
189,0.9678571428571429,0.1311332849215488,0.5244897961616516,3.5896464717631438
190,0.9630102040816326,0.12793069466644405,0.5326530611028477,3.598331980802575
191,0.9663265306122449,0.13111534772478806,0.5193877549803987,3.615233530317034
192,0.9673469387755103,0.1245392269930061,0.517346938653868,3.6211268658540687
193,0.9658163265306122,0.12561448338080425,0.520408163143664,3.632072927513901
194,0.9683673469387755,0.1194096954501405,0.5244897957967252,3.6279119627816336
195,0.9604591836734694,0.1298947231501949,0.532653061467774,3.644776731607865
196,0.9647959183673469,0.1253970430213578,0.5234693879983863,3.6314610948367996
197,0.9625,0.12801881686461214,0.5214285716718557,3.6657265877237126
198,0.963265306122449,0.12371864306683443,0.5244897957967252,3.6473709748715772
199,0.9681122448979592,0.12903728816582233,0.5214285715502136,3.657214627947126
200,0.9591836734693877,0.13774681331551805,0.5265306120016137,3.650859202170859
201,0.9658163265306122,0.12103084590362043,0.5367346936342667,3.642586209822674
202,0.9655612244897959,0.12438904919794627,0.5346938776726625,3.669801593313412
203,0.9647959183673469,0.12665152929875315,0.5377551021624585,3.6745913077373893
204,0.9645408163265307,0.12313786960986196,0.529591836856336,3.684340724166559
205,0.9625,0.12927029932640036,0.5336734691444709,3.673965635105055
206,0.9645408163265307,0.12479070777795753,0.5316326528179403,3.6805513887989276
207,0.9670918367346939,0.12083444412873716,0.5316326530612245,3.6785243735021473
208,0.9653061224489796,0.12411946675607137,0.5316326528179403,3.6868708532683705
209,0.9637755102040816,0.12714587072936856,0.5295918367346939,3.6751235611584723
210,0.9642857142857143,0.12488273744072233,0.5377551020408163,3.6718743499444457
211,0.9625,0.12929842225751098,0.5326530612244897,3.683365337216124
212,0.9625,0.12402924995641319,0.5326530612244897,3.697520579123984
213,0.9650510204081633,0.12551050329086733,0.5397959181240627,3.6710981524720485
214,0.9650510204081633,0.12761858732116466,0.5357142854710014,3.6744395178191516
215,0.9642857142857143,0.1258457604719668,0.5336734695093972,3.6751742557603486
216,0.9693877551020408,0.11962035465605404,0.537755101797532,3.6573935489265286
217,0.9630102040816326,0.13086871109446702,0.5306122450196014,3.6778642128924934
218,0.9630102040816326,0.12810988132746853,0.5397959182457048,3.699738087946055
219,0.9686224489795918,0.12187637318761982,0.5367346939991932,3.716261552304638
220,0.9683673469387755,0.12080677878491733,0.5346938774293782,3.696550396510533
221,0.9640306122448979,0.13243349294881432,0.5183673468171334,3.7362683043187976
222,0.9637755102040816,0.13166698591441525,0.5306122447763171,3.7344313621520997
223,0.9581632653061225,0.13443443659616977,0.5306122446546749,3.7518303189958844
224,0.9663265306122449,0.12433069585537423,0.529591836856336,3.7575541165410256
225,0.9668367346938775,0.12389871481121803,0.5224489793485525,3.7786069500203037
226,0.9617346938775511,0.13164100078295687,0.5183673466954912,3.7906321875903073
227,0.9645408163265307,0.12572324057014622,0.5132653062440911,3.804066541243573
228,0.9612244897959183,0.13427877699842258,0.5234693878767441,3.8247055326189314
229,0.9660714285714286,0.12253435612941274,0.5326530613461319,3.8502805009180188
230,0.9681122448979592,0.11989403038608784,0.5255102042032748,3.8729113247929785
231,0.9658163265306122,0.1225855438989036,0.5316326531828667,3.8718156970277127
232,0.9622448979591837,0.13193258180910228,0.529591836856336,3.8945627582316495
233,0.9678571428571429,0.12267583848870531,0.5244897960400094,3.8949093507260693
234,0.9635204081632653,0.12611474701944664,0.5234693878767441,3.9191578125467106
235,0.963265306122449,0.12772540048677095,0.5173469388971523,3.923589947758889
236,0.9698979591836735,0.11698229230788289,0.5204081633869483,3.919527546240359
237,0.9663265306122449,0.12607397243988758,0.5255102042032748,3.9394547365149672
238,0.9676020408163265,0.12287695730219082,0.5204081633869483,3.9352539802084165
239,0.9683673469387755,0.12021944395133427,0.5173469388971523,3.9442499725186093
240,0.9647959183673469,0.12509791504363624,0.5244897956750831,3.938778320623904
241,0.9663265306122449,0.12351112767141692,0.519387755223683,3.9565817151750835
242,0.963265306122449,0.12864348106846518,0.5153061225706217,3.9724977201345015
243,0.9650510204081633,0.12319421296825214,0.5214285711852872,3.9900179259631097
244,0.9673469387755103,0.12426494930167588,0.5275510205298054,3.999223378239846
245,0.9678571428571429,0.12407328370882541,0.5244897960400094,3.9964146244282626
246,0.9650510204081633,0.123698227229167,0.5306122450196014,4.000476150123441
247,0.9678571428571429,0.11884365445192979,0.5234693878767441,4.006862585885184
248,0.9617346938775511,0.127971672281927,0.5265306123665401,3.9796929807079082
249,0.9650510204081633,0.12420285642147064,0.5306122446546749,3.970534338269915
