epoch,categorical_accuracy,loss
0,0.49020408163265305,5.15163101351991
1,0.4887755102040816,4.977798081222845
2,0.5048979591836734,4.7886493819100515
3,0.49734693877551023,4.582838793384785
4,0.5008163265306123,4.545585300095227
5,0.5181632653061224,4.4107555673560315
6,0.5191836734693878,4.300462442514847
7,0.5046938775510204,4.241550967936613
8,0.506938775510204,4.197600586949562
9,0.5189795918367347,4.105383565085275
10,0.5210204081632653,4.0618226168107014
11,0.5218367346938776,4.015747844540343
12,0.5218367346938776,3.9912308657899196
13,0.5322448979591837,3.9291046808203873
14,0.523061224489796,3.901806508667615
15,0.52,3.85958160672869
16,0.5224489795918368,3.8484131268092563
17,0.5320408163265307,3.8140725961023447
18,0.5206122448979592,3.78974319594247
19,0.5244897959183673,3.756923815279591
20,0.5214285714285715,3.744836490397551
21,0.5244897959183673,3.721505763384761
22,0.5185714285714286,3.7109450803484236
23,0.516734693877551,3.691223076800911
24,0.5314285714285715,3.6615477013101385
25,0.5457142857142857,3.636298435172256
26,0.5304081632653062,3.6412000541297758
27,0.5371428571428571,3.603896200413607
28,0.5395918367346939,3.5887385358615798
29,0.5269387755102041,3.5914353473819034
30,0.5395918367346939,3.5699046512525907
31,0.5289795918367347,3.5637964552275987
32,0.5387755102040817,3.542648819709311
33,0.5408163265306123,3.531389597678671
34,0.543469387755102,3.5095306363397714
35,0.5393877551020408,3.5137774407133766
36,0.5555102040816327,3.4863809425976813
37,0.5381632653061225,3.480096870149885
38,0.5481632653061225,3.466022071838379
39,0.5542857142857143,3.450078049679192
40,0.5542857142857143,3.4441165215628486
41,0.5548979591836735,3.4301365846517133
42,0.5573469387755102,3.426047302752125
43,0.5697959183673469,3.405163787141138
44,0.56,3.4102731572365275
45,0.5728571428571428,3.3939032747307603
46,0.563469387755102,3.389463108218446
47,0.5738775510204082,3.370208157519905
48,0.5575510204081633,3.36632398430182
49,0.5691836734693878,3.3494686946090386
50,0.5716326530612245,3.341351962965362
51,0.573265306122449,3.3265523462879414
52,0.5773469387755102,3.3191692500211754
53,0.5975510204081632,3.301710988842711
54,0.5769387755102041,3.2987896033695767
55,0.5853061224489796,3.283328079885366
56,0.5824489795918367,3.272687469988453
57,0.5887755102040816,3.262389113757075
58,0.5914285714285714,3.248364107949393
59,0.5995918367346939,3.2356274707949892
60,0.6016326530612245,3.219453096973653
61,0.5981632653061224,3.21695950410804
62,0.5993877551020408,3.2074862999818765
63,0.593265306122449,3.1966001530082857
64,0.6051020408163266,3.1779363170935184
65,0.6126530612244898,3.1665905929098326
66,0.6093877551020408,3.1553068153225645
67,0.6140816326530613,3.144170256828775
68,0.6183673469387755,3.130171223465277
69,0.6010204081632653,3.1232211934303753
70,0.6224489795918368,3.101493752927196
71,0.6191836734693877,3.092076604609587
72,0.6218367346938776,3.082770480136482
73,0.6130612244897959,3.077477565882157
74,0.63,3.058022491688631
75,0.6304081632653061,3.0420887158841503
76,0.6338775510204082,3.036512249732504
77,0.6212244897959184,3.026287488937378
78,0.6253061224489795,3.0079663442105664
79,0.626734693877551,3.0011569079574274
80,0.6308163265306123,2.988746296240359
81,0.6336734693877552,2.975382702107332
82,0.6375510204081632,2.9622564915248324
83,0.6412244897959184,2.9432571339120672
84,0.6308163265306123,2.9411090352583904
85,0.6495918367346939,2.919273196823743
86,0.6391836734693878,2.9130350005869965
87,0.6542857142857142,2.9007254503211195
88,0.6361224489795918,2.899062479564122
89,0.6487755102040816,2.876289647549999
90,0.6524489795918368,2.8639312528104197
91,0.6555102040816326,2.8529991603384213
92,0.659795918367347,2.8425577587984048
93,0.6540816326530612,2.834559297367018
94,0.6471428571428571,2.8239320062131297
95,0.6516326530612245,2.8124294310199973
96,0.656530612244898,2.799076875959124
97,0.6475510204081633,2.7947786934521734
98,0.6630612244897959,2.773318301998839
99,0.6579591836734694,2.76143991840129
100,0.6630612244897959,2.7580025026749593
101,0.6685714285714286,2.7417857942775803
102,0.6777551020408163,2.7300385769046085
103,0.656530612244898,2.720705933473548
104,0.6724489795918367,2.7064015049837074
105,0.6671428571428571,2.700513634973643
106,0.669795918367347,2.6898837988717217
107,0.6812244897959183,2.6743047480680504
108,0.6702040816326531,2.663074071455975
109,0.6777551020408163,2.657837295337599
110,0.6738775510204081,2.6437210793397865
111,0.6802040816326531,2.636266076224191
112,0.6846938775510204,2.6203932250275903
113,0.6885714285714286,2.6090273718931236
114,0.6885714285714286,2.597443964043442
115,0.690204081632653,2.5886567590674576
116,0.690204081632653,2.5823597232662903
117,0.6914285714285714,2.570492018874811
118,0.693469387755102,2.5579475593566894
119,0.6983673469387756,2.5455221701641473
120,0.6983673469387756,2.531845805888273
121,0.6859183673469388,2.533893396027234
122,0.690204081632653,2.5197646032060894
123,0.6979591836734694,2.501248361237195
124,0.6989795918367347,2.503355354776188
125,0.6977551020408164,2.4863050128002557
126,0.6946938775510204,2.476445860765418
127,0.7040816326530612,2.460836422394733
128,0.7130612244897959,2.444594234155149
129,0.7093877551020408,2.440897165609866
130,0.7128571428571429,2.4322204866214676
131,0.710204081632653,2.425431147400214
132,0.7122448979591837,2.416446407473817
133,0.71,2.410759287659003
134,0.7206122448979592,2.392129191768413
135,0.7175510204081633,2.3817016560690742
136,0.7257142857142858,2.374696704319545
137,0.7261224489795919,2.35720524398648
138,0.7236734693877551,2.350774506549446
139,0.7220408163265306,2.348184173155804
140,0.7216326530612245,2.334673079860454
141,0.7220408163265306,2.329803556130857
142,0.7189795918367347,2.32445277914709
143,0.7197959183673469,2.3082837577741975
144,0.7306122448979592,2.296184887399479
145,0.7393877551020408,2.2859426048823765
146,0.7281632653061224,2.2835621849371464
147,0.7297959183673469,2.2713510135728487
148,0.7395918367346939,2.262004621466812
149,0.7320408163265306,2.2562677762946306
150,0.733265306122449,2.2493779182434084
151,0.7393877551020408,2.237418852825554
152,0.740204081632653,2.2303740131611725
153,0.7463265306122449,2.2092365362206285
154,0.7459183673469387,2.20532751161225
155,0.7434693877551021,2.200943655091889
156,0.7524489795918368,2.193972136633737
157,0.7426530612244898,2.1902706963675365
158,0.7506122448979592,2.1715241731916155
159,0.7459183673469387,2.1669722012111117
160,0.7520408163265306,2.153661275591169
161,0.7561224489795918,2.1485083678303933
162,0.7561224489795918,2.1406345562059053
163,0.7555102040816326,2.1323269993918283
164,0.756938775510204,2.1218325010611085
165,0.7634693877551021,2.1126766400434533
166,0.7595918367346939,2.108401045896569
167,0.759795918367347,2.0982175123448275
168,0.773469387755102,2.0899099165079544
169,0.7773469387755102,2.0740583698117003
170,0.7638775510204082,2.080671329887546
171,0.773469387755102,2.065232875882363
172,0.7640816326530612,2.0626514565214817
173,0.7610204081632653,2.0559579201133884
174,0.7720408163265307,2.0412942616793575
175,0.7706122448979592,2.032313563288475
176,0.7755102040816326,2.0235301124806306
177,0.7710204081632653,2.02123040861013
178,0.7759183673469388,2.0134475509487855
179,0.7746938775510204,1.9990575994764055
180,0.776734693877551,1.9977311779528248
181,0.7775510204081633,1.988029859893176
182,0.7904081632653062,1.973385993704504
183,0.7773469387755102,1.9768146656970589
184,0.7710204081632653,1.9777855795256944
185,0.7859183673469388,1.9595665345873152
186,0.7924489795918367,1.9451217922872426
187,0.7871428571428571,1.9473140029517972
188,0.7844897959183673,1.9373277752740043
189,0.7814285714285715,1.9309207245768334
190,0.7902040816326531,1.9267574058260237
191,0.7957142857142857,1.9156157952912
192,0.7893877551020408,1.9180221159604132
193,0.7916326530612245,1.9069378486944704
194,0.7879591836734694,1.9000205621913988
195,0.7922448979591836,1.887166757680932
196,0.7991836734693878,1.880572943006243
197,0.8010204081632653,1.869832857968856
198,0.8014285714285714,1.8675656990129121
199,0.7985714285714286,1.8655971423947082
200,0.8014285714285714,1.8562714518332968
201,0.8110204081632653,1.840850216612524
202,0.8030612244897959,1.843132392338344
203,0.8112244897959183,1.8306468167596934
204,0.799795918367347,1.831885054646706
205,0.8122448979591836,1.8220081274850028
206,0.806734693877551,1.8096581834676315
207,0.8155102040816327,1.8099982227597917
208,0.8126530612244898,1.7961370420455933
209,0.806530612244898,1.7982485809131545
210,0.8157142857142857,1.787758526802063
211,0.8114285714285714,1.7847848230478716
212,0.8242857142857143,1.7709438610076904
213,0.8216326530612245,1.7674338875984659
214,0.8181632653061225,1.7611243753043972
215,0.8261224489795919,1.7537763093442333
216,0.8228571428571428,1.7588416130688727
217,0.8287755102040816,1.7430152040598343
218,0.8259183673469388,1.7341607152199259
219,0.8281632653061225,1.7294236620105043
220,0.8285714285714286,1.7244655679196728
221,0.8314285714285714,1.7157020354757504
222,0.8281632653061225,1.7116909155553701
223,0.8340816326530612,1.7083920594624111
224,0.840204081632653,1.6967965100736033
225,0.8340816326530612,1.692678169425653
226,0.8353061224489796,1.6851504779348567
227,0.8453061224489796,1.6745488437341185
228,0.8363265306122449,1.6782312541105309
229,0.8371428571428572,1.6738584321858931
230,0.8344897959183674,1.6677427443679498
231,0.8495918367346939,1.6574192825628786
232,0.8361224489795919,1.6629933316367014
233,0.8391836734693877,1.6503922395316921
234,0.8395918367346938,1.6447847655354715
235,0.8395918367346938,1.645807544163295
236,0.8446938775510204,1.6342529624822189
237,0.8479591836734693,1.620005777806652
238,0.8479591836734693,1.625037826907878
239,0.8518367346938776,1.6159120912941134
240,0.850204081632653,1.6081344867239193
241,0.8565306122448979,1.6003152825881024
242,0.8536734693877551,1.6032100425447737
243,0.8489795918367347,1.595057679682362
244,0.8583673469387755,1.5838013920492056
245,0.8579591836734693,1.5833644825098465
246,0.8630612244897959,1.5744775802261974
247,0.8583673469387755,1.5729810353687832
248,0.8551020408163266,1.5642411447057918
249,0.8608163265306122,1.5559979799815586
250,0.8634693877551021,1.5582763433456421
251,0.8644897959183674,1.5477600985157247
252,0.8610204081632653,1.5493427134533317
253,0.8634693877551021,1.5446911176370115
254,0.87,1.5348998350026657
255,0.8679591836734694,1.529650284611449
256,0.8610204081632653,1.5315105362327732
257,0.8702040816326531,1.5204481484938641
258,0.8718367346938776,1.518752475855302
259,0.8716326530612245,1.5039904763747234
260,0.873061224489796,1.5033206753828088
261,0.8697959183673469,1.5072580489333796
262,0.8724489795918368,1.4959641204561507
263,0.8695918367346939,1.4964646137977133
264,0.873061224489796,1.4954572549158214
265,0.8706122448979592,1.4784324333619099
266,0.8706122448979592,1.4813105904326147
267,0.8814285714285715,1.4717138233963325
268,0.8759183673469387,1.4735671772275651
269,0.8761224489795918,1.4688082785509071
270,0.8773469387755102,1.4546576936877504
271,0.8781632653061224,1.4568894356124256
272,0.886734693877551,1.4522213151503582
273,0.8820408163265306,1.4481223014909395
274,0.8808163265306123,1.4464573771612985
275,0.8791836734693877,1.4345989841344404
276,0.8779591836734694,1.4400305749932114
277,0.8828571428571429,1.4328736518353833
278,0.8877551020408163,1.4254669524212273
279,0.8861224489795918,1.4217913662657446
280,0.886734693877551,1.412916679090383
281,0.8942857142857142,1.404393820178752
282,0.8912244897959184,1.4012888950231124
283,0.8948979591836734,1.395370616523587
284,0.8959183673469387,1.3847453631186972
285,0.8940816326530612,1.3856987116288166
286,0.8973469387755102,1.3842054908129633
287,0.8922448979591837,1.3831626900848077
288,0.8918367346938776,1.3793629856498875
289,0.8979591836734694,1.3713408125663291
290,0.9004081632653061,1.3687054672046584
291,0.9006122448979592,1.3658006144543082
292,0.9030612244897959,1.3585640447966907
293,0.8979591836734694,1.3596691840035575
294,0.8977551020408163,1.3558771631669024
295,0.8926530612244898,1.3496864913434399
296,0.9032653061224489,1.347568973521797
297,0.9061224489795918,1.3379515692652488
298,0.9016326530612245,1.3359423969229873
299,0.9032653061224489,1.3354387088697783
300,0.909795918367347,1.32368577003479
301,0.9026530612244898,1.3320987813326777
302,0.9081632653061225,1.3186159237063662
303,0.9073469387755102,1.3189110701424736
304,0.9087755102040816,1.3141258339006074
305,0.9091836734693878,1.3103521264329248
306,0.9083673469387755,1.3048065038603178
307,0.9032653061224489,1.3131511331091121
308,0.9095918367346939,1.2968821205411638
309,0.9091836734693878,1.3012197274577861
310,0.9122448979591836,1.2916511885973871
311,0.9093877551020408,1.2897805493218557
312,0.9095918367346939,1.2923451974440594
313,0.9120408163265306,1.2833493134440208
314,0.909795918367347,1.278950730148627
315,0.913469387755102,1.2731378804420939
316,0.9144897959183673,1.2703086676889537
317,0.9112244897959184,1.2682184000404513
318,0.916530612244898,1.2638207142693656
319,0.9161224489795918,1.2601585830960955
320,0.9202040816326531,1.252021609325798
321,0.9159183673469388,1.25063277799256
322,0.916530612244898,1.2467486526528184
323,0.919795918367347,1.2420302860104309
324,0.9214285714285714,1.2396420424325125
325,0.926734693877551,1.2356311048780169
326,0.9218367346938775,1.2401101729334618
327,0.9193877551020408,1.235211556687647
328,0.9179591836734694,1.2306855166688258
329,0.9257142857142857,1.217075837582958
330,0.9244897959183673,1.2224724958380875
331,0.9246938775510204,1.2147797817113448
332,0.9240816326530612,1.2121445957495243
333,0.9212244897959184,1.2148203464430205
334,0.9246938775510204,1.2089969384913541
335,0.9238775510204081,1.2040479335006402
336,0.92,1.2072188808480087
337,0.9230612244897959,1.202854335259418
338,0.9236734693877551,1.2026267879836414
339,0.9261224489795918,1.192431624762866
340,0.92,1.1919912067724734
341,0.9287755102040817,1.1866127402441842
342,0.9306122448979591,1.179391874585833
343,0.9316326530612244,1.1759189930740668
344,0.9251020408163265,1.182056846715966
345,0.9259183673469388,1.1716430521011352
346,0.9295918367346939,1.172318629245369
347,0.9340816326530612,1.1644805758340018
348,0.9277551020408163,1.1631533547810147
349,0.929795918367347,1.1562871126252778
350,0.9271428571428572,1.1651141580270261
351,0.9277551020408163,1.156074842822795
352,0.9304081632653062,1.154049967843659
353,0.933265306122449,1.1453184726286907
354,0.929795918367347,1.145734718770397
355,0.9302040816326531,1.1474001188667453
356,0.9369387755102041,1.1380568228935708
357,0.9306122448979591,1.1402809346452052
358,0.9348979591836735,1.137355482140366
359,0.9318367346938775,1.1317558164012675
360,0.9293877551020409,1.1287177681436344
361,0.9408163265306122,1.1241684752581071
362,0.9373469387755102,1.119748404853198
363,0.9346938775510204,1.1215931794108176
364,0.936734693877551,1.1183674792367584
365,0.9395918367346939,1.1108699520266785
366,0.9328571428571428,1.1178214661929071
367,0.94,1.1102666859237516
368,0.9353061224489796,1.1079783791911846
369,0.9408163265306122,1.1025731803932968
370,0.9444897959183673,1.0957998402264653
371,0.9361224489795918,1.1005621605503315
372,0.936734693877551,1.1005372811336906
373,0.9371428571428572,1.0917714673645642
374,0.9393877551020409,1.0947885230609349
375,0.9391836734693878,1.0861598109225838
376,0.9438775510204082,1.0799209705664188
377,0.9346938775510204,1.08698986977947
378,0.9383673469387755,1.0781790491999412
379,0.9357142857142857,1.0827951559728506
380,0.9412244897959183,1.0710552371278101
381,0.9420408163265306,1.071715697074423
382,0.9330612244897959,1.0747337757811255
383,0.9426530612244898,1.0674640910479487
384,0.9414285714285714,1.0650353080399182
385,0.9442857142857143,1.0552517537681423
386,0.9459183673469388,1.0562793479646955
387,0.9414285714285714,1.0576754214812298
388,0.946734693877551,1.047248699859697
389,0.9469387755102041,1.049759942122868
390,0.943265306122449,1.0493866281120146
391,0.9455102040816327,1.045945303829349
392,0.9469387755102041,1.0368506604311418
393,0.9375510204081633,1.0465663613105307
394,0.9455102040816327,1.0402486472227135
395,0.9451020408163265,1.0370447523739874
396,0.9412244897959183,1.0312600274961823
397,0.9475510204081633,1.0267782797132219
398,0.9410204081632653,1.0345506564938292
399,0.9495918367346938,1.0236799179777807
400,0.9422448979591836,1.026226115421373
401,0.9446938775510204,1.017219360312637
402,0.9440816326530612,1.0211437149437106
403,0.9487755102040817,1.0161429065101
404,0.9485714285714286,1.013484362680085
405,0.9459183673469388,1.0156294053428028
406,0.9506122448979591,1.0084858136760946
407,0.9504081632653061,1.0026382649674708
408,0.9438775510204082,1.0090529565421902
409,0.9471428571428572,1.0091936128966663
410,0.943469387755102,1.0088095076716677
411,0.9426530612244898,1.0022913215111713
412,0.9444897959183673,1.0011005065392475
413,0.9504081632653061,0.990543600831713
414,0.9493877551020408,0.9927039764365372
415,0.9481632653061225,0.9932155484569316
416,0.9481632653061225,0.9936059529440744
417,0.946734693877551,0.9898997295632654
418,0.9438775510204082,0.9850881686502574
419,0.9461224489795919,0.9860662663712794
420,0.95,0.9821794080734253
421,0.9508163265306122,0.9785518768368935
422,0.9510204081632653,0.9743868712989652
423,0.946734693877551,0.9748398690321007
424,0.9518367346938775,0.970762245898344
425,0.9508163265306122,0.9712043328187904
426,0.9510204081632653,0.9723096715674109
427,0.9461224489795919,0.9710982762550822
428,0.9491836734693877,0.9622996580357455
429,0.9510204081632653,0.963578966928988
430,0.9459183673469388,0.9683876699330856
431,0.9522448979591837,0.9562057327737613
432,0.9497959183673469,0.9506945215925878
433,0.9512244897959183,0.9558196905681066
434,0.9546938775510204,0.9515104938039974
435,0.9522448979591837,0.9497855842843348
436,0.9479591836734694,0.9477217006196781
437,0.95,0.9490316680012917
438,0.9524489795918367,0.9434669247452093
439,0.953265306122449,0.9390210533142089
440,0.9528571428571428,0.937460221465753
441,0.9522448979591837,0.9395526530304733
442,0.9548979591836735,0.9309090867334483
443,0.9512244897959183,0.9325789258431415
444,0.9542857142857143,0.9320692592737626
445,0.9485714285714286,0.931040706488551
446,0.9589795918367346,0.9202527280729644
447,0.9516326530612245,0.9287639503576317
448,0.9520408163265306,0.9258908343801693
449,0.9563265306122449,0.9196460823623501
450,0.9569387755102041,0.9176281936801209
451,0.9563265306122449,0.9185307006446682
452,0.9524489795918367,0.91825638386668
453,0.9559183673469388,0.9161893582344055
454,0.9522448979591837,0.9171374293736049
455,0.9557142857142857,0.912041584472267
456,0.9493877551020408,0.9143743372936638
457,0.9575510204081633,0.9053360785270224
458,0.9579591836734694,0.9042737408073581
459,0.9563265306122449,0.9051385997266186
460,0.9563265306122449,0.8995136576769304
461,0.9522448979591837,0.8987514203908492
462,0.9593877551020408,0.8963888989176069
463,0.9524489795918367,0.8999022144687419
464,0.9589795918367346,0.8913038664448018
465,0.9553061224489796,0.8935180831442074
466,0.9557142857142857,0.8956896657846412
467,0.9608163265306122,0.8866880856728068
468,0.956530612244898,0.8882221295395676
469,0.9546938775510204,0.8906253965533509
470,0.9597959183673469,0.8810410160921058
471,0.9579591836734694,0.8801083216375234
472,0.9573469387755102,0.8785188573720504
473,0.9585714285714285,0.8786249461952521
474,0.9557142857142857,0.881278238880391
475,0.9567346938775511,0.8760592053861034
476,0.9579591836734694,0.8716082647868565
477,0.9583673469387755,0.8719485946090854
478,0.9579591836734694,0.8724272448189404
479,0.9620408163265306,0.8683836156494763
480,0.9597959183673469,0.8661626260134638
481,0.9583673469387755,0.8660369238561514
482,0.9604081632653061,0.860500133086224
483,0.9606122448979592,0.8576374446129312
484,0.9553061224489796,0.8647865334335638
485,0.9575510204081633,0.8600810673772072
486,0.9626530612244898,0.8533140834010378
487,0.9567346938775511,0.8605482540325242
488,0.9610204081632653,0.8507278029286132
489,0.963265306122449,0.8512811743483252
490,0.9636734693877551,0.8467077852268609
491,0.9614285714285714,0.8485210754433457
492,0.9626530612244898,0.8436446078942746
493,0.9624489795918367,0.8432125563524208
494,0.96,0.8439779929725492
495,0.960204081632653,0.8479619803234022
496,0.9604081632653061,0.8349301362037659
497,0.9587755102040816,0.8372870276898754
498,0.9583673469387755,0.842199692142253
499,0.963265306122449,0.8330179428567692
