epoch,categorical_accuracy,loss
0,0.47714285714285715,4.639074539262421
1,0.4946938775510204,4.448369420109963
2,0.5085714285714286,4.279152852856383
3,0.5044897959183674,4.176694682763547
4,0.4989795918367347,4.132012112286626
5,0.5083673469387755,3.980430652268079
6,0.506938775510204,3.9118909631456646
7,0.5095918367346939,3.8260048171452112
8,0.509795918367347,3.827950212128308
9,0.5048979591836734,3.753538879861637
10,0.5042857142857143,3.7485617660989567
11,0.5022448979591837,3.7000769504235715
12,0.5224489795918368,3.622414252806683
13,0.5061224489795918,3.623994900255787
14,0.5065306122448979,3.592047824664992
15,0.4993877551020408,3.5748348204943596
16,0.5191836734693878,3.524712888756577
17,0.5148979591836734,3.480985975654758
18,0.5310204081632653,3.4557924578141193
19,0.5251020408163265,3.4357231052554384
20,0.5287755102040816,3.403964623042515
21,0.5391836734693878,3.377675187636395
22,0.529795918367347,3.3653052232703384
23,0.5193877551020408,3.363376690027665
24,0.5287755102040816,3.3272175561165325
25,0.526734693877551,3.3203277710505894
26,0.5238775510204081,3.318387177331107
27,0.5185714285714286,3.3182478834658253
28,0.5408163265306123,3.278770032220957
29,0.5402040816326531,3.2617990801285726
30,0.523061224489796,3.266912551412777
31,0.5330612244897959,3.227180593451675
32,0.5185714285714286,3.242734282746607
33,0.5391836734693878,3.2008065904889786
34,0.5381632653061225,3.2105203445590274
35,0.5318367346938776,3.1947465589095136
36,0.5320408163265307,3.1812359619140627
37,0.5361224489795918,3.18353840068895
38,0.5302040816326531,3.174184255794603
39,0.5379591836734694,3.153796476247359
40,0.5436734693877551,3.1434695640875367
41,0.5461224489795918,3.133093845795612
42,0.5412244897959184,3.1259214627012915
43,0.5557142857142857,3.109831758615922
44,0.5436734693877551,3.104395367953242
45,0.5457142857142857,3.098666462800941
46,0.5363265306122449,3.0921379603171837
47,0.5340816326530612,3.0801356819697787
48,0.5406122448979592,3.0770761750668894
49,0.5487755102040817,3.0674421314317355
50,0.5316326530612245,3.0671613492771073
51,0.5577551020408164,3.0463138584214815
52,0.5540816326530612,3.0405411700813136
53,0.5563265306122449,3.0302680422335255
54,0.5489795918367347,3.025657071288751
55,0.5485714285714286,3.017640256881714
56,0.5614285714285714,3.0059655971916355
57,0.5577551020408164,2.999463178673569
58,0.5655102040816327,2.9873438708636226
59,0.5571428571428572,2.986764406865957
60,0.5683673469387756,2.9778145827079308
61,0.5579591836734694,2.9744365016781553
62,0.5651020408163265,2.965908376343396
63,0.5685714285714286,2.9517005445519273
64,0.563265306122449,2.9486974759004556
65,0.5751020408163265,2.9283028005093943
66,0.5742857142857143,2.933234871455601
67,0.5806122448979592,2.9195149581286373
68,0.5797959183673469,2.9085741445969564
69,0.5836734693877551,2.8997127902751068
70,0.5912244897959184,2.898051879260005
71,0.5928571428571429,2.888229488256026
72,0.590204081632653,2.8789685255167434
73,0.5889795918367347,2.869306865808915
74,0.5904081632653061,2.8589171705440597
75,0.5859183673469388,2.853893767376335
76,0.5828571428571429,2.8503513927848974
77,0.6073469387755102,2.833694406820803
78,0.5922448979591837,2.8338448736618975
79,0.5979591836734693,2.8200018127597106
80,0.5940816326530612,2.814201992774496
81,0.6004081632653061,2.8088316294611717
82,0.5989795918367347,2.799455674229836
83,0.6087755102040816,2.7909427282761556
84,0.610204081632653,2.787098168353645
85,0.5981632653061224,2.7798215823270835
86,0.606938775510204,2.7644365102417616
87,0.6181632653061224,2.7514437667690976
88,0.6291836734693877,2.740715527047916
89,0.6195918367346939,2.7393689807580444
90,0.6214285714285714,2.732269526890346
91,0.6187755102040816,2.7232094867862
92,0.6220408163265306,2.718127816453272
93,0.6163265306122448,2.7083622296002448
94,0.6283673469387755,2.696953010559082
95,0.623061224489796,2.697787180141527
96,0.6226530612244898,2.687801035472325
97,0.6222448979591837,2.6824259394042347
98,0.6281632653061224,2.66610634200427
99,0.6361224489795918,2.6536958418087084
100,0.6275510204081632,2.650258970065993
101,0.6338775510204082,2.645145513962726
102,0.6459183673469387,2.621524013986393
103,0.6253061224489795,2.6302902145775
104,0.6383673469387755,2.6206637240429314
105,0.6375510204081632,2.6087455885750908
106,0.636734693877551,2.6011242786718873
107,0.633061224489796,2.5872940330116116
108,0.6357142857142857,2.5875118890100595
109,0.6355102040816326,2.579045269635259
110,0.643061224489796,2.5676646793131925
111,0.6422448979591837,2.556648717413143
112,0.6357142857142857,2.558785634916656
113,0.6442857142857142,2.540500733706416
114,0.6483673469387755,2.5328380545791314
115,0.6522448979591837,2.529628312831022
116,0.6428571428571429,2.520695981395488
117,0.6589795918367347,2.508050706435223
118,0.6514285714285715,2.503873071670532
119,0.6520408163265307,2.4983199045609457
120,0.6538775510204081,2.4895901020205753
121,0.6604081632653062,2.480442541083511
122,0.6528571428571428,2.468281004185579
123,0.6575510204081633,2.460545307665455
124,0.6606122448979592,2.4553770688115333
125,0.6620408163265306,2.4469829059133725
126,0.6655102040816326,2.438385486992038
127,0.6577551020408163,2.433032044780498
128,0.6620408163265306,2.423739472408684
129,0.6748979591836735,2.4141379879932012
130,0.6710204081632654,2.4076229157739757
131,0.6579591836734694,2.398292270971804
132,0.6722448979591836,2.392351880170861
133,0.6714285714285714,2.3834900279920928
134,0.6618367346938776,2.3793630823797107
135,0.6702040816326531,2.369743973478979
136,0.6722448979591836,2.367250400076107
137,0.6787755102040817,2.3529924067672416
138,0.679795918367347,2.342125055157408
139,0.6755102040816326,2.338968666621617
140,0.6708163265306123,2.334453758317597
141,0.6789795918367347,2.318432566000491
142,0.6846938775510204,2.312711679108289
143,0.689795918367347,2.3055713599068777
144,0.6951020408163265,2.294328209234744
145,0.6873469387755102,2.2915080977459343
146,0.6855102040816327,2.2852627686091833
147,0.686530612244898,2.277415995695153
148,0.6891836734693878,2.2697703776067617
149,0.6885714285714286,2.2619649355752127
150,0.6824489795918367,2.2608570892956794
151,0.6881632653061225,2.2563324834862533
152,0.6936734693877551,2.239627485080641
153,0.6981632653061225,2.232198098630321
154,0.6889795918367347,2.229470698687495
155,0.6793877551020409,2.2292680594385885
156,0.6983673469387756,2.213875668194829
157,0.7104081632653061,2.2013375233630743
158,0.6969387755102041,2.19870370125284
159,0.6975510204081633,2.1914015659020873
160,0.6948979591836735,2.1870653843393133
161,0.7046938775510204,2.174812107864691
162,0.6983673469387756,2.176226600530196
163,0.7008163265306122,2.1633157239641463
164,0.7057142857142857,2.1586830902099607
165,0.713265306122449,2.149830214442039
166,0.7026530612244898,2.148989843641009
167,0.7075510204081633,2.1349218775301564
168,0.7126530612244898,2.1322634685282806
169,0.7059183673469388,2.124648751628642
170,0.726938775510204,2.109502828169842
171,0.7142857142857143,2.1092785087896853
172,0.7116326530612245,2.102891832079206
173,0.7118367346938775,2.095795847639746
174,0.7181632653061224,2.081128672774957
175,0.7155102040816327,2.081499019155697
176,0.7175510204081633,2.074573221887861
177,0.7255102040816327,2.0675072685553104
178,0.7104081632653061,2.0706362010021597
179,0.7193877551020408,2.0555327544893536
180,0.726530612244898,2.0519611315824546
181,0.7255102040816327,2.046050335436451
182,0.7287755102040816,2.0333840224207664
183,0.7277551020408163,2.0304047533930563
184,0.7314285714285714,2.020595371090636
185,0.7328571428571429,2.012816767984507
186,0.7320408163265306,2.0110854414531163
187,0.7304081632653061,2.004432700410181
188,0.7457142857142857,1.9911393057570166
189,0.7267346938775511,1.9995153814432571
190,0.7338775510204082,1.9892591971767193
191,0.7346938775510204,1.9791777101828127
192,0.7416326530612245,1.9693140592380445
193,0.7391836734693877,1.9716672866198481
194,0.7342857142857143,1.9662606998365753
195,0.7397959183673469,1.9580918763608348
196,0.736938775510204,1.9497497791173506
197,0.7397959183673469,1.945688716343471
198,0.7577551020408163,1.9317641149248395
199,0.7463265306122449,1.933720021539805
200,0.740204081632653,1.9249781775961117
201,0.7473469387755102,1.9165786196261037
202,0.7497959183673469,1.911607783765209
203,0.7553061224489795,1.8986715233082674
204,0.7518367346938776,1.9039873479337108
205,0.7495918367346939,1.8913462621338513
206,0.7489795918367347,1.8952397597565942
207,0.7589795918367347,1.883712676106667
208,0.7553061224489795,1.877030223729659
209,0.7593877551020408,1.8725568466770406
210,0.7620408163265306,1.8606219256654077
211,0.7657142857142857,1.8597663824898856
212,0.7636734693877552,1.8498275612811652
213,0.753265306122449,1.8538839114442163
214,0.7534693877551021,1.841220589365278
215,0.7612244897959184,1.8406637660824523
216,0.763265306122449,1.8304530353935398
217,0.7681632653061224,1.8250583773243183
218,0.7679591836734694,1.8154553311211723
219,0.7651020408163265,1.815901254634468
220,0.7673469387755102,1.8115357770725173
221,0.7746938775510204,1.8040124748191055
222,0.7777551020408163,1.8018491846201372
223,0.7759183673469388,1.7870898585416832
224,0.7716326530612245,1.789835549374016
225,0.773469387755102,1.7821468671487302
226,0.7726530612244898,1.779504536414633
227,0.7887755102040817,1.762221771940893
228,0.7746938775510204,1.7633926540491531
229,0.7789795918367347,1.764152736079936
230,0.7822448979591837,1.7509500677731573
231,0.7765306122448979,1.7517623236714577
232,0.78,1.741842138913213
233,0.7753061224489796,1.7415780336029676
234,0.7859183673469388,1.7301845289736377
235,0.7802040816326531,1.7312736719481798
236,0.7830612244897959,1.7283321649201062
237,0.7881632653061225,1.7167622750146048
238,0.7871428571428571,1.709578660653562
239,0.7828571428571428,1.7178427071474036
240,0.7877551020408163,1.705808657432089
241,0.7920408163265306,1.7047746244741946
242,0.7806122448979592,1.6956222721022003
243,0.7804081632653062,1.6957069957499602
244,0.7955102040816326,1.6845350614859134
245,0.7838775510204081,1.6918234630506865
246,0.7946938775510204,1.675197855112504
247,0.8038775510204081,1.6628268655465575
248,0.7975510204081633,1.664564300264631
249,0.7944897959183673,1.664287809547113
250,0.7971428571428572,1.6527692264440108
251,0.799795918367347,1.653004047238097
252,0.7940816326530612,1.6504075782153071
253,0.7973469387755102,1.642971611704145
254,0.8022448979591836,1.6375250154612015
255,0.7971428571428572,1.6356041717529297
256,0.7973469387755102,1.6333974637790603
257,0.8016326530612244,1.6262862074131867
258,0.8095918367346939,1.6130507385487458
259,0.7989795918367347,1.618775461449915
260,0.8108163265306122,1.6114163543740097
261,0.810204081632653,1.6003937651186573
262,0.8093877551020409,1.6021355596853761
263,0.8144897959183673,1.5888079780461837
264,0.8083673469387755,1.5875219989309506
265,0.809795918367347,1.5887501384774032
266,0.8189795918367347,1.5767963577776538
267,0.8124489795918367,1.5710228005234077
268,0.8140816326530612,1.5718170973719383
269,0.8161224489795919,1.566496606165049
270,0.8210204081632653,1.5622331436312928
271,0.8106122448979591,1.5645603730727216
272,0.8173469387755102,1.5552903104315
273,0.8057142857142857,1.5573592848680458
274,0.8281632653061225,1.5380645325719093
275,0.8230612244897959,1.5404968640269066
276,0.820204081632653,1.5358036702992965
277,0.8193877551020409,1.5339340068856064
278,0.816530612244898,1.5289093712397983
279,0.8306122448979592,1.5193365991358854
280,0.8230612244897959,1.520644859975698
281,0.8238775510204082,1.5154155094769537
282,0.8257142857142857,1.5165878299790985
283,0.8273469387755102,1.5102461798337041
284,0.8230612244897959,1.509167361064833
285,0.8283673469387756,1.5014538442845247
286,0.8295918367346938,1.497409639553148
287,0.8255102040816327,1.4975920655776043
288,0.830204081632653,1.4908442620841824
289,0.8238775510204082,1.4881832539305395
290,0.8371428571428572,1.4745294320826627
291,0.8230612244897959,1.4788390014609512
292,0.8277551020408164,1.4759265871437228
293,0.833265306122449,1.4651955468314035
294,0.8297959183673469,1.468314077708186
295,0.8336734693877551,1.4547219359144872
296,0.8444897959183674,1.4464432847743132
297,0.8340816326530612,1.4578138250234176
298,0.8355102040816327,1.4491147895735137
299,0.8355102040816327,1.4433922738445049
300,0.8455102040816327,1.4368164427426398
301,0.8383673469387755,1.4296820376843822
302,0.8355102040816327,1.434705261600261
303,0.8371428571428572,1.4341088068241976
304,0.8316326530612245,1.4349813912839307
305,0.8428571428571429,1.424146748367621
306,0.8483673469387755,1.4136554522417029
307,0.8424489795918367,1.4112476332333623
308,0.8453061224489796,1.4085215588005222
309,0.843469387755102,1.4054642241341726
310,0.8493877551020408,1.4003262294068628
311,0.8481632653061224,1.3976772557472696
312,0.8495918367346939,1.3911257333171612
313,0.8510204081632653,1.3883708055651918
314,0.8471428571428572,1.390243592262268
315,0.8430612244897959,1.3894594863969452
316,0.8467346938775511,1.3835716951136687
317,0.8491836734693877,1.377120884583921
318,0.8514285714285714,1.3700676556995937
319,0.8577551020408163,1.3648894998978596
320,0.8524489795918367,1.3623033623792686
321,0.8548979591836735,1.3541034870731588
322,0.8444897959183674,1.3676963237840303
323,0.8591836734693877,1.3497651988632824
324,0.8540816326530613,1.3534699475035374
325,0.863265306122449,1.3389737151593577
326,0.8575510204081632,1.3442497601801036
327,0.8583673469387755,1.3424566224156593
328,0.856938775510204,1.3344006934457895
329,0.8597959183673469,1.3312441857007085
330,0.8671428571428571,1.323093298114076
331,0.8642857142857143,1.316931383853056
332,0.8634693877551021,1.320566405568804
333,0.8642857142857143,1.3148379962298335
334,0.8557142857142858,1.3226487871092194
335,0.8638775510204082,1.3116893347915337
336,0.8630612244897959,1.3075087987160197
337,0.8624489795918368,1.3058209428008722
338,0.8618367346938776,1.3105531392778669
339,0.8661224489795918,1.2987218341048883
340,0.8675510204081632,1.294537143512648
341,0.8685714285714285,1.2951632832507698
342,0.8706122448979592,1.2881148780122096
343,0.8724489795918368,1.2879845511670016
344,0.8706122448979592,1.2841300430103224
345,0.8718367346938776,1.2748743909719038
346,0.8687755102040816,1.2848679515293666
347,0.8736734693877551,1.2752014058949996
348,0.8765306122448979,1.2666750260761805
349,0.8683673469387755,1.2786591400418963
350,0.8736734693877551,1.2618263219327344
351,0.8787755102040816,1.257458803702374
352,0.8793877551020408,1.256829279685507
353,0.8755102040816326,1.253995579992022
354,0.8742857142857143,1.2546532711690785
355,0.8793877551020408,1.2436088721606195
356,0.8844897959183673,1.2418973913971258
357,0.876734693877551,1.2438964038965654
358,0.876938775510204,1.2346379422168343
359,0.8746938775510205,1.2459064329886924
360,0.8746938775510205,1.236035586181952
361,0.8781632653061224,1.2264189708476163
362,0.8777551020408163,1.2302301516824838
363,0.8816326530612245,1.2264227794141185
364,0.8879591836734694,1.2180976354832551
365,0.886734693877551,1.2159034037103458
366,0.8789795918367347,1.2171188687305061
367,0.886734693877551,1.2113268367611632
368,0.8814285714285715,1.215136882139712
369,0.8824489795918368,1.207271223846747
370,0.8853061224489795,1.202587210986079
371,0.8828571428571429,1.1988760937476646
372,0.8834693877551021,1.2035473571504864
373,0.8906122448979592,1.1920519169009463
374,0.8846938775510204,1.1997196851457868
375,0.8924489795918368,1.1887697031060043
376,0.8846938775510204,1.1922691024079615
377,0.8920408163265307,1.1824000903538294
378,0.8851020408163265,1.1854118939808438
379,0.8881632653061224,1.179131333682002
380,0.8965306122448979,1.1742237028783682
381,0.8963265306122449,1.1697016343291924
382,0.8934693877551021,1.1720276942545054
383,0.8922448979591837,1.1714196579796927
384,0.8904081632653061,1.1753512603409437
385,0.893061224489796,1.1590726622756646
386,0.8906122448979592,1.1613288015248824
387,0.8948979591836734,1.1540934638587796
388,0.8979591836734694,1.15595011643001
389,0.8975510204081633,1.1510793020287338
390,0.8946938775510204,1.1469679660213237
391,0.8975510204081633,1.1498642200353195
392,0.893265306122449,1.1499348852585773
393,0.8955102040816326,1.1377067369344283
394,0.9006122448979592,1.1366627216339111
395,0.9006122448979592,1.1360655292199582
396,0.9044897959183673,1.1316299807295507
397,0.8922448979591837,1.136903321597041
398,0.8983673469387755,1.1336735374100355
399,0.9012244897959184,1.1287937562319696
400,0.9022448979591837,1.1191238994014507
401,0.9032653061224489,1.1176473159206157
402,0.9018367346938776,1.1145791157897638
403,0.9016326530612245,1.1186708591422256
404,0.906734693877551,1.10528949085547
405,0.9008163265306123,1.1180454728068137
406,0.9004081632653061,1.110256089385675
407,0.9073469387755102,1.100190443311419
408,0.9020408163265307,1.099906989408999
409,0.9026530612244898,1.1002117591974687
410,0.9036734693877551,1.1007942500406382
411,0.9042857142857142,1.0911810131462252
412,0.9053061224489796,1.0970657568561788
413,0.9059183673469388,1.0896268275805883
414,0.9091836734693878,1.0797297915633843
415,0.9075510204081633,1.0818323147053621
416,0.9075510204081633,1.0810636111668177
417,0.9053061224489796,1.0838660339919888
418,0.9032653061224489,1.0891279531011777
419,0.9026530612244898,1.0823044937484119
420,0.9053061224489796,1.07883746205544
421,0.9126530612244897,1.0672147748908218
422,0.9079591836734694,1.0734562540054322
423,0.9063265306122449,1.075986637679898
424,0.9161224489795918,1.065829649166185
425,0.9093877551020408,1.0648447785085562
426,0.9075510204081633,1.060301762016452
427,0.9116326530612245,1.0598380648846528
428,0.9183673469387755,1.053348585829443
429,0.9110204081632653,1.0571928548812866
430,0.9140816326530612,1.050016834200645
431,0.9108163265306123,1.0518165128085077
432,0.9083673469387755,1.0456379679757721
433,0.9210204081632654,1.039828775172331
434,0.9132653061224489,1.0433810659817286
435,0.9140816326530612,1.0455695077351161
436,0.9116326530612245,1.0398242818092813
437,0.9142857142857143,1.0412671332943195
438,0.9095918367346939,1.0489364684357936
439,0.9095918367346939,1.0380351502554757
440,0.9163265306122449,1.0322672138895308
441,0.9185714285714286,1.0298340379948518
442,0.9175510204081633,1.025963793287472
443,0.9104081632653062,1.0355647950756306
444,0.9202040816326531,1.019817913454406
445,0.9216326530612244,1.0190363171635841
446,0.9208163265306123,1.01914402017788
447,0.9195918367346939,1.012164573182865
448,0.9187755102040817,1.0145647317536024
449,0.9155102040816326,1.0192629947467726
450,0.92,1.0119062271896673
451,0.9204081632653062,1.003611235083366
452,0.9210204081632654,1.0072074941226414
453,0.9146938775510204,1.0133099600733544
454,0.919795918367347,1.003580108953982
455,0.9183673469387755,1.0040405634471348
456,0.9177551020408163,1.0017707240824796
457,0.9189795918367347,1.0014436001680336
458,0.9248979591836735,0.9901098913075973
459,0.9224489795918367,0.9935725504038285
460,0.9240816326530612,0.9920633961229908
461,0.9310204081632653,0.9829146579820283
462,0.9226530612244898,0.9861236686609229
463,0.9289795918367347,0.9783517324681185
464,0.9183673469387755,0.989405706755969
465,0.9255102040816326,0.9841194383465514
466,0.9220408163265306,0.9851079410436202
467,0.9220408163265306,0.9859692936527485
468,0.9216326530612244,0.9770146434647696
469,0.9183673469387755,0.9822676898022087
470,0.9287755102040817,0.9730090625432073
471,0.9279591836734694,0.969679221960963
472,0.9308163265306122,0.9678584821370183
473,0.9246938775510204,0.9739949706622533
474,0.9259183673469388,0.9698240152670413
475,0.9251020408163265,0.9597484905865727
476,0.9285714285714286,0.9578623458317348
477,0.9314285714285714,0.9543289809324303
478,0.933265306122449,0.951391671336427
479,0.9279591836734694,0.9603746982496612
480,0.9230612244897959,0.9617133816407651
481,0.9308163265306122,0.9491670480066416
482,0.9259183673469388,0.9552654954365322
483,0.926530612244898,0.9536460173859889
484,0.923469387755102,0.9595156637989745
485,0.9259183673469388,0.9462560557345955
486,0.9322448979591836,0.9457086286739427
487,0.9271428571428572,0.9436975497615581
488,0.9277551020408163,0.9428837724607818
489,0.933469387755102,0.9417032833975189
490,0.9261224489795918,0.9442473673820495
491,0.9322448979591836,0.9317370933415938
492,0.9322448979591836,0.9343614746113212
493,0.9302040816326531,0.9317145734903763
494,0.923469387755102,0.9369104062781042
495,0.9310204081632653,0.9317531429018293
496,0.9271428571428572,0.9332180262585076
497,0.9322448979591836,0.9260522723197937
498,0.9257142857142857,0.9332014515935159
499,0.9306122448979591,0.9284759601281614
