epoch,categorical_accuracy,loss
0,0.48959183673469386,4.985614229319047
1,0.4946938775510204,4.693639813053364
2,0.5148979591836734,4.47163161803265
3,0.5163265306122449,4.3590775489807125
4,0.526734693877551,4.238835561129512
5,0.5189795918367347,4.200250996959452
6,0.523673469387755,4.087082811472367
7,0.5034693877551021,4.021911158075138
8,0.5351020408163265,3.9549664055571263
9,0.5232653061224489,3.9261405641205456
10,0.5246938775510204,3.882990158820639
11,0.5181632653061224,3.8752791651900935
12,0.5242857142857142,3.8400291808770626
13,0.5287755102040816,3.795183599822375
14,0.5418367346938775,3.750781084955955
15,0.5338775510204081,3.7282450315903644
16,0.5332653061224489,3.730662217626766
17,0.5302040816326531,3.701176309001689
18,0.5304081632653062,3.685772284682916
19,0.5379591836734694,3.662490686494477
20,0.5310204081632653,3.652923516254036
21,0.5232653061224489,3.656670394430355
22,0.5369387755102041,3.602181541676424
23,0.5302040816326531,3.608059409199929
24,0.5371428571428571,3.591882266998291
25,0.5424489795918367,3.5781575545486137
26,0.5314285714285715,3.571411050485105
27,0.5355102040816326,3.5621391794632893
28,0.5546938775510204,3.524901052591752
29,0.5448979591836735,3.524665068023059
30,0.5459183673469388,3.515043102965063
31,0.5542857142857143,3.494694957733154
32,0.5440816326530612,3.485123546366789
33,0.5504081632653062,3.4712295759940632
34,0.556734693877551,3.4609884493691583
35,0.5595918367346939,3.438835606866953
36,0.5608163265306122,3.439676901953561
37,0.5581632653061225,3.4285612770002714
38,0.5524489795918367,3.4230859912171656
39,0.5455102040816326,3.4159073533817215
40,0.573469387755102,3.389048767479099
41,0.5618367346938775,3.380286341686638
42,0.5561224489795918,3.3676642351734394
43,0.5575510204081633,3.3541064564062624
44,0.5622448979591836,3.3490800777746705
45,0.5616326530612245,3.342163728597213
46,0.5751020408163265,3.3226913010344212
47,0.5638775510204082,3.3160858726501465
48,0.5661224489795919,3.306545249004753
49,0.5659183673469388,3.290839001013308
50,0.5548979591836735,3.294544893770802
51,0.5677551020408164,3.2747937548890405
52,0.5628571428571428,3.2562085196436668
53,0.5808163265306122,3.242542227141711
54,0.566530612244898,3.2351469732790576
55,0.5851020408163266,3.2236831108404664
56,0.5744897959183674,3.2144660850447053
57,0.5840816326530612,3.198308354202582
58,0.5867346938775511,3.185792469102509
59,0.5867346938775511,3.1800192208192786
60,0.5818367346938775,3.1642071149787125
61,0.5904081632653061,3.153948085940614
62,0.58,3.144856741185091
63,0.5789795918367346,3.1334152136043625
64,0.5853061224489796,3.1153863677200007
65,0.5887755102040816,3.1119433523684132
66,0.586530612244898,3.097231304012999
67,0.5942857142857143,3.080874911717006
68,0.5855102040816327,3.069514298730967
69,0.6008163265306122,3.0566310220835162
70,0.6016326530612245,3.0482719812587815
71,0.6073469387755102,3.0263764284094985
72,0.5967346938775511,3.0300722429703693
73,0.6071428571428571,3.0068113144076603
74,0.6114285714285714,2.9918036412219613
75,0.6061224489795919,2.986500662784187
76,0.6193877551020408,2.9681370517185757
77,0.6077551020408163,2.9598197491314946
78,0.6130612244897959,2.946669922848137
79,0.6104081632653061,2.9375996358054026
80,0.6089795918367347,2.9295307710219403
81,0.6181632653061224,2.9092038682042336
82,0.6255102040816326,2.8962537664296675
83,0.6138775510204082,2.8873419524212274
84,0.6371428571428571,2.86945751306962
85,0.6142857142857143,2.8700863865443638
86,0.6312244897959184,2.8533832088781863
87,0.6189795918367347,2.8473934354587476
88,0.6273469387755102,2.83230706351144
89,0.6322448979591837,2.8173970199117857
90,0.6320408163265306,2.8068775468943072
91,0.6336734693877552,2.788652396688656
92,0.6334693877551021,2.779881101335798
93,0.6328571428571429,2.7759366753636576
94,0.6424489795918368,2.758021509404085
95,0.6371428571428571,2.7499226276242004
96,0.6442857142857142,2.7384019711552834
97,0.6506122448979592,2.7261201436179023
98,0.64,2.717979625585128
99,0.6536734693877551,2.7042899445125035
100,0.6424489795918368,2.6941799099591313
101,0.6475510204081633,2.684830910235035
102,0.6455102040816326,2.674729404449463
103,0.6506122448979592,2.6634717803098718
104,0.6463265306122449,2.6538562268626933
105,0.6485714285714286,2.6476578210324657
106,0.6512244897959184,2.637421631910363
107,0.6518367346938776,2.6238795564612563
108,0.6587755102040816,2.604966378893171
109,0.6612244897959184,2.597209609868575
110,0.6528571428571428,2.5961757420520395
111,0.6504081632653061,2.5774763971445513
112,0.6681632653061225,2.572363591096839
113,0.6726530612244898,2.554771617383373
114,0.6610204081632653,2.5487614442864244
115,0.6655102040816326,2.5396900503976005
116,0.6679591836734694,2.527850984651215
117,0.6653061224489796,2.5206151419269793
118,0.6746938775510204,2.5019475584614033
119,0.6779591836734694,2.4948220636406724
120,0.6773469387755102,2.4896606219544704
121,0.66,2.484726091890919
122,0.6689795918367347,2.4761132534182804
123,0.6708163265306123,2.4620611009792404
124,0.6775510204081633,2.4503523923912827
125,0.6689795918367347,2.44799231139981
126,0.6863265306122449,2.433400064974415
127,0.6769387755102041,2.420384749976956
128,0.6785714285714286,2.41908083195589
129,0.679795918367347,2.409041575412361
130,0.6857142857142857,2.395737377478152
131,0.6795918367346939,2.391887929682829
132,0.6855102040816327,2.374441649183935
133,0.6953061224489796,2.3589231382097515
134,0.6830612244897959,2.3618103561595993
135,0.6881632653061225,2.3497449232607472
136,0.6887755102040817,2.3447787975778387
137,0.6904081632653061,2.3368104091955693
138,0.6893877551020409,2.3246766279181657
139,0.6991836734693877,2.31135082848218
140,0.6951020408163265,2.300366452664745
141,0.6942857142857143,2.305101904382511
142,0.7081632653061225,2.28401550273506
143,0.7012244897959183,2.281124145546738
144,0.7038775510204082,2.2704776195603973
145,0.6936734693877551,2.2649431777486995
146,0.7051020408163265,2.255463917401372
147,0.693469387755102,2.248307820144965
148,0.7083673469387755,2.2365315758452122
149,0.6975510204081633,2.2379578744148723
150,0.7,2.2273546580879056
151,0.7053061224489796,2.2144729966533427
152,0.7142857142857143,2.207665805622023
153,0.7089795918367346,2.201093076005274
154,0.7104081632653061,2.194721146213765
155,0.6979591836734694,2.194540313214672
156,0.7087755102040816,2.1806787623191366
157,0.7153061224489796,2.1689217670596377
158,0.7161224489795919,2.1613778472433283
159,0.7091836734693877,2.1581114262950662
160,0.7116326530612245,2.1476660372286425
161,0.7122448979591837,2.137445254228553
162,0.7173469387755103,2.1355700671916105
163,0.7228571428571429,2.1214167033409588
164,0.7171428571428572,2.1194004259304124
165,0.7222448979591837,2.11009876076056
166,0.7222448979591837,2.09820726569818
167,0.7210204081632653,2.091163502031443
168,0.7275510204081632,2.085294755332324
169,0.7293877551020408,2.080039433654474
170,0.7342857142857143,2.0685966254253776
171,0.7246938775510204,2.0640891896461953
172,0.7244897959183674,2.0626927257070737
173,0.7304081632653061,2.048145119608665
174,0.7287755102040816,2.044260907075843
175,0.7251020408163266,2.0441385016149405
176,0.7283673469387755,2.0353503108511166
177,0.7353061224489796,2.0214987994213494
178,0.7340816326530613,2.0127445085681215
179,0.7346938775510204,2.0126374345896196
180,0.7379591836734694,2.0043342684726326
181,0.7322448979591837,2.0022349703068634
182,0.7346938775510204,1.9913905883321956
183,0.7420408163265306,1.9900276830245038
184,0.7377551020408163,1.9795654799013722
185,0.7308163265306122,1.974723720550537
186,0.7428571428571429,1.9675168350764682
187,0.7428571428571429,1.9668209734741522
188,0.7436734693877551,1.9462360664289824
189,0.7365306122448979,1.9536646957786716
190,0.7422448979591837,1.9447096842162463
191,0.7444897959183674,1.9292541950576159
192,0.746734693877551,1.9289867375821483
193,0.7434693877551021,1.9222594829481474
194,0.7465306122448979,1.9191573711317413
195,0.7540816326530613,1.9026517811600043
196,0.7534693877551021,1.8972186474897423
197,0.7483673469387755,1.903607356986221
198,0.7381632653061224,1.9039742623543252
199,0.7516326530612245,1.8867306334631784
200,0.7526530612244898,1.8791664271451989
201,0.7614285714285715,1.8684510172629842
202,0.7634693877551021,1.8626545115879605
203,0.7577551020408163,1.8602071022500797
204,0.7577551020408163,1.8548437508758233
205,0.7616326530612245,1.8464455908171984
206,0.7542857142857143,1.8435553353173393
207,0.7636734693877552,1.8367965836427649
208,0.7518367346938776,1.8403670382986264
209,0.7655102040816326,1.8265918946752744
210,0.7602040816326531,1.82085223460684
211,0.7677551020408163,1.8112780205084353
212,0.7593877551020408,1.8125489866490267
213,0.7644897959183673,1.8050527556088507
214,0.7679591836734694,1.7969757547183913
215,0.7675510204081633,1.7896290495930887
216,0.7679591836734694,1.785220818324965
217,0.77,1.7746608551181093
218,0.7681632653061224,1.7782093871369653
219,0.769795918367347,1.7752798266313514
220,0.7748979591836734,1.7645696994236537
221,0.7681632653061224,1.7581569573344016
222,0.7679591836734694,1.7508047005594993
223,0.7685714285714286,1.748252846367505
224,0.773673469387755,1.742081137092746
225,0.7759183673469388,1.7369482478316949
226,0.7769387755102041,1.7318648363619435
227,0.7791836734693878,1.7225727930847479
228,0.7765306122448979,1.717120552841498
229,0.7851020408163265,1.7116180498745976
230,0.7775510204081633,1.70313307236652
231,0.7753061224489796,1.7080298339104165
232,0.776734693877551,1.702633734235958
233,0.7771428571428571,1.697989133523435
234,0.7806122448979592,1.6898511055537633
235,0.7893877551020408,1.682581767938575
236,0.7936734693877551,1.6758231615533634
237,0.7861224489795918,1.6743276084199243
238,0.7938775510204081,1.6647081802329238
239,0.7818367346938776,1.6710607236745407
240,0.7902040816326531,1.6606318563344526
241,0.7904081632653062,1.6551886786246786
242,0.7804081632653062,1.6566466654563436
243,0.7961224489795918,1.649329833011238
244,0.7789795918367347,1.6481205842932876
245,0.7879591836734694,1.641774903706142
246,0.7893877551020408,1.6342880832905673
247,0.7936734693877551,1.6248714670843007
248,0.7936734693877551,1.6240495546496645
249,0.7975510204081633,1.6144490271198506
250,0.7955102040816326,1.6081788348178474
251,0.7944897959183673,1.613812601517658
252,0.8057142857142857,1.597153721536909
253,0.8002040816326531,1.5971071410665707
254,0.8006122448979592,1.5907952281406947
255,0.7971428571428572,1.5912707425136956
256,0.796530612244898,1.5884927906308854
257,0.7993877551020409,1.5813304869009523
258,0.8075510204081633,1.5740136998040335
259,0.8014285714285714,1.5706649153573173
260,0.7973469387755102,1.576238310580351
261,0.8051020408163265,1.5607651457494618
262,0.803265306122449,1.5621027804394159
263,0.8104081632653061,1.5526510816690873
264,0.8073469387755102,1.5491996043069023
265,0.806530612244898,1.5485462351234591
266,0.8110204081632653,1.5408623260381271
267,0.8104081632653061,1.535380896062267
268,0.8104081632653061,1.5287199896209094
269,0.8044897959183673,1.535751043241851
270,0.8148979591836735,1.522671595592888
271,0.8061224489795918,1.5212753223886295
272,0.8118367346938775,1.5178128626881813
273,0.8112244897959183,1.5083774104410288
274,0.8240816326530612,1.5039668680697071
275,0.8161224489795919,1.5014546711590826
276,0.8142857142857143,1.498322980841812
277,0.8124489795918367,1.4933121890437846
278,0.8116326530612245,1.4927095344115278
279,0.8163265306122449,1.4839405381922819
280,0.8177551020408164,1.4784358714551342
281,0.8228571428571428,1.4741727761833034
282,0.8224489795918367,1.472784731047494
283,0.8144897959183673,1.4721634816150275
284,0.8238775510204082,1.4639320010555035
285,0.8204081632653061,1.4666020846853451
286,0.8218367346938775,1.457275272583475
287,0.8124489795918367,1.4648953358007937
288,0.8230612244897959,1.4479010089562863
289,0.8291836734693877,1.4462276336124966
290,0.8248979591836735,1.444639272495192
291,0.8271428571428572,1.4336119442569966
292,0.8261224489795919,1.438702127300963
293,0.8330612244897959,1.4211063368466437
294,0.8344897959183674,1.417630624479177
295,0.8242857142857143,1.427823115562906
296,0.8242857142857143,1.4189752831750986
297,0.8277551020408164,1.41823282339135
298,0.8281632653061225,1.4159892250567065
299,0.83,1.410188798223223
300,0.8328571428571429,1.4019150035235346
301,0.8336734693877551,1.3973200875885632
302,0.8324489795918367,1.3978090824399676
303,0.8336734693877551,1.39243660615415
304,0.8424489795918367,1.3869893318293045
305,0.8371428571428572,1.3841942015472724
306,0.8404081632653061,1.3782133033324262
307,0.8304081632653061,1.3804976742608206
308,0.8389795918367347,1.3739951934619825
309,0.8436734693877551,1.3698813440361801
310,0.8385714285714285,1.3635126302680192
311,0.8418367346938775,1.3558835612511149
312,0.8406122448979592,1.3570239540022246
313,0.8385714285714285,1.3578242333081303
314,0.8377551020408164,1.35661062172481
315,0.8387755102040816,1.3513177586574943
316,0.8442857142857143,1.3430980475094854
317,0.8408163265306122,1.3437759595014611
318,0.840204081632653,1.338576863249954
319,0.8418367346938775,1.3338081414358955
320,0.8455102040816327,1.3315436141344965
321,0.8453061224489796,1.3283815978497875
322,0.8412244897959184,1.330762338832933
323,0.8481632653061224,1.3267086203244267
324,0.8426530612244898,1.3252646869542648
325,0.843265306122449,1.3159742783526984
326,0.8483673469387755,1.3127756624805684
327,0.8524489795918367,1.308992955636005
328,0.8455102040816327,1.308300934032518
329,0.8495918367346939,1.3034396527737988
330,0.8518367346938776,1.298498920518525
331,0.860204081632653,1.2837065593077213
332,0.8520408163265306,1.2950236963739201
333,0.8573469387755102,1.2884409201875024
334,0.863265306122449,1.27985063173333
335,0.850204081632653,1.2859717597766798
336,0.8518367346938776,1.2806302974662003
337,0.8530612244897959,1.2845960379619987
338,0.8526530612244898,1.2763570717402868
339,0.8510204081632653,1.2720174295075086
340,0.8573469387755102,1.2658313786253637
341,0.8493877551020408,1.2650942483240244
342,0.86,1.2573939730196584
343,0.8536734693877551,1.2616266024842555
344,0.8510204081632653,1.267010663772116
345,0.86,1.250093039298544
346,0.8642857142857143,1.2483359546077495
347,0.8712244897959184,1.2389218447159747
348,0.8689795918367347,1.237024306083212
349,0.8610204081632653,1.234250651281707
350,0.8642857142857143,1.2343892619074608
351,0.8624489795918368,1.2334134028882398
352,0.8665306122448979,1.2315896205512844
353,0.8581632653061224,1.2370332206998553
354,0.8634693877551021,1.2226293034456215
355,0.8663265306122448,1.2246440251992674
356,0.8675510204081632,1.214044368996912
357,0.8663265306122448,1.2101900512344983
358,0.873061224489796,1.2068228986311933
359,0.8689795918367347,1.2064914130191413
360,0.8683673469387755,1.209850151538849
361,0.8681632653061224,1.200341566728086
362,0.8748979591836735,1.2037735947784112
363,0.8681632653061224,1.1982627225408748
364,0.8781632653061224,1.188378801053884
365,0.8777551020408163,1.1890422313553946
366,0.8710204081632653,1.189764465799137
367,0.8708163265306123,1.1919208670635613
368,0.8702040816326531,1.1838502162816573
369,0.8744897959183674,1.1799342933966188
370,0.876734693877551,1.1836266062211018
371,0.8797959183673469,1.1703527669517362
372,0.8818367346938776,1.1712622435238897
373,0.8814285714285715,1.1668884768291397
374,0.88,1.1626803731918336
375,0.8722448979591837,1.1629671159082529
376,0.8797959183673469,1.1587956441178613
377,0.8683673469387755,1.1680545401086613
378,0.8761224489795918,1.158560363711143
379,0.8763265306122449,1.1579334304770645
380,0.8740816326530613,1.1565937063645344
381,0.8761224489795918,1.150813990028537
382,0.8824489795918368,1.1430412387847901
383,0.8848979591836734,1.1414124020751641
384,0.8885714285714286,1.1335887447668582
385,0.8844897959183673,1.1303035769170644
386,0.8814285714285715,1.136746098557297
387,0.883265306122449,1.13202144866087
388,0.8806122448979592,1.1331944019940434
389,0.8881632653061224,1.1282581354647268
390,0.8810204081632653,1.1270622492809685
391,0.8846938775510204,1.1194082760324284
392,0.8840816326530613,1.1249256909623437
393,0.8848979591836734,1.1221718454360963
394,0.8871428571428571,1.1136993275369917
395,0.8851020408163265,1.1154245550778448
396,0.8951020408163265,1.1054365090934597
397,0.886734693877551,1.1075749262984917
398,0.8920408163265307,1.0971908001023896
399,0.8926530612244898,1.0959979766242358
400,0.8877551020408163,1.1007266929198285
401,0.8965306122448979,1.0910613911005915
402,0.8906122448979592,1.0988425770584418
403,0.8877551020408163,1.09829554825413
404,0.8961224489795918,1.0852971039012986
405,0.8973469387755102,1.0820988959682232
406,0.8891836734693878,1.086155589794626
407,0.893265306122449,1.0835051887862537
408,0.8844897959183673,1.0880133907162413
409,0.8971428571428571,1.0822122498920985
410,0.8957142857142857,1.0760276472325228
411,0.893265306122449,1.077492294798092
412,0.9008163265306123,1.0675802110165966
413,0.8991836734693878,1.0642121949001235
414,0.8957142857142857,1.0679264040382541
415,0.8955102040816326,1.0738944095494796
416,0.8979591836734694,1.0647764636059196
417,0.9059183673469388,1.0564281658250458
418,0.9008163265306123,1.054692498275212
419,0.8981632653061224,1.053189261008282
420,0.899795918367347,1.0519107950950155
421,0.8977551020408163,1.054683414916603
422,0.9018367346938776,1.0443262355181635
423,0.9004081632653061,1.0463336328097752
424,0.9002040816326531,1.0458581131331774
425,0.913469387755102,1.0257841635723504
426,0.8993877551020408,1.040480783083001
427,0.9006122448979592,1.0392647951476428
428,0.9020408163265307,1.033509333279668
429,0.8991836734693878,1.0340724333938287
430,0.9038775510204081,1.0287701313836235
431,0.9053061224489796,1.028647354427649
432,0.8991836734693878,1.031923126639152
433,0.9057142857142857,1.0242983709549418
434,0.9063265306122449,1.0176393059808382
435,0.9138775510204081,1.0114136417058048
436,0.9069387755102041,1.0159206084329255
437,0.9120408163265306,1.0108338271355142
438,0.9018367346938776,1.0201151669268704
439,0.9085714285714286,1.0099242351493056
440,0.9128571428571428,1.0126973899043337
441,0.9038775510204081,1.011696869986398
442,0.9169387755102041,0.9936098789682194
443,0.9104081632653062,1.0002379775533872
444,0.9144897959183673,0.9912752215716304
445,0.9059183673469388,1.0032164706016073
446,0.9093877551020408,0.9953402164031048
447,0.9169387755102041,0.986389273624031
448,0.9193877551020408,0.9873483330376294
449,0.9085714285714286,0.9939971545277809
450,0.9106122448979592,0.990182149020993
451,0.9157142857142857,0.9899153389249529
452,0.9091836734693878,0.9821899561006195
453,0.9146938775510204,0.9777314739324608
454,0.9214285714285714,0.9681832900825812
455,0.919795918367347,0.9748371826385965
456,0.9173469387755102,0.9747208038154913
457,0.9110204081632653,0.9742793026748968
458,0.9248979591836735,0.9643606205375828
459,0.9181632653061225,0.9703304331643241
460,0.9151020408163265,0.9674813758110513
461,0.916530612244898,0.96626968369192
462,0.9191836734693878,0.9627123744147165
463,0.9248979591836735,0.952729351617852
464,0.9206122448979592,0.962192443341625
465,0.923265306122449,0.9487538309486545
466,0.9210204081632654,0.9536906037038686
467,0.919795918367347,0.9456417431636732
468,0.9242857142857143,0.9428169034451854
469,0.9195918367346939,0.947304438474227
470,0.9181632653061225,0.9482887577523991
471,0.9173469387755102,0.9492491530398933
472,0.9204081632653062,0.9421312194940995
473,0.9236734693877551,0.9399508974016929
474,0.9238775510204081,0.939930914032216
475,0.92,0.9370712981418687
476,0.9175510204081633,0.9381057018649821
477,0.926530612244898,0.926331807934508
478,0.9208163265306123,0.9316630529870792
479,0.9224489795918367,0.9343190785816737
480,0.92,0.9304287010796216
481,0.9246938775510204,0.9249271592315362
482,0.9222448979591836,0.9247170365586572
483,0.9224489795918367,0.9217266359621165
484,0.9236734693877551,0.9162435325311155
485,0.926530612244898,0.9183515120039181
486,0.9314285714285714,0.9096946183516055
487,0.9246938775510204,0.9115640423249225
488,0.9220408163265306,0.924203983472318
489,0.9285714285714286,0.9106711551121303
490,0.9355102040816327,0.9013327350908397
491,0.9371428571428572,0.8939050853495695
492,0.9253061224489796,0.9131494876803185
493,0.9285714285714286,0.911200950291692
494,0.9295918367346939,0.9027617829673145
495,0.9318367346938775,0.8972890268539896
496,0.9306122448979591,0.9023269653320313
497,0.9348979591836735,0.8909196134002841
498,0.9228571428571428,0.9046643775823165
499,0.9238775510204081,0.8975199803040952
