epoch,categorical_accuracy,loss
0,0.5785714285714286,5.103981245780478
1,0.5636734693877551,4.288284541149529
2,0.54,3.9488249663917387
3,0.5289795918367347,3.776542831537675
4,0.519795918367347,3.7063868579085995
5,0.5212244897959184,3.636883704321725
6,0.5169387755102041,3.565368790918467
7,0.5304081632653062,3.470181072974692
8,0.5210204081632653,3.4040870876701512
9,0.5118367346938776,3.3879892968158334
10,0.5206122448979592,3.2906476454832116
11,0.5404081632653062,3.261157152798711
12,0.5304081632653062,3.225415577596548
13,0.5259183673469388,3.19833244810299
14,0.5355102040816326,3.156061211800089
15,0.5383673469387755,3.1028250427635347
16,0.5226530612244898,3.0996831321716307
17,0.5222448979591837,3.0953760168503743
18,0.5420408163265306,3.0423066907999465
19,0.54,3.0271258527405407
20,0.5408163265306123,3.000871619399713
21,0.5393877551020408,2.991128678419152
22,0.5412244897959184,2.9780398234542536
23,0.5424489795918367,2.951928423862068
24,0.5463265306122449,2.9300120528863403
25,0.5232653061224489,2.937912290534195
26,0.5357142857142857,2.9329012053353445
27,0.5304081632653062,2.9064729859877607
28,0.549795918367347,2.8762776620047434
29,0.5438775510204081,2.8728688300385765
30,0.5420408163265306,2.8632911573137556
31,0.5310204081632653,2.869762764950188
32,0.5375510204081633,2.8490032735162854
33,0.5436734693877551,2.836541526171626
34,0.5420408163265306,2.8253491156441823
35,0.54,2.8213810420522885
36,0.5446938775510204,2.8098911995790443
37,0.5436734693877551,2.800880012512207
38,0.5520408163265306,2.783299057240389
39,0.5446938775510204,2.789483913888737
40,0.5351020408163265,2.7754535330558308
41,0.5538775510204081,2.768296141916392
42,0.5406122448979592,2.7609125837987785
43,0.5448979591836735,2.7490198123698333
44,0.5483673469387755,2.740960642172366
45,0.5555102040816327,2.7325469238904057
46,0.5561224489795918,2.7240479572451846
47,0.556530612244898,2.718426396311546
48,0.5646938775510204,2.7052105802419235
49,0.5559183673469388,2.698393692678335
50,0.5432653061224489,2.709181431945489
51,0.556734693877551,2.6900415138322478
52,0.5622448979591836,2.6843642692176664
53,0.5595918367346939,2.6763198961530414
54,0.5628571428571428,2.664544695250842
55,0.5673469387755102,2.653879744471336
56,0.5636734693877551,2.6535049969809394
57,0.5744897959183674,2.638237236567906
58,0.5704081632653061,2.6323636054992674
59,0.556734693877551,2.6384785019621555
60,0.5691836734693878,2.6169389642987935
61,0.5620408163265306,2.6163420864027374
62,0.5714285714285714,2.6113504180129694
63,0.5746938775510204,2.5995878599127944
64,0.5626530612244898,2.597784829042396
65,0.5742857142857143,2.589081685007835
66,0.5806122448979592,2.5728197689445653
67,0.5806122448979592,2.5705496844466853
68,0.5710204081632653,2.5647196197509765
69,0.5781632653061225,2.5505060735040783
70,0.5810204081632653,2.544175322591042
71,0.5736734693877551,2.548440698312253
72,0.5730612244897959,2.538746031352452
73,0.5744897959183674,2.5355929218992896
74,0.5889795918367347,2.513729359179127
75,0.5857142857142857,2.5053091261338216
76,0.5828571428571429,2.5083576455408214
77,0.5769387755102041,2.5010775034768242
78,0.5795918367346938,2.4968988638508076
79,0.5863265306122449,2.4837374173378457
80,0.5812244897959183,2.4793629955758854
81,0.5928571428571429,2.467589390813088
82,0.5814285714285714,2.4697355881515812
83,0.5893877551020408,2.4579646250666403
84,0.5916326530612245,2.4499905165847466
85,0.5983673469387755,2.4363061453371633
86,0.5944897959183674,2.4383556525561274
87,0.5857142857142857,2.4343564996913987
88,0.5953061224489796,2.420929139001029
89,0.5997959183673469,2.418184567665567
90,0.5946938775510204,2.4112340417200206
91,0.5938775510204082,2.407741531839176
92,0.5924489795918367,2.398888390015583
93,0.5951020408163266,2.3912670678508525
94,0.5912244897959184,2.385860094342913
95,0.6018367346938776,2.3710183110529064
96,0.6034693877551021,2.362307554556399
97,0.6012244897959184,2.3599064151608213
98,0.6042857142857143,2.3568407817762727
99,0.6161224489795918,2.3430462745744354
100,0.6055102040816327,2.3331757422855923
101,0.6022448979591837,2.330834981568006
102,0.6122448979591837,2.3203053585363893
103,0.6030612244897959,2.3212155032644466
104,0.6075510204081632,2.3142246394254724
105,0.6206122448979592,2.3044161041415467
106,0.6140816326530613,2.2955085230846795
107,0.6259183673469387,2.279298739919857
108,0.6097959183673469,2.283568668754733
109,0.6306122448979592,2.2713365473066056
110,0.6318367346938776,2.2651425511496406
111,0.6185714285714285,2.254822379520961
112,0.616938775510204,2.251713632661469
113,0.6238775510204082,2.2456289281650466
114,0.6316326530612245,2.2384905130036024
115,0.6216326530612245,2.2344389305309376
116,0.6248979591836735,2.2249893227402047
117,0.6328571428571429,2.21840678429117
118,0.623061224489796,2.2180166900401215
119,0.6222448979591837,2.2114661859979434
120,0.6136734693877551,2.2038862839523627
121,0.6163265306122448,2.200337800784987
122,0.6297959183673469,2.183788666822472
123,0.623265306122449,2.182591996874128
124,0.6371428571428571,2.1660143647875105
125,0.6334693877551021,2.165466873207871
126,0.6293877551020408,2.1641640752675584
127,0.633265306122449,2.1546968272267555
128,0.6408163265306123,2.1509341346974273
129,0.6381632653061224,2.1411078853996433
130,0.6351020408163265,2.1349239960495305
131,0.6373469387755102,2.125689936073459
132,0.6418367346938776,2.1170223993184614
133,0.6297959183673469,2.117065687276879
134,0.6365306122448979,2.1099187134723274
135,0.6412244897959184,2.1018465783644698
136,0.6310204081632653,2.1038122807716837
137,0.6412244897959184,2.091663016299812
138,0.646734693877551,2.0826149453922196
139,0.6426530612244898,2.0782344202119476
140,0.6457142857142857,2.07072801200711
141,0.6312244897959184,2.0677572954917443
142,0.6479591836734694,2.0538720588294828
143,0.6359183673469387,2.054867929536469
144,0.6475510204081633,2.0478069327802073
145,0.6540816326530612,2.0360922294733474
146,0.6495918367346939,2.0336796358653477
147,0.6483673469387755,2.0272020100574104
148,0.6424489795918368,2.0250937426820093
149,0.6481632653061224,2.0149104560151394
150,0.6542857142857142,2.0057273563073608
151,0.6559183673469388,2.001427804012688
152,0.6544897959183673,1.9916913410108916
153,0.6504081632653061,1.9936811442277869
154,0.6638775510204081,1.985681817482929
155,0.6540816326530612,1.9772173820223127
156,0.6653061224489796,1.9692217164136925
157,0.6587755102040816,1.9665243773557701
158,0.6522448979591837,1.9600036087814643
159,0.6591836734693878,1.9551544398677592
160,0.6591836734693878,1.9529609537124635
161,0.6563265306122449,1.9499469010683954
162,0.6630612244897959,1.9377577733020392
163,0.6528571428571428,1.9373746486585968
164,0.6644897959183673,1.9288590518795714
165,0.6589795918367347,1.9255655661407782
166,0.6591836734693878,1.9209712736947195
167,0.6563265306122449,1.9173241290267633
168,0.6718367346938775,1.9071925513598385
169,0.6622448979591836,1.9009964067108778
170,0.6624489795918367,1.89628437217401
171,0.6646938775510204,1.893880789523222
172,0.6655102040816326,1.8885919277035461
173,0.6704081632653062,1.8797891215888822
174,0.6626530612244897,1.8753104753883518
175,0.6702040816326531,1.8696167011650242
176,0.6822448979591836,1.8610965734598588
177,0.6789795918367347,1.8561409646637586
178,0.6724489795918367,1.8566896781142876
179,0.673265306122449,1.8491805085357356
180,0.6771428571428572,1.8425871020920424
181,0.6691836734693878,1.8383642533360696
182,0.6744897959183673,1.8356289791574283
183,0.6669387755102041,1.8278086346022937
184,0.6712244897959184,1.8310210587053883
185,0.6777551020408163,1.8183163476476865
186,0.6744897959183673,1.8138175848552158
187,0.6785714285714286,1.8057015359644988
188,0.676734693877551,1.8086534060264121
189,0.6704081632653062,1.8015708321941142
190,0.679795918367347,1.7951017816699282
191,0.693469387755102,1.786401164774992
192,0.6818367346938775,1.7876998063496181
193,0.6806122448979591,1.7814917677275988
194,0.6806122448979591,1.7774620621544974
195,0.6922448979591836,1.7656956948066245
196,0.6955102040816327,1.7601809708926142
197,0.6846938775510204,1.7644346073695591
198,0.6875510204081633,1.757023398924847
199,0.6838775510204081,1.7533806632489575
200,0.689795918367347,1.7449903437556054
201,0.6936734693877551,1.736446113878367
202,0.6920408163265306,1.7373224323623035
203,0.6981632653061225,1.7371320025774897
204,0.6881632653061225,1.7318121470237264
205,0.6891836734693878,1.7225596205069094
206,0.6940816326530612,1.71864546464414
207,0.6879591836734694,1.7137457074924392
208,0.6961224489795919,1.7053385149702733
209,0.6875510204081633,1.7080268179640479
210,0.6842857142857143,1.708461271110846
211,0.6848979591836735,1.7042729409860105
212,0.6963265306122449,1.6923268885515175
213,0.7010204081632653,1.6847789436457108
214,0.6953061224489796,1.6843665934582146
215,0.7,1.6804294865471976
216,0.6953061224489796,1.6804830790539178
217,0.6889795918367347,1.676267363003322
218,0.7044897959183674,1.667173191187333
219,0.7089795918367346,1.6600292454933634
220,0.7006122448979591,1.6639082005559183
221,0.6997959183673469,1.6607792075799437
222,0.7014285714285714,1.6465527947094976
223,0.6997959183673469,1.646125997621186
224,0.7055102040816327,1.6428317255876501
225,0.6993877551020408,1.6398992204666138
226,0.6993877551020408,1.6380273464747837
227,0.710204081632653,1.6265241833122408
228,0.7077551020408164,1.6264266757575834
229,0.7163265306122449,1.620079933672535
230,0.7067346938775511,1.618272164013921
231,0.7053061224489796,1.616537703300009
232,0.7042857142857143,1.6108469604959292
233,0.713469387755102,1.6042892715882282
234,0.7191836734693877,1.5995045583102168
235,0.7063265306122449,1.6002443675605618
236,0.7120408163265306,1.5974267907045325
237,0.7122448979591837,1.595363528387887
238,0.7206122448979592,1.5879128449303763
239,0.7083673469387755,1.5872462549014967
240,0.7206122448979592,1.5837969682654556
241,0.7210204081632653,1.576212519723542
242,0.7189795918367347,1.5738933519441254
243,0.7067346938775511,1.5754095815152538
244,0.720204081632653,1.5715979745436688
245,0.7236734693877551,1.5600897647896592
246,0.7191836734693877,1.5635766766022663
247,0.720204081632653,1.5535590678818372
248,0.7218367346938775,1.5497472859402093
249,0.7206122448979592,1.548368998741617
250,0.7169387755102041,1.5455040637814268
251,0.7179591836734693,1.5370525277390772
252,0.7271428571428571,1.5311894958846424
253,0.730204081632653,1.5289061173614191
254,0.7195918367346938,1.534828259215063
255,0.7244897959183674,1.5230684903203224
256,0.7234693877551021,1.5232333676669063
257,0.7236734693877551,1.5199488197054183
258,0.7261224489795919,1.5140469406089003
259,0.7210204081632653,1.511965024811881
260,0.726530612244898,1.511007689943119
261,0.7271428571428571,1.5051112104921924
262,0.7259183673469388,1.5030670459903017
263,0.7193877551020408,1.503364272993438
264,0.7244897959183674,1.4943369911154922
265,0.7273469387755102,1.491365212031773
266,0.7195918367346938,1.4884262236770318
267,0.7308163265306122,1.4827330310977236
268,0.7293877551020408,1.4813428882676727
269,0.7324489795918367,1.4749986275848077
270,0.7285714285714285,1.4754709882152324
271,0.7379591836734694,1.4658817853732984
272,0.7353061224489796,1.4639384786450134
273,0.7306122448979592,1.4695899129400447
274,0.7338775510204082,1.4632253198234402
275,0.733265306122449,1.4572991159010906
276,0.7359183673469388,1.4573863580275555
277,0.7408163265306122,1.4506259796570757
278,0.7344897959183674,1.4498631362525785
279,0.7438775510204082,1.444843255938316
280,0.7283673469387755,1.447273088766604
281,0.7377551020408163,1.4392054343710141
282,0.7436734693877551,1.4387155466663595
283,0.736938775510204,1.4347315143079173
284,0.743061224489796,1.4320247838935074
285,0.746938775510204,1.4159325217227547
286,0.74,1.4289869045724675
287,0.7385714285714285,1.4222353699742531
288,0.7463265306122449,1.4141726461721926
289,0.7479591836734694,1.4120820781162806
290,0.7426530612244898,1.4104059750693185
291,0.7410204081632653,1.4090049104301297
292,0.7514285714285714,1.3995540655875693
293,0.746938775510204,1.4025938497757424
294,0.7522448979591837,1.398317453715266
295,0.7459183673469387,1.39534856883847
296,0.7475510204081632,1.393988846662093
297,0.746938775510204,1.3900780415048404
298,0.7440816326530613,1.386021336925273
299,0.7483673469387755,1.3901439706646666
300,0.7418367346938776,1.3814964307084376
301,0.7436734693877551,1.3836916586817527
302,0.7534693877551021,1.373476265206629
303,0.7522448979591837,1.3750770268148305
304,0.7471428571428571,1.3746330144454022
305,0.7471428571428571,1.3718264998221883
306,0.756734693877551,1.3635101229803903
307,0.7438775510204082,1.3671260912564336
308,0.7428571428571429,1.3642278927199694
309,0.7489795918367347,1.3603473532929713
310,0.7463265306122449,1.3593996622124496
311,0.7471428571428571,1.3552259533745903
312,0.7542857142857143,1.3529737451125163
313,0.7593877551020408,1.3436904363242947
314,0.756938775510204,1.3430538050982417
315,0.7571428571428571,1.3403163254017734
316,0.7553061224489795,1.3414673839296614
317,0.7573469387755102,1.3361184499701675
318,0.7573469387755102,1.3320976412053012
319,0.7528571428571429,1.3339887976159854
320,0.7640816326530612,1.3255648079696967
321,0.7618367346938776,1.3164582718635092
322,0.7559183673469387,1.3265174402509416
323,0.7614285714285715,1.3177245972107867
324,0.7595918367346939,1.3171614982643907
325,0.763265306122449,1.3139836204295257
326,0.7583673469387755,1.3126682945173613
327,0.7708163265306123,1.3045850882238272
328,0.7581632653061224,1.310435729805304
329,0.7655102040816326,1.3012023172573168
330,0.7695918367346939,1.2993414852570515
331,0.7691836734693878,1.294789890561785
332,0.7651020408163265,1.3010580654533541
333,0.7742857142857142,1.2853989903780878
334,0.7646938775510204,1.2967265543645743
335,0.7644897959183673,1.2915409945468512
336,0.7646938775510204,1.2852739684435786
337,0.7693877551020408,1.2915244709715552
338,0.7706122448979592,1.277352724853827
339,0.773469387755102,1.2797221733599293
340,0.7714285714285715,1.2741345981675751
341,0.7677551020408163,1.279374901810471
342,0.7810204081632653,1.2667607222771158
343,0.7714285714285715,1.2643567310060773
344,0.7689795918367347,1.2670680931636265
345,0.773469387755102,1.2578930213500041
346,0.7859183673469388,1.2568353959492276
347,0.7720408163265307,1.2649494792004021
348,0.7763265306122449,1.2537361022404263
349,0.7744897959183673,1.2596387663666082
350,0.77,1.257946561404637
351,0.7789795918367347,1.244259771716838
352,0.7738775510204081,1.2522520784455902
353,0.7765306122448979,1.2490695618609993
354,0.7753061224489796,1.2412421281970276
355,0.7808163265306123,1.2436766524217566
356,0.779795918367347,1.2380496763696476
357,0.7853061224489796,1.231968484800689
358,0.7726530612244898,1.2376330750329154
359,0.7818367346938776,1.2326422572622493
360,0.7759183673469388,1.2323184871673585
361,0.7855102040816326,1.2232512844825278
362,0.7789795918367347,1.2214954012267443
363,0.779795918367347,1.2224889478878098
364,0.7810204081632653,1.2223082431481809
365,0.7789795918367347,1.2187017806695433
366,0.7832653061224489,1.2157596720481405
367,0.7904081632653062,1.208378665106637
368,0.7818367346938776,1.2123916410913274
369,0.7859183673469388,1.2064061274820443
370,0.7853061224489796,1.2062502871727456
371,0.7887755102040817,1.201203553725262
372,0.7824489795918367,1.206141534727447
373,0.786530612244898,1.1967096426049058
374,0.7877551020408163,1.2000240425187714
375,0.7861224489795918,1.1966158932082507
376,0.7887755102040817,1.1951216226694534
377,0.7910204081632654,1.1899927242434756
378,0.7906122448979592,1.1873071271546034
379,0.7869387755102041,1.1987390616961888
380,0.7906122448979592,1.1841978636566473
381,0.7912244897959184,1.1859282483859939
382,0.7885714285714286,1.1818094572728994
383,0.7948979591836735,1.1781224905714698
384,0.7926530612244898,1.1731264795575822
385,0.7875510204081633,1.180729709644707
386,0.7875510204081633,1.1789781019638996
387,0.8002040816326531,1.1632516644925488
388,0.793469387755102,1.168418602456852
389,0.7975510204081633,1.1715973055119417
390,0.7946938775510204,1.1605406445873028
391,0.7989795918367347,1.162944268791043
392,0.7928571428571428,1.167808347429548
393,0.7995918367346939,1.1584337061278673
394,0.8026530612244898,1.1496312513156812
395,0.7981632653061225,1.1559402957741096
396,0.7924489795918367,1.1593268206654763
397,0.7953061224489796,1.149412026259364
398,0.8002040816326531,1.1470645289518395
399,0.7906122448979592,1.1506131311338774
400,0.8053061224489796,1.140917501449585
401,0.7953061224489796,1.1480050579869017
402,0.7995918367346939,1.1415536823564647
403,0.806734693877551,1.1356429294664032
404,0.7963265306122449,1.139236059772725
405,0.81,1.1267167198414705
406,0.803469387755102,1.1331632549908697
407,0.8016326530612244,1.12760383513509
408,0.7957142857142857,1.1333830016973068
409,0.8010204081632653,1.1296693232594703
410,0.8044897959183673,1.1225919366369441
411,0.8002040816326531,1.1285533906002434
412,0.8142857142857143,1.1211177280970983
413,0.7995918367346939,1.124399685275798
414,0.8095918367346939,1.1217970101687373
415,0.8044897959183673,1.1223353743553162
416,0.8081632653061225,1.1121687931917152
417,0.8112244897959183,1.1073344297798313
418,0.8024489795918367,1.114963836669922
419,0.8087755102040817,1.1048250394937944
420,0.8093877551020409,1.1057777934171715
421,0.8059183673469388,1.1037903442674755
422,0.8075510204081633,1.1099041934402623
423,0.8173469387755102,1.0956029100320777
424,0.8036734693877551,1.1062460216210812
425,0.8128571428571428,1.0985941117150444
426,0.8191836734693878,1.0895776369133774
427,0.8079591836734694,1.0964099305989792
428,0.8077551020408164,1.0898175511068227
429,0.8187755102040817,1.08324741957139
430,0.8073469387755102,1.090719593398425
431,0.8197959183673469,1.0804031863017958
432,0.8140816326530612,1.0861091997185532
433,0.8104081632653061,1.0829058448149234
434,0.809795918367347,1.0920380029386403
435,0.8142857142857143,1.0840661087814643
436,0.8181632653061225,1.0738055168852514
437,0.8175510204081633,1.0771459724465196
438,0.8159183673469388,1.0713325707766475
439,0.8191836734693878,1.0739698330236942
440,0.8257142857142857,1.0637130344157317
441,0.8122448979591836,1.0755649804095833
442,0.8124489795918367,1.0744647798246267
443,0.8171428571428572,1.0713074119723573
444,0.8193877551020409,1.064454407545985
445,0.8187755102040817,1.0677111738555285
446,0.8246938775510204,1.0568377922992318
447,0.816530612244898,1.0573975719724382
448,0.8212244897959183,1.062912402590927
449,0.8236734693877551,1.055476420509572
450,0.8130612244897959,1.063702624087431
451,0.8228571428571428,1.0528200975729494
452,0.8295918367346938,1.0467484423579
453,0.8173469387755102,1.0535772580516582
454,0.8283673469387756,1.0451997067003833
455,0.820204081632653,1.049790893963405
456,0.8336734693877551,1.0338831203811023
457,0.823265306122449,1.0488647431743388
458,0.8285714285714286,1.033886828909115
459,0.8314285714285714,1.0352265634828683
460,0.8240816326530612,1.0415791769416964
461,0.8281632653061225,1.029818107984504
462,0.8277551020408164,1.0302247134033515
463,0.8293877551020408,1.038946790159965
464,0.8246938775510204,1.036554434640067
465,0.8287755102040816,1.035096818184366
466,0.8316326530612245,1.0304895417057738
467,0.8389795918367347,1.026285897177093
468,0.8351020408163266,1.024862699119412
469,0.8295918367346938,1.0215501548806016
470,0.8353061224489796,1.0184963453059295
471,0.8314285714285714,1.0201217522913095
472,0.8346938775510204,1.015393199628713
473,0.8259183673469388,1.0197819211531658
474,0.8353061224489796,1.0121987842053783
475,0.8393877551020408,1.0096010217861253
476,0.8348979591836735,1.0122488313791702
477,0.84,1.0079359570814639
478,0.8377551020408164,1.006305980001177
479,0.836530612244898,1.0046514114068479
480,0.833265306122449,1.00603360322057
481,0.8324489795918367,1.00878966438527
482,0.8387755102040816,1.0044678979990433
483,0.8383673469387755,0.9979702443979225
484,0.8422448979591837,0.9905820390156337
485,0.8367346938775511,0.9997932401968508
486,0.8440816326530612,0.9934074266589418
487,0.840204081632653,0.9922062935147966
488,0.8424489795918367,0.9922970500284312
489,0.8381632653061224,0.9893540613018736
490,0.8418367346938775,0.9899891495704651
491,0.8375510204081633,0.9917356910997508
492,0.8389795918367347,0.9895947145442573
493,0.8393877551020408,0.9834003756970775
494,0.8510204081632653,0.9791278017297083
495,0.8453061224489796,0.9758559967547047
496,0.8453061224489796,0.9847901219251205
497,0.8510204081632653,0.9698651779914389
498,0.8436734693877551,0.9766646518999217
499,0.8428571428571429,0.9776790930786912
