epoch,categorical_accuracy,loss
0,0.46510204081632656,5.362205672361413
1,0.4893877551020408,4.77688126855967
2,0.4804081632653061,4.530243328250184
3,0.48653061224489796,4.335685055596488
4,0.48367346938775513,4.194619454753642
5,0.4897959183673469,4.105706377807929
6,0.5079591836734694,3.971107839078319
7,0.49673469387755104,3.915074733811982
8,0.49244897959183676,3.8277224244876784
9,0.4983673469387755,3.736843380441471
10,0.5,3.6813858917781284
11,0.4851020408163265,3.664408493041992
12,0.503061224489796,3.5610563803692252
13,0.5293877551020408,3.4775161875510703
14,0.5024489795918368,3.469389349489796
15,0.5136734693877552,3.432991544567809
16,0.5114285714285715,3.4225829579878826
17,0.5079591836734694,3.367976672503413
18,0.5120408163265306,3.3447002572429425
19,0.5181632653061224,3.3093423880362995
20,0.5185714285714286,3.300409680385979
21,0.5187755102040816,3.2741729481366217
22,0.5138775510204082,3.2457167160267733
23,0.509795918367347,3.2200750574773673
24,0.51,3.213461972645351
25,0.5128571428571429,3.2023910318102153
26,0.5126530612244898,3.1981077344076976
27,0.5222448979591837,3.150972896108822
28,0.5179591836734694,3.146043346755359
29,0.5128571428571429,3.134563513775261
30,0.5106122448979592,3.13123449889981
31,0.5208163265306123,3.105379608893881
32,0.5020408163265306,3.1071973822068193
33,0.5202040816326531,3.075040825240466
34,0.5212244897959184,3.0662539645603726
35,0.52,3.047678076491064
36,0.5208163265306123,3.0350552930637282
37,0.5075510204081632,3.042237828313088
38,0.5144897959183673,3.0249722165477517
39,0.5295918367346939,3.0013931725949656
40,0.5242857142857142,3.0133665073161224
41,0.5218367346938776,2.991882825968217
42,0.5112244897959184,2.9843341379749533
43,0.5273469387755102,2.978155878806601
44,0.5228571428571429,2.9573734297071184
45,0.5281632653061225,2.9638747386543116
46,0.5083673469387755,2.963605860496054
47,0.5059183673469387,2.961933528939072
48,0.5371428571428571,2.9344486779582746
49,0.5257142857142857,2.9283581204317053
50,0.5214285714285715,2.929063629812124
51,0.5330612244897959,2.900926918886146
52,0.523673469387755,2.910821755078374
53,0.5408163265306123,2.8844129215941137
54,0.5391836734693878,2.8871020788075974
55,0.519795918367347,2.883793473341027
56,0.526734693877551,2.880511003416412
57,0.5304081632653062,2.8764949874488677
58,0.5271428571428571,2.8721108783021263
59,0.5244897959183673,2.857969669809147
60,0.5320408163265307,2.8615782895380137
61,0.53,2.853448021363239
62,0.5224489795918368,2.844232304047565
63,0.5377551020408163,2.83494150550998
64,0.5306122448979592,2.820404794848695
65,0.5363265306122449,2.8161062055704544
66,0.5357142857142857,2.817571320631066
67,0.5369387755102041,2.8033240055551336
68,0.5324489795918367,2.8031702349137286
69,0.533469387755102,2.793969289040079
70,0.5442857142857143,2.776932765610364
71,0.5285714285714286,2.782940598312689
72,0.5524489795918367,2.770720567703247
73,0.5216326530612245,2.771580544685831
74,0.536734693877551,2.765032444389499
75,0.5414285714285715,2.7563176310792263
76,0.5416326530612245,2.7430843872926673
77,0.5455102040816326,2.738862834463314
78,0.5316326530612245,2.7468820593308427
79,0.5516326530612244,2.730094053307358
80,0.5451020408163265,2.7246160316467285
81,0.5536734693877551,2.7154810518147996
82,0.5559183673469388,2.7051053146440154
83,0.546734693877551,2.7062042057270905
84,0.5479591836734694,2.701322471268323
85,0.553265306122449,2.6886395643195327
86,0.5514285714285714,2.6820716324631046
87,0.5436734693877551,2.6815808490831023
88,0.5579591836734694,2.668155822170024
89,0.5612244897959183,2.665658967348994
90,0.5479591836734694,2.6653075813760565
91,0.5522448979591836,2.659335194023288
92,0.5469387755102041,2.649795470918928
93,0.553469387755102,2.644311118612484
94,0.5542857142857143,2.6338751111711773
95,0.5608163265306122,2.6340462933754436
96,0.5508163265306123,2.6327551707442924
97,0.55,2.621411372204216
98,0.5555102040816327,2.6186451224891507
99,0.5712244897959183,2.5995454073925406
100,0.5608163265306122,2.6014035415649412
101,0.5642857142857143,2.596632560613204
102,0.556530612244898,2.59274856178128
103,0.5622448979591836,2.583911061773495
104,0.5655102040816327,2.5775947467648255
105,0.5608163265306122,2.570458849692831
106,0.5748979591836735,2.562847380735436
107,0.5630612244897959,2.5578436086615737
108,0.5695918367346938,2.5557932464443907
109,0.5728571428571428,2.543037962426945
110,0.5661224489795919,2.547668526902491
111,0.576530612244898,2.5358971768982554
112,0.5838775510204082,2.5222982342389164
113,0.5679591836734694,2.5223470938935573
114,0.5881632653061224,2.5094442603052878
115,0.5720408163265306,2.5101886544908796
116,0.5840816326530612,2.502787682474876
117,0.5651020408163265,2.5033282836602657
118,0.5818367346938775,2.4932035884078667
119,0.5769387755102041,2.4847948255344314
120,0.5704081632653061,2.480360528400966
121,0.5861224489795919,2.468016077936912
122,0.5791836734693877,2.475583270131325
123,0.5783673469387756,2.4668873596191405
124,0.5785714285714286,2.4618673480286892
125,0.5812244897959183,2.452188041453459
126,0.5789795918367346,2.4433588222581513
127,0.5926530612244898,2.4265183304767217
128,0.5806122448979592,2.4337282106827716
129,0.5904081632653061,2.42454155921936
130,0.5883673469387755,2.419800660269601
131,0.5920408163265306,2.414312697235419
132,0.5940816326530612,2.3988297082939924
133,0.5851020408163266,2.4052971756215
134,0.583265306122449,2.402415240346169
135,0.5938775510204082,2.3871814293764078
136,0.6053061224489796,2.381793069060968
137,0.5975510204081632,2.379012188619497
138,0.5877551020408164,2.3773283635353555
139,0.6042857142857143,2.364680782045637
140,0.606326530612245,2.3562935439907773
141,0.6038775510204082,2.3463656538359974
142,0.5973469387755102,2.3535033617214283
143,0.606326530612245,2.3409121178607553
144,0.5838775510204082,2.33961964062282
145,0.5944897959183674,2.3324956228295153
146,0.6077551020408163,2.330293104405306
147,0.600204081632653,2.317945368435918
148,0.6073469387755102,2.3107670312998247
149,0.6034693877551021,2.3105946978744196
150,0.5983673469387755,2.3030025108493106
151,0.5959183673469388,2.2983411460020102
152,0.6057142857142858,2.2944974375744254
153,0.6026530612244898,2.2841443540612048
154,0.6059183673469388,2.278776320437996
155,0.6112244897959184,2.274055799172849
156,0.6171428571428571,2.2593891484396798
157,0.6083673469387755,2.265438909141385
158,0.5969387755102041,2.258271246540303
159,0.6126530612244898,2.249785811365867
160,0.6108163265306122,2.2499224680297227
161,0.6216326530612245,2.2359656530497025
162,0.6110204081632653,2.2376141555941835
163,0.6110204081632653,2.230881949930775
164,0.6177551020408163,2.2215751097153644
165,0.6110204081632653,2.222773858479091
166,0.6136734693877551,2.2163740379956303
167,0.6075510204081632,2.210624070459483
168,0.6210204081632653,2.198602057865688
169,0.62,2.1968245763194805
170,0.6218367346938776,2.190449190723653
171,0.6034693877551021,2.1908618993175275
172,0.6110204081632653,2.178187741746708
173,0.6189795918367347,2.177830086532904
174,0.6197959183673469,2.172380154862696
175,0.6185714285714285,2.1671949731087197
176,0.6206122448979592,2.1544313265352835
177,0.6295918367346939,2.153609910595174
178,0.6324489795918368,2.149398392463217
179,0.6293877551020408,2.1411011925522163
180,0.6208163265306123,2.139614691053118
181,0.62,2.135210775842472
182,0.6224489795918368,2.130776692215277
183,0.6287755102040816,2.1206405993870328
184,0.6220408163265306,2.118993693371208
185,0.6212244897959184,2.1159136196058626
186,0.6277551020408163,2.1119729705732695
187,0.616938775510204,2.1054758860140432
188,0.6263265306122449,2.099014365721722
189,0.6191836734693877,2.0955699319255596
190,0.6320408163265306,2.082995004459303
191,0.6273469387755102,2.0834851833265655
192,0.6291836734693877,2.0819601084261525
193,0.6246938775510205,2.0713841630974597
194,0.6381632653061224,2.064111077444894
195,0.6224489795918368,2.0672937727947622
196,0.6297959183673469,2.063587506158011
197,0.6246938775510205,2.0557311852124274
198,0.6326530612244898,2.047448077688412
199,0.6340816326530613,2.0404194683931314
200,0.6224489795918368,2.0396309054627713
201,0.6404081632653061,2.0313990225110734
202,0.6224489795918368,2.0353535268744642
203,0.6312244897959184,2.02739130214769
204,0.6261224489795918,2.018591054604978
205,0.6226530612244898,2.0180938489096505
206,0.6340816326530613,2.008085501631912
207,0.643061224489796,2.0060854645164645
208,0.6379591836734694,2.000918639533374
209,0.6355102040816326,1.997281769343785
210,0.6312244897959184,1.993227354555714
211,0.6393877551020408,1.9893053588088678
212,0.6363265306122449,1.9832225702246842
213,0.6306122448979592,1.9820942380476971
214,0.6373469387755102,1.9724585678139512
215,0.6395918367346939,1.9710649163382394
216,0.6428571428571429,1.9598206132772018
217,0.6389795918367347,1.9555567176001412
218,0.6420408163265307,1.9538462652478898
219,0.6444897959183673,1.9490112300794953
220,0.6459183673469387,1.9418303023552408
221,0.6395918367346939,1.9434734282201651
222,0.64,1.9397401776605723
223,0.6428571428571429,1.9303435968866154
224,0.6504081632653061,1.9258566611153738
225,0.639795918367347,1.9212067722787662
226,0.6491836734693878,1.9121917485217659
227,0.6438775510204081,1.91560133067929
228,0.6540816326530612,1.9066851868921397
229,0.646734693877551,1.90129514120063
230,0.6428571428571429,1.9024504573004586
231,0.6453061224489796,1.8966822402331294
232,0.6402040816326531,1.8952688563599878
233,0.6481632653061224,1.8872363095380822
234,0.6469387755102041,1.8835355083309875
235,0.6487755102040816,1.8762488749562478
236,0.6408163265306123,1.874420689174107
237,0.64,1.876852536493418
238,0.6469387755102041,1.8674743892708603
239,0.6446938775510204,1.865535597606581
240,0.6463265306122449,1.8637307615669405
241,0.653469387755102,1.8538809906706517
242,0.6522448979591837,1.849912514200016
243,0.6575510204081633,1.8394645446660567
244,0.6487755102040816,1.8422568531425632
245,0.6414285714285715,1.8444749059482497
246,0.6520408163265307,1.8322718827578486
247,0.6516326530612245,1.828989149015777
248,0.6516326530612245,1.8210829179140986
249,0.6646938775510204,1.8163927340994075
250,0.6612244897959184,1.8185706195052789
251,0.6557142857142857,1.8119138742952932
252,0.6595918367346939,1.8040726140080665
253,0.6563265306122449,1.8022495413799675
254,0.6510204081632653,1.8027215552816587
255,0.6622448979591836,1.795174790401848
256,0.6593877551020408,1.7902683125710002
257,0.6493877551020408,1.7934590525529823
258,0.6657142857142857,1.7831846088292647
259,0.6563265306122449,1.7870736519171266
260,0.6510204081632653,1.7780542587747379
261,0.659795918367347,1.774286544760879
262,0.6673469387755102,1.7668029511704737
263,0.6581632653061225,1.7666102763584681
264,0.6610204081632653,1.7619484995822516
265,0.6659183673469388,1.7601501207935566
266,0.6577551020408163,1.7550484976476552
267,0.6542857142857142,1.7562454544768042
268,0.6753061224489796,1.7451027094587988
269,0.669795918367347,1.7387670644448727
270,0.6755102040816326,1.7315929192912822
271,0.6581632653061225,1.7340505032636682
272,0.6685714285714286,1.7326577070781162
273,0.6602040816326531,1.7286994182820223
274,0.6738775510204081,1.7169476625870685
275,0.6746938775510204,1.7198223937287622
276,0.6840816326530612,1.709020394500421
277,0.6642857142857143,1.7161068941622364
278,0.6755102040816326,1.70876450295351
279,0.673469387755102,1.7021401035542392
280,0.6677551020408163,1.7016834561678829
281,0.6693877551020408,1.7002996501144099
282,0.6714285714285714,1.6921923100218481
283,0.67,1.689327896273866
284,0.673469387755102,1.6818704513627656
285,0.6775510204081633,1.6804339585985457
286,0.6771428571428572,1.6822510987885144
287,0.673265306122449,1.6775514697055427
288,0.6757142857142857,1.6726469470043572
289,0.6777551020408163,1.6697746965836506
290,0.6679591836734694,1.673066719405505
291,0.6691836734693878,1.6645277637364913
292,0.6726530612244898,1.6665915261482707
293,0.6691836734693878,1.6592847389104415
294,0.679795918367347,1.6506499645661334
295,0.6740816326530612,1.6531726118009917
296,0.6828571428571428,1.6487010795242933
297,0.676530612244898,1.6415268139936485
298,0.6722448979591836,1.6430601686360884
299,0.6720408163265306,1.6369501703612659
300,0.6783673469387755,1.6341013559030027
301,0.6812244897959183,1.6277451511305205
302,0.68,1.6219158352637777
303,0.6830612244897959,1.6218183794800116
304,0.6826530612244898,1.6201292746407645
305,0.6869387755102041,1.611695197455737
306,0.6818367346938775,1.6120594787597655
307,0.6808163265306122,1.6098908420484894
308,0.683469387755102,1.6027330198093337
309,0.6744897959183673,1.6103543885873288
310,0.6940816326530612,1.5971963479567548
311,0.6873469387755102,1.5970001091275896
312,0.6816326530612244,1.5935298065263397
313,0.6804081632653062,1.590402474208754
314,0.6722448979591836,1.5889323932297377
315,0.6914285714285714,1.5799120395037594
316,0.679795918367347,1.5809050375101517
317,0.6846938775510204,1.5796430029187885
318,0.6855102040816327,1.5762761263944665
319,0.690204081632653,1.5676967518670217
320,0.6826530612244898,1.5766198848218334
321,0.6877551020408164,1.5686037844054552
322,0.686530612244898,1.5652140201841083
323,0.6930612244897959,1.5567397365764695
324,0.6985714285714286,1.5551813458423225
325,0.6891836734693878,1.5589938275668085
326,0.7022448979591837,1.5469503751093028
327,0.6928571428571428,1.544829386594344
328,0.6895918367346939,1.545530171102407
329,0.6855102040816327,1.5456513880710212
330,0.6885714285714286,1.5417466060482725
331,0.6948979591836735,1.5305292715345111
332,0.6889795918367347,1.5382488101842453
333,0.6857142857142857,1.5386384203969217
334,0.6889795918367347,1.5293768392290388
335,0.6971428571428572,1.520204859461103
336,0.6963265306122449,1.5141852976351369
337,0.6995918367346938,1.5171670515683233
338,0.6924489795918367,1.5172649838973065
339,0.7006122448979591,1.51263467360516
340,0.6997959183673469,1.5076359895784028
341,0.6957142857142857,1.507644575469348
342,0.6948979591836735,1.5028858975974881
343,0.6957142857142857,1.5019223350408126
344,0.693265306122449,1.496927728361013
345,0.6969387755102041,1.4946638883863177
346,0.6963265306122449,1.4972526745893517
347,0.700204081632653,1.4928885823853162
348,0.7028571428571428,1.4865946033049602
349,0.7042857142857143,1.4836375222887312
350,0.7042857142857143,1.478567668369838
351,0.7095918367346938,1.4795028679711477
352,0.7061224489795919,1.4754026760373797
353,0.7010204081632653,1.472898930432845
354,0.700204081632653,1.4751966171848532
355,0.7071428571428572,1.4719351149578483
356,0.7095918367346938,1.4613594516442747
357,0.7055102040816327,1.4683830325457514
358,0.7097959183673469,1.4621161179639854
359,0.7075510204081633,1.4559961998219393
360,0.7124489795918367,1.4513312426391913
361,0.7059183673469388,1.456418558237504
362,0.706530612244898,1.4560735387218242
363,0.7073469387755102,1.4451202199896989
364,0.7063265306122449,1.446059563403227
365,0.7116326530612245,1.4455298234005363
366,0.7112244897959183,1.4394950579623786
367,0.7071428571428572,1.441084648443728
368,0.7010204081632653,1.438721583522096
369,0.7077551020408164,1.4398816902783451
370,0.7042857142857143,1.4410814476013183
371,0.7079591836734694,1.4312461864704988
372,0.7155102040816327,1.4267661970488879
373,0.710204081632653,1.4209835893280651
374,0.7055102040816327,1.4247845995182893
375,0.7234693877551021,1.413384423061293
376,0.7251020408163266,1.4112613946564343
377,0.713469387755102,1.4120948663049815
378,0.7116326530612245,1.4098058321038072
379,0.7136734693877551,1.4128180639111265
380,0.7130612244897959,1.4060410515142947
381,0.7120408163265306,1.40139575277056
382,0.7185714285714285,1.400619260340321
383,0.7114285714285714,1.3961945520128523
384,0.7144897959183674,1.3980334256619824
385,0.7106122448979592,1.3987365443365916
386,0.7144897959183674,1.393009884503423
387,0.7212244897959184,1.3858811566294456
388,0.7124489795918367,1.391345886892202
389,0.7287755102040816,1.3796359915636023
390,0.7106122448979592,1.3844877443508226
391,0.7191836734693877,1.3816924539877444
392,0.7273469387755102,1.3708551598568353
393,0.7108163265306122,1.3838515368286444
394,0.720204081632653,1.3749745106210514
395,0.726938775510204,1.3729390604641973
396,0.7220408163265306,1.3686105490703973
397,0.7251020408163266,1.3672510921711825
398,0.7234693877551021,1.3632969043692764
399,0.7238775510204082,1.3589359945180466
400,0.7275510204081632,1.3568996838160923
401,0.723265306122449,1.3696058217846618
402,0.7240816326530612,1.3565273167162526
403,0.7281632653061224,1.3479600444131967
404,0.726938775510204,1.3556875930513654
405,0.7189795918367347,1.3513212203979492
406,0.730204081632653,1.3425272386901232
407,0.7238775510204082,1.3464239405612557
408,0.7304081632653061,1.34368866521485
409,0.730204081632653,1.3367030242024636
410,0.7277551020408163,1.3383798201230108
411,0.7257142857142858,1.3394509180224672
412,0.7375510204081632,1.3284822214866172
413,0.7195918367346938,1.3337438119187648
414,0.726938775510204,1.3340743373364818
415,0.7291836734693877,1.3257016599421598
416,0.7295918367346939,1.320021293698525
417,0.7353061224489796,1.3201264056380915
418,0.73,1.3237067179777184
419,0.7218367346938775,1.3195264838666332
420,0.7355102040816327,1.3121355853761945
421,0.733265306122449,1.3115306568145753
422,0.7240816326530612,1.3162878403371694
423,0.7338775510204082,1.3091869221901407
424,0.7304081632653061,1.3054374004870044
425,0.7375510204081632,1.3046454192181023
426,0.7351020408163266,1.3002024157193242
427,0.7348979591836735,1.3057738261320153
428,0.7344897959183674,1.3007582392984507
429,0.7365306122448979,1.3031915402898984
430,0.743265306122449,1.2962236069659798
431,0.7361224489795918,1.2955033059996002
432,0.7397959183673469,1.2910725656820803
433,0.7310204081632653,1.2940996219673935
434,0.7391836734693877,1.2842049107259634
435,0.7316326530612245,1.2933552878243582
436,0.7371428571428571,1.2804560036561927
437,0.7306122448979592,1.2904993762288774
438,0.7324489795918367,1.2815226716411356
439,0.7371428571428571,1.2830876515836132
440,0.7293877551020408,1.2756604720135125
441,0.7373469387755102,1.2824334401500468
442,0.7381632653061224,1.2789195104521147
443,0.7355102040816327,1.2713510753670518
444,0.7406122448979592,1.2640921120740929
445,0.7487755102040816,1.2663292355440101
446,0.7340816326530613,1.2676609979357039
447,0.7485714285714286,1.260703219978177
448,0.7406122448979592,1.264610930364959
449,0.7453061224489796,1.2564538813610466
450,0.7412244897959184,1.2552904665226838
451,0.7373469387755102,1.2597156992737129
452,0.7393877551020408,1.259730036112727
453,0.7446938775510205,1.2530871583977523
454,0.7420408163265306,1.2528274356102458
455,0.7487755102040816,1.2519540235461022
456,0.7426530612244898,1.2481467840622882
457,0.7385714285714285,1.2477497048280677
458,0.7512244897959184,1.239874545700696
459,0.7506122448979592,1.236105475133779
460,0.7487755102040816,1.2395701007453763
461,0.7493877551020408,1.235622997186622
462,0.7504081632653061,1.2324222167657346
463,0.7481632653061224,1.2310603411343632
464,0.7546938775510204,1.228986443013561
465,0.7483673469387755,1.2240264906202043
466,0.7540816326530613,1.2248206799370902
467,0.7387755102040816,1.2288354952481328
468,0.7475510204081632,1.2309047367134873
469,0.746938775510204,1.2192350517973607
470,0.7487755102040816,1.2224044029080139
471,0.7536734693877551,1.223668498311724
472,0.75,1.222124147804416
473,0.7540816326530613,1.216903242821596
474,0.7577551020408163,1.2105109358807
475,0.7479591836734694,1.2187759123043138
476,0.756938775510204,1.2081779324278539
477,0.7534693877551021,1.205700440504113
478,0.746734693877551,1.2120603206206342
479,0.7512244897959184,1.2088145347517363
480,0.7548979591836734,1.2076894867176913
481,0.7506122448979592,1.2065746518543787
482,0.7510204081632653,1.2057993836305578
483,0.7536734693877551,1.198131776829155
484,0.7420408163265306,1.2054377621047352
485,0.7489795918367347,1.199663106470692
486,0.7448979591836735,1.1993445337061979
487,0.7624489795918368,1.1873961334812397
488,0.7644897959183673,1.1914145311044186
489,0.7504081632653061,1.1954343307261563
490,0.7542857142857143,1.1897111155062305
491,0.7551020408163265,1.194465225861997
492,0.7512244897959184,1.1889439923422678
493,0.7583673469387755,1.1857657934694874
494,0.7591836734693878,1.1838687285598444
495,0.7510204081632653,1.1798919749746517
496,0.7644897959183673,1.1744018685087865
497,0.7526530612244898,1.1790182972927483
498,0.763265306122449,1.1773264590088202
499,0.7579591836734694,1.1776863382300553
