epoch,categorical_accuracy,loss
0,0.4442857142857143,4.619711058480399
1,0.4753061224489796,4.1688177429899875
2,0.46775510204081633,3.986192150699849
3,0.4869387755102041,3.8468669251033236
4,0.4889795918367347,3.7458979741894467
5,0.49979591836734694,3.673993271029725
6,0.4987755102040816,3.599276227561795
7,0.5073469387755102,3.5435480923555334
8,0.5085714285714286,3.4701039855334224
9,0.5053061224489795,3.392799085500289
10,0.5061224489795918,3.3955314499991283
11,0.5022448979591837,3.352671509567572
12,0.5087755102040816,3.3158709938672124
13,0.513265306122449,3.266250182171257
14,0.5104081632653061,3.2154330849160955
15,0.5055102040816326,3.1969329185875095
16,0.5216326530612245,3.1515006186037646
17,0.5089795918367347,3.1343880421774726
18,0.5095918367346939,3.087932581998864
19,0.5046938775510204,3.053749498250533
20,0.5155102040816326,3.0496207554486334
21,0.5053061224489795,3.027726538911158
22,0.5093877551020408,3.0153813033201256
23,0.5171428571428571,2.9684551207873286
24,0.523673469387755,2.952829059678681
25,0.5189795918367347,2.9423083953468168
26,0.5159183673469387,2.932493877994771
27,0.5212244897959184,2.901459099711204
28,0.5257142857142857,2.8894778808282346
29,0.5220408163265307,2.863648210058407
30,0.523469387755102,2.8792011652187424
31,0.5242857142857142,2.830252653141411
32,0.5138775510204082,2.8232925434501803
33,0.5261224489795918,2.810506637728944
34,0.5122448979591837,2.816556326029252
35,0.5171428571428571,2.7800902812334956
36,0.5228571428571429,2.7686402001672863
37,0.5351020408163265,2.7534844815001196
38,0.5285714285714286,2.7426867975507463
39,0.5261224489795918,2.740041897442876
40,0.5248979591836734,2.7436101977679193
41,0.5416326530612245,2.7023047894847636
42,0.5271428571428571,2.7103381369065267
43,0.5218367346938776,2.707867279831244
44,0.5383673469387755,2.686679726230855
45,0.5246938775510204,2.694496663930465
46,0.5402040816326531,2.6743938848923663
47,0.536734693877551,2.6727389652875004
48,0.5177551020408163,2.6714997624377816
49,0.5351020408163265,2.6503281180712643
50,0.5261224489795918,2.6615300090945495
51,0.5424489795918367,2.6384253548602667
52,0.5289795918367347,2.636310003630969
53,0.5338775510204081,2.6178844300094917
54,0.523061224489796,2.6351629998732586
55,0.5340816326530612,2.614600609565268
56,0.5410204081632654,2.601527890380548
57,0.5438775510204081,2.5887280777522497
58,0.5338775510204081,2.5980994353002433
59,0.5406122448979592,2.583370503211508
60,0.5353061224489796,2.583826752098239
61,0.5414285714285715,2.571654973905914
62,0.5451020408163265,2.5596640382494247
63,0.536734693877551,2.5594081096259913
64,0.5418367346938775,2.5578014893434484
65,0.546734693877551,2.5397701950462497
66,0.5228571428571429,2.556635762623378
67,0.5440816326530612,2.5356286224053832
68,0.5514285714285714,2.528080974695634
69,0.5463265306122449,2.513861243384225
70,0.5477551020408163,2.5057500267028807
71,0.553265306122449,2.5064851620732522
72,0.5493877551020409,2.5017592982856596
73,0.5451020408163265,2.5039757586498648
74,0.5510204081632653,2.4927399693703163
75,0.5451020408163265,2.4857159005379192
76,0.5453061224489796,2.490323856704089
77,0.5546938775510204,2.478448325565883
78,0.536734693877551,2.483843001346199
79,0.5561224489795918,2.469238535822654
80,0.5487755102040817,2.461152915565335
81,0.5520408163265306,2.4537576903129112
82,0.5448979591836735,2.4588015604992304
83,0.5432653061224489,2.452189024905769
84,0.5575510204081633,2.440070317910642
85,0.5540816326530612,2.4311985477136107
86,0.5430612244897959,2.431835381254858
87,0.5628571428571428,2.411695137997063
88,0.5483673469387755,2.423235909014332
89,0.5638775510204082,2.4109237079231107
90,0.5628571428571428,2.409925332166711
91,0.5595918367346939,2.4009717555921903
92,0.5591836734693878,2.402572280144205
93,0.5585714285714286,2.393575938477808
94,0.5538775510204081,2.4028486814304273
95,0.5563265306122449,2.383301383232584
96,0.5610204081632653,2.3753323823578505
97,0.563469387755102,2.3766133641223517
98,0.5575510204081633,2.370292586112509
99,0.5630612244897959,2.370292245514539
100,0.5626530612244898,2.3642957673754013
101,0.5583673469387755,2.3590236992738687
102,0.5673469387755102,2.349650047263321
103,0.5655102040816327,2.3403396738791953
104,0.5753061224489796,2.337426683464829
105,0.5724489795918367,2.3343684862097915
106,0.5618367346938775,2.3329033199621705
107,0.56,2.325829128927114
108,0.580204081632653,2.313448267761542
109,0.5810204081632653,2.306075515163188
110,0.5697959183673469,2.3031575535754767
111,0.58,2.298959715317707
112,0.573469387755102,2.292374868782199
113,0.5746938775510204,2.289511071808484
114,0.5848979591836735,2.2809495838320983
115,0.5718367346938775,2.2832857803422577
116,0.5777551020408164,2.2729435665753424
117,0.5877551020408164,2.266485703915966
118,0.5730612244897959,2.2705789924154476
119,0.5795918367346938,2.25958166161362
120,0.580204081632653,2.253054573876517
121,0.5826530612244898,2.2488044199651602
122,0.5983673469387755,2.2333790938708247
123,0.5893877551020408,2.233428751108598
124,0.5877551020408164,2.229630245675846
125,0.5885714285714285,2.2278527479755637
126,0.5836734693877551,2.227340070763413
127,0.583265306122449,2.2211300507370306
128,0.5946938775510204,2.2170210565839494
129,0.59,2.211117420585788
130,0.5912244897959184,2.19999721196233
131,0.6028571428571429,2.1905679473098445
132,0.5818367346938775,2.1962687965315215
133,0.5910204081632653,2.189841519569864
134,0.6057142857142858,2.1774994577680316
135,0.5785714285714286,2.182055395087417
136,0.5853061224489796,2.1769132199579357
137,0.6014285714285714,2.163241679133201
138,0.5885714285714285,2.1682743839341767
139,0.593265306122449,2.159059559763694
140,0.5891836734693877,2.153315646307809
141,0.6061224489795919,2.1427267152435925
142,0.5983673469387755,2.1458196502802322
143,0.6044897959183674,2.1372574444206394
144,0.6026530612244898,2.133222414717382
145,0.6051020408163266,2.127412872703708
146,0.6124489795918368,2.1192542490667226
147,0.6030612244897959,2.11454422172235
148,0.5975510204081632,2.1141477020419375
149,0.5928571428571429,2.1057515021732875
150,0.5969387755102041,2.105053464928452
151,0.6134693877551021,2.098004466854796
152,0.6075510204081632,2.0904533241233048
153,0.606938775510204,2.0859861901341654
154,0.5971428571428572,2.081705504242255
155,0.6093877551020408,2.0763303075517925
156,0.6134693877551021,2.068182766486187
157,0.6097959183673469,2.0615479175411924
158,0.6138775510204082,2.0620158972058977
159,0.6191836734693877,2.054697432615319
160,0.6146938775510205,2.0468475738836793
161,0.6197959183673469,2.044009440869701
162,0.6210204081632653,2.037603161480962
163,0.6226530612244898,2.0342763764517646
164,0.613265306122449,2.0342779415480945
165,0.616734693877551,2.0232304105953296
166,0.6151020408163266,2.0272765379535906
167,0.6328571428571429,2.006720273640691
168,0.6259183673469387,2.0083246345909274
169,0.6206122448979592,2.001225318714064
170,0.63,2.0035562367341955
171,0.6248979591836735,1.9955640920327635
172,0.6065306122448979,2.0037333845605656
173,0.6273469387755102,1.984576548946147
174,0.6185714285714285,1.9866268706808285
175,0.6234693877551021,1.977196244998854
176,0.6342857142857142,1.9707647127034713
177,0.62,1.9719165020572895
178,0.6206122448979592,1.970170468797489
179,0.6285714285714286,1.9559477688341724
180,0.6222448979591837,1.9537555550555794
181,0.626734693877551,1.9484176903354877
182,0.6285714285714286,1.946081660718334
183,0.6183673469387755,1.9443508121918658
184,0.6228571428571429,1.932239395647633
185,0.6306122448979592,1.9307564022103134
186,0.6165306122448979,1.9298491233708908
187,0.6342857142857142,1.9191380070666877
188,0.6293877551020408,1.9200691000296146
189,0.6318367346938776,1.9160808728665721
190,0.6442857142857142,1.9060536258074703
191,0.6395918367346939,1.9044228226797921
192,0.6281632653061224,1.903088944493508
193,0.6459183673469387,1.8874337978752291
194,0.636734693877551,1.8892145627858687
195,0.6314285714285715,1.8868085582888856
196,0.6242857142857143,1.8930287875934524
197,0.6371428571428571,1.8796847117677027
198,0.6248979591836735,1.8755089172051878
199,0.6371428571428571,1.8706218326335051
200,0.65,1.8624878387061916
201,0.6395918367346939,1.8576469183941278
202,0.6485714285714286,1.8519595268794469
203,0.6444897959183673,1.8451272271603953
204,0.6438775510204081,1.8483946971504055
205,0.6377551020408163,1.847836053809341
206,0.6371428571428571,1.8409786232150331
207,0.6451020408163265,1.8328982208213027
208,0.6338775510204082,1.833565607654805
209,0.6516326530612245,1.8214916881249876
210,0.6491836734693878,1.8193748045940787
211,0.6369387755102041,1.8192289698853785
212,0.6569387755102041,1.8096838186225113
213,0.6502040816326531,1.800626428370573
214,0.6483673469387755,1.8023908710479737
215,0.6536734693877551,1.8018106038229806
216,0.6614285714285715,1.789355178755157
217,0.6593877551020408,1.7900181848175671
218,0.6512244897959184,1.7908357737015705
219,0.6412244897959184,1.7861001826305778
220,0.6557142857142857,1.7763441511076323
221,0.6506122448979592,1.7729744326338477
222,0.666734693877551,1.7656241478238788
223,0.6587755102040816,1.7590328613592654
224,0.6620408163265306,1.754820371744584
225,0.6638775510204081,1.7538337766880892
226,0.6502040816326531,1.7599951193284016
227,0.6553061224489796,1.748680968576548
228,0.6632653061224489,1.74285657425316
229,0.6481632653061224,1.7489763553775086
230,0.6504081632653061,1.741758592372038
231,0.6744897959183673,1.7262090207119378
232,0.6579591836734694,1.72984186688248
233,0.6685714285714286,1.7173407829051115
234,0.6620408163265306,1.7265590567491493
235,0.6616326530612245,1.7165088816078342
236,0.6587755102040816,1.7144780508352786
237,0.6555102040816326,1.7137441201112709
238,0.6583673469387755,1.710012882388368
239,0.6636734693877551,1.7045347761621281
240,0.6675510204081633,1.698423767965667
241,0.6695918367346939,1.693540898245208
242,0.6508163265306123,1.6980174078260148
243,0.66,1.6930308505467007
244,0.6681632653061225,1.6798247199155847
245,0.666734693877551,1.679018638377287
246,0.6785714285714286,1.6755957247286426
247,0.6663265306122449,1.6667743418168048
248,0.6708163265306123,1.6697913028755966
249,0.6685714285714286,1.6653863247073426
250,0.6740816326530612,1.6584933097995058
251,0.6736734693877551,1.655024350613964
252,0.6669387755102041,1.6530672850900767
253,0.673265306122449,1.6499963476219957
254,0.6728571428571428,1.6391572841332884
255,0.673265306122449,1.645448248045785
256,0.6740816326530612,1.636056547456858
257,0.6620408163265306,1.6466117275004484
258,0.6804081632653062,1.6326451256810401
259,0.6712244897959184,1.628216059645828
260,0.6808163265306122,1.6167007915341125
261,0.6744897959183673,1.619178438673214
262,0.6704081632653062,1.618076171583059
263,0.6810204081632653,1.6147225366319928
264,0.68,1.6121365195877697
265,0.6779591836734694,1.601329777581351
266,0.68,1.6021129027191474
267,0.6704081632653062,1.6079506555868655
268,0.6883673469387755,1.5914831617900302
269,0.6857142857142857,1.5920801860458997
270,0.6787755102040817,1.5907443843569073
271,0.69,1.5851563965544408
272,0.6748979591836735,1.5894397807607845
273,0.6820408163265306,1.5815214496729326
274,0.6830612244897959,1.5768963675596277
275,0.6887755102040817,1.5664222937214132
276,0.6861224489795918,1.567437722926237
277,0.6816326530612244,1.568647455293305
278,0.6848979591836735,1.564358832495553
279,0.6859183673469388,1.5585682643189722
280,0.6816326530612244,1.5585054308054398
281,0.6979591836734694,1.545048514872181
282,0.6883673469387755,1.5479621116482483
283,0.6993877551020408,1.5397072153675313
284,0.686734693877551,1.5450838628107189
285,0.6895918367346939,1.542177759189995
286,0.6957142857142857,1.533596620073124
287,0.6926530612244898,1.5359207904582122
288,0.683265306122449,1.538644318094059
289,0.6830612244897959,1.527613334850389
290,0.6973469387755102,1.5261842396794534
291,0.6993877551020408,1.5167185421379246
292,0.7012244897959183,1.5133335271173594
293,0.6961224489795919,1.5147808215082907
294,0.6906122448979591,1.513607385109882
295,0.696530612244898,1.5091867502368226
296,0.7022448979591837,1.50118181656818
297,0.6977551020408164,1.5012692565334087
298,0.7020408163265306,1.4985201667279613
299,0.7044897959183674,1.4926820376454568
300,0.6979591836734694,1.4958226575656812
301,0.7053061224489796,1.485995471331538
302,0.706530612244898,1.4892360758294865
303,0.6953061224489796,1.4886343703951155
304,0.7026530612244898,1.478152901883028
305,0.6981632653061225,1.4788512738870114
306,0.6938775510204082,1.4803642297277646
307,0.6973469387755102,1.4766600525135896
308,0.703469387755102,1.4726170646901033
309,0.7053061224489796,1.4644894552230836
310,0.7022448979591837,1.4615854094952954
311,0.7079591836734694,1.4584561328498684
312,0.713265306122449,1.4538798299127695
313,0.7016326530612245,1.4602431158143647
314,0.7046938775510204,1.451081062433671
315,0.7055102040816327,1.4531219900870809
316,0.6953061224489796,1.4544876221248082
317,0.7024489795918367,1.442622195360612
318,0.7048979591836735,1.44011841910226
319,0.703265306122449,1.443707810810634
320,0.7148979591836735,1.4332519186759483
321,0.716530612244898,1.4308681302167932
322,0.7016326530612245,1.4389021912399604
323,0.7046938775510204,1.4258223371116483
324,0.7146938775510204,1.4228707830273375
325,0.7124489795918367,1.4216508051813865
326,0.7130612244897959,1.422252181695432
327,0.7177551020408163,1.4132240802414564
328,0.7155102040816327,1.41528611484839
329,0.7171428571428572,1.4067962729201025
330,0.7067346938775511,1.409380722921722
331,0.7091836734693877,1.4088768808209167
332,0.7171428571428572,1.3956833744049073
333,0.7048979591836735,1.4044246987907254
334,0.7089795918367346,1.403054588473573
335,0.7167346938775511,1.397403444757267
336,0.7214285714285714,1.389674071292488
337,0.7151020408163266,1.3947928007281556
338,0.7181632653061224,1.3859677740019194
339,0.7120408163265306,1.3831631362681487
340,0.7157142857142857,1.3858291692149882
341,0.7224489795918367,1.3792905437703036
342,0.720204081632653,1.3795288374959207
343,0.7153061224489796,1.3726282192736257
344,0.7240816326530612,1.3688672676864935
345,0.7210204081632653,1.3742718274252754
346,0.7161224489795919,1.374031993029069
347,0.7289795918367347,1.3632419641650453
348,0.7151020408163266,1.368315444868438
349,0.716530612244898,1.3656636820034105
350,0.7153061224489796,1.3618317909629978
351,0.7169387755102041,1.3548917253649964
352,0.7371428571428571,1.3523625521757165
353,0.7187755102040816,1.3490804343320886
354,0.7146938775510204,1.3559059901140174
355,0.7277551020408163,1.341947076077364
356,0.723265306122449,1.3476718223338224
357,0.7271428571428571,1.3448839720901178
358,0.7222448979591837,1.3378940782741624
359,0.7251020408163266,1.3395702910909848
360,0.7226530612244898,1.3361031070047495
361,0.7277551020408163,1.3304532409200862
362,0.7328571428571429,1.3317491787307116
363,0.7306122448979592,1.32367463783342
364,0.7279591836734693,1.3242795082014434
365,0.733265306122449,1.3216331164690913
366,0.7228571428571429,1.3237529832489636
367,0.7267346938775511,1.323137043933479
368,0.7277551020408163,1.317447754217654
369,0.7348979591836735,1.3118677609307425
370,0.7226530612244898,1.3190128200881335
371,0.736734693877551,1.302938248284009
372,0.7336734693877551,1.3094187039745098
373,0.7363265306122448,1.3015746560388681
374,0.7377551020408163,1.2976180892087976
375,0.7310204081632653,1.2986942740849086
376,0.7259183673469388,1.3017949477020576
377,0.7361224489795918,1.2909245350409526
378,0.7322448979591837,1.2999751139660272
379,0.7334693877551021,1.289992451181217
380,0.7316326530612245,1.287813850324981
381,0.7167346938775511,1.2919523049374015
382,0.7304081632653061,1.2907226302672405
383,0.7306122448979592,1.2863563694272722
384,0.7328571428571429,1.281692004593051
385,0.7395918367346939,1.280775518514672
386,0.7234693877551021,1.282245011621592
387,0.7326530612244898,1.281872093920805
388,0.7365306122448979,1.2764260678388635
389,0.7342857142857143,1.2695815001701822
390,0.7493877551020408,1.261988221090667
391,0.736938775510204,1.2614102099866282
392,0.7293877551020408,1.2613989379454633
393,0.7393877551020408,1.2599064597304988
394,0.7377551020408163,1.2612953212309856
395,0.7346938775510204,1.257312165474405
396,0.7375510204081632,1.2556602744666898
397,0.736938775510204,1.254972854536407
398,0.7436734693877551,1.2475852026258196
399,0.7348979591836735,1.25101686789065
400,0.7497959183673469,1.2455953144540592
401,0.7440816326530613,1.2420928179487891
402,0.7420408163265306,1.242879478298888
403,0.7416326530612245,1.2478798813722571
404,0.7355102040816327,1.2408150373186384
405,0.736938775510204,1.2423010838761621
406,0.7395918367346939,1.2338144595282419
407,0.753265306122449,1.2317021315438408
408,0.7410204081632653,1.2293832020856896
409,0.7465306122448979,1.2245904324979198
410,0.7414285714285714,1.2250619151640911
411,0.7412244897959184,1.2222056367445966
412,0.7389795918367347,1.228315931047712
413,0.7477551020408163,1.2198195355279104
414,0.7524489795918368,1.2159766059019128
415,0.75,1.213048988361748
416,0.7520408163265306,1.2112153451296748
417,0.7483673469387755,1.2073204531961559
418,0.7542857142857143,1.20539849621909
419,0.7461224489795918,1.2092541548670555
420,0.7442857142857143,1.2087216211825
421,0.7479591836734694,1.207848343849182
422,0.7506122448979592,1.202239694206082
423,0.7502040816326531,1.1961138121449217
424,0.7546938775510204,1.1970260804040092
425,0.7489795918367347,1.193494943501998
426,0.7508163265306123,1.1935486540502431
427,0.7491836734693877,1.199548616603929
428,0.7510204081632653,1.1878319080508486
429,0.75,1.1906142281512826
430,0.7508163265306123,1.1895399354428662
431,0.7493877551020408,1.1920574612520178
432,0.7559183673469387,1.18423916359337
433,0.7520408163265306,1.1835597264036841
434,0.7585714285714286,1.177744439961959
435,0.7604081632653061,1.1788095907289156
436,0.7516326530612245,1.1824089801554778
437,0.7516326530612245,1.1763494641440255
438,0.7516326530612245,1.1805623286111013
439,0.7563265306122449,1.1744584382310206
440,0.7612244897959184,1.1654817417203163
441,0.7653061224489796,1.161424132950452
442,0.7587755102040816,1.1711086884323432
443,0.7581632653061224,1.1616345203166105
444,0.7595918367346939,1.162470985237433
445,0.7520408163265306,1.1609186035273027
446,0.756938775510204,1.1675697230319588
447,0.7579591836734694,1.1524615714014792
448,0.7559183673469387,1.160508629740501
449,0.7551020408163265,1.1583897801807947
450,0.7642857142857142,1.1497884207355733
451,0.7679591836734694,1.1455040518118411
452,0.756938775510204,1.152059932436262
453,0.759795918367347,1.1519273994893444
454,0.7587755102040816,1.1423056232685946
455,0.7555102040816326,1.1479445918725462
456,0.7604081632653061,1.1418657556845218
457,0.7644897959183673,1.1384038078541658
458,0.7626530612244898,1.1395131295067924
459,0.7593877551020408,1.1415246113952324
460,0.77,1.1291884188749353
461,0.7663265306122449,1.1314501687458582
462,0.7681632653061224,1.134840856182332
463,0.7653061224489796,1.1240637136965381
464,0.7612244897959184,1.1334065036870995
465,0.763265306122449,1.1280317196554068
466,0.7691836734693878,1.123148334269621
467,0.7732653061224489,1.1232574611780595
468,0.7644897959183673,1.1284139273118
469,0.7738775510204081,1.1170156384487542
470,0.7685714285714286,1.1195812444297635
471,0.7724489795918368,1.112870775631496
472,0.7673469387755102,1.1166656180790493
473,0.7722448979591837,1.1110205441105123
474,0.7636734693877552,1.1127116488437263
475,0.773673469387755,1.1079824141093664
476,0.7726530612244898,1.1092589059167979
477,0.769795918367347,1.1097966435490823
478,0.7636734693877552,1.1058183520667406
479,0.7824489795918367,1.0998738242655384
480,0.7787755102040816,1.1011703928149477
481,0.7675510204081633,1.1032366281626176
482,0.773673469387755,1.0970412572549313
483,0.7814285714285715,1.0949936075113258
484,0.7748979591836734,1.0971614704326706
485,0.7791836734693878,1.09016689796837
486,0.7840816326530612,1.0885267658622897
487,0.7816326530612245,1.0863968402512219
488,0.7795918367346939,1.0844116221642008
489,0.7808163265306123,1.0867003031166231
490,0.7759183673469388,1.0936063771345177
491,0.7689795918367347,1.0885290173121862
492,0.7716326530612245,1.0854220058480089
493,0.7777551020408163,1.0766013726896169
494,0.7675510204081633,1.0899977648014925
495,0.7812244897959184,1.075858410621176
496,0.7777551020408163,1.0733145908433563
497,0.7704081632653061,1.079096243527471
498,0.7808163265306123,1.0692211256221849
499,0.7889795918367347,1.062296509353482
