epoch,categorical_accuracy,loss
0,0.593265306122449,5.475524289267404
1,0.5830612244897959,4.897581889483393
2,0.5787755102040816,4.067437860138562
3,0.5669387755102041,3.8004940932137625
4,0.5646938775510204,3.430681514156108
5,0.5342857142857143,3.30120038013069
6,0.5479591836734694,3.124206802990972
7,0.5293877551020408,3.1227293746325433
8,0.5242857142857142,3.0764742543746015
9,0.5187755102040816,3.04541447289136
10,0.5134693877551021,3.031373850180178
11,0.5265306122448979,2.9343235508276493
12,0.5161224489795918,2.932124908019085
13,0.5075510204081632,2.869112003871373
14,0.5173469387755102,2.8451998465401784
15,0.5169387755102041,2.8300770645725484
16,0.5244897959183673,2.7953617473524446
17,0.5181632653061224,2.7495738673696715
18,0.5106122448979592,2.7391754405352535
19,0.5114285714285715,2.710470972839667
20,0.5091836734693878,2.69388459429449
21,0.513265306122449,2.6703745082933077
22,0.5108163265306123,2.652151534800627
23,0.523673469387755,2.5867808707879516
24,0.5220408163265307,2.5842847619737896
25,0.5226530612244898,2.557885248612384
26,0.5148979591836734,2.571564409294907
27,0.5193877551020408,2.5324786637753856
28,0.5159183673469387,2.506866742153557
29,0.5155102040816326,2.4975681556001
30,0.5138775510204082,2.4924182117228604
31,0.5285714285714286,2.4566160213704014
32,0.5153061224489796,2.477346104991679
33,0.5253061224489796,2.430162528485668
34,0.5122448979591837,2.4570057159540606
35,0.5259183673469388,2.3774250053872867
36,0.5175510204081633,2.394791290906011
37,0.5185714285714286,2.3819764894368696
38,0.5112244897959184,2.3979044758543675
39,0.5165306122448979,2.3632323195982954
40,0.5120408163265306,2.355710804997658
41,0.5248979591836734,2.34465427749011
42,0.5089795918367347,2.3605151235813997
43,0.5210204081632653,2.310788048724739
44,0.5183673469387755,2.328476571063606
45,0.5293877551020408,2.283806134827283
46,0.5181632653061224,2.283575524116049
47,0.5204081632653061,2.279489970401842
48,0.5295918367346939,2.2718354396430813
49,0.5155102040816326,2.2523391474509724
50,0.5089795918367347,2.257213024411883
51,0.5226530612244898,2.2396012286750637
52,0.5144897959183673,2.2488361105626944
53,0.5224489795918368,2.2215107236589704
54,0.5253061224489796,2.2167390495417068
55,0.536734693877551,2.203267512418786
56,0.5181632653061224,2.2209093766309778
57,0.5108163265306123,2.2060945514756805
58,0.5224489795918368,2.1919261942104415
59,0.516734693877551,2.1816681978653887
60,0.5308163265306123,2.176015091331638
61,0.5206122448979592,2.167520527742347
62,0.5216326530612245,2.1694640036991664
63,0.526734693877551,2.1550204051270776
64,0.5251020408163265,2.147488681248256
65,0.5202040816326531,2.143553808367982
66,0.5324489795918367,2.1355976439495477
67,0.5226530612244898,2.133661115607437
68,0.5220408163265307,2.1435028708710964
69,0.5285714285714286,2.1128650701289273
70,0.5226530612244898,2.1315990915103833
71,0.5322448979591837,2.1014682592664444
72,0.5336734693877551,2.0848494749653095
73,0.5387755102040817,2.0931002971104213
74,0.5283673469387755,2.0876291367472435
75,0.5302040816326531,2.098409968200995
76,0.5212244897959184,2.0870666396861175
77,0.5142857142857142,2.0893992160291086
78,0.5204081632653061,2.0886525144382397
79,0.5328571428571428,2.075695248039401
80,0.5373469387755102,2.067336569610907
81,0.5320408163265307,2.0651003292628696
82,0.5304081632653062,2.057939687651031
83,0.5387755102040817,2.049012847725226
84,0.5361224489795918,2.046090529402908
85,0.5416326530612245,2.0329773575919017
86,0.5342857142857143,2.044142870416447
87,0.533469387755102,2.035534285331259
88,0.5395918367346939,2.037032202117297
89,0.536734693877551,2.026273963889297
90,0.5253061224489796,2.029721895723927
91,0.5312244897959184,2.02968114950219
92,0.5285714285714286,2.019853821871232
93,0.5271428571428571,2.023962001216655
94,0.5320408163265307,2.0101665019989015
95,0.5353061224489796,2.001146025949595
96,0.5285714285714286,2.002068728038243
97,0.5448979591836735,1.993504226937586
98,0.5357142857142857,2.0051353847737214
99,0.5387755102040817,1.9873882418262716
100,0.5271428571428571,1.9969051526517285
101,0.5353061224489796,1.9907350920657723
102,0.5471428571428572,1.972473355896619
103,0.5342857142857143,1.9831502723693848
104,0.536734693877551,1.9810436774273308
105,0.5328571428571428,1.965912946000391
106,0.5416326530612245,1.9649489741422692
107,0.5344897959183673,1.9638507639631932
108,0.5544897959183673,1.9504607206461382
109,0.5406122448979592,1.9540583744827582
110,0.5385714285714286,1.9548498774547967
111,0.5255102040816326,1.9613201538397342
112,0.5420408163265306,1.9451792276148894
113,0.536734693877551,1.9354376652775978
114,0.5483673469387755,1.9361367229539521
115,0.5342857142857143,1.9412986450779195
116,0.5375510204081633,1.9297810021225288
117,0.5336734693877551,1.9417045138806712
118,0.5412244897959184,1.9307776723589216
119,0.56,1.913732727595738
120,0.5408163265306123,1.925310971688251
121,0.5406122448979592,1.9212316052767695
122,0.5604081632653061,1.9036212274006434
123,0.5426530612244898,1.9129722192336103
124,0.5418367346938775,1.91139383393891
125,0.5512244897959183,1.904006917817252
126,0.5528571428571428,1.8928931886322644
127,0.5563265306122449,1.897292695434726
128,0.5528571428571428,1.8942734410811444
129,0.5516326530612244,1.8883473635692987
130,0.5479591836734694,1.8908298033110948
131,0.5436734693877551,1.8901945308763153
132,0.5502040816326531,1.8806643450990015
133,0.5406122448979592,1.8918326942288146
134,0.556734693877551,1.8778228985533423
135,0.5463265306122449,1.8872872006163306
136,0.5473469387755102,1.8720708127897614
137,0.5563265306122449,1.8672354656336259
138,0.5630612244897959,1.85737114984162
139,0.5577551020408164,1.8619885820272017
140,0.5444897959183673,1.8640696437991395
141,0.5471428571428572,1.8545458754714654
142,0.5542857142857143,1.8467347638461054
143,0.5477551020408163,1.8511537662817508
144,0.5510204081632653,1.8507774755906086
145,0.556530612244898,1.843756606238229
146,0.5548979591836735,1.8398127700844589
147,0.5516326530612244,1.8378997538041095
148,0.5579591836734694,1.834949706427905
149,0.5402040816326531,1.8375636172781185
150,0.5595918367346939,1.8326627548373475
151,0.5530612244897959,1.8320433027890264
152,0.556734693877551,1.823185148141822
153,0.5612244897959183,1.8073295116424561
154,0.5622448979591836,1.8194712805261417
155,0.5624489795918367,1.8142907691488461
156,0.5487755102040817,1.8179491455700933
157,0.5687755102040817,1.8064785885324284
158,0.5583673469387755,1.8096468111933495
159,0.5646938775510204,1.8013502889749955
160,0.5753061224489796,1.7926465299178143
161,0.5436734693877551,1.8086000496027421
162,0.5593877551020409,1.7994430396994765
163,0.5559183673469388,1.8016517738420137
164,0.5714285714285714,1.7824035153097035
165,0.5583673469387755,1.7907125023433141
166,0.5563265306122449,1.7918565927233014
167,0.5591836734693878,1.7796297563825334
168,0.5551020408163265,1.7784277507237025
169,0.56,1.774126409803118
170,0.5679591836734694,1.7736688317084799
171,0.5624489795918367,1.776240177543796
172,0.5644897959183673,1.7659643320161469
173,0.5659183673469388,1.7688056370676781
174,0.5804081632653061,1.759723563486216
175,0.58,1.76099076241863
176,0.5740816326530612,1.75706281759301
177,0.5689795918367347,1.7494070806308668
178,0.5651020408163265,1.7539507258668239
179,0.5681632653061225,1.7475457211903163
180,0.5687755102040817,1.7483992962934534
181,0.5691836734693878,1.741518681973827
182,0.5669387755102041,1.7374307575031203
183,0.5548979591836735,1.7439666760697656
184,0.576734693877551,1.7383705097315263
185,0.570204081632653,1.7308078798955802
186,0.5724489795918367,1.7300311434998805
187,0.5751020408163265,1.7249433933958715
188,0.5751020408163265,1.722830475885041
189,0.5712244897959183,1.7193253876238452
190,0.5630612244897959,1.7180535749513275
191,0.5693877551020409,1.7205140637378304
192,0.5689795918367347,1.7158662380490983
193,0.5591836734693878,1.7095951627225292
194,0.5785714285714286,1.704439059958166
195,0.583469387755102,1.7049863625545891
196,0.5716326530612245,1.7011899492691975
197,0.5791836734693877,1.6925054876171812
198,0.573265306122449,1.6963749732776563
199,0.5689795918367347,1.6923920670334174
200,0.5724489795918367,1.6898735920263797
201,0.58,1.6901637715709452
202,0.5689795918367347,1.689233146395002
203,0.5689795918367347,1.6822967277254377
204,0.5820408163265306,1.6825785728376739
205,0.5789795918367346,1.6734245626293882
206,0.5630612244897959,1.6811279839885478
207,0.5771428571428572,1.6730007301058087
208,0.5804081632653061,1.6684451563504277
209,0.5824489795918367,1.6652587896463822
210,0.5751020408163265,1.6638580076061948
211,0.5820408163265306,1.6608898881990082
212,0.5771428571428572,1.655273284717482
213,0.576530612244898,1.6583150647611034
214,0.5704081632653061,1.6558413577566342
215,0.5716326530612245,1.6584252133661388
216,0.580204081632653,1.6452265162370643
217,0.5736734693877551,1.646465285262283
218,0.5730612244897959,1.646227193949174
219,0.5795918367346938,1.6370191502084537
220,0.5891836734693877,1.6330982053523162
221,0.5857142857142857,1.635150671686445
222,0.5828571428571429,1.6338798347784549
223,0.59,1.6240126650674003
224,0.6014285714285714,1.6168144484928677
225,0.5840816326530612,1.6276424659028346
226,0.5810204081632653,1.6226321923976041
227,0.5895918367346938,1.6168969301301606
228,0.5938775510204082,1.6153364356683224
229,0.5773469387755102,1.6179110712907752
230,0.5977551020408163,1.6080349395713027
231,0.5981632653061224,1.6050550585376973
232,0.5936734693877551,1.6049795816382584
233,0.5853061224489796,1.6030287462351274
234,0.5885714285714285,1.601701626388394
235,0.5857142857142857,1.5945778101317736
236,0.5871428571428572,1.5932470108538257
237,0.5848979591836735,1.595247845065837
238,0.5806122448979592,1.590601867461691
239,0.5851020408163266,1.5911748557188072
240,0.5906122448979592,1.5854583872581014
241,0.593265306122449,1.5799450937582522
242,0.600204081632653,1.5764871008542118
243,0.5763265306122449,1.5835100721826358
244,0.580204081632653,1.5788294368860674
245,0.5920408163265306,1.5724339437484742
246,0.5895918367346938,1.5701045626036976
247,0.5948979591836735,1.5660464199221864
248,0.590204081632653,1.5678855367582671
249,0.5916326530612245,1.568256767817906
250,0.5948979591836735,1.560999855411296
251,0.5848979591836735,1.5618580549590442
252,0.5953061224489796,1.5566785255743534
253,0.5989795918367347,1.5515104217918552
254,0.5963265306122449,1.5460764193048282
255,0.6,1.5450651131844033
256,0.5887755102040816,1.5452362957779242
257,0.5959183673469388,1.5403014568406708
258,0.5889795918367347,1.5420714373491249
259,0.5936734693877551,1.538131703746562
260,0.5826530612244898,1.5395437654183834
261,0.5959183673469388,1.5357535923743735
262,0.6042857142857143,1.5271767143327362
263,0.5991836734693877,1.5273825973393966
264,0.6010204081632653,1.5226405102866036
265,0.606734693877551,1.5217989627682433
266,0.6046938775510204,1.5167888121702233
267,0.5997959183673469,1.5207660268277539
268,0.5997959183673469,1.5122182756540727
269,0.6036734693877551,1.5122645277879676
270,0.6048979591836735,1.511190118692359
271,0.5930612244897959,1.5107935464625455
272,0.6034693877551021,1.4996639650695178
273,0.6051020408163266,1.5017657608888588
274,0.5930612244897959,1.5029062842349616
275,0.600204081632653,1.497221616822846
276,0.6071428571428571,1.4965801220524069
277,0.6195918367346939,1.486202098885361
278,0.6030612244897959,1.4929360283637534
279,0.5922448979591837,1.4948054714592136
280,0.593469387755102,1.489411669653289
281,0.6108163265306122,1.4857157559297522
282,0.5910204081632653,1.4883094755484134
283,0.6122448979591837,1.4803417383894628
284,0.5873469387755103,1.485909541577709
285,0.6040816326530613,1.4800426403357059
286,0.6036734693877551,1.4792019028566321
287,0.6071428571428571,1.4724181683209479
288,0.6042857142857143,1.46856441741087
289,0.603265306122449,1.4669690304386374
290,0.5963265306122449,1.4682089152628062
291,0.5995918367346939,1.4656701871326991
292,0.5908163265306122,1.4656424485420694
293,0.6061224489795919,1.456957907579383
294,0.6106122448979592,1.4524851665691454
295,0.6142857142857143,1.4506578096078366
296,0.6130612244897959,1.446208027430943
297,0.6083673469387755,1.451745632619274
298,0.5973469387755102,1.450558756224963
299,0.600204081632653,1.4463828983112257
300,0.6120408163265306,1.438430495262146
301,0.6073469387755102,1.4412126481776335
302,0.6028571428571429,1.4376337718963623
303,0.6106122448979592,1.4363057683438671
304,0.6114285714285714,1.4332592425054433
305,0.6116326530612245,1.4334075960821036
306,0.6071428571428571,1.4279347979292578
307,0.6024489795918367,1.4291910922770596
308,0.5995918367346939,1.4333602521857436
309,0.6051020408163266,1.4289636856195878
310,0.6126530612244898,1.419295732050526
311,0.6108163265306122,1.4180260236895814
312,0.6055102040816327,1.418792574162386
313,0.6157142857142858,1.410979924980475
314,0.6071428571428571,1.4132026403777453
315,0.6146938775510205,1.4072829688325221
316,0.6214285714285714,1.4018192424579543
317,0.6089795918367347,1.4097629041087871
318,0.6051020408163266,1.4053795644215175
319,0.6202040816326531,1.4003145592553274
320,0.5991836734693877,1.4022582812211952
321,0.6146938775510205,1.3981295296610619
322,0.6077551020408163,1.3982722960686198
323,0.6126530612244898,1.3945188430863984
324,0.613265306122449,1.393044372772684
325,0.6212244897959184,1.3868684206203539
326,0.6118367346938776,1.3902565330388594
327,0.6179591836734694,1.3840498705299533
328,0.6161224489795918,1.3816186179920118
329,0.6114285714285714,1.3870256166068875
330,0.6195918367346939,1.377811659598837
331,0.6093877551020408,1.3759550267822889
332,0.6112244897959184,1.3765538256508962
333,0.6120408163265306,1.3732846880932243
334,0.6197959183673469,1.3703160239239127
335,0.6057142857142858,1.37285883183382
336,0.6138775510204082,1.3682753821781704
337,0.6261224489795918,1.3609794408447888
338,0.613265306122449,1.3671188498516471
339,0.6118367346938776,1.3637817778879282
340,0.6104081632653061,1.3619636921979943
341,0.6128571428571429,1.3573063257762363
342,0.610204081632653,1.3586823931518865
343,0.6363265306122449,1.3451633515649912
344,0.6277551020408163,1.348553530342725
345,0.6295918367346939,1.3437318212158826
346,0.6265306122448979,1.3439139203636015
347,0.6214285714285714,1.3433302932856035
348,0.6236734693877551,1.3375141407518971
349,0.6138775510204082,1.3404895011746154
350,0.6140816326530613,1.3376334143658073
351,0.6238775510204082,1.33789605481284
352,0.6234693877551021,1.3362092781066894
353,0.6271428571428571,1.3320467740662243
354,0.6214285714285714,1.3331609386327314
355,0.6138775510204082,1.333910353913599
356,0.6208163265306123,1.3302236878142064
357,0.6210204081632653,1.3276366472244263
358,0.6195918367346939,1.3251882936516586
359,0.633061224489796,1.3192603231936084
360,0.6295918367346939,1.3172937055509917
361,0.6212244897959184,1.3174689389248284
362,0.623265306122449,1.316794836375178
363,0.6171428571428571,1.316610426902771
364,0.6153061224489796,1.3153007663999285
365,0.6297959183673469,1.30613699416725
366,0.6255102040816326,1.3068348443751432
367,0.633265306122449,1.3055965549118664
368,0.623265306122449,1.3033046225139073
369,0.6191836734693877,1.300965093690522
370,0.6302040816326531,1.2943102034743952
371,0.6210204081632653,1.3009844802350414
372,0.6322448979591837,1.2942269346665363
373,0.6224489795918368,1.2937173355842124
374,0.6202040816326531,1.295751786134681
375,0.6253061224489795,1.2933982633084666
376,0.6236734693877551,1.2929910449592434
377,0.6220408163265306,1.2915060157191998
378,0.6202040816326531,1.2890435214918488
379,0.6257142857142857,1.2859155047669704
380,0.6324489795918368,1.284074379667944
381,0.6246938775510205,1.2842031236570708
382,0.6293877551020408,1.2801570893307122
383,0.6224489795918368,1.2848600533543801
384,0.6308163265306123,1.2782998023714338
385,0.6246938775510205,1.2777731488675488
386,0.6365306122448979,1.271657150326943
387,0.6212244897959184,1.2763936792101178
388,0.6297959183673469,1.275327270468887
389,0.623265306122449,1.2667191867439114
390,0.6251020408163265,1.2675563785981159
391,0.6287755102040816,1.265205499493346
392,0.6316326530612245,1.26129587543254
393,0.626734693877551,1.2617061664620224
394,0.6197959183673469,1.2596739038156004
395,0.6257142857142857,1.2563933531118898
396,0.6242857142857143,1.2587670199725092
397,0.6289795918367347,1.2542089501205755
398,0.6324489795918368,1.2546832179050056
399,0.6312244897959184,1.2502718393170105
400,0.6326530612244898,1.251546353320686
401,0.6320408163265306,1.2471964893535692
402,0.6344897959183673,1.2441156472965162
403,0.6393877551020408,1.2446285516388562
404,0.6253061224489795,1.244247615969911
405,0.6363265306122449,1.236864726397456
406,0.633265306122449,1.242166610153354
407,0.6281632653061224,1.2426200643850833
408,0.6248979591836735,1.2344649481286807
409,0.6342857142857142,1.232140841094815
410,0.6338775510204082,1.2292361859886014
411,0.6316326530612245,1.2329024631149914
412,0.6324489795918368,1.2295777981621878
413,0.6348979591836734,1.2300438306769546
414,0.64,1.2246302392531414
415,0.6461224489795918,1.2238383575361602
416,0.6353061224489795,1.2244564715210273
417,0.6387755102040816,1.223264891371435
418,0.6361224489795918,1.2176986216525643
419,0.6355102040816326,1.2207741951455875
420,0.6465306122448979,1.2128683231314834
421,0.6342857142857142,1.2224941129100566
422,0.626938775510204,1.2182130064283099
423,0.6308163265306123,1.2212029928090622
424,0.6357142857142857,1.2115629298346384
425,0.6265306122448979,1.2147487949838445
426,0.636734693877551,1.206328267564579
427,0.6255102040816326,1.2083605608648182
428,0.6371428571428571,1.2070741182444047
429,0.6377551020408163,1.203163542260929
430,0.6355102040816326,1.2043843660549243
431,0.6389795918367347,1.1998018718252377
432,0.6324489795918368,1.2030922611392274
433,0.6379591836734694,1.200572272320183
434,0.6322448979591837,1.198638338556095
435,0.6377551020408163,1.1941121767005143
436,0.6355102040816326,1.1993487168331536
437,0.6351020408163265,1.1934383147103447
438,0.6465306122448979,1.1928640711064242
439,0.6344897959183673,1.1922537948647325
440,0.643265306122449,1.1898778260484033
441,0.6379591836734694,1.1916528159744886
442,0.6324489795918368,1.1907340020549542
443,0.6393877551020408,1.181487320101991
444,0.6416326530612245,1.1816874138189821
445,0.6420408163265307,1.1852357912063598
446,0.6530612244897959,1.1774509394898707
447,0.6414285714285715,1.1790420452915893
448,0.6422448979591837,1.178099278235922
449,0.6385714285714286,1.180685585372302
450,0.6373469387755102,1.174358892732737
451,0.646734693877551,1.170618913319646
452,0.6491836734693878,1.1743421078701408
453,0.6438775510204081,1.1679968763857471
454,0.6406122448979592,1.17199241307317
455,0.6389795918367347,1.165429993746232
456,0.6442857142857142,1.1676926141855668
457,0.6442857142857142,1.1601018219578023
458,0.6420408163265307,1.1675276361192977
459,0.6528571428571428,1.1611298188384698
460,0.6475510204081633,1.157973033846641
461,0.6348979591836734,1.1623516382489885
462,0.6365306122448979,1.1596134563368194
463,0.6495918367346939,1.1590421223153873
464,0.646734693877551,1.1552537285551734
465,0.65,1.1550429996179075
466,0.6418367346938776,1.1541329943403906
467,0.6410204081632653,1.1540248081635456
468,0.6412244897959184,1.1525860672580952
469,0.6524489795918368,1.1446877964175477
470,0.6385714285714286,1.1499136699462424
471,0.6379591836734694,1.1453031279116261
472,0.6571428571428571,1.1420766914134124
473,0.65,1.1389014862994757
474,0.6489795918367347,1.1416750115764385
475,0.6442857142857142,1.1451098860526572
476,0.6444897959183673,1.138833156313215
477,0.6442857142857142,1.1346723937988281
478,0.6459183673469387,1.1386985263045952
479,0.6538775510204081,1.1326589954142667
480,0.6487755102040816,1.1344649400516431
481,0.6402040816326531,1.1342067044121877
482,0.6422448979591837,1.131235535777345
483,0.6495918367346939,1.1295726800451473
484,0.6483673469387755,1.1301038048218708
485,0.6438775510204081,1.130872797382121
486,0.6493877551020408,1.1268486013217849
487,0.6514285714285715,1.1235719159671238
488,0.6459183673469387,1.1257654938405874
489,0.6542857142857142,1.1232011579980656
490,0.6483673469387755,1.1228437885946156
491,0.646734693877551,1.1229279024746954
492,0.6424489795918368,1.120739931281732
493,0.6544897959183673,1.1181549087835818
494,0.65,1.1201864915964554
495,0.65,1.1169659070579374
496,0.653469387755102,1.1189801410266331
497,0.6426530612244898,1.1200391417133564
498,0.6489795918367347,1.117475439091118
499,0.6606122448979592,1.1087655140429127
