epoch,categorical_accuracy,loss
0,0.5024489795918368,5.7825490717985195
1,0.5210204081632653,5.394949863978795
2,0.5232653061224489,5.142181911079251
3,0.5210204081632653,4.976125697700345
4,0.5308163265306123,4.900668355202188
5,0.5208163265306123,4.80524097364776
6,0.5369387755102041,4.637931785194241
7,0.5265306122448979,4.603506163383017
8,0.5371428571428571,4.483689923578379
9,0.5422448979591836,4.423652052198138
10,0.5373469387755102,4.390154021905393
11,0.5369387755102041,4.334256711298106
12,0.5322448979591837,4.314861600447674
13,0.5420408163265306,4.259634792950688
14,0.5487755102040817,4.242543722658741
15,0.53,4.230676243451176
16,0.5524489795918367,4.1737151969209005
17,0.5461224489795918,4.154275898836097
18,0.5353061224489796,4.14691551364198
19,0.5518367346938775,4.091449376709607
20,0.5518367346938775,4.0865131109588
21,0.5461224489795918,4.0796344437891126
22,0.5508163265306123,4.056825183557004
23,0.5548979591836735,4.036831268388398
24,0.57,4.010745079079453
25,0.5577551020408164,4.003089427169488
26,0.5508163265306123,3.995765916863266
27,0.5620408163265306,3.962309864978401
28,0.5542857142857143,3.9671242289640465
29,0.5771428571428572,3.931910270379514
30,0.5663265306122449,3.9283555692555954
31,0.5740816326530612,3.9082005936758857
32,0.563469387755102,3.909635959936648
33,0.5761224489795919,3.8887285540055254
34,0.5759183673469388,3.8653011209137587
35,0.5771428571428572,3.8618081376990494
36,0.5757142857142857,3.8391624793227836
37,0.5951020408163266,3.827118622332203
38,0.6016326530612245,3.813303678084393
39,0.6012244897959184,3.7883854227649922
40,0.5883673469387755,3.7983321012769427
41,0.606938775510204,3.7716632060615383
42,0.5969387755102041,3.7532016520597495
43,0.6153061224489796,3.7377146553506657
44,0.5991836734693877,3.729118324007307
45,0.6128571428571429,3.715590828292224
46,0.6,3.7035430768071387
47,0.6128571428571429,3.6841512209055374
48,0.6106122448979592,3.666692068138901
49,0.6218367346938776,3.6501906052414252
50,0.6083673469387755,3.6420936263337427
51,0.6144897959183674,3.6260379923606405
52,0.6226530612244898,3.6086914901344143
53,0.6212244897959184,3.586389528975195
54,0.6310204081632653,3.579241667572333
55,0.6234693877551021,3.563104272180674
56,0.626938775510204,3.5526215072553984
57,0.6242857142857143,3.5338955886996524
58,0.6255102040816326,3.5205167680857135
59,0.6485714285714286,3.4934527142193854
60,0.6340816326530613,3.48255868094308
61,0.6344897959183673,3.4737726587178757
62,0.6471428571428571,3.445088432078459
63,0.6344897959183673,3.4388358244603996
64,0.6510204081632653,3.414988889694214
65,0.6520408163265307,3.403868626575081
66,0.6569387755102041,3.382447151651188
67,0.6551020408163265,3.370953829239826
68,0.6655102040816326,3.354616449511781
69,0.6638775510204081,3.333758606813392
70,0.6593877551020408,3.323010663013069
71,0.6583673469387755,3.308036077265837
72,0.6769387755102041,3.2819048599321015
73,0.6624489795918367,3.2758794963603117
74,0.676530612244898,3.255147667709662
75,0.6773469387755102,3.2428668226514543
76,0.6871428571428572,3.221374294514559
77,0.6695918367346939,3.210160991318372
78,0.683265306122449,3.1925262636067915
79,0.6826530612244898,3.1767980024765947
80,0.6961224489795919,3.1581827804020475
81,0.6836734693877551,3.14680640979689
82,0.6871428571428572,3.1314266592142532
83,0.6887755102040817,3.1237181809483743
84,0.6940816326530612,3.1040420466053242
85,0.703469387755102,3.0780374659324177
86,0.6981632653061225,3.074831984772974
87,0.7024489795918367,3.053667746952602
88,0.6977551020408164,3.0439336813712607
89,0.7022448979591837,3.0270031864789066
90,0.7153061224489796,3.006191657708616
91,0.7146938775510204,2.9943221613825584
92,0.7112244897959183,2.9865919971466064
93,0.7085714285714285,2.976016945546987
94,0.7067346938775511,2.959875425416596
95,0.7175510204081633,2.93806569644383
96,0.7230612244897959,2.923630930063676
97,0.726938775510204,2.90812711131816
98,0.7212244897959184,2.9005424719440693
99,0.7277551020408163,2.886713793034456
100,0.7222448979591837,2.8738817847504907
101,0.7295918367346939,2.8634132881553804
102,0.7291836734693877,2.8432583530581725
103,0.7357142857142858,2.8237202527571696
104,0.7416326530612245,2.817013858873017
105,0.7322448979591837,2.8104056663902437
106,0.7377551020408163,2.7878060348666445
107,0.7340816326530613,2.781072072398906
108,0.7379591836734694,2.762227388887989
109,0.7391836734693877,2.757246346960262
110,0.7479591836734694,2.7339310649949677
111,0.7620408163265306,2.7217913775541343
112,0.7424489795918368,2.710330653677181
113,0.7475510204081632,2.6988113981363724
114,0.7491836734693877,2.694633601441675
115,0.7587755102040816,2.675590645731712
116,0.7559183673469387,2.666359105012855
117,0.7604081632653061,2.6423489313709494
118,0.7559183673469387,2.6390015136952303
119,0.763265306122449,2.629130916206204
120,0.7640816326530612,2.6057339279019103
121,0.766734693877551,2.59731712535936
122,0.7679591836734694,2.585772526410161
123,0.7685714285714286,2.5731235330931996
124,0.7683673469387755,2.5586943058091767
125,0.7746938775510204,2.549200682737389
126,0.7765306122448979,2.5388659697162863
127,0.7818367346938776,2.520610438560953
128,0.7775510204081633,2.5108691980400866
129,0.7818367346938776,2.498866490344612
130,0.7830612244897959,2.4912344430417432
131,0.7881632653061225,2.475438911476914
132,0.7889795918367347,2.4681648227146695
133,0.7902040816326531,2.449736430888273
134,0.7955102040816326,2.4373402558540813
135,0.7977551020408163,2.4295457006960497
136,0.7987755102040817,2.4159084403758144
137,0.7904081632653062,2.4084985174451554
138,0.8012244897959183,2.3906273176232165
139,0.7989795918367347,2.3868573739577315
140,0.8055102040816327,2.371604100246819
141,0.7924489795918367,2.3689937581821363
142,0.8071428571428572,2.3509585719205894
143,0.8140816326530612,2.3369050405463394
144,0.8140816326530612,2.323691790249883
145,0.8038775510204081,2.327839939545612
146,0.8024489795918367,2.3127551944888367
147,0.810204081632653,2.30229464667184
148,0.8218367346938775,2.2791673981413547
149,0.8114285714285714,2.27699524470738
150,0.8091836734693878,2.2754673996750188
151,0.8189795918367347,2.257451910096772
152,0.8151020408163265,2.2497859602558368
153,0.8124489795918367,2.24438322573292
154,0.8214285714285714,2.2309009912062665
155,0.8275510204081633,2.2128740188053677
156,0.8226530612244898,2.202521227427891
157,0.8289795918367346,2.1970723233904157
158,0.816734693877551,2.197480189654292
159,0.8308163265306122,2.1763699128676435
160,0.8344897959183674,2.1654647116758388
161,0.8328571428571429,2.1604727876429655
162,0.8316326530612245,2.148163858141218
163,0.8289795918367346,2.1444958712130178
164,0.8461224489795919,2.1223213170499218
165,0.8440816326530612,2.114674071195174
166,0.8406122448979592,2.1122681933033225
167,0.8451020408163266,2.0999670768270686
168,0.8430612244897959,2.093314497032944
169,0.8420408163265306,2.0847114819896464
170,0.8453061224489796,2.0748113877432686
171,0.8510204081632653,2.071296543880385
172,0.8510204081632653,2.058291828875639
173,0.8453061224489796,2.0536151704982837
174,0.8536734693877551,2.0365832389130882
175,0.8536734693877551,2.031061090936466
176,0.8520408163265306,2.0245619592861255
177,0.8542857142857143,2.0088400666567745
178,0.860204081632653,1.998872790920491
179,0.8518367346938776,1.9953176632706
180,0.8634693877551021,1.987528207448064
181,0.8548979591836735,1.9842484884845968
182,0.8614285714285714,1.9692215582789208
183,0.8644897959183674,1.9622897556849888
184,0.8683673469387755,1.949087104505422
185,0.8622448979591837,1.946306178813078
186,0.8646938775510205,1.9455692983160213
187,0.866734693877551,1.9281544236747585
188,0.873265306122449,1.9110972485250357
189,0.87,1.9108928765082847
190,0.8718367346938776,1.9046940779199406
191,0.8710204081632653,1.8970614536441102
192,0.8708163265306123,1.8928904609290922
193,0.8685714285714285,1.8820832020895821
194,0.8828571428571429,1.8642993556236733
195,0.8834693877551021,1.8604986595620914
196,0.8765306122448979,1.8601700466506335
197,0.8812244897959184,1.8475193894639308
198,0.8771428571428571,1.84128031681995
199,0.8857142857142857,1.830950876741993
200,0.8818367346938776,1.8258578736441475
201,0.8869387755102041,1.8151596790430498
202,0.8865306122448979,1.8056830442195035
203,0.8904081632653061,1.799398002235257
204,0.8883673469387755,1.7944297012990835
205,0.8881632653061224,1.7834287306727195
206,0.8885714285714286,1.778165445911641
207,0.8879591836734694,1.7752185139364125
208,0.893265306122449,1.7635901022930534
209,0.8951020408163265,1.7577345629127659
210,0.8914285714285715,1.7503786914202633
211,0.8889795918367347,1.7484090971460147
212,0.8963265306122449,1.7390684139485262
213,0.8975510204081633,1.730236867982514
214,0.9018367346938776,1.7161351439417625
215,0.9059183673469388,1.7076076046301394
216,0.8989795918367347,1.7089796892477542
217,0.9063265306122449,1.6923521041870118
218,0.9006122448979592,1.6910806498235587
219,0.9051020408163265,1.6827976934277282
220,0.8963265306122449,1.688991449901036
221,0.9032653061224489,1.672151982151732
222,0.9006122448979592,1.6658471195065245
223,0.9044897959183673,1.6608645776826507
224,0.909795918367347,1.6517924964671231
225,0.9036734693877551,1.650402541939093
226,0.9116326530612245,1.629350876321598
227,0.9124489795918367,1.6278488923092278
228,0.9102040816326531,1.6323893905172542
229,0.9124489795918367,1.6201538950083207
230,0.9093877551020408,1.6133955764770507
231,0.9091836734693878,1.6075095128039925
232,0.9138775510204081,1.6018056009253676
233,0.9187755102040817,1.5892700621546532
234,0.9218367346938775,1.5789212633638965
235,0.9116326530612245,1.584851620245953
236,0.9246938775510204,1.56301668186577
237,0.9146938775510204,1.5695431544829388
238,0.9110204081632653,1.570129123026011
239,0.9212244897959184,1.555213548991145
240,0.9173469387755102,1.546346271475967
241,0.9230612244897959,1.538463359268344
242,0.9220408163265306,1.5412920689096257
243,0.9210204081632654,1.536539610940583
244,0.9255102040816326,1.5239278087810595
245,0.9257142857142857,1.5167643732927283
246,0.9246938775510204,1.518003253450199
247,0.919795918367347,1.5133236246692892
248,0.9275510204081633,1.500618137145529
249,0.9236734693877551,1.4998440151798482
250,0.9218367346938775,1.4967302240644182
251,0.9255102040816326,1.4884291291723446
252,0.9342857142857143,1.4763404525056176
253,0.9255102040816326,1.479433956535495
254,0.9308163265306122,1.4721254663078152
255,0.9336734693877551,1.4601062360101817
256,0.9295918367346939,1.4529698835100446
257,0.926734693877551,1.4572862136607267
258,0.9310204081632653,1.447873122059569
259,0.9308163265306122,1.4432007939474922
260,0.9289795918367347,1.4366486846184243
261,0.9281632653061225,1.4335737096046914
262,0.9375510204081633,1.4234544167226675
263,0.9324489795918367,1.4235338771586517
264,0.9344897959183673,1.4196347543171475
265,0.9353061224489796,1.4090645068032401
266,0.9353061224489796,1.4085455334916406
267,0.9424489795918367,1.3927726803020555
268,0.9346938775510204,1.3955955265006241
269,0.9410204081632653,1.3872913890955398
270,0.9381632653061225,1.3839522198268346
271,0.9391836734693878,1.3769816752842494
272,0.9340816326530612,1.3765410100197306
273,0.9377551020408164,1.3692881142363256
274,0.9404081632653061,1.3653217273828935
275,0.943265306122449,1.3561974800849448
276,0.936734693877551,1.3574343033226168
277,0.9395918367346939,1.345766141463299
278,0.9381632653061225,1.347320720711533
279,0.9395918367346939,1.3426581448924784
280,0.9383673469387755,1.3389228758520009
281,0.9414285714285714,1.3323987786623896
282,0.94,1.325413423752298
283,0.9426530612244898,1.3195515178174388
284,0.943265306122449,1.3115321240133169
285,0.9473469387755102,1.307948003009874
286,0.9453061224489796,1.305081199139965
287,0.9440816326530612,1.302469347447765
288,0.9493877551020408,1.2983651169952082
289,0.943265306122449,1.2931548940892121
290,0.9444897959183673,1.2886712521922832
291,0.9475510204081633,1.279591716260326
292,0.9426530612244898,1.2785140709974327
293,0.9491836734693877,1.2740830425340302
294,0.9473469387755102,1.2667004483086721
295,0.9495918367346938,1.2681690877797653
296,0.9528571428571428,1.2540786293574742
297,0.9453061224489796,1.2560780493093997
298,0.9497959183673469,1.2521652156479504
299,0.9530612244897959,1.2455582035804282
300,0.9471428571428572,1.241466157387714
301,0.9473469387755102,1.2397553761151372
302,0.9485714285714286,1.2319613749640328
303,0.9569387755102041,1.2255267659012152
304,0.9483673469387756,1.228797695393465
305,0.9483673469387756,1.22247412350713
306,0.9530612244897959,1.2160828173890406
307,0.9483673469387756,1.2173432602201189
308,0.9555102040816327,1.2069289640504486
309,0.9530612244897959,1.2061205433826057
310,0.953265306122449,1.2037033590005368
311,0.9551020408163265,1.1986367380375764
312,0.9559183673469388,1.194398161635107
313,0.9546938775510204,1.1889292923285038
314,0.9563265306122449,1.1905196552860493
315,0.9528571428571428,1.1807835436840446
316,0.9520408163265306,1.182800863810948
317,0.9542857142857143,1.1742144414356777
318,0.9528571428571428,1.1740795029426108
319,0.953469387755102,1.1722430410190505
320,0.953469387755102,1.1641094257393663
321,0.9548979591836735,1.1599713592140042
322,0.9604081632653061,1.155648697055116
323,0.9546938775510204,1.1524400312073377
324,0.9542857142857143,1.1470447062472908
325,0.9553061224489796,1.143951528412955
326,0.953265306122449,1.1439546641524958
327,0.9606122448979592,1.131883806501116
328,0.9571428571428572,1.1351083865457652
329,0.9559183673469388,1.131640542964546
330,0.9591836734693877,1.1219676959757903
331,0.96,1.1203517491476875
332,0.9526530612244898,1.1262615693345361
333,0.9546938775510204,1.1211436472133713
334,0.9618367346938775,1.1075148869533928
335,0.9544897959183674,1.1143394910072795
336,0.956530612244898,1.1101612921150363
337,0.9571428571428572,1.1053438751065001
338,0.9551020408163265,1.105855706273293
339,0.9567346938775511,1.101381468480947
340,0.9593877551020408,1.0987046880138163
341,0.9567346938775511,1.0954597939277182
342,0.9620408163265306,1.0807021573611668
343,0.9612244897959183,1.085235328479689
344,0.960204081632653,1.0778283342050046
345,0.9620408163265306,1.0730698095049176
346,0.9583673469387755,1.076316472559559
347,0.9622448979591837,1.0675151977247122
348,0.9608163265306122,1.0708173142647257
349,0.9608163265306122,1.0617313792754193
350,0.9608163265306122,1.0627733543940954
351,0.960204081632653,1.0617303231297708
352,0.9567346938775511,1.058175908351431
353,0.9661224489795919,1.0453937133477658
354,0.9644897959183674,1.0443755350307542
355,0.9673469387755103,1.039587179106109
356,0.9622448979591837,1.0388196298054286
357,0.9657142857142857,1.028873311159562
358,0.9614285714285714,1.0359877415092624
359,0.9648979591836735,1.0280829794552862
360,0.9675510204081633,1.024064706588278
361,0.9620408163265306,1.0280675762526843
362,0.9642857142857143,1.0207699099365546
363,0.963265306122449,1.0202832281832792
364,0.9638775510204082,1.0149739158396818
365,0.9669387755102041,1.010172098704747
366,0.9636734693877551,1.0130469267222346
367,0.9683673469387755,1.001885561359172
368,0.9689795918367347,0.9986035459382193
369,0.9626530612244898,1.0050959258176841
370,0.9669387755102041,0.9981946933999354
371,0.9610204081632653,0.999031910993615
372,0.963265306122449,0.994884488923209
373,0.9677551020408163,0.9883057786007317
374,0.9704081632653061,0.9803882711760852
375,0.966530612244898,0.9813408014725665
376,0.9659183673469388,0.9810344717453937
377,0.9616326530612245,0.9831706682516604
378,0.9685714285714285,0.9729223229447189
379,0.9653061224489796,0.9712725858785668
380,0.9648979591836735,0.968772801428425
381,0.9673469387755103,0.9633803996261285
382,0.9679591836734693,0.9641283278076016
383,0.9648979591836735,0.9593203001606221
384,0.9655102040816327,0.959593740677347
385,0.9685714285714285,0.9541723107318489
386,0.9685714285714285,0.9514894201317612
387,0.9655102040816327,0.950999537584733
388,0.9677551020408163,0.9462337531362262
389,0.9659183673469388,0.9467151339200078
390,0.9722448979591837,0.9381899710577362
391,0.9722448979591837,0.9358291262023303
392,0.9653061224489796,0.9440269413772895
393,0.9659183673469388,0.9354942457043395
394,0.9616326530612245,0.9376352485345334
395,0.9651020408163266,0.9317984616999724
396,0.97,0.9235189151277348
397,0.9683673469387755,0.9226110531845871
398,0.970204081632653,0.9150728821754456
399,0.9681632653061224,0.9176938942987092
400,0.9685714285714285,0.9198522217906251
401,0.9657142857142857,0.9163799752994459
402,0.9685714285714285,0.9141867974826268
403,0.9697959183673469,0.9081223170611323
404,0.970204081632653,0.9057391711643764
405,0.9675510204081633,0.9060917205713234
406,0.9687755102040816,0.903687558271447
407,0.9671428571428572,0.9007718376237519
408,0.9718367346938775,0.8926689608243047
409,0.9708163265306122,0.8939730573187069
410,0.970204081632653,0.8981026614928732
411,0.9704081632653061,0.8906763279194735
412,0.9714285714285714,0.886991983141218
413,0.9704081632653061,0.8832512512985541
414,0.9710204081632653,0.8807166268874188
415,0.9693877551020408,0.8822219820898406
416,0.9673469387755103,0.8806358895009878
417,0.9663265306122449,0.8788053359304155
418,0.9710204081632653,0.873404815537589
419,0.9671428571428572,0.8744485340799604
420,0.9710204081632653,0.8662013339996338
421,0.9704081632653061,0.8645441758389376
422,0.9710204081632653,0.8607068484170096
423,0.9720408163265306,0.8617796759216153
424,0.9689795918367347,0.8672284387569038
425,0.9716326530612245,0.8565956973542973
426,0.97,0.8597000320590272
427,0.9738775510204082,0.8531757016571201
428,0.9755102040816327,0.8487173734392439
429,0.97,0.8512419072462588
430,0.9736734693877551,0.8481366553111952
431,0.9712244897959184,0.8453063462705028
432,0.966530612244898,0.8467911609824823
433,0.970204081632653,0.8422492329928339
434,0.9716326530612245,0.8403818041937692
435,0.9726530612244898,0.8379628276338382
436,0.9716326530612245,0.8348794787270682
437,0.9734693877551021,0.8277743246603986
438,0.9714285714285714,0.8287704308665529
439,0.9693877551020408,0.8332491959844317
440,0.9740816326530612,0.8205679352429448
441,0.9730612244897959,0.8233239000670763
442,0.9710204081632653,0.822653376326269
443,0.9744897959183674,0.8188802296774728
444,0.9724489795918367,0.8189482184818813
445,0.9753061224489796,0.8124605585604298
446,0.9714285714285714,0.8163683179933198
447,0.9730612244897959,0.8150127104350499
448,0.973265306122449,0.8065612830434526
449,0.9740816326530612,0.8076248817541162
450,0.9714285714285714,0.8084941889315236
451,0.9742857142857143,0.8017188796218561
452,0.970204081632653,0.803395831049705
453,0.9773469387755102,0.7952910188266209
454,0.9738775510204082,0.7947903921166245
455,0.9724489795918367,0.7941926929415489
456,0.9730612244897959,0.7938597707359158
457,0.9712244897959184,0.7926879303309382
458,0.9714285714285714,0.7892731828105694
459,0.9677551020408163,0.7995481209365689
460,0.9734693877551021,0.7886542273540886
461,0.9726530612244898,0.7831178496808422
462,0.9667346938775511,0.7900817627809485
463,0.9738775510204082,0.7780675093008548
464,0.9714285714285714,0.77974399727218
465,0.9748979591836735,0.7736458050474828
466,0.9759183673469388,0.7734043929528217
467,0.9761224489795919,0.7693782988859683
468,0.9730612244897959,0.7717706468153973
469,0.9726530612244898,0.7702953797943738
470,0.9722448979591837,0.7675810374045858
471,0.9755102040816327,0.7665024193938897
472,0.9697959183673469,0.7692962776884741
473,0.9720408163265306,0.7629005234582084
474,0.9742857142857143,0.7602213770029497
475,0.9791836734693877,0.7509657844718621
476,0.9748979591836735,0.7558799485771024
477,0.9757142857142858,0.7536753219974285
478,0.9738775510204082,0.7528668864892454
479,0.9771428571428571,0.7465316003682662
480,0.9740816326530612,0.7475356320459016
481,0.9738775510204082,0.7479173021413842
482,0.9708163265306122,0.7496094234135686
483,0.9797959183673469,0.738530098808055
484,0.976326530612245,0.740568332380178
485,0.9757142857142858,0.7375513927790583
486,0.976938775510204,0.7407301506217645
487,0.976938775510204,0.7372276964966131
488,0.9746938775510204,0.7358485527427829
489,0.9742857142857143,0.7380133221100788
490,0.9753061224489796,0.7340233459764597
491,0.9736734693877551,0.7354929858324479
492,0.9714285714285714,0.7343760170255389
493,0.9759183673469388,0.7273569961956569
494,0.9759183673469388,0.7272855665245834
495,0.9783673469387755,0.7261756183663193
496,0.9789795918367347,0.7197223957704038
497,0.9755102040816327,0.7191558715761924
498,0.9748979591836735,0.7218256707580722
499,0.9755102040816327,0.7181010230220094
