epoch,categorical_accuracy,loss
0,0.4146938775510204,6.5800198566670325
1,0.4359183673469388,5.5471333460905115
2,0.4473469387755102,4.971263611073397
3,0.46938775510204084,4.4969724283413015
4,0.47306122448979593,4.340763099631484
5,0.4773469387755102,4.238665118898664
6,0.48775510204081635,4.090581886525057
7,0.4953061224489796,3.9303778459587875
8,0.5044897959183674,3.8844468599436235
9,0.4953061224489796,3.8100358252622644
10,0.5146938775510204,3.688932908311182
11,0.5053061224489795,3.686886551526128
12,0.4989795918367347,3.5980174664088658
13,0.51,3.585506484946426
14,0.506938775510204,3.493179313893221
15,0.49551020408163265,3.5147364707868927
16,0.5010204081632653,3.4647905102554635
17,0.5077551020408163,3.391076646532331
18,0.5163265306122449,3.357513813485905
19,0.4959183673469388,3.3502721831263327
20,0.5124489795918368,3.313224381427376
21,0.5169387755102041,3.2673749814714705
22,0.5040816326530613,3.259655055026619
23,0.49857142857142855,3.26885148943687
24,0.5091836734693878,3.1907014225940316
25,0.5134693877551021,3.2012050293902963
26,0.5128571428571429,3.1573162041878216
27,0.5038775510204082,3.1352442766695607
28,0.5210204081632653,3.126164321510159
29,0.5118367346938776,3.0919846083193407
30,0.5142857142857142,3.078109518167924
31,0.513265306122449,3.0723777171543665
32,0.5128571428571429,3.0389749774154353
33,0.506734693877551,3.0502352946145193
34,0.5289795918367347,3.003220563421444
35,0.5102040816326531,3.022809070275754
36,0.5218367346938776,2.981905799982499
37,0.5163265306122449,2.9937259701320103
38,0.5126530612244898,2.9792354844540965
39,0.5087755102040816,2.965852687407513
40,0.5159183673469387,2.945726069625543
41,0.5171428571428571,2.9472982951572964
42,0.5355102040816326,2.924560534613473
43,0.5287755102040816,2.910702543647922
44,0.5163265306122449,2.9165316501928835
45,0.516734693877551,2.908546135960793
46,0.5242857142857142,2.8873835775803545
47,0.5257142857142857,2.8720535502141837
48,0.529795918367347,2.8393364460614263
49,0.5242857142857142,2.858497934536058
50,0.5273469387755102,2.8324365179879325
51,0.5316326530612245,2.830434702853767
52,0.5308163265306123,2.8109123393467494
53,0.5242857142857142,2.8224199351485897
54,0.5259183673469388,2.8139892496381487
55,0.5212244897959184,2.8105237713638616
56,0.5218367346938776,2.78852794257962
57,0.5248979591836734,2.78657540029409
58,0.5346938775510204,2.7658662122609665
59,0.5269387755102041,2.7695422707771766
60,0.5332653061224489,2.757305224477028
61,0.5381632653061225,2.741181523459298
62,0.5336734693877551,2.7524247691096093
63,0.5273469387755102,2.738718099983371
64,0.5306122448979592,2.734418573963399
65,0.5193877551020408,2.7304778595359958
66,0.5461224489795918,2.704314350400652
67,0.5457142857142857,2.694177708723107
68,0.5446938775510204,2.6913843748520834
69,0.5393877551020408,2.6841049834660122
70,0.5263265306122449,2.6912015268753984
71,0.5459183673469388,2.6707161564729653
72,0.5414285714285715,2.676175851238017
73,0.5491836734693878,2.656873324452614
74,0.5412244897959184,2.6610065164371415
75,0.5393877551020408,2.654832338410981
76,0.5422448979591836,2.6502650379648016
77,0.5406122448979592,2.637341357639858
78,0.5312244897959184,2.6352199268341066
79,0.5489795918367347,2.6220643530086596
80,0.5383673469387755,2.6171622021344243
81,0.5428571428571428,2.6184405642139668
82,0.5526530612244898,2.6048558639993473
83,0.5504081632653062,2.6083883036399373
84,0.5510204081632653,2.5874572997190515
85,0.5526530612244898,2.5808821104010757
86,0.5536734693877551,2.570980528812019
87,0.5553061224489796,2.572949871530338
88,0.5644897959183673,2.565357275787665
89,0.5469387755102041,2.5724153522569306
90,0.5463265306122449,2.566644453710439
91,0.5614285714285714,2.547571556714116
92,0.5524489795918367,2.549549800327846
93,0.553265306122449,2.537511060481169
94,0.5620408163265306,2.5273252783016282
95,0.559795918367347,2.521915507219276
96,0.5544897959183673,2.5194812774658204
97,0.5544897959183673,2.5153389479189503
98,0.5775510204081633,2.494756582999716
99,0.57,2.495109101314934
100,0.5569387755102041,2.4969414016178675
101,0.5706122448979591,2.493015980039324
102,0.5744897959183674,2.477555351646579
103,0.5612244897959183,2.478182887641751
104,0.5661224489795919,2.4703274485529687
105,0.5738775510204082,2.463168419818489
106,0.553469387755102,2.46887806970246
107,0.5742857142857143,2.4507781949335214
108,0.5759183673469388,2.4444677041501417
109,0.5714285714285714,2.437062943322318
110,0.5730612244897959,2.4281860022642174
111,0.5757142857142857,2.4281574362151477
112,0.5673469387755102,2.422608260135261
113,0.57,2.4227635504274954
114,0.576734693877551,2.407097374079179
115,0.5759183673469388,2.410504714810118
116,0.5775510204081633,2.399854230880737
117,0.5848979591836735,2.391071904046195
118,0.5763265306122449,2.3898752944323483
119,0.576530612244898,2.3848810446992212
120,0.583265306122449,2.37277196300273
121,0.5881632653061224,2.363563571462826
122,0.5785714285714286,2.3670239709348095
123,0.5814285714285714,2.3579650699849033
124,0.5851020408163266,2.351632553801245
125,0.5863265306122449,2.350883276803153
126,0.5830612244897959,2.3420711357739505
127,0.5910204081632653,2.339218031630224
128,0.5946938775510204,2.331032746178763
129,0.5785714285714286,2.3323415353346846
130,0.5987755102040816,2.3140410884545775
131,0.5883673469387755,2.315875453754347
132,0.5922448979591837,2.3075978812392877
133,0.5977551020408163,2.2998441443151356
134,0.5926530612244898,2.2926059767664695
135,0.5971428571428572,2.2894378374060804
136,0.6010204081632653,2.288335902934172
137,0.5908163265306122,2.2827198719491766
138,0.6040816326530613,2.270726020384808
139,0.5924489795918367,2.271045981232001
140,0.6087755102040816,2.255659431146116
141,0.6016326530612245,2.25821884563991
142,0.6046938775510204,2.2490187804552972
143,0.6071428571428571,2.24295516062756
144,0.6004081632653061,2.246398374109852
145,0.6059183673469388,2.2375610174451555
146,0.6026530612244898,2.231757709347472
147,0.6108163265306122,2.2214101672659115
148,0.6042857142857143,2.2197802487198186
149,0.6073469387755102,2.2147613902967804
150,0.6165306122448979,2.2020507203316204
151,0.6083673469387755,2.201524893118411
152,0.6224489795918368,2.1973675655832094
153,0.6234693877551021,2.190874519153517
154,0.6051020408163266,2.191558910292022
155,0.6246938775510205,2.1807023678993693
156,0.6183673469387755,2.174373232977731
157,0.6151020408163266,2.170645621358132
158,0.6051020408163266,2.1706363738313015
159,0.6108163265306122,2.1628188460213797
160,0.6116326530612245,2.15733340166053
161,0.6093877551020408,2.1526075641476377
162,0.6197959183673469,2.142415236064366
163,0.6073469387755102,2.1422055493568886
164,0.6238775510204082,2.1313720472491515
165,0.616938775510204,2.13176333816684
166,0.6314285714285715,2.1209408847653135
167,0.6259183673469387,2.11893601981961
168,0.6279591836734694,2.1127823824785192
169,0.6281632653061224,2.109075457125294
170,0.6289795918367347,2.1050128938713852
171,0.6161224489795918,2.108968883436553
172,0.6281632653061224,2.0941704329665827
173,0.6124489795918368,2.096410022852372
174,0.6271428571428571,2.0858419155587957
175,0.6279591836734694,2.0763990561816157
176,0.623061224489796,2.0782715073410345
177,0.6353061224489795,2.069783196741221
178,0.6297959183673469,2.062216729144661
179,0.6377551020408163,2.059145208864796
180,0.6295918367346939,2.0571685628501735
181,0.6361224489795918,2.0545234039851596
182,0.6291836734693877,2.0411159768396496
183,0.6322448979591837,2.039708077372337
184,0.6287755102040816,2.0368782048322718
185,0.6395918367346939,2.0268078188993495
186,0.649795918367347,2.015589981273729
187,0.6422448979591837,2.019538730699189
188,0.6340816326530613,2.0190058970937925
189,0.6461224489795918,2.005184158403046
190,0.6340816326530613,2.0144624760686134
191,0.6389795918367347,2.0029698327122905
192,0.6416326530612245,1.999824072584814
193,0.6336734693877552,1.9993484423111896
194,0.6371428571428571,1.989822330961422
195,0.6395918367346939,1.9865913839729465
196,0.64,1.9820988468248018
197,0.6387755102040816,1.9742465016306663
198,0.6322448979591837,1.977481051853725
199,0.643673469387755,1.9659187781080907
200,0.6473469387755102,1.9635152421678816
201,0.6361224489795918,1.9592038094267554
202,0.6506122448979592,1.9524274203242087
203,0.6420408163265307,1.9606759764223682
204,0.6548979591836734,1.9420140805536388
205,0.6526530612244898,1.9402276914946888
206,0.6646938775510204,1.9263050388803287
207,0.646734693877551,1.936744451912082
208,0.65,1.9240373253335759
209,0.6544897959183673,1.9200305912446003
210,0.6563265306122449,1.91559469972338
211,0.6608163265306123,1.910791294818022
212,0.6469387755102041,1.9078750880883664
213,0.6538775510204081,1.9027730830834837
214,0.6587755102040816,1.9033644309335824
215,0.6583673469387755,1.8881383155316722
216,0.6544897959183673,1.8929771177136168
217,0.6640816326530612,1.8899837619431166
218,0.6557142857142857,1.8855591406141008
219,0.656530612244898,1.8825959684410873
220,0.6579591836734694,1.8771818355638155
221,0.663469387755102,1.8696223637522484
222,0.6416326530612245,1.8719065995119055
223,0.6636734693877551,1.8634529902010548
224,0.6604081632653062,1.8616484734476828
225,0.6502040816326531,1.8580100003067328
226,0.6632653061224489,1.852704762925907
227,0.6681632653061225,1.8448938794038734
228,0.6612244897959184,1.83960032706358
229,0.6681632653061225,1.8377121454355667
230,0.6646938775510204,1.8373593081260213
231,0.6575510204081633,1.8337831993492282
232,0.6622448979591836,1.824283247480587
233,0.6708163265306123,1.8221361677987236
234,0.6679591836734694,1.8176603108036276
235,0.666734693877551,1.8109725943390205
236,0.669795918367347,1.8129483008871272
237,0.68,1.803529011084109
238,0.6753061224489796,1.8002594981874738
239,0.6693877551020408,1.803101912128682
240,0.6689795918367347,1.7963063773330377
241,0.6769387755102041,1.7897758252280098
242,0.6726530612244898,1.788418896149616
243,0.6718367346938775,1.7839240815688153
244,0.6710204081632654,1.778897364480155
245,0.67,1.783102638770123
246,0.6771428571428572,1.7705115313432656
247,0.6706122448979592,1.7640039364172488
248,0.6820408163265306,1.7591332335374794
249,0.6740816326530612,1.7645288891694983
250,0.6842857142857143,1.753711173972305
251,0.6738775510204081,1.7545449739572954
252,0.6736734693877551,1.7481907873737568
253,0.683265306122449,1.7455255966770407
254,0.6820408163265306,1.7423069941267675
255,0.683265306122449,1.7386617811358704
256,0.6759183673469388,1.7318218829680463
257,0.6855102040816327,1.725707372548629
258,0.6773469387755102,1.7295665861635792
259,0.6802040816326531,1.728068832475312
260,0.6883673469387755,1.7186096183621153
261,0.6914285714285714,1.716555714509925
262,0.686734693877551,1.7126383852472111
263,0.6802040816326531,1.7136487459649845
264,0.6871428571428572,1.7031908740802688
265,0.6853061224489796,1.7054845091761375
266,0.6936734693877551,1.699218888574717
267,0.6946938775510204,1.6853987428120205
268,0.6877551020408164,1.697331924633104
269,0.6822448979591836,1.6905339654611082
270,0.6883673469387755,1.6852856992215526
271,0.676734693877551,1.685509850735567
272,0.6916326530612245,1.6782487397291221
273,0.6840816326530612,1.6793576587949481
274,0.6969387755102041,1.6647191346421533
275,0.6853061224489796,1.671179461868442
276,0.6985714285714286,1.6597185762561097
277,0.6961224489795919,1.660905312907939
278,0.6908163265306122,1.6585201296514394
279,0.6946938775510204,1.649463332429224
280,0.7024489795918367,1.6398915430964256
281,0.6991836734693877,1.6468280751364572
282,0.6977551020408164,1.643656948439929
283,0.6957142857142857,1.6424205463759753
284,0.6936734693877551,1.6400264267045623
285,0.6914285714285714,1.6381300593395622
286,0.6955102040816327,1.6330416817567786
287,0.6904081632653061,1.6329345279810379
288,0.686530612244898,1.63153358284308
289,0.6928571428571428,1.6232376793452672
290,0.7026530612244898,1.6228186715379054
291,0.7053061224489796,1.6146383750681974
292,0.7014285714285714,1.6140423444825776
293,0.6977551020408164,1.6098804442736567
294,0.7016326530612245,1.6076425295459982
295,0.7091836734693877,1.5979821325808155
296,0.6987755102040817,1.6035680736814226
297,0.7053061224489796,1.597260327144545
298,0.7018367346938775,1.5888123747767233
299,0.7063265306122449,1.5888027437365786
300,0.7073469387755102,1.5868611756149604
301,0.7030612244897959,1.5864785121411693
302,0.7108163265306122,1.5757763990090818
303,0.6961224489795919,1.5851580942893515
304,0.7046938775510204,1.573285241224328
305,0.7097959183673469,1.5705575654944595
306,0.7085714285714285,1.568283335238087
307,0.7087755102040816,1.566759393069209
308,0.71,1.5634527234641873
309,0.710204081632653,1.5651635805441408
310,0.7163265306122449,1.5538184897753657
311,0.7051020408163265,1.5582195873649753
312,0.7075510204081633,1.550817602215981
313,0.7169387755102041,1.5438198431170718
314,0.7106122448979592,1.5479581481583264
315,0.7128571428571429,1.5364427972326473
316,0.7136734693877551,1.5375139611107962
317,0.716530612244898,1.536171790337076
318,0.7167346938775511,1.5275750915371642
319,0.7110204081632653,1.5351697758265903
320,0.7206122448979592,1.5238934157819164
321,0.7018367346938775,1.5260110485310456
322,0.7120408163265306,1.519903005580513
323,0.7138775510204082,1.5220196989604404
324,0.7220408163265306,1.508538813396376
325,0.7122448979591837,1.5143106151113706
326,0.7193877551020408,1.5091137405317656
327,0.7308163265306122,1.4951745475068385
328,0.7153061224489796,1.5072524477511036
329,0.7242857142857143,1.5005575533302462
330,0.7159183673469388,1.4971339128455337
331,0.7216326530612245,1.494684035924016
332,0.7267346938775511,1.490842853662919
333,0.7238775510204082,1.4891131115932854
334,0.7208163265306122,1.4834157332595515
335,0.7261224489795919,1.489071379291768
336,0.7279591836734693,1.4807582968108508
337,0.7259183673469388,1.4783123296620895
338,0.7197959183673469,1.4734709172346154
339,0.7255102040816327,1.4686919177308375
340,0.7238775510204082,1.4739198675934149
341,0.7310204081632653,1.466868846562444
342,0.7295918367346939,1.4675584434976383
343,0.7253061224489796,1.46416481086186
344,0.7230612244897959,1.4635168120325828
345,0.7357142857142858,1.461820052497241
346,0.7297959183673469,1.4535649763807958
347,0.7220408163265306,1.4587258464462902
348,0.7295918367346939,1.4451757629550233
349,0.7324489795918367,1.4450947675899584
350,0.7304081632653061,1.4456230716316067
351,0.7297959183673469,1.4385501672783676
352,0.7281632653061224,1.4412751304860019
353,0.733265306122449,1.4387013070437373
354,0.7344897959183674,1.4354277076526565
355,0.7383673469387755,1.4319881770075584
356,0.7342857142857143,1.4307127178931722
357,0.7320408163265306,1.4280558535517478
358,0.743265306122449,1.4188581178626236
359,0.7383673469387755,1.4216878506602073
360,0.7428571428571429,1.4212590531913603
361,0.7393877551020408,1.4171394972898521
362,0.7365306122448979,1.4167871819710245
363,0.730204081632653,1.4129096782450774
364,0.7293877551020408,1.4145452912972898
365,0.7416326530612245,1.4075822268700113
366,0.7357142857142858,1.409130438395909
367,0.7481632653061224,1.3895948463556718
368,0.74,1.402852301402968
369,0.7318367346938776,1.4015937420786644
370,0.7377551020408163,1.391912836833876
371,0.7453061224489796,1.390326424812784
372,0.7348979591836735,1.3881103838706503
373,0.7448979591836735,1.3842658399075878
374,0.7348979591836735,1.3891231513509945
375,0.7491836734693877,1.383079953972174
376,0.7453061224489796,1.3783491715606377
377,0.7559183673469387,1.3713487437306617
378,0.7436734693877551,1.3747220405267209
379,0.7438775510204082,1.3758970966144484
380,0.753265306122449,1.3624580246088456
381,0.7404081632653061,1.3702063287034327
382,0.7424489795918368,1.3675831895945023
383,0.7522448979591837,1.3610670090694816
384,0.7504081632653061,1.3601203949597418
385,0.7459183673469387,1.3594170464301596
386,0.7557142857142857,1.3499563292094638
387,0.7418367346938776,1.3587340159318886
388,0.7524489795918368,1.3524210555212839
389,0.7436734693877551,1.3549730336909391
390,0.7412244897959184,1.3509939405869464
391,0.7442857142857143,1.3513131517293502
392,0.7563265306122449,1.3377732236044748
393,0.7540816326530613,1.3387914558332794
394,0.7514285714285714,1.3367475321828102
395,0.7463265306122449,1.3413602911696143
396,0.7473469387755102,1.336257638736647
397,0.7512244897959184,1.3313280808195775
398,0.7438775510204082,1.331256842710534
399,0.753265306122449,1.3248573889051165
400,0.7583673469387755,1.32282928758738
401,0.7514285714285714,1.3175479445165517
402,0.756734693877551,1.3235580901710355
403,0.7555102040816326,1.3257064237399978
404,0.7614285714285715,1.3158232008681006
405,0.756938775510204,1.314691518958734
406,0.7587755102040816,1.310636981166139
407,0.7579591836734694,1.3117347773727106
408,0.7628571428571429,1.301778785647178
409,0.7665306122448979,1.3000494563822844
410,0.7579591836734694,1.3018181234476518
411,0.7610204081632653,1.3055178325030268
412,0.7561224489795918,1.3028846559719163
413,0.7612244897959184,1.2951302345431581
414,0.7626530612244898,1.2965714624949864
415,0.7669387755102041,1.2884456460329952
416,0.76,1.2906847047805785
417,0.753061224489796,1.2922627277763523
418,0.77,1.2844073748101994
419,0.7518367346938776,1.2889884582830935
420,0.763061224489796,1.2891208982467652
421,0.7581632653061224,1.2836401061622464
422,0.7714285714285715,1.2660968425322552
423,0.7677551020408163,1.2729855344733414
424,0.7557142857142857,1.2744825524699932
425,0.7659183673469387,1.2733776904125602
426,0.7522448979591837,1.2771370872186154
427,0.7644897959183673,1.2627162418560105
428,0.7677551020408163,1.2661139158326753
429,0.7726530612244898,1.25890670902875
430,0.77,1.261865263763739
431,0.7638775510204082,1.263777262629295
432,0.7612244897959184,1.2567142714286337
433,0.7616326530612245,1.2609234932490758
434,0.7665306122448979,1.2538502879045448
435,0.7583673469387755,1.2604840694155013
436,0.766734693877551,1.2520009904978227
437,0.7673469387755102,1.2528320766955006
438,0.773469387755102,1.2445199860358724
439,0.7789795918367347,1.24061514640341
440,0.7789795918367347,1.2416923306912793
441,0.773469387755102,1.2420979697363717
442,0.7691836734693878,1.2435128544787972
443,0.7720408163265307,1.2376474859276596
444,0.7738775510204081,1.236446706178237
445,0.773469387755102,1.2291335830883103
446,0.7704081632653061,1.2337878696285949
447,0.7783673469387755,1.230712121652097
448,0.773061224489796,1.2256284312812649
449,0.7669387755102041,1.232158337709855
450,0.7746938775510204,1.227905337859173
451,0.7881632653061225,1.2158610548291888
452,0.7763265306122449,1.2194344498186696
453,0.7702040816326531,1.2239603205116427
454,0.7779591836734694,1.2190807510882007
455,0.7775510204081633,1.2113490527989914
456,0.7859183673469388,1.208486598365161
457,0.7771428571428571,1.2055860447397038
458,0.7746938775510204,1.212456571617905
459,0.78,1.204120260647365
460,0.7861224489795918,1.1986235541713481
461,0.7775510204081633,1.2061730865556366
462,0.7895918367346939,1.196841894850439
463,0.7806122448979592,1.1981978726873592
464,0.7842857142857143,1.1993453893856127
465,0.7863265306122449,1.188905258470652
466,0.786734693877551,1.1950168195062754
467,0.776734693877551,1.1960564785100976
468,0.7816326530612245,1.1919708287959196
469,0.7857142857142857,1.1862933009011405
470,0.7806122448979592,1.1928849743823615
471,0.7836734693877551,1.189674021954439
472,0.7826530612244897,1.1855736621545285
473,0.7906122448979592,1.1802823271556777
474,0.7793877551020408,1.1831911921987728
475,0.7904081632653062,1.1737361190270403
476,0.7885714285714286,1.1701538624082293
477,0.7877551020408163,1.1766730618963437
478,0.7879591836734694,1.1736639000444997
479,0.786734693877551,1.176455053018064
480,0.7855102040816326,1.1730163433113876
481,0.7981632653061225,1.1596420188825958
482,0.7844897959183673,1.167756073815482
483,0.7893877551020408,1.1678074567171992
484,0.7895918367346939,1.163217751249975
485,0.7895918367346939,1.16015918089419
486,0.7877551020408163,1.1622548501345575
487,0.7930612244897959,1.1596694496699742
488,0.7944897959183673,1.1515480666257898
489,0.7942857142857143,1.1566308998575017
490,0.7922448979591836,1.1529307764403673
491,0.7936734693877551,1.1498590007120248
492,0.7969387755102041,1.1445373139089468
493,0.7938775510204081,1.150903823327045
494,0.7953061224489796,1.1433080216816494
495,0.7948979591836735,1.146109232513272
496,0.7932653061224489,1.1448877022217732
497,0.8,1.1395227660938185
498,0.7914285714285715,1.1402640657035672
499,0.7908163265306123,1.1420122160230364
