epoch,categorical_accuracy,loss
0,0.5814285714285714,4.214686399868556
1,0.5689795918367347,3.6465822739503824
2,0.5375510204081633,3.3127641454034924
3,0.5275510204081633,3.153978270121983
4,0.5142857142857142,3.139677356992449
5,0.5185714285714286,2.9911416680472236
6,0.5102040816326531,2.925630697717472
7,0.5075510204081632,2.927541618347168
8,0.526734693877551,2.8308956346706466
9,0.4983673469387755,2.8121705436706543
10,0.5128571428571429,2.73685978986779
11,0.5206122448979592,2.7024908464782094
12,0.5136734693877552,2.679853994797687
13,0.5161224489795918,2.6528114758705605
14,0.5048979591836734,2.6300657560387437
15,0.5016326530612245,2.632616311092766
16,0.5248979591836734,2.539324985815554
17,0.5071428571428571,2.579102433652294
18,0.5202040816326531,2.5292253864054777
19,0.5253061224489796,2.486061243135102
20,0.5102040816326531,2.5221038137163436
21,0.5157142857142857,2.4690011341717777
22,0.5285714285714286,2.4174992894153204
23,0.5077551020408163,2.441865281280206
24,0.5193877551020408,2.396928726118438
25,0.5224489795918368,2.3765241069209817
26,0.52,2.373708861214774
27,0.5161224489795918,2.3705969783238
28,0.5126530612244898,2.364548348407356
29,0.5271428571428571,2.311293663492008
30,0.5273469387755102,2.34405635249858
31,0.5218367346938776,2.3004319599696568
32,0.53,2.2896625692017225
33,0.5140816326530612,2.299042525583384
34,0.5218367346938776,2.2609418111917923
35,0.5214285714285715,2.262541159610359
36,0.5120408163265306,2.261690591111475
37,0.5124489795918368,2.255002025292844
38,0.52,2.229938282285418
39,0.5238775510204081,2.222397202666925
40,0.5293877551020408,2.2027147901301483
41,0.5304081632653062,2.1944155247357426
42,0.5246938775510204,2.202358431426846
43,0.5263265306122449,2.1892754525554423
44,0.5287755102040816,2.178285065281148
45,0.5183673469387755,2.1895012409833012
46,0.5065306122448979,2.1892707022842095
47,0.5210204081632653,2.1618701008387973
48,0.5148979591836734,2.178538829647765
49,0.5191836734693878,2.157974685746796
50,0.5226530612244898,2.154006761628754
51,0.5295918367346939,2.150072927669603
52,0.5091836734693878,2.13691590990339
53,0.526734693877551,2.1331402111053466
54,0.5134693877551021,2.1266066749728454
55,0.5159183673469387,2.1283894807465225
56,0.5387755102040817,2.10569189168969
57,0.5283673469387755,2.1046617655851403
58,0.5222448979591837,2.1045243664177096
59,0.5181632653061224,2.0964833648837344
60,0.5285714285714286,2.086640071382328
61,0.5228571428571429,2.0942393703849946
62,0.523469387755102,2.0832335944078406
63,0.5414285714285715,2.0629453173462227
64,0.529795918367347,2.076482511150594
65,0.536734693877551,2.068873778168036
66,0.523469387755102,2.0687883678747685
67,0.5293877551020408,2.0609837310168206
68,0.5348979591836734,2.052030636145144
69,0.5389795918367347,2.045043923708857
70,0.5363265306122449,2.0395265363187205
71,0.5375510204081633,2.036051027726154
72,0.5387755102040817,2.030688181896599
73,0.519795918367347,2.040158122996895
74,0.5385714285714286,2.0237170781894607
75,0.5277551020408163,2.031087916627222
76,0.5357142857142857,2.024793912147989
77,0.5246938775510204,2.0203466156550816
78,0.5220408163265307,2.020547972309346
79,0.526734693877551,2.0065218220924845
80,0.5238775510204081,2.0143551140415425
81,0.5424489795918367,1.9931536121757663
82,0.5240816326530612,2.008476477837076
83,0.5393877551020408,1.9933466162000384
84,0.5338775510204081,1.9936718749026863
85,0.5414285714285715,1.987988912329382
86,0.5357142857142857,1.9813408187944062
87,0.5289795918367347,1.9760930109024049
88,0.5304081632653062,1.975936931882586
89,0.5351020408163265,1.9716556010927473
90,0.53,1.9697399335977983
91,0.5242857142857142,1.9623166457001044
92,0.5312244897959184,1.9557947512062228
93,0.5430612244897959,1.9556759373022585
94,0.5351020408163265,1.9500676869372933
95,0.5338775510204081,1.9438731837759213
96,0.5257142857142857,1.9513166166811573
97,0.5473469387755102,1.9359041173117502
98,0.5344897959183673,1.9423227135989132
99,0.5446938775510204,1.9263488952481016
100,0.54,1.9236858052623516
101,0.5289795918367347,1.9275734858610192
102,0.5448979591836735,1.9214098124601402
103,0.5257142857142857,1.9287385458848914
104,0.5389795918367347,1.9129169871855756
105,0.5473469387755102,1.9031811541927104
106,0.55,1.8988609198161535
107,0.5428571428571428,1.9015695095062255
108,0.5440816326530612,1.9019677656524034
109,0.5438775510204081,1.900468544278826
110,0.5332653061224489,1.8953493759583453
111,0.5373469387755102,1.8926894784460262
112,0.5369387755102041,1.8851002654250788
113,0.5428571428571428,1.8801185433718623
114,0.5418367346938775,1.8754627085705193
115,0.5371428571428571,1.8802041342793678
116,0.5481632653061225,1.8716681767483148
117,0.5455102040816326,1.866148935629397
118,0.5512244897959183,1.858549257979101
119,0.5485714285714286,1.856053866950833
120,0.5595918367346939,1.8439112005428393
121,0.5579591836734694,1.845193309589308
122,0.5428571428571428,1.8491013318665173
123,0.553265306122449,1.8382548329294943
124,0.5485714285714286,1.8365799829911214
125,0.5446938775510204,1.8344279867289017
126,0.5528571428571428,1.836465193690086
127,0.5512244897959183,1.8300609338526823
128,0.5506122448979592,1.8261323525954265
129,0.5463265306122449,1.8221168568669532
130,0.5591836734693878,1.8118317329640292
131,0.5430612244897959,1.817975593002475
132,0.5536734693877551,1.8074569161084233
133,0.5471428571428572,1.8061475600028525
134,0.5528571428571428,1.8029986141165908
135,0.5571428571428572,1.795763664732174
136,0.5522448979591836,1.7947786240675012
137,0.5420408163265306,1.793581633957065
138,0.5481632653061225,1.790661812607123
139,0.5536734693877551,1.7822983277573878
140,0.5448979591836735,1.7840830956673135
141,0.5446938775510204,1.787168248526904
142,0.5608163265306122,1.7744935621534075
143,0.5489795918367347,1.7697188914552027
144,0.5628571428571428,1.7621126582671185
145,0.5471428571428572,1.7653855999148622
146,0.5646938775510204,1.7567066998384437
147,0.5571428571428572,1.754197746977514
148,0.5524489795918367,1.7529681506448862
149,0.5740816326530612,1.7412124345740494
150,0.5638775510204082,1.7420463724525608
151,0.5510204081632653,1.7407116988240456
152,0.5408163265306123,1.7411202008383615
153,0.553469387755102,1.7324048832484653
154,0.5471428571428572,1.7302674453112543
155,0.5653061224489796,1.7233105221573188
156,0.5536734693877551,1.7264750319111104
157,0.5618367346938775,1.7134166861553581
158,0.5516326530612244,1.7192413753392746
159,0.5410204081632654,1.7176928514363814
160,0.5691836734693878,1.7057859506412427
161,0.5591836734693878,1.705452448591894
162,0.5628571428571428,1.6992348970685687
163,0.5508163265306123,1.7026097176999462
164,0.5636734693877551,1.6905525071280343
165,0.549795918367347,1.6913768439390222
166,0.5642857142857143,1.685514170296338
167,0.5671428571428572,1.6795644539229724
168,0.5742857142857143,1.6767121780161955
169,0.5571428571428572,1.6751259487502428
170,0.5659183673469388,1.6726612897795075
171,0.5806122448979592,1.664018438202994
172,0.5663265306122449,1.6650336109862036
173,0.5553061224489796,1.666088497784673
174,0.5571428571428572,1.6603341906411306
175,0.5618367346938775,1.6555022574444207
176,0.5655102040816327,1.651334674309711
177,0.5538775510204081,1.649155643229582
178,0.5612244897959183,1.6466633425926676
179,0.56,1.6429925494291344
180,0.5736734693877551,1.6369454636865732
181,0.566530612244898,1.6357024935313633
182,0.5730612244897959,1.630643506342051
183,0.5691836734693878,1.630035309110369
184,0.5830612244897959,1.6216182106368395
185,0.5730612244897959,1.6179948242343203
186,0.5797959183673469,1.6180874582212799
187,0.5685714285714286,1.6130353081956201
188,0.5628571428571428,1.6124758004169075
189,0.5714285714285714,1.6090158528697733
190,0.5695918367346938,1.6064362708889708
191,0.5846938775510204,1.5960892231610357
192,0.5744897959183674,1.5981900477895932
193,0.5744897959183674,1.5974616615139707
194,0.5726530612244898,1.5895555560442867
195,0.5822448979591837,1.587956971927565
196,0.5828571428571429,1.580274255713638
197,0.57,1.5831486786628257
198,0.5838775510204082,1.5770588446636589
199,0.5651020408163265,1.5746636862657508
200,0.5763265306122449,1.5728751287654954
201,0.5722448979591837,1.5692864178638068
202,0.5716326530612245,1.5647620231278088
203,0.570204081632653,1.5635379038051682
204,0.5879591836734694,1.553720066498737
205,0.576734693877551,1.555834333166784
206,0.5736734693877551,1.552904827935355
207,0.5773469387755102,1.5475436573612447
208,0.5693877551020409,1.547882518573683
209,0.5881632653061224,1.5390295705016779
210,0.573469387755102,1.5407528709878726
211,0.5785714285714286,1.5346982298091967
212,0.59,1.5294685032902933
213,0.583265306122449,1.5291811011762035
214,0.5838775510204082,1.5245722533245476
215,0.5716326530612245,1.5259581851959227
216,0.5959183673469388,1.5196141371435048
217,0.580204081632653,1.5204123095103672
218,0.5773469387755102,1.5158248105341074
219,0.576530612244898,1.5134103967705552
220,0.580204081632653,1.5078424489741422
221,0.5797959183673469,1.5057387907651005
222,0.5728571428571428,1.504435846270347
223,0.5818367346938775,1.498955053018064
224,0.5961224489795919,1.494118097071745
225,0.5824489795918367,1.493336033821106
226,0.5818367346938775,1.4888035281823606
227,0.5808163265306122,1.488646133383926
228,0.5826530612244898,1.4894767219193128
229,0.5883673469387755,1.4842268916538783
230,0.58,1.4764222188871734
231,0.5895918367346938,1.4753656871951357
232,0.5855102040816327,1.4714088642353915
233,0.5995918367346939,1.462936523885143
234,0.593265306122449,1.465408031697176
235,0.5895918367346938,1.4650295365586572
236,0.5883673469387755,1.4596363368326304
237,0.5938775510204082,1.4545861336649681
238,0.5930612244897959,1.4523003200608857
239,0.5904081632653061,1.4533762447201475
240,0.5895918367346938,1.4512596414527115
241,0.5914285714285714,1.4449540940109564
242,0.5989795918367347,1.4419390740686533
243,0.5955102040816327,1.4372974511555263
244,0.5942857142857143,1.4370977602199633
245,0.5983673469387755,1.4310997812115416
246,0.5975510204081632,1.432250892580772
247,0.6012244897959184,1.426255657040343
248,0.5953061224489796,1.4257730439244485
249,0.5826530612244898,1.427961059005893
250,0.596530612244898,1.4192045431720968
251,0.6008163265306122,1.4176711306280019
252,0.5967346938775511,1.4163875724831405
253,0.6048979591836735,1.4098140305888895
254,0.6008163265306122,1.4104406543653838
255,0.6012244897959184,1.4088361464714518
256,0.6030612244897959,1.4061718254673237
257,0.5991836734693877,1.4039540378414854
258,0.6020408163265306,1.400143101361333
259,0.5957142857142858,1.398994379724775
260,0.5995918367346939,1.3920165372381406
261,0.6024489795918367,1.3915304221912306
262,0.5995918367346939,1.3892879407259884
263,0.5981632653061224,1.389210637345606
264,0.6053061224489796,1.3846767788517231
265,0.6079591836734693,1.379159024199661
266,0.6010204081632653,1.3803210997094912
267,0.6036734693877551,1.3731147152063798
268,0.6057142857142858,1.3720211877628248
269,0.6022448979591837,1.3696370449844673
270,0.6038775510204082,1.368994862887324
271,0.5940816326530612,1.3695992566128166
272,0.6038775510204082,1.3628251955460529
273,0.606326530612245,1.3603566967711156
274,0.5959183673469388,1.3650560008263102
275,0.6085714285714285,1.3560719781992387
276,0.6036734693877551,1.3557490392607086
277,0.6022448979591837,1.3522219789271452
278,0.593469387755102,1.3523578575679234
279,0.6118367346938776,1.3475851876395089
280,0.610204081632653,1.3423511195669369
281,0.6138775510204082,1.3412085104961784
282,0.6073469387755102,1.339315576456031
283,0.6055102040816327,1.3422847087042673
284,0.6128571428571429,1.3386874609577413
285,0.6140816326530613,1.32924919313314
286,0.6134693877551021,1.3302685296778776
287,0.6024489795918367,1.3287671443394253
288,0.6083673469387755,1.327938018720977
289,0.6028571428571429,1.3249307943850148
290,0.6026530612244898,1.3249170286801397
291,0.6108163265306122,1.3170299185538779
292,0.6006122448979592,1.3228585266580386
293,0.6061224489795919,1.317099069673188
294,0.5953061224489796,1.3194022686627447
295,0.6177551020408163,1.3083202211224303
296,0.6097959183673469,1.3118095628582702
297,0.6051020408163266,1.3120299537814393
298,0.6181632653061224,1.3052268187853755
299,0.6142857142857143,1.300115278205093
300,0.6053061224489796,1.304049122187556
301,0.61,1.3044099908945512
302,0.6091836734693877,1.2983311007947338
303,0.6106122448979592,1.2969526313275708
304,0.6161224489795918,1.2925036540323374
305,0.6163265306122448,1.2906162793295723
306,0.6010204081632653,1.2925709359499873
307,0.6091836734693877,1.2873027035654807
308,0.606734693877551,1.2844742052895681
309,0.6081632653061224,1.283081538531245
310,0.6083673469387755,1.2845673332408982
311,0.6126530612244898,1.2796696327170547
312,0.6193877551020408,1.2788038790955836
313,0.6140816326530613,1.2741123734688273
314,0.6240816326530613,1.2686435504835478
315,0.6106122448979592,1.2744421818791603
316,0.6142857142857143,1.2675102687368587
317,0.6097959183673469,1.269188639874361
318,0.6059183673469388,1.2673862244158376
319,0.6097959183673469,1.2682996644779128
320,0.6095918367346939,1.2656084374992216
321,0.6148979591836735,1.2611966487339565
322,0.61,1.261631129907102
323,0.6238775510204082,1.2530905683673157
324,0.6130612244897959,1.2554737341160678
325,0.6222448979591837,1.247019398553031
326,0.6146938775510205,1.2487540456226893
327,0.6077551020408163,1.2484046581813266
328,0.6212244897959184,1.2461521515554312
329,0.6238775510204082,1.2431785396653778
330,0.6234693877551021,1.2401918066764364
331,0.6189795918367347,1.2433860881474554
332,0.6236734693877551,1.234577367159785
333,0.6189795918367347,1.2396953532160544
334,0.6118367346938776,1.240413750531722
335,0.6279591836734694,1.2275976544010396
336,0.6173469387755102,1.231467762090722
337,0.6175510204081632,1.2299733933623955
338,0.6218367346938776,1.2310234342302595
339,0.6181632653061224,1.2247874819502538
340,0.6081632653061224,1.2251841778657875
341,0.623265306122449,1.2229402139235517
342,0.6144897959183674,1.2236432839413078
343,0.6128571428571429,1.2196467708081615
344,0.613265306122449,1.2172636968262343
345,0.6161224489795918,1.2200323082476245
346,0.6263265306122449,1.214903687457649
347,0.626734693877551,1.212546337769956
348,0.6244897959183674,1.2092190187804552
349,0.6151020408163266,1.2139453577508732
350,0.6155102040816327,1.2097478535710549
351,0.6081632653061224,1.2105006220875953
352,0.6224489795918368,1.2039446046401043
353,0.6197959183673469,1.202904914933808
354,0.626734693877551,1.1994827223797233
355,0.6202040816326531,1.2002697376329072
356,0.623061224489796,1.1993556251331252
357,0.626938775510204,1.1962164936260302
358,0.6191836734693877,1.1953395699481575
359,0.623265306122449,1.1917162465076057
360,0.6191836734693877,1.193430807833769
361,0.6234693877551021,1.1901265529710419
362,0.6226530612244898,1.1892904456780882
363,0.6257142857142857,1.185410046382826
364,0.6185714285714285,1.184849704041773
365,0.6320408163265306,1.1789664056349773
366,0.6122448979591837,1.1839473387659813
367,0.626938775510204,1.1820861143968544
368,0.6118367346938776,1.1798937797546387
369,0.6322448979591837,1.174032501590495
370,0.6177551020408163,1.1778154800376113
371,0.6261224489795918,1.1754958360535759
372,0.6273469387755102,1.1716285943984985
373,0.6259183673469387,1.1711629595075335
374,0.6218367346938776,1.1696250355973536
375,0.6304081632653061,1.1647591681383094
376,0.6308163265306123,1.166922558765022
377,0.6185714285714285,1.1646122815657636
378,0.6302040816326531,1.1620182458721862
379,0.6338775510204082,1.157829369622834
380,0.6297959183673469,1.1606149136290258
381,0.6197959183673469,1.1631443834304809
382,0.6293877551020408,1.1537797604774942
383,0.6308163265306123,1.1539020945101368
384,0.6279591836734694,1.1529869908702617
385,0.6261224489795918,1.1525111103057861
386,0.6293877551020408,1.152588269953825
387,0.6185714285714285,1.1574258689491117
388,0.6416326530612245,1.1411040770277685
389,0.6277551020408163,1.1469362362063662
390,0.6291836734693877,1.1454815919058663
391,0.6291836734693877,1.1428569408338898
392,0.636734693877551,1.1396727329370926
393,0.6238775510204082,1.1433435875055742
394,0.6214285714285714,1.1394061770244521
395,0.6306122448979592,1.1388197948494736
396,0.633061224489796,1.1343564263168646
397,0.6324489795918368,1.13583601134164
398,0.6334693877551021,1.1353624947217047
399,0.6304081632653061,1.1313903847519233
400,0.6306122448979592,1.1338900056177257
401,0.623265306122449,1.1296203628851442
402,0.633265306122449,1.1277133760646898
403,0.6363265306122449,1.1266111150079845
404,0.6238775510204082,1.1311777624791983
405,0.6193877551020408,1.1281993705399183
406,0.6257142857142857,1.1250799520161687
407,0.6293877551020408,1.1202901623200396
408,0.6365306122448979,1.117678943264241
409,0.6416326530612245,1.1154919178631841
410,0.6346938775510204,1.1168033080198327
411,0.6310204081632653,1.1135237377517078
412,0.6281632653061224,1.1133594508073767
413,0.6263265306122449,1.1175965115488793
414,0.6459183673469387,1.1072530820418378
415,0.6369387755102041,1.109815669546322
416,0.6295918367346939,1.1087276250488904
417,0.6344897959183673,1.1094239212542165
418,0.6320408163265306,1.1054152841957248
419,0.6344897959183673,1.1022138840811593
420,0.6379591836734694,1.101883511835215
421,0.6275510204081632,1.105254726507226
422,0.6420408163265307,1.0999058323490376
423,0.636734693877551,1.0985751218211894
424,0.6297959183673469,1.1001150947687577
425,0.63,1.0981039387839182
426,0.633061224489796,1.096647904892357
427,0.6422448979591837,1.0940402493184926
428,0.6412244897959184,1.0893104617936271
429,0.6353061224489795,1.0890714948031368
430,0.64,1.0907497722275403
431,0.6455102040816326,1.0870018657372922
432,0.63,1.0927085727574875
433,0.6395918367346939,1.084680694706586
434,0.6448979591836734,1.081149993332065
435,0.6355102040816326,1.0847987001769397
436,0.6426530612244898,1.0832663464059635
437,0.6291836734693877,1.0841736831470412
438,0.6357142857142857,1.0795720539287645
439,0.633061224489796,1.0801487780590446
440,0.6342857142857142,1.0786757723166018
441,0.6410204081632653,1.072492885103031
442,0.6453061224489796,1.078385770077608
443,0.6353061224489795,1.0727508536163641
444,0.6440816326530612,1.070682457028603
445,0.636734693877551,1.077099103003132
446,0.6469387755102041,1.0709723254612513
447,0.6406122448979592,1.0686856412887573
448,0.6312244897959184,1.0682900975674998
449,0.6406122448979592,1.070939165913329
450,0.6446938775510204,1.0676967818396432
451,0.6351020408163265,1.0660752080411326
452,0.6355102040816326,1.0636372297637318
453,0.6302040816326531,1.0634583531107222
454,0.6402040816326531,1.0571895307424117
455,0.6402040816326531,1.061002907315079
456,0.6338775510204082,1.0595209977091575
457,0.6395918367346939,1.0573506914839452
458,0.6408163265306123,1.0562287286836274
459,0.6424489795918368,1.0552245056872465
460,0.6420408163265307,1.0528015135259043
461,0.6406122448979592,1.0529454314951994
462,0.6326530612244898,1.0497869727076317
463,0.6353061224489795,1.0542464334137587
464,0.6357142857142857,1.0497487088612147
465,0.6377551020408163,1.0476784338269916
466,0.6434693877551021,1.0464014436760727
467,0.6420408163265307,1.0452470174127695
468,0.6385714285714286,1.0485681865653214
469,0.6553061224489796,1.0412477304497543
470,0.6363265306122449,1.0485908947185594
471,0.6434693877551021,1.0455117988586426
472,0.643265306122449,1.0422316670904355
473,0.633061224489796,1.042869448077922
474,0.6418367346938776,1.0362616821211212
475,0.65,1.0327214709593324
476,0.6391836734693878,1.0320008715804743
477,0.6502040816326531,1.0345871849449313
478,0.6481632653061224,1.033447577515427
479,0.643061224489796,1.0345576726173868
480,0.6383673469387755,1.0329978016444614
481,0.6379591836734694,1.032769937126004
482,0.6469387755102041,1.0293949445899653
483,0.6479591836734694,1.0305326235051058
484,0.6442857142857142,1.0311039690095551
485,0.6422448979591837,1.0271354792069416
486,0.6471428571428571,1.02790501477767
487,0.6504081632653061,1.02186778292364
488,0.6461224489795918,1.0274251805519572
489,0.6418367346938776,1.0231056292203007
490,0.6334693877551021,1.0252392015651781
491,0.6455102040816326,1.0237761733969863
492,0.6383673469387755,1.0208272330128416
493,0.6473469387755102,1.0192828983676676
494,0.6340816326530613,1.0214435390550263
495,0.6377551020408163,1.0187767411251458
496,0.6463265306122449,1.0157508466681655
497,0.6483673469387755,1.0138650945741303
498,0.6548979591836734,1.0089987966479088
499,0.6373469387755102,1.0147149193043612
