epoch,categorical_accuracy,loss
0,0.49714285714285716,5.492721480155478
1,0.5048979591836734,5.136686799574871
2,0.5075510204081632,4.858549850814197
3,0.5075510204081632,4.691137616293771
4,0.5044897959183674,4.514115744610222
5,0.5144897959183673,4.276521159970031
6,0.5128571428571429,4.225257314759858
7,0.5220408163265307,4.084772967513727
8,0.5114285714285715,4.017461402075631
9,0.5269387755102041,3.907227567945208
10,0.523061224489796,3.8735130677904404
11,0.5357142857142857,3.7882685069648585
12,0.5291836734693878,3.7622254447547756
13,0.5355102040816326,3.71886168888637
14,0.5363265306122449,3.6571560215463443
15,0.5206122448979592,3.648536659746754
16,0.5279591836734694,3.6327330542583853
17,0.5316326530612245,3.5897408645007074
18,0.5371428571428571,3.5452555705089956
19,0.536734693877551,3.5515728314068853
20,0.5332653061224489,3.5096391806310536
21,0.5202040816326531,3.499717713375481
22,0.5306122448979592,3.4787170515255053
23,0.536530612244898,3.4552241811946947
24,0.5410204081632654,3.4436774952557623
25,0.5363265306122449,3.4143147369306917
26,0.536734693877551,3.3928298300139756
27,0.5355102040816326,3.3982481606152595
28,0.5338775510204081,3.3707170116658114
29,0.5430612244897959,3.344434991174815
30,0.5485714285714286,3.343467999283148
31,0.5591836734693878,3.3248559194681597
32,0.5440816326530612,3.3088966667408846
33,0.5475510204081633,3.297348031219171
34,0.5510204081632653,3.2886995930574376
35,0.556530612244898,3.2720738798258258
36,0.5530612244897959,3.2803851437082097
37,0.5479591836734694,3.271094776270341
38,0.5504081632653062,3.2598371601104734
39,0.5428571428571428,3.252160789139417
40,0.5469387755102041,3.241591094659299
41,0.553469387755102,3.2239818857154066
42,0.5540816326530612,3.2082105774782144
43,0.5553061224489796,3.199675597560649
44,0.5583673469387755,3.1863078627294423
45,0.5544897959183673,3.192045785942856
46,0.5718367346938775,3.165572200308041
47,0.5648979591836735,3.1615893945888596
48,0.5618367346938775,3.158975537358498
49,0.5622448979591836,3.14417830175283
50,0.5708163265306122,3.137125367923659
51,0.5828571428571429,3.124669724873134
52,0.56,3.11918683052063
53,0.5740816326530612,3.1057720573580996
54,0.5822448979591837,3.092048214892952
55,0.5769387755102041,3.084603666967275
56,0.5883673469387755,3.0706630208540937
57,0.5851020408163266,3.0685283077006438
58,0.5753061224489796,3.0572443730490546
59,0.5867346938775511,3.0404382378714425
60,0.5869387755102041,3.0274588540135596
61,0.5893877551020408,3.0235116191786164
62,0.5842857142857143,3.017156468410881
63,0.5953061224489796,3.004952966728989
64,0.5922448979591837,2.9942557704691986
65,0.5985714285714285,2.982283137185233
66,0.5987755102040816,2.9684940050086195
67,0.5883673469387755,2.9663795333005942
68,0.5936734693877551,2.949253142609888
69,0.5942857142857143,2.9417275958158533
70,0.5967346938775511,2.93953975015757
71,0.6053061224489796,2.9228003896985735
72,0.5993877551020408,2.9142319990664114
73,0.6085714285714285,2.905941626490379
74,0.6144897959183674,2.8872863207058033
75,0.6118367346938776,2.877689518831214
76,0.6075510204081632,2.866170375201167
77,0.6116326530612245,2.855587562638886
78,0.6191836734693877,2.844811650879529
79,0.6142857142857143,2.8423155652260292
80,0.6126530612244898,2.8292210648984324
81,0.6163265306122448,2.815953106977502
82,0.6122448979591837,2.807713968315903
83,0.6091836734693877,2.8003809897753658
84,0.6104081632653061,2.793313809803554
85,0.6359183673469387,2.769286630786195
86,0.6181632653061224,2.7672228386937356
87,0.6214285714285714,2.757285286261111
88,0.6242857142857143,2.7477938926463223
89,0.6346938775510204,2.7337925965445384
90,0.6297959183673469,2.7288616774033527
91,0.6353061224489795,2.7142338569796816
92,0.6375510204081632,2.7026270152111445
93,0.6295918367346939,2.695241798867985
94,0.6424489795918368,2.676440772620999
95,0.6422448979591837,2.669215070374158
96,0.6479591836734694,2.6570532938898825
97,0.6420408163265307,2.647712934844348
98,0.646734693877551,2.640661727165689
99,0.6477551020408163,2.6274942674442214
100,0.6506122448979592,2.6212952835705816
101,0.6346938775510204,2.616303297159623
102,0.6577551020408163,2.5960500028182047
103,0.6479591836734694,2.5887357188244255
104,0.6528571428571428,2.578778833272506
105,0.6526530612244898,2.5715847136049854
106,0.6581632653061225,2.560671869978613
107,0.6651020408163265,2.548334002786753
108,0.6581632653061225,2.541402883529663
109,0.6704081632653062,2.5291160139745594
110,0.6689795918367347,2.5195566920844876
111,0.6504081632653061,2.5173053951652684
112,0.6695918367346939,2.500964337952283
113,0.6661224489795918,2.4926805243200185
114,0.6761224489795918,2.4798170323274573
115,0.6612244897959184,2.4759280576511307
116,0.6679591836734694,2.4660710681214626
117,0.6671428571428571,2.4614436385096337
118,0.6785714285714286,2.447093200294339
119,0.669795918367347,2.4341803550720216
120,0.6822448979591836,2.4284715204822773
121,0.6763265306122449,2.4259352446575555
122,0.6726530612244898,2.4122565578927797
123,0.6704081632653062,2.4018642396342997
124,0.6763265306122449,2.397933602235755
125,0.6718367346938775,2.3867543311994903
126,0.6912244897959183,2.3689223554183028
127,0.6877551020408164,2.3640947081118213
128,0.6922448979591836,2.3526316317733453
129,0.6822448979591836,2.3498207658650925
130,0.6985714285714286,2.333082671652035
131,0.6826530612244898,2.33180309918462
132,0.6889795918367347,2.324585249959206
133,0.6940816326530612,2.313174512824234
134,0.6871428571428572,2.307677225190766
135,0.689795918367347,2.2908649380353032
136,0.69,2.2932151436319157
137,0.6975510204081633,2.2781425256145242
138,0.6944897959183673,2.2733096111064053
139,0.7006122448979591,2.2621664142608644
140,0.7008163265306122,2.2513039402085906
141,0.7042857142857143,2.2453109305245538
142,0.6973469387755102,2.238849423856151
143,0.7073469387755102,2.230650103627419
144,0.7006122448979591,2.223588222581513
145,0.7095918367346938,2.2154001487031274
146,0.7063265306122449,2.205840529227743
147,0.7069387755102041,2.1981544481004986
148,0.6961224489795919,2.1981871682770397
149,0.7110204081632653,2.1859430579749906
150,0.7214285714285714,2.1747881844578956
151,0.7126530612244898,2.169588848620045
152,0.7089795918367346,2.1614946908366925
153,0.7191836734693877,2.147268785749163
154,0.713265306122449,2.1416929813307157
155,0.7197959183673469,2.1318032370781412
156,0.7128571428571429,2.1337507532080826
157,0.7110204081632653,2.119955681586752
158,0.7197959183673469,2.114921813497738
159,0.713265306122449,2.105128375851378
160,0.7193877551020408,2.102175640865248
161,0.7277551020408163,2.0912386302558743
162,0.7157142857142857,2.085298498114761
163,0.7206122448979592,2.078522181997494
164,0.7171428571428572,2.069960487326797
165,0.7312244897959184,2.0660301714527365
166,0.7173469387755103,2.058348368819879
167,0.7161224489795919,2.0574940083951367
168,0.7226530612244898,2.0466067364751077
169,0.7322448979591837,2.037422652925764
170,0.7226530612244898,2.0372793674468994
171,0.7426530612244898,2.0201733258305765
172,0.736734693877551,2.01295751065624
173,0.7226530612244898,2.0110048174371524
174,0.7381632653061224,2.001039236419055
175,0.7395918367346939,1.9955932559772414
176,0.7355102040816327,1.9907386310733095
177,0.7424489795918368,1.9771128679781544
178,0.7355102040816327,1.973377630953886
179,0.7463265306122449,1.9644203410829817
180,0.7459183673469387,1.9557749720982143
181,0.7389795918367347,1.956174361754437
182,0.74,1.9508308472925302
183,0.7418367346938776,1.9429404060208069
184,0.7512244897959184,1.929793622834342
185,0.7438775510204082,1.9333348123394714
186,0.7434693877551021,1.924908159800938
187,0.7481632653061224,1.9170756063655932
188,0.7563265306122449,1.9092552842899244
189,0.7536734693877551,1.902452975000654
190,0.76,1.8970598722963916
191,0.7577551020408163,1.8884702482028883
192,0.7559183673469387,1.8828077858321521
193,0.7626530612244898,1.8736203811606582
194,0.7646938775510204,1.8681268055584965
195,0.7546938775510204,1.8648022774287631
196,0.7524489795918368,1.8578282529480603
197,0.7616326530612245,1.8564069198102366
198,0.7671428571428571,1.8412402487774284
199,0.7579591836734694,1.8427554776717205
200,0.7646938775510204,1.8328044246167552
201,0.7608163265306123,1.832690936010711
202,0.766734693877551,1.81985349382673
203,0.7675510204081633,1.8197174530613178
204,0.7695918367346939,1.8121906255216014
205,0.7785714285714286,1.8031955059207216
206,0.7659183673469387,1.804705312106074
207,0.7757142857142857,1.7933380961904721
208,0.7806122448979592,1.7863640318111498
209,0.7804081632653062,1.7784451171330042
210,0.7793877551020408,1.7711559236292935
211,0.7712244897959184,1.7658857024445827
212,0.7722448979591837,1.7602915890362798
213,0.7816326530612245,1.754468788419451
214,0.7791836734693878,1.7586175100170836
215,0.7846938775510204,1.7470558437036008
216,0.7804081632653062,1.7423439005443029
217,0.7871428571428571,1.737692420920547
218,0.7914285714285715,1.7297874231727757
219,0.7804081632653062,1.7293830933862804
220,0.7883673469387755,1.7203209523765408
221,0.7885714285714286,1.7101069826009323
222,0.786734693877551,1.7119450653815755
223,0.7924489795918367,1.7001891098217088
224,0.7891836734693878,1.6972471079534415
225,0.7961224489795918,1.6887850367293067
226,0.7940816326530612,1.6862391794944296
227,0.7959183673469388,1.6814513261950745
228,0.7979591836734694,1.6757556788775385
229,0.7953061224489796,1.679527207588663
230,0.7975510204081633,1.6650573572820546
231,0.7959183673469388,1.6644111090290303
232,0.7983673469387755,1.6550886234945181
233,0.7995918367346939,1.6533705579018105
234,0.8016326530612244,1.6479352007106858
235,0.8087755102040817,1.6399776654340783
236,0.7993877551020409,1.6391997407407177
237,0.7975510204081633,1.6379320929001788
238,0.8104081632653061,1.619330820842665
239,0.8077551020408164,1.6217582885586486
240,0.8095918367346939,1.6133971666803166
241,0.8024489795918367,1.618493431052383
242,0.8093877551020409,1.6037590645770636
243,0.8138775510204082,1.6045395007425425
244,0.816734693877551,1.5915439937552627
245,0.8051020408163265,1.5991711901645271
246,0.8142857142857143,1.5841126519806532
247,0.8108163265306122,1.5854982257375911
248,0.8118367346938775,1.5812316393365666
249,0.8187755102040817,1.5759586401374972
250,0.8108163265306122,1.5743690538406372
251,0.8173469387755102,1.5618688701123606
252,0.8210204081632653,1.5590212364586031
253,0.8155102040816327,1.556174278745846
254,0.8148979591836735,1.5496335023763228
255,0.8140816326530612,1.5512237233531718
256,0.8251020408163265,1.5458157079073847
257,0.826530612244898,1.5357337387240664
258,0.8257142857142857,1.5338676688135886
259,0.8246938775510204,1.5289994576512551
260,0.8208163265306122,1.5262587100632337
261,0.8359183673469388,1.515371460525357
262,0.823265306122449,1.52410846077666
263,0.8177551020408164,1.5254672710263
264,0.8340816326530612,1.5048398849915485
265,0.833469387755102,1.500536816071491
266,0.8326530612244898,1.495893625823819
267,0.833469387755102,1.492485548330813
268,0.8422448979591837,1.486337851310263
269,0.8344897959183674,1.4875564711434501
270,0.8287755102040816,1.4842187329701015
271,0.8314285714285714,1.4838341965967294
272,0.8420408163265306,1.4738658049641824
273,0.84,1.4703712456566946
274,0.8471428571428572,1.455627341562388
275,0.840204081632653,1.4566938823583175
276,0.8473469387755102,1.448425809217959
277,0.8361224489795919,1.4512045881699542
278,0.8489795918367347,1.445830935069493
279,0.850204081632653,1.437882775968435
280,0.8385714285714285,1.4417696433164635
281,0.8448979591836735,1.4390790839097938
282,0.8424489795918367,1.4270737926327453
283,0.8555102040816327,1.415284683753033
284,0.8483673469387755,1.4236999833827115
285,0.8555102040816327,1.4123120479194486
286,0.8473469387755102,1.4114606533245164
287,0.850204081632653,1.408688916284211
288,0.8534693877551021,1.405555421576208
289,0.8497959183673469,1.4082060075292782
290,0.8479591836734693,1.4009657535747606
291,0.86,1.3931181515479574
292,0.8577551020408163,1.3985036904471262
293,0.8526530612244898,1.3883189671380178
294,0.8608163265306122,1.381599030786631
295,0.8614285714285714,1.376957110872074
296,0.8548979591836735,1.3801505256185727
297,0.8634693877551021,1.3670478281682852
298,0.8612244897959184,1.3690513669228068
299,0.8665306122448979,1.3621161378159814
300,0.8591836734693877,1.3601572969008464
301,0.8663265306122448,1.3536819754814615
302,0.8583673469387755,1.3590144893101284
303,0.8671428571428571,1.3463305500575475
304,0.8646938775510205,1.3529267933903908
305,0.8663265306122448,1.3432576325474954
306,0.8642857142857143,1.3395132576689428
307,0.8683673469387755,1.3323199545607274
308,0.87,1.3315140364121418
309,0.8771428571428571,1.3276452784635582
310,0.8671428571428571,1.3309068319748858
311,0.8738775510204082,1.32252787278623
312,0.8779591836734694,1.3130584141672874
313,0.8726530612244898,1.3129070211916554
314,0.8681632653061224,1.3209162895046935
315,0.87,1.3108095558322206
316,0.8844897959183673,1.2954065871725278
317,0.8791836734693877,1.29568896867791
318,0.8844897959183673,1.2912410893732187
319,0.8828571428571429,1.2911805757211179
320,0.8818367346938776,1.2853876971225349
321,0.8804081632653061,1.2890397989506623
322,0.8881632653061224,1.2763945698251529
323,0.8812244897959184,1.2775275322855735
324,0.8791836734693877,1.2756981887622756
325,0.8779591836734694,1.2744842998348938
326,0.8826530612244898,1.2745890257309893
327,0.8838775510204082,1.2683352392546985
328,0.8840816326530613,1.257847682797179
329,0.8842857142857142,1.2624310355283777
330,0.8851020408163265,1.2629010064261301
331,0.8910204081632653,1.2494842440741403
332,0.8946938775510204,1.2469352689081308
333,0.8857142857142857,1.2462036672903567
334,0.8889795918367347,1.2469217815204543
335,0.8924489795918368,1.243135014650773
336,0.8922448979591837,1.2406860248409972
337,0.8961224489795918,1.2363132171241604
338,0.8934693877551021,1.2320084090135535
339,0.9004081632653061,1.2202864592415945
340,0.896734693877551,1.2246288694654193
341,0.9006122448979592,1.216538416317531
342,0.893265306122449,1.2203051085374794
343,0.9010204081632653,1.2120847232001168
344,0.9026530612244898,1.2066939353942872
345,0.9004081632653061,1.2093958725248064
346,0.9,1.1990150721219122
347,0.8940816326530612,1.2051606926626088
348,0.8924489795918368,1.209625501438063
349,0.8955102040816326,1.2006998686401211
350,0.9,1.1969668462325116
351,0.8993877551020408,1.1995609849813034
352,0.9014285714285715,1.1892195503079162
353,0.8989795918367347,1.188024431053473
354,0.9006122448979592,1.1810072256594288
355,0.9036734693877551,1.1792538238058285
356,0.9148979591836734,1.1641641100085511
357,0.909795918367347,1.1724654597652202
358,0.9073469387755102,1.1781656933803948
359,0.9118367346938776,1.1620028527902098
360,0.9112244897959184,1.160097603700599
361,0.9108163265306123,1.1591059838509072
362,0.9036734693877551,1.1667090579441615
363,0.9104081632653062,1.1570629463390427
364,0.9138775510204081,1.1471450404731596
365,0.9142857142857143,1.14400383482174
366,0.9114285714285715,1.1446058317106598
367,0.9091836734693878,1.142450532913208
368,0.9124489795918367,1.1429629436804323
369,0.9110204081632653,1.1459429962781011
370,0.9173469387755102,1.1316131700788226
371,0.9161224489795918,1.1275822522688885
372,0.9148979591836734,1.1264521574000923
373,0.9183673469387755,1.12576563387501
374,0.9183673469387755,1.1230105453607988
375,0.9212244897959184,1.123969255564164
376,0.9128571428571428,1.120315101487296
377,0.9173469387755102,1.1162383688712607
378,0.916734693877551,1.114233052876531
379,0.9226530612244898,1.1049134684095578
380,0.9136734693877551,1.1125090247271012
381,0.9187755102040817,1.1090228178063217
382,0.9161224489795918,1.1111291833799712
383,0.9210204081632654,1.101407037803105
384,0.923469387755102,1.0984373304795245
385,0.9187755102040817,1.0993305822294586
386,0.9202040816326531,1.094249459383439
387,0.9218367346938775,1.0929747278836308
388,0.9187755102040817,1.0933850754523764
389,0.9238775510204081,1.0922273890339598
390,0.9218367346938775,1.0889155586398378
391,0.9226530612244898,1.0786194806196252
392,0.9253061224489796,1.0766277611985497
393,0.9269387755102041,1.0763322589835342
394,0.919795918367347,1.0849068755519633
395,0.9204081632653062,1.0737142514695928
396,0.9351020408163265,1.058190761245027
397,0.9295918367346939,1.064164248291327
398,0.9255102040816326,1.066717328830641
399,0.9285714285714286,1.060794262350822
400,0.9304081632653062,1.0594093493052892
401,0.92,1.069937254993283
402,0.929795918367347,1.0574880696316156
403,0.9289795918367347,1.0517823735548526
404,0.9295918367346939,1.0487788434904448
405,0.9318367346938775,1.0465309682184336
406,0.9283673469387755,1.0471984792242244
407,0.9275510204081633,1.0461814144679478
408,0.9314285714285714,1.0352238403534402
409,0.9340816326530612,1.0385640325351637
410,0.9371428571428572,1.034433853674908
411,0.9261224489795918,1.0417107007941422
412,0.933469387755102,1.0325118080450564
413,0.9373469387755102,1.0259365434062724
414,0.9361224489795918,1.0275732002939497
415,0.9353061224489796,1.0230740573941446
416,0.9336734693877551,1.0263679513152766
417,0.9357142857142857,1.0203979778289796
418,0.9295918367346939,1.0262149585996356
419,0.936530612244898,1.0191299368897262
420,0.933265306122449,1.0159622805459159
421,0.9371428571428572,1.0138731135640826
422,0.933265306122449,1.016049469977009
423,0.9342857142857143,1.0046330394550245
424,0.9371428571428572,1.0054662628563082
425,0.9302040816326531,1.0141365721760964
426,0.9369387755102041,1.0024822703186347
427,0.9371428571428572,1.0061452745904729
428,0.9369387755102041,0.998795446473725
429,0.9393877551020409,0.9943169419619502
430,0.939795918367347,0.990282222202846
431,0.9410204081632653,0.9894394386544519
432,0.9369387755102041,0.993318648970857
433,0.9416326530612245,0.9846257430679944
434,0.9314285714285714,0.996054349821441
435,0.936530612244898,0.9891957940860671
436,0.9424489795918367,0.9773550619397845
437,0.9395918367346939,0.9808409507907166
438,0.9422448979591836,0.9769347711971827
439,0.9393877551020409,0.977548330365395
440,0.9418367346938775,0.9709699185527101
441,0.9371428571428572,0.9709390793041307
442,0.9477551020408164,0.962234505536605
443,0.9381632653061225,0.9697442665392039
444,0.9416326530612245,0.9642053475671885
445,0.9410204081632653,0.96463572443748
446,0.9418367346938775,0.9639998395102365
447,0.9377551020408164,0.9670844673623844
448,0.9459183673469388,0.9589855740508255
449,0.9453061224489796,0.9490956486001306
450,0.9451020408163265,0.9518060489090121
451,0.9446938775510204,0.9485388880359883
452,0.9457142857142857,0.9457135277378316
453,0.9463265306122449,0.9484777127480021
454,0.9457142857142857,0.945848875483688
455,0.9491836734693877,0.9402587738815619
456,0.9497959183673469,0.9430114042029089
457,0.9446938775510204,0.9399036933451282
458,0.9485714285714286,0.9362517212361705
459,0.9524489795918367,0.9303836174400485
460,0.9551020408163265,0.9258263754358097
461,0.9493877551020408,0.9348385193883156
462,0.9524489795918367,0.9286073339228728
463,0.9477551020408164,0.9264465511088469
464,0.95,0.9246945990348349
465,0.9481632653061225,0.9241591602442216
466,0.9487755102040817,0.9227962282725742
467,0.9420408163265306,0.9242632872717721
468,0.9473469387755102,0.9244190290022869
469,0.950204081632653,0.9161032288415092
470,0.95,0.9133957885722724
471,0.9536734693877551,0.9148744906211386
472,0.9575510204081633,0.9063878063279756
473,0.95,0.9076529855630836
474,0.9481632653061225,0.9119613664004268
475,0.9528571428571428,0.9097972794941493
476,0.946530612244898,0.9117048237275104
477,0.9542857142857143,0.9002870853093206
478,0.9485714285714286,0.9047076518681585
479,0.9493877551020408,0.9089640105987081
480,0.9495918367346938,0.8994395264800714
481,0.953265306122449,0.8957221234088041
482,0.9489795918367347,0.898716074982468
483,0.9457142857142857,0.904737659619779
484,0.9542857142857143,0.8879775230738581
485,0.9528571428571428,0.8921964171467995
486,0.9477551020408164,0.8928997879612203
487,0.9512244897959183,0.8877646421899601
488,0.9555102040816327,0.8864770234360987
489,0.9495918367346938,0.8889928754495114
490,0.9506122448979591,0.8884979274808144
491,0.9491836734693877,0.8841327804448653
492,0.9538775510204082,0.8799168910785597
493,0.9544897959183674,0.8791749514852252
494,0.9546938775510204,0.8762115108723543
495,0.9577551020408164,0.8737412014786078
496,0.96,0.8654541493921863
497,0.9526530612244898,0.8697135850847983
498,0.9577551020408164,0.8648613475780098
499,0.9573469387755102,0.8619306190159856
