epoch,categorical_accuracy,loss
0,0.5144897959183673,4.920047522564324
1,0.5248979591836734,4.614670248810126
2,0.5153061224489796,4.531845403009531
3,0.5183673469387755,4.359566092977718
4,0.5177551020408163,4.246975497810208
5,0.523061224489796,4.154368985623729
6,0.5224489795918368,4.04505550267745
7,0.5208163265306123,3.97591281151285
8,0.5342857142857143,3.9135623542629943
9,0.523673469387755,3.907019131913477
10,0.5295918367346939,3.846768728373002
11,0.5214285714285715,3.809660913506333
12,0.5383673469387755,3.7752199519410423
13,0.5287755102040816,3.7451370404691113
14,0.5422448979591836,3.7101265015894054
15,0.5418367346938775,3.68894157857311
16,0.5351020408163265,3.6712668800354002
17,0.5279591836734694,3.680505847736281
18,0.5412244897959184,3.647826177441344
19,0.536530612244898,3.6335733040011657
20,0.5357142857142857,3.6093682623882684
21,0.5379591836734694,3.591929530124275
22,0.5446938775510204,3.5810849950751478
23,0.5412244897959184,3.5655375126429965
24,0.5357142857142857,3.568808519986211
25,0.5428571428571428,3.546566542022082
26,0.5357142857142857,3.536470451549608
27,0.5281632653061225,3.5246513724813657
28,0.5395918367346939,3.508397154710731
29,0.543469387755102,3.4993576546104586
30,0.5524489795918367,3.4769884452041313
31,0.5432653061224489,3.4750394988546565
32,0.5551020408163265,3.453088270109527
33,0.5330612244897959,3.461314286407159
34,0.5383673469387755,3.4463272302977894
35,0.5471428571428572,3.425230310790393
36,0.553265306122449,3.420536425065021
37,0.55,3.4132479478874984
38,0.5461224489795918,3.4035478358366054
39,0.5524489795918367,3.393764038864447
40,0.5459183673469388,3.3812028898511612
41,0.5624489795918367,3.365673253390254
42,0.55,3.3618675543337453
43,0.5544897959183673,3.3484305621166617
44,0.5628571428571428,3.3323991187737914
45,0.5730612244897959,3.3192640032087053
46,0.5608163265306122,3.314436388988884
47,0.5583673469387755,3.303664729059959
48,0.5744897959183674,3.284799470706862
49,0.5546938775510204,3.2827059282575335
50,0.5683673469387756,3.2691509801514296
51,0.566530612244898,3.2572266771355456
52,0.58,3.2425025614913627
53,0.5712244897959183,3.2334834314852343
54,0.5773469387755102,3.219107521212831
55,0.5846938775510204,3.210803388284177
56,0.5857142857142857,3.201792412582709
57,0.5859183673469388,3.18987580182601
58,0.5983673469387755,3.171411844759571
59,0.5824489795918367,3.1707744837780387
60,0.5871428571428572,3.1531763415433924
61,0.586530612244898,3.1526861327035087
62,0.5891836734693877,3.129852106327913
63,0.59,3.122401142509616
64,0.5871428571428572,3.1104650972327406
65,0.5928571428571429,3.105151979679964
66,0.6028571428571429,3.081759037095673
67,0.6022448979591837,3.0741945354305966
68,0.6046938775510204,3.065555940744828
69,0.6081632653061224,3.050353280865416
70,0.6104081632653061,3.032828943875371
71,0.6116326530612245,3.0252544177308374
72,0.6085714285714285,3.0155762355181635
73,0.616938775510204,2.9982881933329057
74,0.6175510204081632,2.988809096472604
75,0.6206122448979592,2.973788016766918
76,0.6122448979591837,2.9714181479629205
77,0.6208163265306123,2.9592722630014223
78,0.6116326530612245,2.9453007861546108
79,0.6175510204081632,2.9333022031978686
80,0.6328571428571429,2.919257439399252
81,0.6179591836734694,2.9134962724179636
82,0.6320408163265306,2.8930055378894415
83,0.6320408163265306,2.882241949743154
84,0.6408163265306123,2.8745147623334613
85,0.643265306122449,2.8569518860018985
86,0.6408163265306123,2.85294792097442
87,0.6469387755102041,2.836569628423574
88,0.6412244897959184,2.8287194773615623
89,0.6451020408163265,2.814838820282294
90,0.6412244897959184,2.8106456690418478
91,0.6391836734693878,2.7991472185874473
92,0.6465306122448979,2.7817094180048727
93,0.6340816326530613,2.770634429892715
94,0.6395918367346939,2.7679154594577087
95,0.6581632653061225,2.7463387057245994
96,0.6542857142857142,2.7408142541379346
97,0.6512244897959184,2.728376658692652
98,0.6536734693877551,2.7182596393507352
99,0.6575510204081633,2.7101508971623014
100,0.6591836734693878,2.6936291250890614
101,0.6628571428571428,2.6839965250054183
102,0.6559183673469388,2.6719313954333868
103,0.6691836734693878,2.660398214106657
104,0.6628571428571428,2.6506270252928443
105,0.6704081632653062,2.641883373260498
106,0.6789795918367347,2.6281101711428896
107,0.6612244897959184,2.6240985901501714
108,0.6740816326530612,2.61227274018891
109,0.6808163265306122,2.602721698332806
110,0.6753061224489796,2.587164759733239
111,0.6751020408163265,2.5778502756235553
112,0.6763265306122449,2.5710459347160497
113,0.6806122448979591,2.5558622165602083
114,0.6810204081632653,2.546684327222863
115,0.6887755102040817,2.5367117046823306
116,0.6775510204081633,2.5289687378552497
117,0.6828571428571428,2.5187903240748812
118,0.6857142857142857,2.5048487665215315
119,0.6887755102040817,2.49469932731317
120,0.690204081632653,2.485779402791237
121,0.690204081632653,2.4758463511175037
122,0.6961224489795919,2.4704376646937156
123,0.6951020408163265,2.4549594203793275
124,0.6904081632653061,2.444991425300131
125,0.696734693877551,2.4357938980569647
126,0.7018367346938775,2.4280254441864635
127,0.6987755102040817,2.415861544511756
128,0.700204081632653,2.40992774204332
129,0.7020408163265306,2.4001644570486884
130,0.7059183673469388,2.393022534895916
131,0.7006122448979591,2.381818758711523
132,0.7071428571428572,2.373504736180208
133,0.7089795918367346,2.368370958250396
134,0.716530612244898,2.351819799189665
135,0.716530612244898,2.3415017885091354
136,0.7159183673469388,2.3361268133046678
137,0.7157142857142857,2.3242836825701656
138,0.7122448979591837,2.313172785311329
139,0.7038775510204082,2.312801322547757
140,0.7114285714285714,2.3010128182780987
141,0.7244897959183674,2.287930165115668
142,0.7204081632653061,2.2830350451566734
143,0.7310204081632653,2.2701492486681256
144,0.7289795918367347,2.2607230737257975
145,0.7236734693877551,2.254866027248149
146,0.7222448979591837,2.2491645133738616
147,0.7248979591836735,2.241644235143856
148,0.7328571428571429,2.230791991681469
149,0.7206122448979592,2.222046370408973
150,0.740204081632653,2.2106814481774153
151,0.7295918367346939,2.206324744224548
152,0.7314285714285714,2.1953132442552215
153,0.7379591836734694,2.188184456338688
154,0.7426530612244898,2.1741267114756058
155,0.7410204081632653,2.1705860768532266
156,0.7538775510204082,2.157414571606383
157,0.7491836734693877,2.147980737686157
158,0.7408163265306122,2.144912218852919
159,0.7481632653061224,2.1371378974525297
160,0.7436734693877551,2.1273002881419902
161,0.7538775510204082,2.1159253213843523
162,0.7412244897959184,2.1173388214500584
163,0.7489795918367347,2.1084690759619886
164,0.7557142857142857,2.094979768285946
165,0.7528571428571429,2.084637044692526
166,0.7606122448979592,2.0763097749437605
167,0.7483673469387755,2.0733862312472597
168,0.756734693877551,2.0580491380302273
169,0.7563265306122449,2.0579075463937255
170,0.76,2.053054554413776
171,0.756734693877551,2.0432329345236018
172,0.7606122448979592,2.0321850673519837
173,0.7514285714285714,2.027761941442684
174,0.7638775510204082,2.0196640888525517
175,0.7591836734693878,2.0146006191020107
176,0.7683673469387755,2.0035777163992123
177,0.7628571428571429,2.0051922073169632
178,0.7622448979591837,1.9924113483818209
179,0.7653061224489796,1.9886898883508177
180,0.7671428571428571,1.9771653131562836
181,0.7757142857142857,1.9674992633352475
182,0.7726530612244898,1.9576672047984844
183,0.7740816326530612,1.9533218964751886
184,0.7704081632653061,1.954195078733016
185,0.7793877551020408,1.9358286401203701
186,0.7771428571428571,1.9342347365009542
187,0.7773469387755102,1.9206617711514842
188,0.7740816326530612,1.9202049218391886
189,0.7855102040816326,1.9083601694690937
190,0.7824489795918367,1.9014734656470162
191,0.7804081632653062,1.896992007858899
192,0.7848979591836734,1.889631553669365
193,0.7879591836734694,1.8799633578864896
194,0.7816326530612245,1.8754541093475965
195,0.7846938775510204,1.873417668439904
196,0.7908163265306123,1.8661827382262872
197,0.7838775510204081,1.8589589453716668
198,0.789795918367347,1.847033061397319
199,0.7940816326530612,1.8411923956384464
200,0.7979591836734694,1.8334128606562712
201,0.7914285714285715,1.839311181769079
202,0.7959183673469388,1.8205630466889362
203,0.7936734693877551,1.817321539898308
204,0.8026530612244898,1.8106780832640978
205,0.8038775510204081,1.8040001405015285
206,0.7953061224489796,1.7975065626416888
207,0.7995918367346939,1.7891766029474687
208,0.8061224489795918,1.7811155313375044
209,0.8040816326530612,1.774037134404085
210,0.8030612244897959,1.7688237522086319
211,0.7993877551020409,1.767609577860151
212,0.8069387755102041,1.758429017553524
213,0.8110204081632653,1.7529063162511709
214,0.8181632653061225,1.743549267905099
215,0.8189795918367347,1.7341725308554514
216,0.8091836734693878,1.736156971600591
217,0.813265306122449,1.724026737797017
218,0.8040816326530612,1.725947709764753
219,0.8214285714285714,1.7015229279654367
220,0.8146938775510204,1.708099657272806
221,0.8179591836734694,1.7058437587776962
222,0.8142857142857143,1.703695627621242
223,0.8136734693877551,1.6932442857781236
224,0.8153061224489796,1.686681270307424
225,0.8195918367346938,1.6809873253958565
226,0.8251020408163265,1.6752571214948382
227,0.8236734693877551,1.663455842952339
228,0.826734693877551,1.6606631636133
229,0.8275510204081633,1.6608599255036334
230,0.8273469387755102,1.6529663222176687
231,0.8242857142857143,1.6473149137107694
232,0.826734693877551,1.6426152310079458
233,0.8338775510204082,1.6297059594368448
234,0.8320408163265306,1.6321153854837223
235,0.8287755102040816,1.626403043999964
236,0.8387755102040816,1.6178705082134324
237,0.8357142857142857,1.609407484385432
238,0.8395918367346938,1.6046874174779775
239,0.8387755102040816,1.6045709560355361
240,0.8320408163265306,1.5990183355370347
241,0.8418367346938775,1.588968189005949
242,0.8385714285714285,1.5827766426242127
243,0.830204081632653,1.5905967770790568
244,0.8446938775510204,1.570488974123585
245,0.8436734693877551,1.5706430126696216
246,0.8414285714285714,1.5677026126822646
247,0.8418367346938775,1.5645285032233414
248,0.8444897959183674,1.5570172952145946
249,0.8414285714285714,1.5514133821214948
250,0.8442857142857143,1.5409220696468742
251,0.8548979591836735,1.5345524386970364
252,0.8579591836734693,1.5258886035607786
253,0.8504081632653061,1.5337415091845454
254,0.8542857142857143,1.519169706909024
255,0.8526530612244898,1.5185446930904778
256,0.8514285714285714,1.5107090213347454
257,0.856734693877551,1.5074254469968835
258,0.8585714285714285,1.4968750693846722
259,0.8414285714285714,1.506107010354801
260,0.8522448979591837,1.4917787143162318
261,0.8634693877551021,1.4759267989956604
262,0.860204081632653,1.4759026097278205
263,0.8546938775510204,1.4787682825205277
264,0.8630612244897959,1.4724915997836054
265,0.8595918367346939,1.4650457989439671
266,0.8595918367346939,1.4664235999632855
267,0.8653061224489796,1.4537629997486972
268,0.8655102040816327,1.4534364355826865
269,0.8716326530612245,1.4446732390656762
270,0.8691836734693877,1.437822277205331
271,0.8583673469387755,1.4436384425844464
272,0.8693877551020408,1.4320083500414478
273,0.8675510204081632,1.4319994548875459
274,0.8638775510204082,1.4333705122616827
275,0.866938775510204,1.4207233027049473
276,0.8734693877551021,1.4096831338259639
277,0.8638775510204082,1.4096751184852756
278,0.8742857142857143,1.4029160475244327
279,0.873061224489796,1.39654454698368
280,0.8740816326530613,1.396291546529653
281,0.866938775510204,1.398096153200889
282,0.8728571428571429,1.3872554900694867
283,0.8857142857142857,1.375858766789339
284,0.8765306122448979,1.3843845318774788
285,0.8759183673469387,1.3737762174800952
286,0.8687755102040816,1.379094873934376
287,0.8889795918367347,1.3675195099382984
288,0.876734693877551,1.3659372068911182
289,0.8793877551020408,1.3573709901498288
290,0.8818367346938776,1.3547286726503955
291,0.883265306122449,1.3465731923434199
292,0.8853061224489795,1.3435152935495183
293,0.8891836734693878,1.3410474738296196
294,0.88,1.3395381424378376
295,0.8877551020408163,1.33089505545947
296,0.8918367346938776,1.3257162207973248
297,0.8859183673469387,1.327005579812186
298,0.8824489795918368,1.321935838679878
299,0.8826530612244898,1.3189354647422324
300,0.8916326530612245,1.3182250353754783
301,0.893061224489796,1.30198907278022
302,0.8914285714285715,1.2988049057551794
303,0.8904081632653061,1.3021636498704248
304,0.8938775510204081,1.2934380148868172
305,0.8981632653061224,1.2941145589400311
306,0.8893877551020408,1.2967995268957955
307,0.8881632653061224,1.2895001944717095
308,0.8985714285714286,1.2859467725364528
309,0.8946938775510204,1.2794588215497076
310,0.8948979591836734,1.2718078964583728
311,0.896734693877551,1.2679379498228736
312,0.8953061224489796,1.2616202801101062
313,0.9075510204081633,1.2538888520610576
314,0.8951020408163265,1.2635121304648262
315,0.9028571428571428,1.2476319858006069
316,0.8985714285714286,1.2526033229243998
317,0.9012244897959184,1.24924676038781
318,0.9016326530612245,1.2388083363552482
319,0.9016326530612245,1.2402105541618502
320,0.8993877551020408,1.2373557839101674
321,0.9053061224489796,1.228712806117778
322,0.8993877551020408,1.2319778721673147
323,0.9040816326530612,1.2237586539132255
324,0.9081632653061225,1.2196231842041017
325,0.903469387755102,1.224504981916778
326,0.9059183673469388,1.2145170266287668
327,0.9120408163265306,1.2073233841876594
328,0.9089795918367347,1.2043873856019
329,0.9063265306122449,1.2071408283467195
330,0.91,1.1953765503241092
331,0.9079591836734694,1.2002872757035858
332,0.909795918367347,1.1958882360555687
333,0.9122448979591836,1.1899288136618478
334,0.9136734693877551,1.184507884298052
335,0.9110204081632653,1.187117112315431
336,0.9114285714285715,1.1799794723549668
337,0.916530612244898,1.1708955377461958
338,0.9091836734693878,1.1815589205099613
339,0.9136734693877551,1.1702198012021123
340,0.9175510204081633,1.1667377663631828
341,0.9208163265306123,1.1571449024823248
342,0.9161224489795918,1.1582029151916504
343,0.9126530612244897,1.163305373386461
344,0.9153061224489796,1.1539244426999773
345,0.9155102040816326,1.1555049368313381
346,0.9195918367346939,1.1475297091931713
347,0.9148979591836734,1.1521080930865542
348,0.9138775510204081,1.1480235635017861
349,0.9183673469387755,1.142837309934655
350,0.9171428571428571,1.1381992089018529
351,0.919795918367347,1.14044982063527
352,0.9183673469387755,1.1313985528751296
353,0.9220408163265306,1.124541082090261
354,0.9230612244897959,1.1202484153241528
355,0.9130612244897959,1.1351868632374977
356,0.9226530612244898,1.1180144116343285
357,0.9242857142857143,1.1169482605797905
358,0.9240816326530612,1.112315384417164
359,0.9285714285714286,1.109896034805142
360,0.9195918367346939,1.114907736194377
361,0.9244897959183673,1.1026640331501862
362,0.9236734693877551,1.1043554351767715
363,0.926530612244898,1.1022574758529664
364,0.9222448979591836,1.0996813886992785
365,0.926530612244898,1.090574521239923
366,0.9255102040816326,1.0913426362251748
367,0.9269387755102041,1.08777896920029
368,0.9255102040816326,1.0870298486339802
369,0.9279591836734694,1.083509890206006
370,0.9269387755102041,1.0760610599907077
371,0.9257142857142857,1.0796594047546386
372,0.9263265306122449,1.0743961095809937
373,0.933265306122449,1.0654447964259557
374,0.9271428571428572,1.0739563314282163
375,0.933265306122449,1.066706158676926
376,0.9314285714285714,1.0621215692831545
377,0.9381632653061225,1.05450904914311
378,0.9346938775510204,1.0551686017367305
379,0.9330612244897959,1.0511628394224206
380,0.9336734693877551,1.0543157132304444
381,0.9289795918367347,1.05093057033967
382,0.9277551020408163,1.0508756371906824
383,0.9318367346938775,1.047484680535842
384,0.9346938775510204,1.0410257972503194
385,0.9310204081632653,1.0466569587162562
386,0.9357142857142857,1.0341633789879936
387,0.9369387755102041,1.0339552169916582
388,0.9353061224489796,1.0382158725115718
389,0.936734693877551,1.0294500632188759
390,0.9393877551020409,1.0243245945171433
391,0.9353061224489796,1.0244935899364704
392,0.9348979591836735,1.0265701189333079
393,0.9361224489795918,1.0241415795987967
394,0.9391836734693878,1.0197526360531242
395,0.9406122448979591,1.016448063169207
396,0.9416326530612245,1.0113814461474515
397,0.9426530612244898,1.0026154634903888
398,0.9355102040816327,1.0106527204416236
399,0.9393877551020409,1.005846232686724
400,0.9414285714285714,1.0052141586615115
401,0.9414285714285714,1.0018910032875683
402,0.9457142857142857,0.9965426411920665
403,0.940204081632653,0.9981931349695945
404,0.9420408163265306,0.9928360852416681
405,0.9381632653061225,0.9928687889721929
406,0.9420408163265306,0.988431579726083
407,0.9444897959183673,0.9791211854195109
408,0.9410204081632653,0.986807804107666
409,0.9414285714285714,0.9814948729592927
410,0.9406122448979591,0.9831806441715786
411,0.9410204081632653,0.9740719470199274
412,0.9455102040816327,0.9741929078102112
413,0.9422448979591836,0.9775251793374821
414,0.9448979591836735,0.9752178769208947
415,0.9473469387755102,0.9656838927950178
416,0.9459183673469388,0.9663447669574192
417,0.9489795918367347,0.9584404346894245
418,0.9487755102040817,0.9565766213864696
419,0.9430612244897959,0.9596259837247887
420,0.9444897959183673,0.9608575005920565
421,0.9422448979591836,0.9548778566535638
422,0.9495918367346938,0.9468061841264063
423,0.9442857142857143,0.9555977871953225
424,0.9475510204081633,0.9540540062164774
425,0.946734693877551,0.9520006009510585
426,0.9483673469387756,0.9479038206411867
427,0.9457142857142857,0.9440700323241098
428,0.9477551020408164,0.937712778704507
429,0.950204081632653,0.9373672179786526
430,0.9487755102040817,0.9374470933116212
431,0.9455102040816327,0.9437645125875668
432,0.9440816326530612,0.9358598418138465
433,0.9497959183673469,0.9303967175191763
434,0.9504081632653061,0.9306420811341733
435,0.9526530612244898,0.9219191521041248
436,0.9461224489795919,0.9332880546608749
437,0.9530612244897959,0.9215829628341052
438,0.9516326530612245,0.9211751663441561
439,0.9551020408163265,0.915383865006116
440,0.9528571428571428,0.9164179664242025
441,0.9518367346938775,0.9168664657826326
442,0.953265306122449,0.9131978725900456
443,0.9526530612244898,0.9122486753366431
444,0.9528571428571428,0.9126422615927093
445,0.9524489795918367,0.9065366806302751
446,0.9518367346938775,0.9078513971153571
447,0.950204081632653,0.9105138514966381
448,0.9528571428571428,0.900478639943259
449,0.9524489795918367,0.8996011589984505
450,0.9518367346938775,0.8969502565812092
451,0.9548979591836735,0.8912921448143161
452,0.9551020408163265,0.8945111286396883
453,0.9516326530612245,0.8963133357009109
454,0.9583673469387755,0.8902974928641806
455,0.9479591836734694,0.8940360750470843
456,0.9563265306122449,0.8830413838308685
457,0.9540816326530612,0.8867828474725996
458,0.9536734693877551,0.8822813078821922
459,0.9624489795918367,0.8744823802733908
460,0.9524489795918367,0.8827705297178151
461,0.9577551020408164,0.8728761261823226
462,0.9522448979591837,0.8781574702749447
463,0.9471428571428572,0.8822052531826253
464,0.9559183673469388,0.878788070338113
465,0.9569387755102041,0.871870706227361
466,0.9542857142857143,0.8697848588593152
467,0.9559183673469388,0.8711154377703764
468,0.9555102040816327,0.86451682543268
469,0.9567346938775511,0.8665707262194886
470,0.9548979591836735,0.8637069377607228
471,0.9567346938775511,0.8594723732617436
472,0.9624489795918367,0.8585286778333235
473,0.9589795918367346,0.8541818995865024
474,0.9577551020408164,0.858288165793127
475,0.9573469387755102,0.8549902173937584
476,0.9589795918367346,0.8534704375753598
477,0.9563265306122449,0.8549853901960411
478,0.9559183673469388,0.853471289751481
479,0.9604081632653061,0.8478160768139119
480,0.9616326530612245,0.8418088897880243
481,0.9610204081632653,0.8423573418052829
482,0.9563265306122449,0.8495768665780826
483,0.9551020408163265,0.8448862421755888
484,0.9604081632653061,0.8361693121462452
485,0.9589795918367346,0.8418427094634698
486,0.9618367346938775,0.8326993912093493
487,0.9610204081632653,0.8327883822090771
488,0.9610204081632653,0.8293331341840783
489,0.9606122448979592,0.833077994171454
490,0.9610204081632653,0.8319414849183997
491,0.9606122448979592,0.8303967208278422
492,0.9553061224489796,0.8347419486727033
493,0.9567346938775511,0.8344140467351797
494,0.9612244897959183,0.8253012988032127
495,0.9585714285714285,0.822526114327567
496,0.9614285714285714,0.8194468259811402
497,0.9587755102040816,0.8216081326348441
498,0.963469387755102,0.8198824823632532
499,0.9561224489795919,0.8220662573405675
