epoch,categorical_accuracy,loss
0,0.48489795918367345,5.251278238491136
1,0.5071428571428571,4.934272775455397
2,0.5191836734693878,4.791285618178699
3,0.5253061224489796,4.667798247434655
4,0.5228571428571429,4.607460647310529
5,0.5416326530612245,4.517776176880817
6,0.5418367346938775,4.441495286980453
7,0.5355102040816326,4.4176602312983295
8,0.5277551020408163,4.4092108679790885
9,0.5295918367346939,4.366654198315679
10,0.536530612244898,4.323433118936967
11,0.5269387755102041,4.315264087988406
12,0.5363265306122449,4.272980026322968
13,0.5453061224489796,4.236728681447555
14,0.5373469387755102,4.220166910132583
15,0.536734693877551,4.21369563044334
16,0.5495918367346939,4.16077459646731
17,0.5536734693877551,4.143994944046955
18,0.5481632653061225,4.134836360191812
19,0.5495918367346939,4.105748878401153
20,0.5473469387755102,4.0851692156889
21,0.5589795918367347,4.059173448912952
22,0.5530612244897959,4.055247855867658
23,0.5504081632653062,4.049557859070447
24,0.5581632653061225,4.020380827456105
25,0.5620408163265306,4.008578511062933
26,0.5789795918367346,3.9874826417650495
27,0.5681632653061225,3.972646972889803
28,0.5677551020408164,3.9663133407125666
29,0.5640816326530612,3.9557886528482245
30,0.5746938775510204,3.938975818205853
31,0.5818367346938775,3.9247119475384147
32,0.583265306122449,3.9074172948331247
33,0.5810204081632653,3.8978915309906004
34,0.5971428571428572,3.872762609598588
35,0.5895918367346938,3.8565869634978625
36,0.5877551020408164,3.8496942185382452
37,0.5867346938775511,3.8313540962764194
38,0.5922448979591837,3.8221217498000786
39,0.5973469387755102,3.8136666332945532
40,0.5951020408163266,3.7928401810782297
41,0.6138775510204082,3.7721098506693935
42,0.6157142857142858,3.7679310545629385
43,0.6077551020408163,3.7450614364779726
44,0.603265306122449,3.7402288913726807
45,0.6189795918367347,3.7189588233402797
46,0.6193877551020408,3.7022073412914667
47,0.6114285714285714,3.687492927823748
48,0.6153061224489796,3.676612886895939
49,0.6261224489795918,3.652236902665119
50,0.6336734693877552,3.6369099400967966
51,0.6251020408163265,3.6282856244457014
52,0.6379591836734694,3.6074535823354914
53,0.6385714285714286,3.591781073978969
54,0.6255102040816326,3.5826471320950257
55,0.6261224489795918,3.5677405738830568
56,0.6395918367346939,3.549723412649972
57,0.6424489795918368,3.53626595672296
58,0.6381632653061224,3.5243786628878846
59,0.6438775510204081,3.5004695296774107
60,0.656734693877551,3.476430727511036
61,0.656734693877551,3.468444482258388
62,0.6532653061224489,3.454159404209682
63,0.6575510204081633,3.4416831020433074
64,0.6651020408163265,3.42337061512227
65,0.6646938775510204,3.403613104722938
66,0.6673469387755102,3.390568539755685
67,0.6583673469387755,3.377222359326421
68,0.673265306122449,3.354383899727646
69,0.6751020408163265,3.336771801734457
70,0.6753061224489796,3.3289187964614557
71,0.6724489795918367,3.3179371537967604
72,0.6781632653061225,3.3002534453722894
73,0.690204081632653,3.2758101866196614
74,0.690204081632653,3.2624552785133827
75,0.6869387755102041,3.2549629516990817
76,0.6930612244897959,3.2368506844189704
77,0.6883673469387755,3.224164442724111
78,0.6969387755102041,3.198709603718349
79,0.6997959183673469,3.1897962085568174
80,0.6881632653061225,3.1764628348058586
81,0.686530612244898,3.162942972961737
82,0.6904081632653061,3.153363089658776
83,0.6940816326530612,3.133301423909713
84,0.6989795918367347,3.116696611326568
85,0.706530612244898,3.103102277249706
86,0.7136734693877551,3.0833706803224525
87,0.7046938775510204,3.0771206267999145
88,0.7138775510204082,3.0577575909361547
89,0.7116326530612245,3.0432040905465887
90,0.7146938775510204,3.030789251911397
91,0.7159183673469388,3.0171599623621725
92,0.7289795918367347,3.0010083029221515
93,0.7277551020408163,2.976650014994096
94,0.7155102040816327,2.977490070887974
95,0.7310204081632653,2.9560823031834196
96,0.7261224489795919,2.945587115579722
97,0.7291836734693877,2.9308657850537982
98,0.7248979591836735,2.924023325005356
99,0.7204081632653061,2.9114227361095195
100,0.736734693877551,2.8917164929059087
101,0.7251020408163266,2.8832479420486763
102,0.7346938775510204,2.868585153112606
103,0.7318367346938776,2.8569127143159205
104,0.7316326530612245,2.839519333352848
105,0.7316326530612245,2.8252825118084344
106,0.7379591836734694,2.808256690161569
107,0.7504081632653061,2.7893394244447047
108,0.7502040816326531,2.77739164877911
109,0.7489795918367347,2.775518844176312
110,0.7412244897959184,2.7690361133886845
111,0.7485714285714286,2.7509875665392194
112,0.7528571428571429,2.7370192012008356
113,0.7548979591836734,2.71897643498012
114,0.753061224489796,2.707648538472701
115,0.7502040816326531,2.705987945089535
116,0.7612244897959184,2.6791828776379023
117,0.7636734693877552,2.6697910221255556
118,0.7606122448979592,2.657109573714587
119,0.763265306122449,2.6463412138880518
120,0.7636734693877552,2.6349050979225
121,0.7642857142857142,2.630369660319114
122,0.7683673469387755,2.6178703471592493
123,0.7714285714285715,2.5993745229682146
124,0.7724489795918368,2.584099942616054
125,0.7716326530612245,2.5785955565316336
126,0.7787755102040816,2.56732288788776
127,0.7838775510204081,2.5442449746813094
128,0.7706122448979592,2.5511919475088316
129,0.773061224489796,2.535351663316999
130,0.7869387755102041,2.5160374119816993
131,0.7893877551020408,2.5041025868240667
132,0.7830612244897959,2.5056798703329903
133,0.7781632653061225,2.488382330913933
134,0.7940816326530612,2.475362656651711
135,0.7883673469387755,2.4643510874923393
136,0.7891836734693878,2.4547487406827964
137,0.7885714285714286,2.4426641240411877
138,0.7885714285714286,2.430609837356879
139,0.7904081632653062,2.415873037844288
140,0.793469387755102,2.408154748994477
141,0.7912244897959184,2.4018327103828896
142,0.8046938775510204,2.3786577172182044
143,0.7951020408163265,2.377569196662124
144,0.7987755102040817,2.3742232073569784
145,0.8006122448979592,2.3605468496984363
146,0.8030612244897959,2.350923957824707
147,0.81,2.3363528722646283
148,0.8091836734693878,2.330664247396041
149,0.8016326530612244,2.319588429587228
150,0.8051020408163265,2.3099466417273695
151,0.8120408163265306,2.295831682244126
152,0.810204081632653,2.283471297050009
153,0.8128571428571428,2.2747276779096954
154,0.8104081632653061,2.268426498101682
155,0.8140816326530612,2.2505050133685676
156,0.823265306122449,2.2378436946868896
157,0.8175510204081633,2.237037918129746
158,0.8173469387755102,2.223862174092507
159,0.8197959183673469,2.216916621266579
160,0.8242857142857143,2.207051087788173
161,0.8244897959183674,2.194747215193145
162,0.83,2.182298690445569
163,0.8253061224489796,2.1830408851467835
164,0.8230612244897959,2.168747581754412
165,0.8324489795918367,2.16251740338851
166,0.8297959183673469,2.154045588045704
167,0.8316326530612245,2.135333069392613
168,0.8344897959183674,2.124237756729126
169,0.8355102040816327,2.1179858807155063
170,0.8408163265306122,2.1112119838169643
171,0.8338775510204082,2.107119532409979
172,0.833469387755102,2.097920262862225
173,0.8387755102040816,2.0910656557277756
174,0.8440816326530612,2.0715063054221017
175,0.8381632653061224,2.070590666556845
176,0.8328571428571429,2.067951489176069
177,0.8477551020408163,2.053261362192582
178,0.836530612244898,2.0505773921888704
179,0.8357142857142857,2.0343901801595883
180,0.8493877551020408,2.023264843103837
181,0.8493877551020408,2.0159573019767296
182,0.8510204081632653,2.0056699068692265
183,0.85,1.994899571963719
184,0.8506122448979592,1.9924766552204989
185,0.856734693877551,1.9801778446898168
186,0.8559183673469388,1.9717603125864145
187,0.8524489795918367,1.9703390500983413
188,0.8542857142857143,1.9547461081524284
189,0.8542857142857143,1.9504944771163317
190,0.8583673469387755,1.9434875787034327
191,0.8544897959183674,1.9358051181326108
192,0.8575510204081632,1.926766727505898
193,0.8659183673469387,1.91569455000819
194,0.8630612244897959,1.9049227677559366
195,0.8671428571428571,1.9006960485419448
196,0.8663265306122448,1.890644885471889
197,0.8655102040816327,1.8818019495205003
198,0.8742857142857143,1.8639109384770296
199,0.8722448979591837,1.8630113040184488
200,0.8675510204081632,1.8652765352871954
201,0.8616326530612245,1.8519982509223782
202,0.8691836734693877,1.845810525660612
203,0.8691836734693877,1.840620542156453
204,0.8712244897959184,1.83111806480252
205,0.8689795918367347,1.8292536822143866
206,0.8787755102040816,1.8113995030461525
207,0.8673469387755102,1.810783540959261
208,0.873265306122449,1.802587490471042
209,0.8777551020408163,1.7920406952682806
210,0.8791836734693877,1.7845397628083521
211,0.8840816326530613,1.7728052999535386
212,0.8836734693877552,1.7675799155721859
213,0.8787755102040816,1.764871588726433
214,0.883061224489796,1.7517400003939259
215,0.8883673469387755,1.7484108302058006
216,0.8855102040816326,1.7409501877609563
217,0.8826530612244898,1.7379046384655699
218,0.8797959183673469,1.7362425083043624
219,0.8908163265306123,1.7203869421628057
220,0.8906122448979592,1.7111465450209014
221,0.8908163265306123,1.7006292481325112
222,0.8959183673469387,1.6949143405836455
223,0.8934693877551021,1.690408804270686
224,0.889795918367347,1.681933471329358
225,0.8953061224489796,1.6732397432716526
226,0.893673469387755,1.6738644559042795
227,0.8985714285714286,1.663193658711959
228,0.8942857142857142,1.6604146935988446
229,0.8977551020408163,1.6499872404215288
230,0.9,1.6472110589669675
231,0.8959183673469387,1.635921475449387
232,0.9044897959183673,1.630376810346331
233,0.9048979591836734,1.6201902829384318
234,0.9012244897959184,1.6254665853539292
235,0.9038775510204081,1.610892046325061
236,0.9016326530612245,1.6047613921457407
237,0.9057142857142857,1.5962504603911418
238,0.9053061224489796,1.5934100417701567
239,0.906530612244898,1.5849642084082778
240,0.9004081632653061,1.5835876139815972
241,0.9106122448979592,1.5771496465254804
242,0.906734693877551,1.566350897380284
243,0.909795918367347,1.5558465475938759
244,0.9106122448979592,1.553779217758957
245,0.9126530612244897,1.548410289336224
246,0.9032653061224489,1.5449156906166854
247,0.9116326530612245,1.538732422030702
248,0.9181632653061225,1.5253729113753962
249,0.919795918367347,1.5190515527919848
250,0.9110204081632653,1.5231181929062825
251,0.9171428571428571,1.5149876774573812
252,0.9212244897959184,1.4995060955748265
253,0.9112244897959184,1.5068475566591535
254,0.916734693877551,1.4956319251352428
255,0.9195918367346939,1.4885884981739277
256,0.9218367346938775,1.4806840861573511
257,0.9220408163265306,1.4780210481371199
258,0.9169387755102041,1.4760426383115808
259,0.9208163265306123,1.465444063751065
260,0.9244897959183673,1.4597109994109796
261,0.9222448979591836,1.4544872390980623
262,0.9255102040816326,1.4439561019624982
263,0.926734693877551,1.4420118150905687
264,0.9259183673469388,1.4367399317877634
265,0.9218367346938775,1.4370989458901542
266,0.9279591836734694,1.4262508167539325
267,0.9310204081632653,1.4172893257530368
268,0.9314285714285714,1.4126836583079123
269,0.933469387755102,1.4060898264086976
270,0.9271428571428572,1.4030586862564087
271,0.9302040816326531,1.402950569464236
272,0.9257142857142857,1.3985608722725693
273,0.9257142857142857,1.3957608356281204
274,0.9314285714285714,1.3921762553039863
275,0.9324489795918367,1.3780339531995813
276,0.9261224489795918,1.377727533262603
277,0.9322448979591836,1.367154788387065
278,0.9379591836734694,1.3579062705137293
279,0.9353061224489796,1.359679194859096
280,0.9395918367346939,1.3513723717903605
281,0.9371428571428572,1.3476450064717507
282,0.9351020408163265,1.3435224562275165
283,0.94,1.3330584914343697
284,0.9371428571428572,1.3333106558663503
285,0.9369387755102041,1.3265247044271353
286,0.9422448979591836,1.3198089619072115
287,0.939795918367347,1.3190669990072446
288,0.9381632653061225,1.3117487451008387
289,0.9440816326530612,1.3107344312083964
290,0.9424489795918367,1.2975141689728718
291,0.9463265306122449,1.2943902407860268
292,0.9414285714285714,1.2928459991727557
293,0.9479591836734694,1.2853782953534807
294,0.9404081632653061,1.2870690409018068
295,0.9471428571428572,1.2775149590628487
296,0.9430612244897959,1.2786985207577142
297,0.9489795918367347,1.2640617072825528
298,0.9451020408163265,1.2634829386886286
299,0.9420408163265306,1.2641707241291902
300,0.9455102040816327,1.2583085019247873
301,0.9459183673469388,1.2546199923145527
302,0.9493877551020408,1.2413609462854813
303,0.9453061224489796,1.2458693242559629
304,0.9477551020408164,1.2418807366429543
305,0.9485714285714286,1.2332161304902056
306,0.9508163265306122,1.2298118962073812
307,0.9483673469387756,1.2211260287615717
308,0.9524489795918367,1.2193352173785774
309,0.9493877551020408,1.2158724696295602
310,0.9510204081632653,1.212557323124944
311,0.9516326530612245,1.2077996053501052
312,0.9508163265306122,1.2073896087918963
313,0.9542857142857143,1.1953725749619153
314,0.9546938775510204,1.1936879371137035
315,0.9557142857142857,1.1858512321783572
316,0.9530612244897959,1.1843227058527421
317,0.9514285714285714,1.1837063937284509
318,0.9524489795918367,1.179120557356854
319,0.9530612244897959,1.1736917304019538
320,0.9577551020408164,1.1674626509024173
321,0.9510204081632653,1.1683975906761326
322,0.9536734693877551,1.1652294823588156
323,0.9546938775510204,1.157012635834363
324,0.9612244897959183,1.147993938290343
325,0.956530612244898,1.152352613429634
326,0.9569387755102041,1.1479834926371673
327,0.9546938775510204,1.142538367290886
328,0.9530612244897959,1.1464065341560208
329,0.953265306122449,1.1390482220357778
330,0.9591836734693877,1.129372234441796
331,0.963469387755102,1.1211079968238364
332,0.9589795918367346,1.124217866294238
333,0.9557142857142857,1.12428103855678
334,0.9563265306122449,1.1212961061633364
335,0.9626530612244898,1.1109703426944966
336,0.9606122448979592,1.1065146066704574
337,0.96,1.1025662254314033
338,0.9587755102040816,1.1063826949255806
339,0.9595918367346938,1.0962298282798455
340,0.9608163265306122,1.0953402143108601
341,0.9618367346938775,1.0906435989846988
342,0.9593877551020408,1.0884685360655493
343,0.9528571428571428,1.0925269884965858
344,0.9655102040816327,1.076716000011989
345,0.9642857142857143,1.0766094492406262
346,0.9636734693877551,1.074618752635255
347,0.9669387755102041,1.0642466318364046
348,0.9608163265306122,1.0685624698716767
349,0.9628571428571429,1.064720067685964
350,0.9597959183673469,1.0682273278917584
351,0.96,1.0592077185183155
352,0.9616326530612245,1.0559140251120742
353,0.9651020408163266,1.0483894363714725
354,0.9622448979591837,1.0484555250771193
355,0.9608163265306122,1.0471000156597214
356,0.963469387755102,1.0423417112778643
357,0.9683673469387755,1.0337018424637463
358,0.9636734693877551,1.033968047852419
359,0.9628571428571429,1.0303530195781163
360,0.9677551020408163,1.0271481272152492
361,0.9606122448979592,1.0283040909864465
362,0.9638775510204082,1.0257622820990426
363,0.9648979591836735,1.020655366109342
364,0.9673469387755103,1.0117550976908938
365,0.963265306122449,1.0158643899645123
366,0.9661224489795919,1.0128014668639824
367,0.9640816326530612,1.0124206191666272
368,0.9653061224489796,1.0035593787504702
369,0.9683673469387755,1.0003410637621977
370,0.9689795918367347,0.9941206201241941
371,0.9663265306122449,0.9950456771072076
372,0.9689795918367347,0.9893440940428754
373,0.9638775510204082,0.9895703714721057
374,0.9677551020408163,0.9858914647783552
375,0.9683673469387755,0.979403560988757
376,0.9659183673469388,0.9822810272294648
377,0.97,0.9745988791816088
378,0.9677551020408163,0.973534591343938
379,0.970204081632653,0.969837182492626
380,0.9716326530612245,0.9648804222807592
381,0.9697959183673469,0.9630824024823247
382,0.9689795918367347,0.9589440784162404
383,0.9687755102040816,0.9576820764736254
384,0.9712244897959184,0.9537416447425375
385,0.9693877551020408,0.9512746626990182
386,0.9695918367346938,0.9497085355739204
387,0.9716326530612245,0.9499410861852218
388,0.9714285714285714,0.94052981128498
389,0.9712244897959184,0.9404457599776131
390,0.9720408163265306,0.9366289201074717
391,0.9734693877551021,0.9375657161887812
392,0.9687755102040816,0.9329330291553419
393,0.9718367346938775,0.931948764080904
394,0.973265306122449,0.9297642734099407
395,0.9685714285714285,0.9320389352525984
396,0.9736734693877551,0.9196352018142233
397,0.9697959183673469,0.9238965788666083
398,0.9718367346938775,0.9186048982581314
399,0.970204081632653,0.9180743986246537
400,0.9734693877551021,0.9082894522316601
401,0.9708163265306122,0.9108936634842231
402,0.9720408163265306,0.9053695385310114
403,0.973265306122449,0.9069268788610186
404,0.9710204081632653,0.9051235164914813
405,0.9718367346938775,0.904293132168906
406,0.9734693877551021,0.8960947188552545
407,0.9724489795918367,0.8911067665353113
408,0.9691836734693877,0.8929954714191203
409,0.9748979591836735,0.8874717109057368
410,0.9718367346938775,0.8901079858079248
411,0.9734693877551021,0.885133000733901
412,0.97,0.8870352164579898
413,0.9746938775510204,0.8806813825393209
414,0.9734693877551021,0.8773562721816861
415,0.9730612244897959,0.878725307133733
416,0.976326530612245,0.8747425650577156
417,0.9767346938775511,0.8673808864671357
418,0.973265306122449,0.8695484994868843
419,0.9751020408163266,0.8604718922595589
420,0.9726530612244898,0.8621914417889653
421,0.9712244897959184,0.8629890049233728
422,0.9761224489795919,0.8581892150762129
423,0.9751020408163266,0.8583355298820807
424,0.9744897959183674,0.8532782059786271
425,0.9761224489795919,0.8489474462489692
426,0.9722448979591837,0.8555303750232774
427,0.9716326530612245,0.8580160394006846
428,0.976938775510204,0.845058460770821
429,0.976938775510204,0.8386113669434372
430,0.9787755102040816,0.8350647555565347
431,0.9785714285714285,0.8332795872980234
432,0.9775510204081632,0.8323491155857943
433,0.976530612244898,0.8270377358611749
434,0.976530612244898,0.8301678940228053
435,0.9748979591836735,0.8267017748404523
436,0.9773469387755102,0.8206083283132436
437,0.9779591836734693,0.820425720458128
438,0.9795918367346939,0.8161167899929748
439,0.9757142857142858,0.8204190460029913
440,0.9730612244897959,0.8195640040903676
441,0.9797959183673469,0.8155968175129015
442,0.9795918367346939,0.8112745192586159
443,0.9785714285714285,0.8113217876395401
444,0.9812244897959184,0.8050120235949146
445,0.98,0.8022643525746403
446,0.9777551020408163,0.8054617129053389
447,0.983265306122449,0.7987452575625206
448,0.9773469387755102,0.8017061105066416
449,0.976326530612245,0.8015302958293837
450,0.9777551020408163,0.7974215744952766
451,0.9759183673469388,0.7965119231963644
452,0.9779591836734693,0.7933592424100759
453,0.9757142857142858,0.7878551184887789
454,0.9759183673469388,0.7869302489319626
455,0.9793877551020408,0.7834638039433226
456,0.9804081632653061,0.7823920453811178
457,0.9744897959183674,0.789058505175065
458,0.9757142857142858,0.7822845313013816
459,0.9834693877551021,0.7743747697071153
460,0.9761224489795919,0.7764971388116175
461,0.9808163265306122,0.7749670124540523
462,0.9742857142857143,0.7800944845530452
463,0.9779591836734693,0.7730429296590844
464,0.9789795918367347,0.7662097818510873
465,0.9791836734693877,0.7693470771458684
466,0.973265306122449,0.7741520087086424
467,0.9775510204081632,0.7683495761910263
468,0.9795918367346939,0.7625946083847357
469,0.9789795918367347,0.7605342462111493
470,0.9759183673469388,0.7642983101825325
471,0.9795918367346939,0.7541345788508046
472,0.9787755102040816,0.7549455000429738
473,0.976326530612245,0.7568839478979306
474,0.9810204081632653,0.750716814654214
475,0.9767346938775511,0.7518880264126525
476,0.9777551020408163,0.7483286059632593
477,0.9804081632653061,0.7437946634389916
478,0.9804081632653061,0.7404674228356809
479,0.9812244897959184,0.7390839591804815
480,0.9804081632653061,0.7379666850031639
481,0.9783673469387755,0.7379678571467497
482,0.9781632653061224,0.7371782646860395
483,0.9795918367346939,0.7324914583381341
484,0.9797959183673469,0.7326213749087587
485,0.976326530612245,0.7373223601555338
486,0.9810204081632653,0.7296384996783977
487,0.9804081632653061,0.7259627946542234
488,0.9820408163265306,0.7272398357488671
489,0.9808163265306122,0.7189251188842618
490,0.9808163265306122,0.722618601322174
491,0.9812244897959184,0.7175211684557856
492,0.9814285714285714,0.7153154673868296
493,0.9828571428571429,0.7130649109275974
494,0.98,0.7132541099373175
495,0.9826530612244898,0.7099982312260842
496,0.976530612244898,0.715087644907893
497,0.9820408163265306,0.7104692339897156
498,0.9842857142857143,0.7062126049703481
499,0.9824489795918367,0.7042362834969346
