epoch,categorical_accuracy,loss
0,0.4887755102040816,5.2252745118433115
1,0.5044897959183674,4.953829288871921
2,0.49489795918367346,4.707313845692848
3,0.509795918367347,4.473675797910106
4,0.4995918367346939,4.39442440636304
5,0.5116326530612245,4.216694496699742
6,0.5116326530612245,4.0931374855430755
7,0.5193877551020408,3.9763133278671576
8,0.5169387755102041,3.910911853945985
9,0.5128571428571429,3.8603027540323684
10,0.5161224489795918,3.778138319910789
11,0.5183673469387755,3.7349687253212442
12,0.5110204081632653,3.6861614729433643
13,0.5116326530612245,3.6487637496481136
14,0.5112244897959184,3.6175303289841634
15,0.5279591836734694,3.5627200395233776
16,0.5155102040816326,3.536837720676344
17,0.5151020408163265,3.532069627995394
18,0.516734693877551,3.4980253916370625
19,0.5228571428571429,3.4621679407236527
20,0.5287755102040816,3.420452181757713
21,0.5361224489795918,3.394346008106154
22,0.5269387755102041,3.3920176435976614
23,0.5224489795918368,3.3709477837231696
24,0.5269387755102041,3.344357665120339
25,0.5214285714285715,3.343899312700544
26,0.5171428571428571,3.3226796161885166
27,0.5389795918367347,3.2732059679225998
28,0.5251020408163265,3.2908896802396193
29,0.5253061224489796,3.2744857780300842
30,0.5289795918367347,3.251714845774125
31,0.5361224489795918,3.2360774441154634
32,0.5361224489795918,3.2237140036602407
33,0.5526530612244898,3.201462739049172
34,0.5310204081632653,3.1989313808752566
35,0.5283673469387755,3.180917653648221
36,0.5377551020408163,3.164572915252374
37,0.5310204081632653,3.17154854482534
38,0.5361224489795918,3.1536238063111597
39,0.5416326530612245,3.1409717351563122
40,0.5369387755102041,3.1269450475731673
41,0.5459183673469388,3.119117585785535
42,0.5491836734693878,3.1015038270366437
43,0.5369387755102041,3.102862992967878
44,0.5495918367346939,3.0885248273732713
45,0.5469387755102041,3.079470779457871
46,0.5440816326530612,3.0756032768560915
47,0.5493877551020409,3.0623363473464034
48,0.543469387755102,3.058320664970242
49,0.5442857142857143,3.0516946761462154
50,0.5528571428571428,3.0372694500125186
51,0.5618367346938775,3.026069800318504
52,0.5504081632653062,3.027804963831999
53,0.5604081632653061,3.008154108281038
54,0.5536734693877551,2.9998643830357765
55,0.536530612244898,3.0006847161662824
56,0.5510204081632653,2.985382752126577
57,0.5571428571428572,2.9819720320798915
58,0.566530612244898,2.966116385751841
59,0.55,2.966588935462796
60,0.5542857142857143,2.957970700555918
61,0.55,2.957094503324859
62,0.5553061224489796,2.9401685465598595
63,0.5510204081632653,2.9323746731816507
64,0.5614285714285714,2.9237057901888477
65,0.56,2.9157707782667512
66,0.566530612244898,2.9066159164662264
67,0.5606122448979591,2.899743643001634
68,0.5581632653061225,2.892211954155747
69,0.5569387755102041,2.884627741794197
70,0.5685714285714286,2.8693125901903427
71,0.5673469387755102,2.8633263868215133
72,0.5814285714285714,2.8476436134260528
73,0.5722448979591837,2.8413900192416444
74,0.5730612244897959,2.835565836380939
75,0.5757142857142857,2.8242935028854683
76,0.5820408163265306,2.8136317434116287
77,0.5885714285714285,2.802392203077978
78,0.5687755102040817,2.8013124070848736
79,0.5895918367346938,2.787790613369066
80,0.5761224489795919,2.7844207977762028
81,0.5777551020408164,2.7719497871398926
82,0.5857142857142857,2.7597053080188987
83,0.5706122448979591,2.759107800503166
84,0.5755102040816327,2.748771414075579
85,0.5793877551020408,2.734630174831468
86,0.5844897959183674,2.7209243717972114
87,0.5853061224489796,2.717117934713558
88,0.5851020408163266,2.701945341071304
89,0.5983673469387755,2.697585864553646
90,0.6008163265306122,2.6879489248626087
91,0.590204081632653,2.683849236235327
92,0.5961224489795919,2.6677330869557907
93,0.6046938775510204,2.655570912263831
94,0.6036734693877551,2.6445396341596332
95,0.5977551020408163,2.639508250489527
96,0.6048979591836735,2.6309992009766248
97,0.6051020408163266,2.6227170549120222
98,0.6036734693877551,2.611164924271253
99,0.6120408163265306,2.6016063812800816
100,0.603265306122449,2.5946363495807256
101,0.606326530612245,2.5899132053219542
102,0.6126530612244898,2.574352327268951
103,0.6185714285714285,2.568568366887618
104,0.6155102040816327,2.5542393437210396
105,0.6093877551020408,2.5564769583332296
106,0.606938775510204,2.5456761671572314
107,0.6122448979591837,2.536322181662735
108,0.6193877551020408,2.524140893196573
109,0.6202040816326531,2.5167824009486606
110,0.6293877551020408,2.503104325508585
111,0.6222448979591837,2.498727131668402
112,0.6259183673469387,2.4840896182157555
113,0.6214285714285714,2.480935534847026
114,0.6202040816326531,2.4713890028973013
115,0.6261224489795918,2.4629112798340467
116,0.6273469387755102,2.4576942235596326
117,0.626938775510204,2.4410175907368563
118,0.6240816326530613,2.4429007129279934
119,0.6304081632653061,2.4262146305551333
120,0.6359183673469387,2.4154296528563206
121,0.6357142857142857,2.40763890227493
122,0.6375510204081632,2.401585141396036
123,0.6381632653061224,2.3977902328724765
124,0.6238775510204082,2.3884841864449635
125,0.6465306122448979,2.368110562927869
126,0.6481632653061224,2.3590502571573064
127,0.6453061224489796,2.3614989054932884
128,0.6518367346938776,2.349495079663335
129,0.643673469387755,2.3420508978318195
130,0.6451020408163265,2.3337173022056112
131,0.6538775510204081,2.3248741011716882
132,0.6553061224489796,2.3152743835838474
133,0.6455102040816326,2.31610353742327
134,0.6451020408163265,2.3059155701617806
135,0.6457142857142857,2.2972661248031927
136,0.6438775510204081,2.2893046770290453
137,0.6542857142857142,2.278097069020174
138,0.6583673469387755,2.2756785523161596
139,0.6416326530612245,2.265474078898527
140,0.6614285714285715,2.253451490986104
141,0.6595918367346939,2.250163242184386
142,0.6651020408163265,2.236786486372656
143,0.6648979591836734,2.2224701863892222
144,0.6571428571428571,2.2297788697846084
145,0.663469387755102,2.2159343390562096
146,0.6695918367346939,2.2130612793747257
147,0.6612244897959184,2.206454562751614
148,0.6661224489795918,2.1983956113153575
149,0.6787755102040817,2.1861464837132667
150,0.6687755102040817,2.1821785815881225
151,0.6689795918367347,2.173979575098777
152,0.6751020408163265,2.1651042245358836
153,0.676734693877551,2.155560818691643
154,0.6808163265306122,2.148245328397167
155,0.673265306122449,2.1474599614435315
156,0.6838775510204081,2.1377898068330725
157,0.6859183673469388,2.123176296292519
158,0.69,2.118596481693034
159,0.6808163265306122,2.118782498885174
160,0.6840816326530612,2.1057227504496674
161,0.6838775510204081,2.102139311809929
162,0.6838775510204081,2.0913696277384854
163,0.6955102040816327,2.0837610110458065
164,0.6944897959183673,2.079383121218
165,0.6959183673469388,2.072837835039411
166,0.6918367346938775,2.0639081100541716
167,0.6973469387755102,2.051715658148941
168,0.6991836734693877,2.0484261534165364
169,0.693469387755102,2.044987825082273
170,0.6848979591836735,2.041923402864106
171,0.6942857142857143,2.034670785592527
172,0.703469387755102,2.027139855015035
173,0.6981632653061225,2.0172599021755917
174,0.696530612244898,2.013555136310811
175,0.6969387755102041,2.0040280400490276
176,0.7024489795918367,1.9997320504091225
177,0.6975510204081633,1.9958211249721294
178,0.7042857142857143,1.9857488180666554
179,0.7063265306122449,1.9845653035689372
180,0.7130612244897959,1.9727361025129047
181,0.7091836734693877,1.9673279824548837
182,0.7108163265306122,1.9548343582542576
183,0.7220408163265306,1.95348720258596
184,0.7122448979591837,1.9524306493875931
185,0.7159183673469388,1.9440272187213508
186,0.7224489795918367,1.9372693893860797
187,0.7273469387755102,1.925562871135011
188,0.72,1.9227897054321912
189,0.7191836734693877,1.9193379686316665
190,0.7163265306122449,1.9147780137159387
191,0.7220408163265306,1.904446503580833
192,0.7226530612244898,1.901498368613574
193,0.730204081632653,1.89050293231497
194,0.7373469387755102,1.887618543761117
195,0.7218367346938775,1.8904760212800942
196,0.72,1.8786644854837535
197,0.7324489795918367,1.8704531988805655
198,0.7324489795918367,1.8652608919143676
199,0.7304081632653061,1.856665134332618
200,0.7279591836734693,1.8533444389031857
201,0.7375510204081632,1.8461728524188605
202,0.7267346938775511,1.8542457188392172
203,0.7328571428571429,1.8393099778039115
204,0.7344897959183674,1.8376804059865524
205,0.7412244897959184,1.8292871382771707
206,0.7475510204081632,1.8151764868716804
207,0.7344897959183674,1.8170406110919253
208,0.736734693877551,1.8112489780114622
209,0.7408163265306122,1.8090185148861944
210,0.7395918367346939,1.8008224009494391
211,0.7457142857142857,1.8003854393472476
212,0.7340816326530613,1.800906737385964
213,0.7495918367346939,1.780041382264118
214,0.7436734693877551,1.7790723796766632
215,0.7448979591836735,1.7773484214471311
216,0.7512244897959184,1.7639842278616769
217,0.7479591836734694,1.762346736752257
218,0.7440816326530613,1.7634352066078964
219,0.7512244897959184,1.7552550277904588
220,0.7540816326530613,1.7493814119027586
221,0.7561224489795918,1.7390526524368597
222,0.7522448979591837,1.7459050371208968
223,0.7522448979591837,1.7415926148940106
224,0.7546938775510204,1.7280385929224442
225,0.7638775510204082,1.7164037424204301
226,0.759795918367347,1.7154285308292934
227,0.7622448979591837,1.7143534128033384
228,0.7612244897959184,1.7057602495076705
229,0.756734693877551,1.7042355017759363
230,0.7618367346938776,1.6994972314639967
231,0.7612244897959184,1.6953385002759038
232,0.7673469387755102,1.6848775939552152
233,0.7575510204081632,1.6861789897996553
234,0.769795918367347,1.6768137195158979
235,0.7744897959183673,1.6715202878445996
236,0.7638775510204082,1.6706535253719408
237,0.7744897959183673,1.6652287189327941
238,0.7681632653061224,1.6656996149919472
239,0.7716326530612245,1.6580734587688835
240,0.7659183673469387,1.6532391998719196
241,0.7744897959183673,1.6424505874088833
242,0.7673469387755102,1.6467203279417388
243,0.7722448979591837,1.638366451166114
244,0.7746938775510204,1.6326480547262698
245,0.7775510204081633,1.6269617305483137
246,0.7775510204081633,1.6246535055977958
247,0.7685714285714286,1.617539194457385
248,0.7712244897959184,1.6198507529862074
249,0.7791836734693878,1.6107597906735478
250,0.7893877551020408,1.6034432396596792
251,0.7763265306122449,1.6075956245344512
252,0.7826530612244897,1.594767008411641
253,0.7838775510204081,1.5909129715938957
254,0.7861224489795918,1.5905194393469362
255,0.7822448979591837,1.5849842738132087
256,0.7738775510204081,1.58209010240983
257,0.7851020408163265,1.572710739447146
258,0.7830612244897959,1.57231120343111
259,0.7875510204081633,1.5692003035058781
260,0.7922448979591836,1.5605891000981233
261,0.7879591836734694,1.5606645670715644
262,0.7822448979591837,1.5539070035973375
263,0.796734693877551,1.5485522906634273
264,0.7942857142857143,1.543070471530058
265,0.7961224489795918,1.5369637976860513
266,0.7940816326530612,1.5315703270386676
267,0.7987755102040817,1.5282011209215436
268,0.7989795918367347,1.5245794373142476
269,0.8004081632653062,1.5197421019417898
270,0.8051020408163265,1.5163600628716605
271,0.8020408163265306,1.5109231730869839
272,0.8002040816326531,1.512549291143612
273,0.8055102040816327,1.5020977965179754
274,0.8055102040816327,1.5011151932696907
275,0.8063265306122449,1.496702050092269
276,0.7973469387755102,1.496896532409045
277,0.8046938775510204,1.487514323993605
278,0.8006122448979592,1.4852245661677146
279,0.8044897959183673,1.481549749277076
280,0.8044897959183673,1.482230426632628
281,0.8122448979591836,1.4715000477615667
282,0.8089795918367347,1.4693353542016476
283,0.8042857142857143,1.4702324844866383
284,0.8118367346938775,1.4611017294319308
285,0.8163265306122449,1.4601416717256819
286,0.8079591836734694,1.4622602009286685
287,0.8179591836734694,1.4421218597645662
288,0.8120408163265306,1.451061071181784
289,0.8144897959183673,1.4404131549718429
290,0.8126530612244898,1.4382961672179553
291,0.8214285714285714,1.4365917854892964
292,0.8151020408163265,1.4333958146036887
293,0.8146938775510204,1.4260266405222368
294,0.8179591836734694,1.4215721576067866
295,0.8122448979591836,1.4241265626829498
296,0.8161224489795919,1.4180320600587495
297,0.8171428571428572,1.410705416640457
298,0.8242857142857143,1.403332707735957
299,0.8140816326530612,1.4088414599944135
300,0.830204081632653,1.3910752125175632
301,0.82,1.3938029641521221
302,0.8216326530612245,1.3952759994779314
303,0.8273469387755102,1.3898978933996085
304,0.8208163265306122,1.3893475828365405
305,0.8291836734693877,1.379082348103426
306,0.8253061224489796,1.3811416073234715
307,0.8342857142857143,1.3660561299810605
308,0.8338775510204082,1.3699637196988474
309,0.8257142857142857,1.3695322314087226
310,0.8204081632653061,1.3710951438242076
311,0.8344897959183674,1.3581033867232652
312,0.8277551020408164,1.3635007992569281
313,0.8355102040816327,1.3517487396512713
314,0.8353061224489796,1.3524824217387608
315,0.8293877551020408,1.3529546775623245
316,0.8259183673469388,1.350066301287437
317,0.840204081632653,1.33777913988853
318,0.8359183673469388,1.3420648575802239
319,0.8367346938775511,1.333771445507906
320,0.8391836734693877,1.3285457660713975
321,0.8430612244897959,1.3249690365304752
322,0.8424489795918367,1.3202565125056676
323,0.8316326530612245,1.3247099157255524
324,0.8383673469387755,1.3166954845311691
325,0.8408163265306122,1.3159952169535112
326,0.8414285714285714,1.3058087468633846
327,0.8436734693877551,1.311262500724014
328,0.8414285714285714,1.3073492955188362
329,0.8495918367346939,1.298458414661641
330,0.8514285714285714,1.2903284311294556
331,0.8422448979591837,1.2912432391302926
332,0.8412244897959184,1.29652672028055
333,0.8540816326530613,1.2827477262458022
334,0.843469387755102,1.289230284009661
335,0.8495918367346939,1.2822077183820764
336,0.8534693877551021,1.2783268331994815
337,0.853265306122449,1.2726503926880506
338,0.8548979591836735,1.2670715422532997
339,0.8546938775510204,1.2603754654709174
340,0.8444897959183674,1.27267444250535
341,0.860204081632653,1.2600189455188051
342,0.8528571428571429,1.252128321200001
343,0.8577551020408163,1.2500693094487092
344,0.8544897959183674,1.2510345809313717
345,0.8536734693877551,1.251115861230967
346,0.8597959183673469,1.2392520498742863
347,0.8518367346938776,1.244782515739908
348,0.8536734693877551,1.2430568451784094
349,0.8665306122448979,1.232767117656007
350,0.8579591836734693,1.2255196426352677
351,0.856938775510204,1.2341715094994525
352,0.8634693877551021,1.2261404450085698
353,0.856938775510204,1.221332102308468
354,0.8679591836734694,1.2222666807563938
355,0.8595918367346939,1.2221340988120255
356,0.8608163265306122,1.2130389042289889
357,0.8712244897959184,1.2065233576054475
358,0.8644897959183674,1.2091819851739065
359,0.8585714285714285,1.2096940634201985
360,0.8689795918367347,1.2033926116203775
361,0.8683673469387755,1.196274608495284
362,0.8628571428571429,1.2012274313946159
363,0.8663265306122448,1.196420718796399
364,0.8728571428571429,1.1909357427091014
365,0.8751020408163265,1.1827339580107707
366,0.866734693877551,1.1869274711608886
367,0.8636734693877551,1.1934633765901839
368,0.8718367346938776,1.1798766185799423
369,0.866938775510204,1.1833209678104946
370,0.8671428571428571,1.1737523065294537
371,0.8720408163265306,1.1769078080508173
372,0.8820408163265306,1.1663982141261198
373,0.8757142857142857,1.1638616340987535
374,0.8722448979591837,1.1645187009110742
375,0.8775510204081632,1.1611887354753456
376,0.8793877551020408,1.156126410620553
377,0.8785714285714286,1.1511950218434237
378,0.8781632653061224,1.1504912008558001
379,0.8826530612244898,1.1546420039935987
380,0.8704081632653061,1.148771511291971
381,0.883061224489796,1.1429757826668876
382,0.8816326530612245,1.1446353299763738
383,0.8822448979591837,1.1430362288805904
384,0.8826530612244898,1.137568530355181
385,0.8859183673469387,1.1370602714772127
386,0.8840816326530613,1.1233704272095038
387,0.8804081632653061,1.1281016951191183
388,0.8822448979591837,1.1322304310117448
389,0.8926530612244898,1.1226373425308538
390,0.88,1.1229407001028255
391,0.8802040816326531,1.124122946116389
392,0.8838775510204082,1.1165699964640092
393,0.8840816326530613,1.1123737685534418
394,0.8812244897959184,1.1131140145476983
395,0.8869387755102041,1.1086340666790397
396,0.8855102040816326,1.1057897607647642
397,0.8902040816326531,1.1026055848841765
398,0.8885714285714286,1.0990835476894767
399,0.8944897959183673,1.0928264048634744
400,0.8859183673469387,1.0957132890273114
401,0.8928571428571429,1.0924297223772321
402,0.8859183673469387,1.099327658147228
403,0.8916326530612245,1.0906960973447684
404,0.8881632653061224,1.0967481860335992
405,0.8957142857142857,1.0771266283307757
406,0.8873469387755102,1.0864450754438129
407,0.8922448979591837,1.0816965543980501
408,0.8889795918367347,1.0802831177322232
409,0.8951020408163265,1.0738446339782404
410,0.8906122448979592,1.0687761977254129
411,0.8985714285714286,1.068886088351814
412,0.8983673469387755,1.0649276558233767
413,0.8914285714285715,1.0656400908256063
414,0.9018367346938776,1.0689554497173854
415,0.8957142857142857,1.0647470313675549
416,0.8961224489795918,1.058706909296464
417,0.9028571428571428,1.0585641674606168
418,0.8908163265306123,1.0650202615893618
419,0.8951020408163265,1.0588595214668586
420,0.9022448979591837,1.0460220772879465
421,0.9044897959183673,1.0418487888452959
422,0.9022448979591837,1.0453557974951608
423,0.9010204081632653,1.043898242785006
424,0.9059183673469388,1.039103880512471
425,0.9087755102040816,1.0356946797273596
426,0.9026530612244898,1.0353248034691325
427,0.9008163265306123,1.0404645601097418
428,0.9104081632653062,1.02230714374659
429,0.8953061224489796,1.0394511375621873
430,0.9010204081632653,1.0302775012716956
431,0.9032653061224489,1.0251705166758323
432,0.9128571428571428,1.0179143312512613
433,0.9106122448979592,1.0149104199117545
434,0.9006122448979592,1.0255954356096229
435,0.9002040816326531,1.0194199132432742
436,0.9024489795918368,1.0178283960965215
437,0.9030612244897959,1.0191895287377493
438,0.9038775510204081,1.0166977023105233
439,0.9095918367346939,1.0087251707485745
440,0.9051020408163265,1.0074858407584988
441,0.9118367346938776,1.0076973162865153
442,0.9014285714285715,1.008966295962431
443,0.9081632653061225,1.002082106142628
444,0.9108163265306123,0.996940888871952
445,0.9079591836734694,0.9981854604215038
446,0.9083673469387755,0.9943132867618483
447,0.9132653061224489,0.9887831349762118
448,0.9185714285714286,0.9848354015544969
449,0.9120408163265306,0.9893489438173723
450,0.9104081632653062,0.9945413314079752
451,0.913469387755102,0.9842338728904724
452,0.9104081632653062,0.985912241595132
453,0.9091836734693878,0.9829454559209395
454,0.9048979591836734,0.9860407517880809
455,0.9126530612244897,0.9795205527422379
456,0.9087755102040816,0.9823114337239947
457,0.9140816326530612,0.9783857136356587
458,0.9075510204081633,0.9873492595127651
459,0.9108163265306123,0.9695585937889255
460,0.9202040816326531,0.9683169859769393
461,0.9169387755102041,0.9669998256527648
462,0.9175510204081633,0.9625399240182371
463,0.9175510204081633,0.9625880765914917
464,0.9175510204081633,0.9682286859045224
465,0.9148979591836734,0.9644247835509631
466,0.913469387755102,0.9641730233114593
467,0.92,0.9546764444818302
468,0.9108163265306123,0.9640100683484759
469,0.9142857142857143,0.9596771019332263
470,0.9181632653061225,0.9514671133002456
471,0.9202040816326531,0.9492164655607573
472,0.9169387755102041,0.9519082931596405
473,0.926530612244898,0.9427101952689034
474,0.9263265306122449,0.9358678381297053
475,0.9216326530612244,0.9414409156234896
476,0.9277551020408163,0.9327721780173632
477,0.9222448979591836,0.9423834264521697
478,0.9220408163265306,0.9364094817881682
479,0.9242857142857143,0.9350133101794185
480,0.9208163265306123,0.9385303595601296
481,0.9255102040816326,0.9330731951460547
482,0.9238775510204081,0.9305502082863633
483,0.9244897959183673,0.9312854596546718
484,0.9226530612244898,0.924996238679302
485,0.9259183673469388,0.927903368813651
486,0.9236734693877551,0.9269523412840707
487,0.9259183673469388,0.9218202144272474
488,0.9191836734693878,0.9274605109253709
489,0.9263265306122449,0.9168872261047363
490,0.9193877551020408,0.9213782195655668
491,0.9302040816326531,0.9176150234864683
492,0.9253061224489796,0.9136787948803026
493,0.9285714285714286,0.9068015039696985
494,0.9257142857142857,0.9114418989784864
495,0.9269387755102041,0.9083217447631213
496,0.923469387755102,0.9112452688509104
497,0.9287755102040817,0.9066738416224109
498,0.9285714285714286,0.9072518627011046
499,0.9275510204081633,0.9041614078988834
