epoch,acc,loss,val_acc,val_loss
0,0.5636221701950571,0.7040943262510675,0.603537981269511,0.6961549431798858
1,0.6018735363152757,0.665747401539373,0.6170655567117586,0.6890794866787159
2,0.6219099661877712,0.6329571213025523,0.6024973985431842,0.6891842958954445
3,0.6367421285454072,0.6072295937816085,0.6066597294484911,0.6898838250619688
4,0.6484517304344535,0.587681532526525,0.6108220603537982,0.6921199802057304
5,0.661982825932762,0.5691589287659354,0.595213319458897,0.6961387635269721
6,0.6825396825551925,0.5509512237031541,0.6024973985431842,0.6988929771856016
7,0.6908665105463967,0.5321460438835537,0.5920915712799167,0.7047854654498701
8,0.6984126984282083,0.5179656384328117,0.595213319458897,0.7081476669529846
9,0.7241738225344783,0.49823321893349803,0.5962539021852237,0.7128304169279728
10,0.7345823575486872,0.49292905889635685,0.603537981269511,0.7183744981807427
11,0.7338017174237847,0.4748607865386167,0.5993756503642039,0.7265151906584105
12,0.7496747332968006,0.45946828868592,0.5931321540062435,0.7331294694006381
13,0.7540983606634927,0.4524928532228661,0.5827263267429761,0.741409242835427
14,0.7520166536559979,0.43797551355664693,0.5660770031217481,0.7487411979085821
15,0.7733541504033308,0.42560656809602093,0.5681581685744017,0.7574036651049643
16,0.7795992714180601,0.4158599445154789,0.562955254942768,0.7621245317230859
17,0.7855841790423119,0.406117803194918,0.5639958376690947,0.7699544170520556
18,0.7907884465416614,0.3956891312253001,0.5639958376690947,0.774649270336288
19,0.7928701535414011,0.38847378873434224,0.5681581685744017,0.7863068605746985
20,0.7957325006505335,0.3807799612718915,0.5744016649323621,0.7886799750045237
21,0.7967733541659132,0.37422268414851,0.578563995837669,0.7990317565469415
22,0.7998959146655229,0.3727122737875588,0.5744016649323621,0.8077321117676012
23,0.8037991152745251,0.3631711774138526,0.5744016649323621,0.8131750544201695
24,0.8222742649127256,0.3486911131632753,0.5723204994797086,0.8221666339036702
25,0.8326827998959146,0.3423580377945018,0.5733610822060354,0.8428322945747614
26,0.8248763986546455,0.3464939578603774,0.5723204994797086,0.857449663169178
27,0.8365860005204268,0.3299158467054987,0.5764828303850156,0.8691428780679772
28,0.8321623731459797,0.33845866318950113,0.5754422476586889,0.8777037949517416
29,0.8519385896435077,0.3202287953656197,0.5796045785639958,0.8901180713655549
30,0.8493364559093428,0.32127756440264155,0.578563995837669,0.9012064165925137
31,0.8423106947852211,0.31954877186714903,0.5754422476586889,0.91483183619135
32,0.858183710658237,0.31059027150866575,0.5691987513007284,0.9289028039211785
33,0.8620869112672391,0.30073945479811154,0.5608740894901144,0.9389491056428367
34,0.8506375227841803,0.30819504164234907,0.5816857440166493,0.9489705705245749
35,0.8667707520166537,0.3015418286291597,0.5744016649323621,0.9706094904447073
36,0.8675513921415561,0.29174073802798234,0.5671175858480749,0.9761613235885469
37,0.8698933125162633,0.2926257328420389,0.578563995837669,0.9915245961820421
38,0.873015873015873,0.288674983286839,0.5796045785639958,1.0062585016567178
39,0.8803018475149623,0.278705787271331,0.5806451612903226,1.027968297329703
40,0.8769190736403851,0.2827357176634101,0.5796045785639958,1.0374279105948607
41,0.8891491022638564,0.270368616941724,0.578563995837669,1.0501419058327373
42,0.8844652615299518,0.2741226523827675,0.5775234131113424,1.065431821730829
43,0.8935727296538133,0.2596281208379052,0.5827263267429761,1.0939472112397621
44,0.8969555035128806,0.25531236856454614,0.586888657648283,1.1114137218596412
45,0.9042414780119699,0.24755137601604135,0.586888657648283,1.1292811183726006
46,0.8927920895134009,0.25780700027725517,0.5848074921956296,1.1495985049486905
47,0.9032006245120999,0.24350523904078397,0.5920915712799167,1.1627589028782204
48,0.9018995576372626,0.24140166688052248,0.5920915712799167,1.188502179348258
49,0.9024199843871975,0.24610658644303784,0.5983350676378772,1.216327704946655
50,0.9117876659015365,0.23516662416128079,0.5910509885535901,1.2284318203732574
51,0.9011189175123602,0.24480575951062977,0.5837669094693028,1.2460639004156566
52,0.9169919334008859,0.22927117989828213,0.5889698231009365,1.252766737084483
53,0.9162112932604736,0.23120076210276086,0.5983350676378772,1.2718596603570198
54,0.921935987525268,0.21495220702574833,0.5931321540062435,1.284707851638159
55,0.915951079901016,0.2233810795647013,0.5972944849115505,1.3158291281820211
56,0.9203747072599532,0.21810700471997416,0.5972944849115505,1.338587900540335
57,0.9229768410096278,0.2122227082781701,0.6024973985431842,1.364563222172109
58,0.9232370543845954,0.20703783362130618,0.6014568158168574,1.391538952131301
59,0.9159510798855062,0.2166803699803948,0.6014568158168574,1.4169620221536936
60,0.9245381212671877,0.21035938248360123,0.5993756503642039,1.431777332997595
61,0.9245381212594327,0.20666054561986236,0.603537981269511,1.4481424154029552
62,0.9289617486338798,0.20253353503988555,0.6014568158168574,1.4668197872487365
63,0.9292219620088472,0.19939795504812458,0.5962539021852237,1.4859975876594806
64,0.9346864428831642,0.1954048728953728,0.5983350676378772,1.508401360893845
65,0.9313036690085871,0.19203215499168383,0.5920915712799167,1.5256030693510694
66,0.9247983346344002,0.2023650034990684,0.5972944849115505,1.563505571292913
67,0.9349466562581317,0.19043035435701391,0.5962539021852237,1.5721262053321974
68,0.9260994015092375,0.19662968437869568,0.5920915712799167,1.602541669474432
69,0.935727296398544,0.18923614873819106,0.5941727367325702,1.6247295844567307
70,0.936768149882904,0.18491479694880128,0.595213319458897,1.652234430243644
71,0.9333853760238368,0.18767259028967304,0.5920915712799167,1.6706415205170535
72,0.9352068696330992,0.18504673178978273,0.5931321540062435,1.6810115983905456
73,0.9346864428831642,0.18727444821492228,0.5889698231009365,1.7022168772773862
74,0.9339058027737717,0.18855010763667632,0.5962539021852237,1.7251315285586417
75,0.9320843091334895,0.18813722131465085,0.5910509885535901,1.738835640305907
76,0.9359875097580016,0.18584288670185825,0.5889698231009365,1.7714682824901935
77,0.9336455893910492,0.18282117930173317,0.586888657648283,1.7900500725508977
78,0.9443143377569607,0.17177217076633114,0.5806451612903226,1.811692414993302
79,0.9432734842570908,0.17556422101898395,0.5837669094693028,1.8274015734024525
80,0.9401509237574811,0.1724715694560224,0.5837669094693028,1.8472169876470774
81,0.9396304970230561,0.1782672560962575,0.5827263267429761,1.8626973611631206
82,0.941191777257351,0.17296258312648327,0.5827263267429761,1.882967579439205
83,0.9443143377569607,0.16759394150738166,0.5858480749219563,1.8967763852874644
84,0.941712204007286,0.17486007443759827,0.5848074921956296,1.9076610995877175
85,0.9479573250065053,0.1641727175273732,0.5816857440166493,1.936714077281158
86,0.9448347645068956,0.16906598319292007,0.5806451612903226,1.9621039981896622
87,0.9419724173900084,0.171705905221075,0.5827263267429761,1.978586423533516
88,0.9492583918813428,0.16197567137654734,0.5848074921956296,1.9930855957452018
89,0.9448347645224056,0.16958204380956565,0.5816857440166493,2.0041783925273786
90,0.945615404631798,0.16471895395026614,0.5889698231009365,2.022162754131281
91,0.9487379651314077,0.15969043716520745,0.5920915712799167,2.0293484829466997
92,0.9443143377569607,0.16792698605448947,0.5910509885535901,2.058005215722242
93,0.9450949778818631,0.1622176242412114,0.5827263267429761,2.0830995759904445
94,0.9453551912568307,0.16791820755088327,0.5816857440166493,2.086662594535224
95,0.9497788186467876,0.16041606421151758,0.5848074921956296,2.0937022207678915
96,0.9497788186312777,0.1582180837844456,0.5837669094693028,2.1036322566522645
97,0.9502992453812126,0.16012738891296824,0.5796045785639958,2.1525217356716557
98,0.9529013791463973,0.15686639094147992,0.5733610822060354,2.16711334898122
99,0.9479573250220152,0.16274316134689812,0.5754422476586889,2.1805253754545326
100,0.9495186052718201,0.15670522593781874,0.5744016649323621,2.208121971582895
101,0.9489981785218852,0.15839708203485228,0.5764828303850156,2.233245318563622
102,0.9445745511319282,0.16920186462515255,0.5775234131113424,2.2534727499462686
103,0.9422326307727309,0.16388687632557256,0.5733610822060354,2.2633860426316277
104,0.9443143377569607,0.16460156347384497,0.5723204994797086,2.268330273841596
105,0.9542024460057247,0.14659679043410875,0.5764828303850156,2.2853138206156434
106,0.946656258131668,0.16091778649115607,0.5764828303850156,2.3085432486777253
107,0.951079885506115,0.15450270913663458,0.5775234131113424,2.3180693043134215
108,0.9508196721311475,0.15571319635626923,0.5754422476586889,2.315100047640448
109,0.9437939110070258,0.1630746934959394,0.578563995837669,2.316358431320905
110,0.9461358313817331,0.16508423126875316,0.5806451612903226,2.350669203390068
111,0.9526411657559198,0.15386793569928497,0.5796045785639958,2.352727672932175
112,0.9469164715066355,0.15525913070630443,0.5837669094693028,2.374202169563222
113,0.945615404647308,0.16251858163866376,0.5941727367325702,2.3866589801244507
114,0.9534218058808223,0.1499504528759421,0.5879292403746098,2.3950490777872107
115,0.9549830861306271,0.14929980175308408,0.5858480749219563,2.4029417831865483
116,0.9531615925058547,0.150918738184157,0.5879292403746098,2.4303237741869275
117,0.9516003122560499,0.15111469874081437,0.5879292403746098,2.441408934876028
118,0.9536820192557898,0.15377400375392763,0.5962539021852237,2.4530326479059354
119,0.9565443663804319,0.1488123137785949,0.5816857440166493,2.4808054962713935
120,0.9479573250220152,0.1589179648541548,0.5837669094693028,2.5011069667947154
121,0.9497788186312777,0.15559253019612498,0.578563995837669,2.5151910873655225
122,0.9552432995055946,0.14776573099259935,0.5827263267429761,2.5176476087580113
123,0.9534218058808223,0.1547855854212788,0.5806451612903226,2.5175267670082624
124,0.9518605256310174,0.1505021622795597,0.5754422476586889,2.5339712729439157
125,0.9578454332552693,0.14635339408391718,0.5744016649323621,2.541050174605958
126,0.9495186052563102,0.1522573672347459,0.5848074921956296,2.5504170744277683
127,0.9531615925058547,0.1509935918506191,0.5796045785639958,2.561577828195911
128,0.9531615925058547,0.15073874227134568,0.5702393340270552,2.5854967139141865
129,0.9570647931303669,0.1463812184603674,0.5744016649323621,2.593635991758412
130,0.9502992453812126,0.1537136338901278,0.578563995837669,2.6103866298786684
131,0.9539422326307572,0.15120551220427073,0.5764828303850156,2.605784267094083
132,0.951079885506115,0.15408022638343444,0.578563995837669,2.613627557823983
133,0.9542024460057247,0.15247612405639124,0.5764828303850156,2.647249333940361
134,0.956023939630497,0.14463455347291448,0.586888657648283,2.6299453396951
135,0.9484777517564403,0.15762212536327547,0.5796045785639958,2.622497831993619
136,0.9531615925058547,0.15068296461932956,0.5879292403746098,2.639101889329448
137,0.9562841530054644,0.1441384105788771,0.5931321540062435,2.6321964886632596
138,0.9526411657559198,0.14849456926047291,0.586888657648283,2.65109014312633
139,0.9583658600052043,0.14478282304735132,0.5858480749219563,2.6585515597360314
140,0.9578454332552693,0.1393975486177704,0.5816857440166493,2.6653993353015055
141,0.9539422326307572,0.14885779025264312,0.5900104058272633,2.6736786581351035
142,0.9502992453812126,0.15371677684863036,0.586888657648283,2.6732004728327183
143,0.9552432995055946,0.14060874322088565,0.5931321540062435,2.683024560499638
144,0.9581056466302368,0.14406389510925474,0.5962539021852237,2.6800427789122456
145,0.9539422326307572,0.14615453218238106,0.5931321540062435,2.6843158360202404
146,0.9588862867551392,0.14258580569361076,0.5858480749219563,2.6996032787287274
147,0.9562841530054644,0.14653724533387716,0.5816857440166493,2.7049842674699955
148,0.9601873536299765,0.1380004289393046,0.5816857440166493,2.7273944895423785
149,0.9542024460057247,0.14822132237528934,0.5910509885535901,2.7324648786657932
150,0.9570647931303669,0.1422073408930276,0.5900104058272633,2.747736776532541
151,0.9549830861306271,0.14671693633124136,0.595213319458897,2.7732207589045275
152,0.9565443663804319,0.13943815442258234,0.5941727367325702,2.7878931489124756
153,0.9549830861306271,0.14437233580355374,0.6024973985431842,2.7802142987762357
154,0.9552432995055946,0.14887866921841153,0.603537981269511,2.7893219869913346
155,0.9575852198803019,0.14011539658034744,0.5983350676378772,2.792235456569882
156,0.9601873536299765,0.13709003667897493,0.586888657648283,2.7960351575301665
157,0.960447567004944,0.13930183451311556,0.5941727367325702,2.8131817573067055
158,0.9539422326307572,0.1501136763433817,0.5972944849115505,2.813875427355255
159,0.9521207390059849,0.14669037855930883,0.5941727367325702,2.8150838619712486
160,0.9596669268800416,0.14114946754702112,0.5931321540062435,2.8347450002299137
161,0.9573250065053344,0.14041375551172106,0.5941727367325702,2.8396943094330944
162,0.9622690606297164,0.13198450928340194,0.5931321540062435,2.849708079485442
163,0.9539422326462671,0.1443823069574434,0.5920915712799167,2.853182575115924
164,0.9526411657559198,0.14971507245089713,0.5900104058272633,2.8420511339321095
165,0.955503512880562,0.14403332368648367,0.5858480749219563,2.8460034959398124
166,0.9575852198803019,0.1435583498452034,0.5837669094693028,2.8691034781262976
167,0.960447567004944,0.13798127766391308,0.5796045785639958,2.880346372397956
168,0.9591465001301067,0.14161769031117336,0.5806451612903226,2.912318591396717
169,0.9591465001301067,0.13988557193091908,0.5848074921956296,2.9014166695890515
170,0.9542024460057247,0.1481742793270039,0.5796045785639958,2.924499071134365
171,0.9568045797553995,0.14459709942073304,0.5816857440166493,2.905240316048621
172,0.9612282071298465,0.13825283107070788,0.5806451612903226,2.9230933370190777
173,0.9526411657559198,0.14663649273048984,0.5775234131113424,2.9202235918511463
174,0.9599271402550091,0.13757985141957113,0.5858480749219563,2.9220585298959967
175,0.9599271402550091,0.13689212985346474,0.5858480749219563,2.9398485517650688
176,0.9588862867551392,0.13927429042816658,0.5816857440166493,2.953534938015129
177,0.9578454332552693,0.13768995077875856,0.5775234131113424,2.942127701953348
178,0.956023939646007,0.14492325568118505,0.5889698231009365,2.952934971026898
179,0.9594067135050741,0.14144869736945168,0.5764828303850156,2.9615483839727714
180,0.9549830861306271,0.14325495820561332,0.586888657648283,2.9766572956364064
181,0.9539422326307572,0.14271570383850993,0.5837669094693028,2.9707180906346884
182,0.9601873536454865,0.1318804517237122,0.5941727367325702,2.9734762008771938
183,0.9591465001301067,0.1365534493735052,0.595213319458897,2.9957505714198676
184,0.9552432995055946,0.14459197787941666,0.5941727367325702,3.005524362101143
185,0.9612282071298465,0.13004873013848475,0.5910509885535901,3.0166080432026243
186,0.9630497007546188,0.133094592519626,0.5900104058272633,3.0164271629687773
187,0.9601873536299765,0.1402939295135933,0.5962539021852237,3.0196980745933804
188,0.9635701275045537,0.13139420945508512,0.5972944849115505,3.0239316787605603
189,0.9599271402705191,0.1368601228416571,0.5972944849115505,3.0382637459083104
190,0.9557637262555295,0.14660220478149774,0.5920915712799167,3.0295928706735777
191,0.9607077803799116,0.13095904409210724,0.5900104058272633,3.0512447260731093
192,0.9536820192712997,0.14346841950916606,0.5920915712799167,3.0628116995437336
193,0.9601873536299765,0.13712503176910507,0.5910509885535901,3.0728839385273803
194,0.9565443663804319,0.14155099916482947,0.5920915712799167,3.0963487582946048
195,0.9583658600207142,0.13999503660164803,0.5879292403746098,3.111885543420337
196,0.9565443663804319,0.14196857649395778,0.5900104058272633,3.089530931675223
197,0.9586260733801717,0.14013233057322863,0.5910509885535901,3.1032661280200333
198,0.9586260733801717,0.13690473726918354,0.5941727367325702,3.0754678194778395
199,0.9583658600052043,0.13654239923285377,0.5941727367325702,3.0950323622383014
200,0.9596669268955516,0.13549561321254575,0.5900104058272633,3.101185212398295
201,0.9562841530054644,0.14006691769389723,0.5920915712799167,3.139815143690397
202,0.9578454332552693,0.14207605792307898,0.595213319458897,3.1449359165394095
203,0.9588862867551392,0.13909986845309494,0.5910509885535901,3.168269575696582
204,0.9544626593806922,0.14417836367463557,0.5879292403746098,3.1748503752975386
205,0.9588862867551392,0.13891543350355748,0.5827263267429761,3.2151164311400064
206,0.9557637262555295,0.14598008901590392,0.5879292403746098,3.1617098886686357
207,0.9596669268800416,0.1362243428828271,0.6014568158168574,3.1124889371794544
208,0.9588862867551392,0.1400077124297107,0.5983350676378772,3.1304556596539643
209,0.9575852198803019,0.13942981550420072,0.6014568158168574,3.1087322314497583
210,0.9596669268800416,0.13628895888252865,0.6056191467221644,3.128406096447519
211,0.9591465001301067,0.14104531002004353,0.5993756503642039,3.1171645081130075
212,0.9588862867551392,0.13551248822311793,0.5900104058272633,3.111366667931087
213,0.9552432995055946,0.14597256802702954,0.5858480749219563,3.0965495739717515
214,0.9596669268800416,0.13693521348233648,0.5941727367325702,3.1110075579473553
215,0.9601873536299765,0.13469947604285595,0.5920915712799167,3.0985278383626156
216,0.9575852198803019,0.1417206789093296,0.5858480749219563,3.124716750292823
217,0.961488420504814,0.13412361455179272,0.5889698231009365,3.135474145970657
218,0.9591465001301067,0.13448965887973124,0.5806451612903226,3.127132916425691
219,0.9630497007546188,0.12929870277999933,0.5879292403746098,3.132415864271626
220,0.9635701275045537,0.13433106970832026,0.5920915712799167,3.1245975916145
221,0.961488420504814,0.13404175942371577,0.5910509885535901,3.141689184428998
222,0.9599271402550091,0.1366037454639302,0.5879292403746098,3.129966406370673
223,0.9596669268800416,0.13672174206146528,0.5837669094693028,3.134857882818248
224,0.9646109810044237,0.1300424526957153,0.5837669094693028,3.157360817217554
225,0.9581056466302368,0.1377002404919832,0.5889698231009365,3.172715634882884
226,0.9612282071298465,0.13307030012163681,0.5900104058272633,3.197516287774871
227,0.9633099141295862,0.1284760739155077,0.5962539021852237,3.1770729981401584
228,0.9622690606297164,0.13376323223276868,0.5972944849115505,3.178747822417181
229,0.964871194394901,0.1301921634447007,0.6087408949011447,3.167916660874493
230,0.9627894873951612,0.13360718633245747,0.5983350676378772,3.1745593305929147
231,0.9617486338952913,0.13346699237699408,0.5941727367325702,3.1592287774140577
232,0.9622690606297164,0.13105212299736285,0.5920915712799167,3.1410277443051213
233,0.9596669268800416,0.13535787368732724,0.5879292403746098,3.161206404698875
234,0.9586260733801717,0.1392845038189852,0.5889698231009365,3.1582275741926464
235,0.9596669268800416,0.1376327284391957,0.5837669094693028,3.153488593840822
236,0.9599271402550091,0.13531341272470016,0.5910509885535901,3.188994379867252
237,0.961488420504814,0.13473137006000743,0.5941727367325702,3.1992389756360486
238,0.9586260733801717,0.13331086632720263,0.5962539021852237,3.2116956723220142
239,0.9596669268800416,0.135862745986362,0.5983350676378772,3.2148965697630882
240,0.9607077803799116,0.13172033338412747,0.5993756503642039,3.2024266503976113
241,0.9625292740046838,0.13255580682855175,0.5962539021852237,3.2045493659318174
242,0.9651314077543586,0.12828277398483412,0.5941727367325702,3.191879558017425
243,0.9646109810044237,0.12870195756258984,0.5983350676378772,3.1935576496957863
244,0.960447567004944,0.13498717851523864,0.6014568158168574,3.2262665773901804
245,0.9638303408795212,0.1277129720201444,0.5983350676378772,3.2523727289223645
246,0.9586260733956816,0.13709963849984882,0.5910509885535901,3.2801724606572527
247,0.9601873536299765,0.1373378190558744,0.5941727367325702,3.326625824222704
248,0.9588862867551392,0.14124703353196733,0.5972944849115505,3.349397564281658
249,0.9599271402550091,0.13671100067109018,0.595213319458897,3.3503089985663883
