epoch,acc,loss,val_acc,val_loss
0,0.5568566224459028,0.7070321282185275,0.5816857440166493,0.7030391154750701
1,0.6203486859302114,0.6800358651703668,0.5837669094693028,0.7001177458311592
2,0.6570387718083801,0.652603240426307,0.5858480749219563,0.6959043445994033
3,0.6760343481654957,0.6202775232034395,0.6004162330905307,0.6923644746751617
4,0.677855841805778,0.59694402341324,0.5910509885535901,0.6930671193473172
5,0.7007546188029156,0.5723995140465541,0.6004162330905307,0.6909183434343487
6,0.7010148321778831,0.5481703063798329,0.5900104058272633,0.6906467599253501
7,0.7161072079104867,0.5232138566027201,0.5900104058272633,0.6942419762045734
8,0.7142857143012242,0.49945503634585087,0.5806451612903226,0.6973981505005963
9,0.7309393702836325,0.4806906965416048,0.5733610822060354,0.7018521752491453
10,0.755399427546085,0.4540536483919872,0.578563995837669,0.7086020695679394
11,0.775696070778038,0.4354706137185912,0.5837669094693028,0.7173262635143193
12,0.7658079625447839,0.4251421422673612,0.5764828303850156,0.7208384060524753
13,0.8142076502732241,0.4063317043114974,0.5754422476586889,0.7317105835607968
14,0.8415300546448088,0.39839160766509746,0.5796045785639958,0.7440273709029238
15,0.8584439240176945,0.3798303481364914,0.5681581685744017,0.7526610319373759
16,0.8644288316574563,0.35722221633806656,0.578563995837669,0.7613891521924244
17,0.8667707520166537,0.3485343062936593,0.5796045785639958,0.7663226320517795
18,0.8678116055320335,0.3405535900357053,0.5775234131113424,0.7797919215632527
19,0.872495446281448,0.33389865302059324,0.5754422476586889,0.7915526733934322
20,0.887848035389019,0.3148199202313015,0.5796045785639958,0.8048745759537019
21,0.8847254749049193,0.3064493840633504,0.5775234131113424,0.8117421893218801
22,0.8808222742648972,0.30774855780440197,0.5879292403746098,0.8247976269297743
23,0.8753577934060902,0.30683166935609524,0.5744016649323621,0.8394470767318645
24,0.8873276086545939,0.291771813122022,0.5754422476586889,0.8482978666951332
25,0.8803018475304722,0.29086102919438345,0.5660770031217481,0.8635567475214957
26,0.8940931564037483,0.27552079465002743,0.5639958376690947,0.8807858660057357
27,0.8974759302628155,0.27117628188701526,0.5671175858480749,0.8940429190381136
28,0.8935727296538133,0.2682053981551955,0.5619146722164412,0.9119547637301603
29,0.8974759302628155,0.2612611720934142,0.5671175858480749,0.923823988602015
30,0.9008587041373927,0.25306568603895774,0.5660770031217481,0.9435171184985744
31,0.90215977101223,0.25060946871813716,0.5691987513007284,0.9499018635294564
32,0.9000780640280002,0.24858103907731807,0.558792924037461,0.9646083191890003
33,0.8992974238875878,0.2500439156413916,0.562955254942768,0.973026354645033
34,0.8979963570282604,0.24364388520259148,0.562955254942768,0.9893456916872346
35,0.9120478792609941,0.23868483443015756,0.5671175858480749,1.015566522346637
36,0.9042414780274798,0.2349925995679563,0.5639958376690947,1.0283526724609513
37,0.8985167837626854,0.2381585577225122,0.558792924037461,1.0465393768745581
38,0.9104865990111892,0.23058049761305602,0.5671175858480749,1.0572197154846574
39,0.9107468123861566,0.22909010574124675,0.578563995837669,1.0815782350304843
40,0.9143897996512113,0.22298389919840853,0.578563995837669,1.095498651149804
41,0.9117876658860266,0.22428586841746292,0.5744016649323621,1.107769030418623
42,0.9167317200104085,0.22064368637347018,0.5733610822060354,1.1273498244692148
43,0.9138693729012762,0.21863597477906202,0.5764828303850156,1.1438257048152674
44,0.9151704397606037,0.21757206881931138,0.5744016649323621,1.161400024968119
45,0.9195940671505607,0.2034162441067419,0.5764828303850156,1.168816568498557
46,0.9188134270101483,0.21735593671526351,0.5796045785639958,1.181163296018195
47,0.9076242519020569,0.21666793950578678,0.5806451612903226,1.1937845582597957
48,0.9182930002602133,0.2137876266990203,0.5733610822060354,1.2124529192214453
49,0.9198542805100182,0.2038685069003826,0.5754422476586889,1.2314822489665151
50,0.9133489461358314,0.21179046863779685,0.578563995837669,1.2483283437044204
51,0.921415560759823,0.205557639951736,0.5816857440166493,1.2601823776758796
52,0.9154306531355711,0.20581000374357217,0.5754422476586889,1.2748370382868908
53,0.9138693729012762,0.2122741495914643,0.5858480749219563,1.2922563683067165
54,0.9201144938849857,0.1994607928571309,0.5827263267429761,1.2995240486476038
55,0.926359614884205,0.19807671345896377,0.5816857440166493,1.3254234878875462
56,0.9206349206349206,0.20209939207085836,0.5702393340270552,1.3459513522180633
57,0.9284413218839448,0.1970436858634154,0.5764828303850156,1.3647236433209664
58,0.9255789747593026,0.1988809377443595,0.5681581685744017,1.3889670762990318
59,0.9294821753838147,0.19347467868861015,0.5775234131113424,1.4035137316772208
60,0.92688004163414,0.19235920753100252,0.5848074921956296,1.4198437299885622
61,0.9247983346344002,0.1924346494395116,0.5910509885535901,1.4210943153843236
62,0.9227166276501704,0.19211783755455294,0.5754422476586889,1.445573296746807
63,0.9221962008847254,0.19409781595924203,0.5712799167533819,1.4698563270487908
64,0.9211553473848556,0.19682198918380683,0.5764828303850156,1.4917298476991867
65,0.9266198282746825,0.1935037531612008,0.5712799167533819,1.5211303369272946
66,0.921935987509758,0.19183415909073112,0.5775234131113424,1.5442431441873592
67,0.9245381212594327,0.19451555081493155,0.5744016649323621,1.557337193657779
68,0.9333853760083268,0.18233804668404305,0.5775234131113424,1.5691284063998048
69,0.9276606817590424,0.18607778247952803,0.5754422476586889,1.580700810324172
70,0.931824095758522,0.18207598401797243,0.578563995837669,1.591886326220976
71,0.9372885766328389,0.1827974880296924,0.586888657648283,1.602024097348351
72,0.9310434556336196,0.1808923804415659,0.5806451612903226,1.6106721141126539
73,0.9305230288836847,0.17997102193668146,0.5848074921956296,1.638417961027446
74,0.9313036690085871,0.1792103460321754,0.5848074921956296,1.6474100611716291
75,0.9336455893832943,0.17812053081604953,0.5775234131113424,1.6595060710022838
76,0.9341660161332292,0.17809502718203893,0.5827263267429761,1.6615805845168825
77,0.9331251626333593,0.17751021543239015,0.5837669094693028,1.696132346328724
78,0.9323445225084569,0.18039554642717448,0.5733610822060354,1.7016957563839457
79,0.9344262295081968,0.1803726632610417,0.5754422476586889,1.7244631234909196
80,0.9294821753838147,0.18290016573138637,0.5816857440166493,1.7554936344724663
81,0.9276606817590424,0.18050010940687686,0.578563995837669,1.7632464464447626
82,0.9378090033827738,0.17522244846374146,0.5796045785639958,1.7838620395514955
83,0.9378090033827738,0.17025816836473132,0.5879292403746098,1.7989597783097366
84,0.9349466562581317,0.17751873776824592,0.5920915712799167,1.8032995556267009
85,0.9292219620088472,0.18456814276607528,0.5879292403746098,1.8265578585844506
86,0.941191777272861,0.1675005786716085,0.5827263267429761,1.8474391682749918
87,0.9443143377724706,0.16064949634948064,0.5806451612903226,1.871163855567497
88,0.9352068696330992,0.1735271512473309,0.5796045785639958,1.8757401524532227
89,0.942232630757221,0.1650152941281182,0.5796045785639958,1.8941764508671555
90,0.9461358313817331,0.1582159206034645,0.5806451612903226,1.9121316708624363
91,0.9463960447567005,0.16662737087380783,0.5816857440166493,1.9182429138559394
92,0.9414519906323185,0.1699210557540878,0.5879292403746098,1.922730946934682
93,0.9333853760083268,0.17642881834674495,0.5889698231009365,1.9354028616809944
94,0.9427530575071559,0.16616898644429584,0.5858480749219563,1.9816127338724814
95,0.9370283632578714,0.17261893068971715,0.5889698231009365,1.9737216470361871
96,0.9320843091489994,0.17866865520889239,0.5806451612903226,1.9955270091046529
97,0.942232630757221,0.1624543331786428,0.5816857440166493,2.016709213299167
98,0.9396304970230561,0.1671865985258898,0.5858480749219563,2.0257895793358753
99,0.946656258131668,0.15866287561647754,0.5889698231009365,2.0474144129836533
100,0.9344262295081968,0.17271762922689252,0.5920915712799167,2.064730473459697
101,0.9427530575071559,0.16238455746188127,0.5993756503642039,2.0610335049036266
102,0.9398907103825137,0.16508973474683875,0.5931321540062435,2.0682582728347656
103,0.9349466562581317,0.16761248331636214,0.5837669094693028,2.087769068831832
104,0.9437939110070258,0.15950140696297144,0.586888657648283,2.1018008892729676
105,0.9445745511319282,0.15963535313645968,0.5879292403746098,2.1048848524294272
106,0.9393702836325787,0.16575221336588958,0.5858480749219563,2.113385475947135
107,0.9404111371324486,0.16417080787842453,0.5858480749219563,2.124972922500692
108,0.9453551912568307,0.1622525152209647,0.5837669094693028,2.1336123877622644
109,0.9432734842570908,0.16601380373145527,0.5962539021852237,2.125358614725575
110,0.951079885506115,0.1525197306082269,0.5889698231009365,2.1442247688979625
111,0.9391100702731212,0.16933025347978659,0.5837669094693028,2.160867085938151
112,0.9474368982565704,0.15397656846412483,0.5879292403746098,2.161031719200259
113,0.9430132708821234,0.16086406909625356,0.5858480749219563,2.1704277065306377
114,0.936768149882904,0.1675599244324577,0.5858480749219563,2.1817034794740633
115,0.9484777517564403,0.1550516804450972,0.5879292403746098,2.1926854979305004
116,0.942232630757221,0.1620553337811121,0.5900104058272633,2.1851303040996797
117,0.9443143377569607,0.16088980531711117,0.5827263267429761,2.2166332993869604
118,0.9443143377569607,0.1601142782641363,0.5910509885535901,2.2281101823481078
119,0.9385896435076763,0.1693608394498987,0.5879292403746098,2.222998160050947
120,0.9448347645068956,0.1576914313163743,0.5858480749219563,2.220406431045759
121,0.9432734842570908,0.15629780225042808,0.5889698231009365,2.254065038463824
122,0.9466562581471779,0.15470414461954293,0.5920915712799167,2.2643034965358093
123,0.9471766848816029,0.15588632656002988,0.5858480749219563,2.2654251780915273
124,0.9440541243819932,0.15831786440455167,0.5816857440166493,2.2731565514368146
125,0.9424928441321884,0.16359336054979623,0.5889698231009365,2.282183381082426
126,0.9474368982565704,0.15871775544251188,0.5941727367325702,2.297025021293533
127,0.9453551912568307,0.15605167192102812,0.5900104058272633,2.3142950464113694
128,0.9513400988810825,0.1537830159901766,0.5931321540062435,2.3239860962669323
129,0.9497788186312777,0.15354661190227514,0.5900104058272633,2.332273216179643
130,0.9471766848816029,0.15283915598644368,0.5848074921956296,2.337325348135987
131,0.9487379651314077,0.15345360508133835,0.5848074921956296,2.347767510841931
132,0.9445745511319282,0.15708060682037056,0.5900104058272633,2.3443727680364708
133,0.9463960447567005,0.15308478510289833,0.5941727367325702,2.344939050523411
134,0.9492583918813428,0.1527786927209014,0.5920915712799167,2.3678511720340656
135,0.9435336976320583,0.1586613968943374,0.5993756503642039,2.3884325268892543
136,0.9489981785063752,0.1562303923246856,0.5972944849115505,2.407294105924472
137,0.9469164715066355,0.15593804442693318,0.5920915712799167,2.4175166587900607
138,0.9471766848816029,0.15484657990565656,0.5900104058272633,2.4316234435424846
139,0.9484777517564403,0.14915036469612647,0.5910509885535901,2.4449840332308743
140,0.9469164715221454,0.15254286455047214,0.5879292403746098,2.4538832774364487
141,0.9458756180222755,0.1532582523625498,0.5962539021852237,2.451162282687599
142,0.9476971116315379,0.15399617759737222,0.595213319458897,2.451307874281467
143,0.9471766848816029,0.1583967106147821,0.5900104058272633,2.4489428913811926
144,0.9487379651314077,0.15408130923410646,0.5972944849115505,2.456932782964019
145,0.9502992453812126,0.15256270240084008,0.5941727367325702,2.462428472564012
146,0.9502992453967225,0.1529170463024996,0.5920915712799167,2.4856822949782806
147,0.9482175383814728,0.15336245519595937,0.5920915712799167,2.508036545998224
148,0.9427530575071559,0.1570764761645906,0.5889698231009365,2.5211319302196125
149,0.9448347645068956,0.152502244446478,0.5827263267429761,2.546892020692438
150,0.9489981785063752,0.15358127887023168,0.5889698231009365,2.5503106843932115
151,0.9458756180067656,0.15285034789363294,0.5889698231009365,2.534260377144435
152,0.9518605256310174,0.14598305946913448,0.595213319458897,2.541355484241812
153,0.9497788186312777,0.15191222064055535,0.5931321540062435,2.5286226813195896
154,0.9471766848816029,0.15169106706426289,0.5879292403746098,2.539280721423498
155,0.945615404631798,0.15398196145337664,0.5920915712799167,2.5709456077793322
156,0.9497788186312777,0.14926597674532605,0.5920915712799167,2.5779893121039583
157,0.95055945877169,0.15028463088842595,0.5827263267429761,2.565586896405849
158,0.9513400988810825,0.15025230229187844,0.5858480749219563,2.564275583141831
159,0.951079885506115,0.1469907400595965,0.5889698231009365,2.5847629288077725
160,0.9463960447567005,0.14919532451322076,0.5848074921956296,2.5972965030226387
161,0.9492583918813428,0.15126556614057615,0.5931321540062435,2.6164254904429076
162,0.945615404631798,0.15162831561258458,0.5879292403746098,2.6250313204227638
163,0.9534218058963322,0.14409641225512312,0.5889698231009365,2.617290219476177
164,0.9526411657559198,0.14540574870443332,0.5858480749219563,2.6271593928042485
165,0.9547228727556596,0.1421177400769959,0.5889698231009365,2.6249785565157713
166,0.9534218058808223,0.14615192941035915,0.5837669094693028,2.6544615963200626
167,0.9531615925058547,0.15163817332106086,0.586888657648283,2.645592356687964
168,0.9505594587561801,0.1494789302548781,0.5837669094693028,2.6409223407708518
169,0.9495186052563102,0.14624039114157483,0.5827263267429761,2.6593213633485875
170,0.9526411657559198,0.14827650027398545,0.5816857440166493,2.6722287538264657
171,0.9445745511319282,0.157320171435643,0.5764828303850156,2.6692438236826352
172,0.9505594587561801,0.14945050786803576,0.5827263267429761,2.682232582559819
173,0.9518605256310174,0.14355816731276438,0.5848074921956296,2.6786633689348025
174,0.9500390320062451,0.14653320581054366,0.578563995837669,2.6944913263825176
175,0.9526411657559198,0.14424637641303092,0.5806451612903226,2.7051950960296995
176,0.9542024460212346,0.14391833629082057,0.5837669094693028,2.69410544434227
177,0.9516003122560499,0.14205756729782296,0.5858480749219563,2.695851034497402
178,0.951079885506115,0.14840937538434526,0.586888657648283,2.704262495870459
179,0.956023939646007,0.13796796803048833,0.5796045785639958,2.7071024039673013
180,0.9489981785063752,0.14514792139971283,0.5879292403746098,2.703065740764451
181,0.9502992453812126,0.1488310879805483,0.5848074921956296,2.7098997865961505
182,0.9497788186312777,0.14630544738179535,0.5848074921956296,2.720753624527468
183,0.9547228727556596,0.14087393702301793,0.5900104058272633,2.731185058281058
184,0.9539422326307572,0.1417886181258299,0.5910509885535901,2.7247829808777007
185,0.9529013791308873,0.14447567100783762,0.5848074921956296,2.7248497963897518
186,0.9510798855216249,0.1454940441992951,0.5837669094693028,2.743350404389319
187,0.955503512880562,0.14350780327529328,0.586888657648283,2.7629708163401463
188,0.9581056466302368,0.13575047496904968,0.5806451612903226,2.793142365646412
189,0.9497788186312777,0.14775847397296807,0.5848074921956296,2.8003855253047427
190,0.9513400988810825,0.1473667853389002,0.5806451612903226,2.8074201358391146
191,0.956023939630497,0.13816906502477644,0.5827263267429761,2.817631855180621
192,0.9581056466302368,0.13629109559000516,0.5754422476586889,2.828952073341509
193,0.9552432995055946,0.14226653462170685,0.5796045785639958,2.8206677890996157
194,0.9562841530054644,0.1395012714296401,0.5796045785639958,2.8159469999256665
195,0.9583658600052043,0.13553427549860858,0.578563995837669,2.803787737336634
196,0.9497788186312777,0.15167768483566116,0.5754422476586889,2.8065653638788244
197,0.9547228727556596,0.13899793965204477,0.578563995837669,2.8039163412268464
198,0.9557637262555295,0.13761591990804287,0.5816857440166493,2.814377544690059
199,0.9570647931303669,0.1383876583776203,0.5827263267429761,2.8213787155495287
200,0.9513400988810825,0.14262488678450574,0.5775234131113424,2.8257024206887857
201,0.9557637262555295,0.13667271540805817,0.5754422476586889,2.821037749888746
202,0.9588862867551392,0.1378965115243961,0.5796045785639958,2.827857939640795
203,0.951079885506115,0.14486412595809203,0.5775234131113424,2.8311021880679896
204,0.9547228727556596,0.13937735163313225,0.5837669094693028,2.830955641667875
205,0.9568045797553995,0.13585318477629002,0.5858480749219563,2.842491770610911
206,0.9583658600052043,0.13530813562367505,0.5827263267429761,2.845005134048869
207,0.9492583918813428,0.14494025053501502,0.5879292403746098,2.867826408893645
208,0.9562841530054644,0.14213021043537807,0.5806451612903226,2.8877002910345513
209,0.9578454332552693,0.13732138022125123,0.5848074921956296,2.8825613692728465
210,0.9575852198803019,0.13483299690509817,0.5837669094693028,2.8854815148352086
211,0.9557637262710394,0.13743594532331824,0.5827263267429761,2.8949288563661346
212,0.9521207390059849,0.1399796362544623,0.5858480749219563,2.8983051093347547
213,0.9570647931303669,0.13951601995183813,0.5858480749219563,2.8993494441106713
214,0.9557637262710394,0.140263253175868,0.5931321540062435,2.8925792805028694
215,0.9570647931303669,0.13985835276922148,0.595213319458897,2.8768501637249595
216,0.9588862867551392,0.13243143390568476,0.5962539021852237,2.8860479635956944
217,0.9573250065208443,0.1394239912081472,0.5983350676378772,2.8945535334499706
218,0.9565443663804319,0.13842385527276757,0.5972944849115505,2.9298668902340217
219,0.9588862867551392,0.13695706968975352,0.5931321540062435,2.9448481021055506
220,0.9552432995055946,0.13841950282698773,0.5900104058272633,2.954960708125542
221,0.9523809523809523,0.1410402333692992,0.6024973985431842,2.9494025762135725
222,0.9568045797553995,0.13835502108023434,0.6045785639958376,2.939968991900613
223,0.9552432995055946,0.13596701394207242,0.6024973985431842,2.945284958234935
224,0.9547228727556596,0.14113092560620627,0.603537981269511,2.943600430495409
225,0.9588862867551392,0.13094531698770395,0.6004162330905307,2.9232275415905806
226,0.9578454332552693,0.133522061487132,0.603537981269511,2.9437557907928165
227,0.9542024460057247,0.13566968128891652,0.6004162330905307,2.9594568497502283
228,0.9531615925058547,0.1406220300159447,0.5993756503642039,2.965144129522323
229,0.9586260733801717,0.133681006638482,0.6014568158168574,2.985207512238209
230,0.9570647931303669,0.1353309208087598,0.5972944849115505,3.004059644255101
231,0.9542024460057247,0.13876843777774306,0.5889698231009365,2.9984357872712315
232,0.9568045797709094,0.13823992245029168,0.5910509885535901,2.9832903011377345
233,0.9581056466302368,0.13297231988596042,0.5931321540062435,2.9849641265407687
234,0.9627894873796513,0.1304459335273236,0.5848074921956296,3.020020831070073
235,0.9547228727711695,0.13851724251340897,0.5806451612903226,3.0367125092611165
236,0.9581056466302368,0.1344079830367026,0.5837669094693028,3.053040593498145
237,0.9518605256310174,0.14225309249474113,0.5806451612903226,3.0449634446422342
238,0.9565443663959419,0.13757063944358985,0.5879292403746098,3.0528631797108825
239,0.9536820192557898,0.14213877317749862,0.5941727367325702,3.0488442877592457
240,0.9531615925058547,0.14025594720788032,0.586888657648283,3.048443495901641
241,0.9573250065053344,0.1386139453399656,0.5920915712799167,3.0603906820246194
242,0.9601873536299765,0.13226142350023004,0.5879292403746098,3.0667021270767707
243,0.9588862867551392,0.13585392142409247,0.5972944849115505,3.050348713811832
244,0.9557637262710394,0.13712389495358504,0.5972944849115505,3.0654133554435608
245,0.9581056466379918,0.13452548137593326,0.5962539021852237,3.068246193148746
246,0.9549830861306271,0.14133371952111728,0.5962539021852237,3.0801889053531357
247,0.9518605256465273,0.1401826200651496,0.5983350676378772,3.096232813766515
248,0.9609679937703889,0.13198095354567335,0.5920915712799167,3.0964406974474112
249,0.960447567004944,0.13118642956918022,0.5889698231009365,3.101589569343209
