epoch,acc,loss,val_acc,val_loss
0,0.4514702055685662,0.7589773010252169,0.4099895941727367,0.747861076530135
1,0.5589383294456426,0.7057660886653847,0.4308012486992716,0.7419032474338202
2,0.6601613323002348,0.6651788077378006,0.4557752341311134,0.7411149871709072
3,0.7382253447982318,0.6324304799812708,0.4911550468262227,0.7388000490762192
4,0.7736143637782982,0.6099627449150791,0.4963579604578564,0.7391019086125739
5,0.7975539942753057,0.5897947232176667,0.4963579604578564,0.7449586450991595
6,0.819151704397606,0.5663254424801661,0.48595213319458896,0.7500882136337963
7,0.8441321883944835,0.5373303356841924,0.4890738813735692,0.7546838489084908
8,0.8493364559093428,0.5184384704163507,0.5036420395421436,0.7591959457305666
9,0.8649492583918813,0.49089222982033387,0.5265348595213319,0.7667200287782687
10,0.87848035389019,0.4711455556755726,0.5213319458896982,0.7763464651327352
11,0.8914910226385636,0.44580265464740526,0.5306971904266389,0.7823204641132523
12,0.9016393442622951,0.4237738161844851,0.5338189386056191,0.7941089899867432
13,0.911527452511059,0.3957712551268196,0.5306971904266389,0.805448098342699
14,0.9182930002757232,0.3730318255794256,0.5213319458896982,0.823373095333018
15,0.9193338537600833,0.3599952232735312,0.5296566077003122,0.8343460789874863
16,0.9258391881497801,0.3400490298312746,0.5317377731529657,0.8537806535409095
17,0.9227166276346604,0.3280709393471751,0.5306971904266389,0.8697072457789631
18,0.9266198282591726,0.3209322307325731,0.522372528616025,0.8813153985852877
19,0.9305230288836847,0.30465697776211165,0.5192507804370448,0.9023631011115525
20,0.9352068696330992,0.29237236360569285,0.518210197710718,0.9223910663528881
21,0.9320843091334895,0.2830529637380779,0.522372528616025,0.9520431487907294
22,0.9359875097580016,0.2713232609115477,0.5244536940686785,0.9772734220617457
23,0.9333853760238368,0.26968167062665593,0.5286160249739854,0.9949551967246909
24,0.9354670830080666,0.26223618861005743,0.5317377731529657,1.017629551186646
25,0.9424928441321884,0.25073173613465144,0.518210197710718,1.0475484521460645
26,0.941191777272861,0.24419243877640684,0.5119667013527576,1.0778581462800503
27,0.9414519906323185,0.23821016119353447,0.5171696149843913,1.1030258816297667
28,0.9435336976320583,0.2268694090542308,0.5171696149843913,1.1204365419803437
29,0.9396304970075462,0.22629870045101336,0.5171696149843913,1.142817364864121
30,0.9430132708821234,0.2185847396406653,0.514047866805411,1.174244268050148
31,0.9396304970075462,0.21827841846157478,0.5130072840790842,1.2051634834914562
32,0.9484777517719503,0.20733344209029778,0.5067637877211238,1.2406708787851477
33,0.945615404631798,0.20075727943762373,0.5109261186264308,1.2672438657766016
34,0.946656258131668,0.20150244893613284,0.5161290322580645,1.288652115711762
35,0.9443143377569607,0.1960256553070599,0.5078043704474505,1.2961965915044376
36,0.9443143377724706,0.19603726693562099,0.522372528616025,1.3292128195991966
37,0.9495186052718201,0.19090825320841154,0.5109261186264308,1.367860278824071
38,0.9443143377569607,0.195654211090376,0.5067637877211238,1.3972458461712383
39,0.9479573250065053,0.19035320243750456,0.5088449531737773,1.430469292257675
40,0.9526411657559198,0.18281977882522982,0.5150884495317378,1.4533198562166756
41,0.951079885506115,0.18080939675215754,0.514047866805411,1.4599481048324106
42,0.9500390320062451,0.18100564733570268,0.5171696149843913,1.4891617000742614
43,0.9539422326307572,0.17727495324920312,0.5296566077003122,1.5229097800048284
44,0.9479573250065053,0.18479926422754056,0.5161290322580645,1.5406440538930843
45,0.9516003122560499,0.18159121979971185,0.5078043704474505,1.5700204954264563
46,0.9596669268800416,0.16396827304422187,0.518210197710718,1.571546535241213
47,0.9622690606297164,0.15711774088630384,0.5150884495317378,1.6166238756084759
48,0.9536820192557898,0.1678161277122371,0.5161290322580645,1.6475613938739502
49,0.960447567004944,0.15910790941304537,0.5161290322580645,1.6867642906842353
50,0.9687743950039032,0.15230652275043263,0.5171696149843913,1.717388453593906
51,0.9599271402550091,0.1612730946410239,0.5119667013527576,1.7604513501789145
52,0.9622690606297164,0.1519326078011178,0.514047866805411,1.7823444513040019
53,0.9674733281290658,0.1468573238602722,0.5150884495317378,1.813213494450288
54,0.9578454332552693,0.16250274066127218,0.5150884495317378,1.8525784253612796
55,0.9568045797553995,0.1597834439318595,0.514047866805411,1.86926671427662
56,0.9643507676294562,0.14865175681346227,0.5150884495317378,1.882657883791534
57,0.9588862867551392,0.15551912489500078,0.514047866805411,1.9046450443856582
58,0.9698152485037731,0.13819033638585088,0.5192507804370448,1.9237213162889435
59,0.9630497007546188,0.14754892076260714,0.5171696149843913,1.949305772659263
60,0.9666926880196733,0.14207421272271875,0.5119667013527576,1.9763562805295518
61,0.9648711943793911,0.15185437549604527,0.5202913631633714,2.0108722988457943
62,0.9674733281290658,0.13874694501053936,0.5057232049947971,2.0321488431078247
63,0.9648711943793911,0.14475405358035925,0.5213319458896982,2.0529657786190665
64,0.9674733281290658,0.1424508927942036,0.5192507804370448,2.096795873237729
65,0.9698152485037731,0.13775150979244552,0.5192507804370448,2.14109814490902
66,0.9638303408795212,0.14614539900263895,0.5161290322580645,2.161268127514253
67,0.9666926880041634,0.13809176658105948,0.5046826222684704,2.1865564399262216
68,0.9724173822534479,0.13363095217622137,0.4984391259105099,2.2150785259894725
69,0.9666926880041634,0.14273942782049948,0.5005202913631633,2.2593039722316566
70,0.9640905542544886,0.14737178473082677,0.5015608740894901,2.284604509276775
71,0.9705958886286755,0.13058544781845186,0.5171696149843913,2.2950189102976024
72,0.9674733281290658,0.13614086498126615,0.5046826222684704,2.2980491433032904
73,0.9718969555035128,0.13002596314363482,0.5130072840790842,2.333636559491723
74,0.9677335415040333,0.14052805144775046,0.514047866805411,2.374482222426679
75,0.9669529013791309,0.13852004600228848,0.5046826222684704,2.3905239103208844
76,0.9703356752692179,0.13443162848854512,0.5067637877211238,2.4179395220061215
77,0.9729378090033828,0.12548010965851394,0.5150884495317378,2.431763693593388
78,0.9700754618787406,0.1307710403367594,0.5150884495317378,2.457385686167073
79,0.9716367421285454,0.12531305066979462,0.5057232049947971,2.4772592884828564
80,0.9656518345042935,0.14028082547683657,0.5078043704474505,2.502727378409794
81,0.9724173822534479,0.12704641452810897,0.5088449531737773,2.5023799589684894
82,0.9685141816289358,0.1327407593772711,0.5036420395421436,2.5265371319600436
83,0.9677335415040333,0.13402243683246967,0.5119667013527576,2.5219762250490323
84,0.9718969555035128,0.1278919061224674,0.5015608740894901,2.5702273478279904
85,0.9724173822534479,0.12029796796883577,0.5026014568158168,2.6351475817549677
86,0.9726775956284153,0.1255770102162675,0.5078043704474505,2.663658110930756
87,0.9690346083943806,0.13292075649016294,0.49739854318418314,2.6583484930725736
88,0.9718969555035128,0.12407453214706557,0.5098855359001041,2.6781648938136096
89,0.9669529013791309,0.13541619307883793,0.5161290322580645,2.701497936888785
90,0.9716367421285454,0.13049722316905357,0.514047866805411,2.709124222310584
91,0.970856102003643,0.12870131939215304,0.5109261186264308,2.723942569754514
92,0.9674733281290658,0.13461990750872418,0.514047866805411,2.7267336386617402
93,0.9729378090033828,0.12932516419264042,0.5213319458896982,2.74103167848458
94,0.970856102003643,0.12927235215378868,0.5119667013527576,2.748857673532819
95,0.9737184491282852,0.12557302625918185,0.5213319458896982,2.760467070159691
96,0.9677335415040333,0.13340685324466633,0.5213319458896982,2.783139594883874
97,0.9734582357533177,0.12314963961253246,0.5202913631633714,2.8025181097221736
98,0.9739786625032527,0.12232513796715509,0.5161290322580645,2.804499850384542
99,0.975800156128025,0.12080635707762413,0.5213319458896982,2.8281596868873633
100,0.9739786625032527,0.12057430466582246,0.5192507804370448,2.8743986324886874
101,0.9726775956284153,0.1252270063136724,0.5130072840790842,2.888122498585952
102,0.9737184491282852,0.12256078484690874,0.522372528616025,2.8743653572479437
103,0.9731980223783503,0.12628715173294078,0.5109261186264308,2.895606390672516
104,0.9765807962529274,0.11518334210279582,0.5109261186264308,2.905143340221925
105,0.9750195160031225,0.11824254639060926,0.5213319458896982,2.9174781276356976
106,0.9737184491282852,0.1257416253137365,0.5213319458896982,2.9272784469058033
107,0.9776216497527973,0.11609613359063639,0.5171696149843913,2.9649880829148003
108,0.9786625032526672,0.11194601021522878,0.5244536940686785,2.9931014793247575
109,0.9734582357688276,0.12466449499316368,0.5244536940686785,3.031254914557245
110,0.9739786625032527,0.12216052237336845,0.518210197710718,3.0506883326503105
111,0.9760603695029925,0.11769474138009682,0.5192507804370448,3.0660989638534253
112,0.9771012230028624,0.11326009708047378,0.5202913631633714,3.0886366576747144
113,0.9705958886286755,0.13094773005103805,0.5192507804370448,3.117854583711905
114,0.975800156128025,0.11718393579094384,0.5150884495317378,3.1234206954651085
115,0.9802237835024721,0.10734436307233307,0.5150884495317378,3.1180079150285946
116,0.9765807962529274,0.11629789590839448,0.5150884495317378,3.121308440798031
117,0.9776216497683072,0.11270544161686138,0.518210197710718,3.103921168634007
118,0.9744990892531876,0.1196090934287748,0.518210197710718,3.129056947964799
119,0.9776216497527973,0.11087223553107704,0.5130072840790842,3.1588449434946124
120,0.9731980223783503,0.1183223027833855,0.5192507804370448,3.145178500781927
121,0.97527972937809,0.11819787314265866,0.5161290322580645,3.1760093603810367
122,0.9791829300026021,0.10468118601885044,0.522372528616025,3.182075742322033
123,0.975800156128025,0.11733994336719783,0.5109261186264308,3.1898283956961997
124,0.9731980223783503,0.12372480300232097,0.5171696149843913,3.213462454068177
125,0.9776216497527973,0.11646752424815375,0.514047866805411,3.230739562685963
126,0.9773614363778298,0.11081311326825832,0.5213319458896982,3.2149688705615893
127,0.9737184491282852,0.11564426061716934,0.5119667013527576,3.2247394452474305
128,0.9804839968774395,0.10525453262246279,0.5192507804370448,3.2505331456731
129,0.9765807962529274,0.11758702612624267,0.5150884495317378,3.308712721946693
130,0.9812646370023419,0.10687936047848674,0.5098855359001041,3.310055003839697
131,0.9765807962529274,0.11606173519352404,0.5130072840790842,3.3153884873437645
132,0.9797033567525371,0.11014116837732996,0.5119667013527576,3.3532062155716935
133,0.9812646370178518,0.1048906135770017,0.5150884495317378,3.3755506945175044
134,0.9823054905022118,0.0982030121114705,0.5213319458896982,3.3498246953391413
135,0.97632058287796,0.11598683668301964,0.5254942767950052,3.324658184524521
136,0.9786625032526672,0.10948107350203726,0.5234131113423517,3.3529437847171875
137,0.980744210252407,0.100781277716819,0.5202913631633714,3.3981801204084885
138,0.9797033567525371,0.10963035113828398,0.514047866805411,3.3943313738809944
139,0.9784022898776997,0.1101288336222289,0.5098855359001041,3.3994131156792875
140,0.9768410096278949,0.11258817059885795,0.5046826222684704,3.4123263187283936
141,0.9791829300026021,0.11322174596520504,0.5109261186264308,3.435554503706457
142,0.9791829300026021,0.10553761239394045,0.5046826222684704,3.443863634688782
143,0.9771012230028624,0.1140765083176788,0.5088449531737773,3.4505352352268055
144,0.979703356768047,0.10942687096150319,0.514047866805411,3.4667393586983075
145,0.9747593026281551,0.1217389160918904,0.5119667013527576,3.4369471667568963
146,0.9776216497527973,0.11452527895410824,0.514047866805411,3.4712617561321912
147,0.9760603695029925,0.11663960210199611,0.5150884495317378,3.431627397238433
148,0.9802237835024721,0.10539260079379957,0.5202913631633714,3.4499283019554077
149,0.9781420765027322,0.11309815645644418,0.5150884495317378,3.4526866390994915
150,0.9750195160031225,0.12113413629961796,0.5161290322580645,3.460361513688106
151,0.9810044236273745,0.1061955190048246,0.5150884495317378,3.4653216411498193
152,0.9781420765027322,0.11403202031979702,0.5057232049947971,3.4874187741878284
153,0.9776216497527973,0.11518073287670605,0.5192507804370448,3.4721101948314974
154,0.980744210252407,0.10512850265499207,0.5109261186264308,3.493015222997636
155,0.9784022898776997,0.11309033451006185,0.5119667013527576,3.508670481819268
156,0.9791829300026021,0.1092046111562337,0.5192507804370448,3.5341697705116872
157,0.9778818631277648,0.10986930058821706,0.5130072840790842,3.5604301394350073
158,0.980744210252407,0.10484552900145723,0.5130072840790842,3.570301628643482
159,0.9817850637522769,0.10316713792840206,0.514047866805411,3.58773608373732
160,0.9799635701275046,0.10802864455483464,0.5098855359001041,3.5781488262299104
161,0.9823054905022118,0.09962859097698565,0.5130072840790842,3.5714346911316266
162,0.9799635701275046,0.10819304257683648,0.5109261186264308,3.570789199977586
163,0.9812646370023419,0.10219002740553138,0.5150884495317378,3.569330326962778
164,0.9768410096278949,0.11674560536248763,0.5130072840790842,3.5746129894072847
165,0.9833463440020817,0.09596670321749891,0.5150884495317378,3.5690485036754582
166,0.9799635701275046,0.10990723774550547,0.5150884495317378,3.5748375508949763
167,0.9778818631277648,0.11044685513890103,0.5171696149843913,3.5684847049783377
168,0.9778818631277648,0.11036828277676701,0.5202913631633714,3.581995702502739
169,0.9781420765027322,0.10950409645137611,0.5161290322580645,3.600553997647905
170,0.9846474108769191,0.0935718850214485,0.518210197710718,3.5965917663131215
171,0.9804839968774395,0.1051079866748023,0.5161290322580645,3.6192760712464227
172,0.9794431433775697,0.10993078855384213,0.5244536940686785,3.623166061470694
173,0.980744210252407,0.10518627648486342,0.5306971904266389,3.6061794536070013
174,0.9750195160031225,0.11426205214208965,0.5234131113423517,3.622584976643541
175,0.9812646370023419,0.10259489483710629,0.5275754422476587,3.6542388826151235
176,0.980744210252407,0.10475179600143321,0.5161290322580645,3.6669346164780183
177,0.9804839968774395,0.10116307150680139,0.5234131113423517,3.6857247201146306
178,0.9804839968774395,0.10482391105024975,0.5192507804370448,3.7273807276048068
179,0.97527972937809,0.11847206480139995,0.518210197710718,3.7525625514073937
180,0.9817850637522769,0.10123155135084588,0.5213319458896982,3.746705745991308
181,0.9789227166276346,0.11082493866140214,0.5275754422476587,3.7667634244891937
182,0.9781420765027322,0.11301365156999454,0.5306971904266389,3.77845461902855
183,0.9755399427530576,0.116674371039475,0.5296566077003122,3.7271507889881312
184,0.9778818631277648,0.10997738907680268,0.5338189386056191,3.7235853169733635
185,0.9737184491282852,0.11778314519434152,0.5327783558792925,3.742210684634908
186,0.9755399427530576,0.11524176183577134,0.5265348595213319,3.76091161918023
187,0.9768410096278949,0.11308849859433096,0.5244536940686785,3.7343791108268327
188,0.9771012230028624,0.11135110606575366,0.5296566077003122,3.7383570937162633
189,0.9784022898776997,0.10368684383224082,0.5265348595213319,3.77036139184297
190,0.980744210252407,0.10156038442770547,0.5296566077003122,3.769075056245312
191,0.9802237835024721,0.10279257355813802,0.5234131113423517,3.7734537533155867
192,0.9791829300026021,0.10739435730906721,0.5275754422476587,3.7702038520103964
193,0.9802237835024721,0.10602304563478833,0.5296566077003122,3.7795513184173237
194,0.9794431433775697,0.10720293737818046,0.5254942767950052,3.81544895114476
195,0.9797033567525371,0.10464123323668331,0.5213319458896982,3.8300594338269187
196,0.9828259172521467,0.09640590116602661,0.5244536940686785,3.824788361138487
197,0.9843871975019516,0.09598770101062494,0.5213319458896982,3.8262729524197705
198,0.9773614363778298,0.10986247857547414,0.5202913631633714,3.8434260111965015
199,0.9823054905022118,0.10029157659612284,0.514047866805411,3.8635028350563347
200,0.9815248503773094,0.101471880177967,0.5150884495317378,3.88271669616475
201,0.9817850637522769,0.10288013822820513,0.5213319458896982,3.8693056999609787
202,0.9828259172521467,0.09909751780588988,0.518210197710718,3.8828544857370026
203,0.9841269841269841,0.09250210485955002,0.5130072840790842,3.9021347927997563
204,0.9786625032526672,0.11111383518917065,0.5161290322580645,3.901428973965122
205,0.9794431433775697,0.10560170059522986,0.5171696149843913,3.9102433657430646
206,0.9825657038771793,0.09539851764201994,0.5202913631633714,3.9195556615660516
207,0.9797033567525371,0.10561997656020497,0.5150884495317378,3.9362260262219237
208,0.9820452771272443,0.09605677466526445,0.5150884495317378,3.930939327950641
209,0.9820452771272443,0.09935174302340732,0.5150884495317378,3.9384812168121863
210,0.9838667707520167,0.09545887964422617,0.5150884495317378,3.9327958409522314
211,0.9784022898776997,0.10937959105920239,0.5244536940686785,3.9267171863330823
212,0.9846474108769191,0.09617392967920145,0.5338189386056191,3.9144079687304476
213,0.9789227166276346,0.10836405521139963,0.5275754422476587,3.8755134825636395
214,0.9812646370023419,0.10565820765869866,0.5265348595213319,3.890754674942185
215,0.9815248503773094,0.09985532333205338,0.522372528616025,3.914025257557677
216,0.9797033567525371,0.1086863201773635,0.5202913631633714,3.924155289687131
217,0.9830861306271143,0.09825884066221617,0.5161290322580645,3.9563957762291015
218,0.9817850637677868,0.10189007268794464,0.5234131113423517,3.8873701264343294
219,0.9802237835024721,0.09985252002056862,0.518210197710718,3.9381383109070227
220,0.9820452771272443,0.10089274278410301,0.518210197710718,3.9549449111425106
221,0.9815248503773094,0.10009518416752085,0.5150884495317378,3.9529847195846854
222,0.9823054905022118,0.10421638483496157,0.5275754422476587,3.9363830009539313
223,0.9815248503773094,0.09769053167038029,0.5213319458896982,3.929214608319623
224,0.9836065573770492,0.09556692662049543,0.5244536940686785,3.931986735610371
225,0.9825657038771793,0.0974003083183838,0.5254942767950052,3.9556834465561437
226,0.9802237835024721,0.10630662232296187,0.5213319458896982,3.9753703194148025
227,0.980744210252407,0.10487832905273403,0.518210197710718,3.978081447931935
228,0.9838667707520167,0.09586061252270892,0.5171696149843913,3.9778903794128926
229,0.9817850637522769,0.10110270571047957,0.5171696149843913,3.980439276898689
230,0.9817850637677868,0.10357261498148727,0.514047866805411,3.977969397654084
231,0.9823054905022118,0.09887219152301589,0.5119667013527576,3.974222101579332
232,0.9820452771272443,0.0997859213938401,0.5067637877211238,3.9850849009251745
233,0.9838667707520167,0.0935382648353469,0.518210197710718,3.9817891854978904
234,0.9820452771272443,0.09736569352678696,0.5119667013527576,4.011406841766357
235,0.9817850637522769,0.09762201174190198,0.5098855359001041,4.000188284091318
236,0.9836065573770492,0.09596749146003881,0.5057232049947971,4.0427137395167385
237,0.984647410892429,0.09496842623687554,0.5057232049947971,4.04438096897349
238,0.9812646370023419,0.10403935894401099,0.5130072840790842,4.070220531876374
239,0.9825657038771793,0.09600535805395051,0.5150884495317378,4.067346699256741
240,0.9810044236273745,0.10472604943351636,0.514047866805411,4.058934315854953
241,0.9820452771272443,0.098735483770891,0.5161290322580645,4.0406455894027
242,0.9830861306271143,0.09559172196078666,0.514047866805411,4.054886082586572
243,0.9859484777517564,0.09032541301732507,0.5161290322580645,4.050172470657312
244,0.9817850637522769,0.09977823866164347,0.5119667013527576,4.03719028649497
245,0.9854280510018215,0.08995501701425612,0.5046826222684704,4.081257132677658
246,0.9823054905022118,0.10082219692488496,0.5026014568158168,4.095171307840624
247,0.9849076242518865,0.08999929856193925,0.5036420395421436,4.0921976855034385
248,0.9802237835024721,0.10558317700071847,0.5098855359001041,4.100293444651765
249,0.9820452771272443,0.09920559046853497,0.5130072840790842,4.09638089678104
