epoch,acc,loss,val_acc,val_loss
0,0.5953682019410889,0.6948115280634284,0.6108220603537982,0.692979522910004
1,0.593806921691284,0.6667154599780872,0.6108220603537982,0.6898846847085626
2,0.5956284153083015,0.6427286039905067,0.6108220603537982,0.6888552964912121
3,0.5964090554409588,0.6170098888293982,0.6108220603537982,0.6899380416577366
4,0.5990111891828785,0.5959667707680725,0.6108220603537982,0.6898788717361196
5,0.6005724694249285,0.5766305993411679,0.6108220603537982,0.6922433440816762
6,0.6023939630497007,0.5526724952507416,0.6108220603537982,0.695635693192358
7,0.6016133229403082,0.535805636307798,0.6108220603537982,0.7030140092668127
8,0.6008326827998959,0.5222414112590484,0.6108220603537982,0.7082751659399265
9,0.639344262295082,0.4980318410079243,0.6108220603537982,0.7159920764639276
10,0.7387457715326567,0.4857912816915728,0.603537981269511,0.7257191688287519
11,0.7707520166691659,0.4733501850178302,0.603537981269511,0.738985457727986
12,0.7967733541504033,0.451943783738512,0.603537981269511,0.7516835409446264
13,0.814207650288734,0.4426949434282877,0.5962539021852237,0.7634931786623507
14,0.8495966692843103,0.42124785507311585,0.6014568158168574,0.7725792723813488
15,0.8631277647671091,0.4173101260812215,0.6024973985431842,0.7886500299038922
16,0.8823835545147021,0.3969441602278463,0.5941727367325702,0.806910705491978
17,0.8896695290293012,0.39113069128903316,0.6004162330905307,0.8192985529209895
18,0.8961748633879781,0.3811188567252386,0.5941727367325702,0.8369892819490938
19,0.9065833983866771,0.3734974464556217,0.5910509885535901,0.8550632592914752
20,0.9185532136506908,0.3580536040948326,0.595213319458897,0.8799468352072692
21,0.9133489461358314,0.36259476723783873,0.5910509885535901,0.8966172071450955
22,0.9237574811345303,0.34811464802008446,0.578563995837669,0.9165444609774015
23,0.9232370543845954,0.34194933366967833,0.578563995837669,0.9347415851132554
24,0.9333853760083268,0.3287211625744457,0.5931321540062435,0.9553656555735481
25,0.9349466562581317,0.32355942057347253,0.5889698231009365,0.9803875544564905
26,0.9380692167577414,0.3197332348033782,0.5889698231009365,1.0040050071434474
27,0.9370283632578714,0.3122343735601205,0.5827263267429761,1.0269674919894534
28,0.9378090033827738,0.3095843261018136,0.5806451612903226,1.0492452208134933
29,0.9385896435076763,0.3059167376012502,0.5796045785639958,1.062236252982212
30,0.942232630757221,0.29929579484596125,0.5910509885535901,1.0820091070915485
31,0.9445745511319282,0.29277030288816397,0.5920915712799167,1.1054466840007675
32,0.9489981785218852,0.2844143194392917,0.5920915712799167,1.1351934814056175
33,0.941191777272861,0.28464229537148417,0.5837669094693028,1.1567510660431513
34,0.9489981785063752,0.27829780172039964,0.5910509885535901,1.1789220572758417
35,0.9461358313817331,0.2731746790730454,0.5858480749219563,1.2022908897479292
36,0.946656258131668,0.27221422788068833,0.5858480749219563,1.228160412577015
37,0.9508196721466574,0.26594549144521035,0.5879292403746098,1.2566514203749388
38,0.9500390320062451,0.26074730399962115,0.5889698231009365,1.2722339932801945
39,0.9513400988810825,0.259920944433321,0.5858480749219563,1.3029008536879652
40,0.9497788186312777,0.25308796159308494,0.586888657648283,1.3344113352891682
41,0.9489981785063752,0.25290494201781927,0.5848074921956296,1.369641787303722
42,0.9578454332707792,0.24354301795902397,0.5848074921956296,1.3951488741974925
43,0.946656258131668,0.2505543132467937,0.5889698231009365,1.4224639023255856
44,0.956023939630497,0.24020827694420638,0.578563995837669,1.4547426742768064
45,0.9625292740046838,0.23011168759222178,0.578563995837669,1.471111995248467
46,0.9529013791308873,0.23644802898688147,0.5879292403746098,1.4817101913237796
47,0.9529013791308873,0.23364312907246107,0.5931321540062435,1.518518102032585
48,0.9586260733801717,0.2282739528649926,0.5910509885535901,1.5404271965344416
49,0.9562841530209744,0.2273488204335906,0.586888657648283,1.5744415123430424
50,0.9588862867551392,0.22279344340522184,0.5931321540062435,1.6045182130835431
51,0.9630497007546188,0.2148030838509137,0.5900104058272633,1.6251914513594898
52,0.9635701275045537,0.21129712023494332,0.5879292403746098,1.658174617977718
53,0.9596669268800416,0.21488056955759705,0.5858480749219563,1.6868625257811611
54,0.9612282071298465,0.2108885950171138,0.5848074921956296,1.717807442290974
55,0.9622690606297164,0.21063273426241283,0.586888657648283,1.7560095940866778
56,0.9627894873951612,0.20374494141164995,0.5889698231009365,1.7679914281966163
57,0.9599271402550091,0.20740275537862216,0.586888657648283,1.8011119536877174
58,0.9596669268800416,0.20396960285719318,0.586888657648283,1.8215866585055698
59,0.9648711943793911,0.1996803565332271,0.5848074921956296,1.8476142466502432
60,0.955503512880562,0.20400549580529428,0.5775234131113424,1.877014115499284
61,0.9599271402550091,0.19940455354441897,0.5816857440166493,1.907334930070605
62,0.9627894873796513,0.19402519705594595,0.5858480749219563,1.9347364195427712
63,0.965912047879261,0.18946498859263694,0.5744016649323621,1.961600635103827
64,0.9664324746447058,0.18500486346634917,0.5796045785639958,1.986614428747457
65,0.9620088472547489,0.18848282380663042,0.5744016649323621,2.0101682244180763
66,0.9653916211293261,0.18506931747166155,0.5723204994797086,2.048986810055037
67,0.965912047879261,0.18271631734882393,0.5775234131113424,2.0630762395948077
68,0.9588862867551392,0.19131875712440996,0.5816857440166493,2.0736098969268006
69,0.9620088472547489,0.1871128032217105,0.5889698231009365,2.103359064624163
70,0.9724173822534479,0.1695635695317714,0.5827263267429761,2.1199213895291615
71,0.9674733281445758,0.17363041284150701,0.5764828303850156,2.1569922374761066
72,0.9659120478947709,0.1762694805325427,0.5827263267429761,2.1930885781358604
73,0.9698152485037731,0.16793617028999913,0.5796045785639958,2.211996763231355
74,0.9672131147540983,0.16971526363771966,0.578563995837669,2.22262671983701
75,0.9677335415195433,0.1694962275375651,0.5816857440166493,2.249568280270643
76,0.97527972937809,0.1572499794596159,0.5806451612903226,2.266201298145052
77,0.9625292740046838,0.17478250609403037,0.5764828303850156,2.299002110523934
78,0.9700754618787406,0.164310899107772,0.5712799167533819,2.3286595071639775
79,0.9679937548790007,0.16464757052161266,0.5691987513007284,2.3534216339952865
80,0.9726775956284153,0.15665239213175555,0.5744016649323621,2.3629366966985885
81,0.9674733281445758,0.16232925209873764,0.5806451612903226,2.3717759704986796
82,0.9718969555190228,0.15724732016263887,0.5775234131113424,2.407089705769899
83,0.965912047879261,0.16413152668040587,0.5806451612903226,2.436375125761955
84,0.9687743950039032,0.15883014751285618,0.5744016649323621,2.469745677666163
85,0.9690346083788707,0.15876072632779437,0.578563995837669,2.483167857706981
86,0.9726775956284153,0.15200987302742058,0.5775234131113424,2.50382972880035
87,0.9661722612542285,0.15852920612358595,0.5775234131113424,2.522671172571728
88,0.9666926880041634,0.15792065641314235,0.578563995837669,2.5471578195117393
89,0.9698152485037731,0.153146206824661,0.5744016649323621,2.5751946009656765
90,0.9744990892531876,0.14260600040022856,0.5754422476586889,2.583069102697144
91,0.9755399427530576,0.143383850394175,0.5816857440166493,2.610711234665314
92,0.970856102003643,0.14980185023748158,0.5796045785639958,2.618082979343188
93,0.9705958886286755,0.14627005575327026,0.5733610822060354,2.626279771389996
94,0.97632058287796,0.13774148673992076,0.5733610822060354,2.6435406255176237
95,0.970335675253708,0.14748264879430298,0.5702393340270552,2.6621180007410596
96,0.9716367421285454,0.14269973078052917,0.5754422476586889,2.6756915907209797
97,0.970335675253708,0.14446034423586232,0.5764828303850156,2.701771324308556
98,0.9731980223783503,0.140195640232952,0.5796045785639958,2.7216246681332463
99,0.9711163153786104,0.14245676275050922,0.5754422476586889,2.7314150688179324
100,0.9713765287535779,0.14096130236048826,0.5775234131113424,2.72457240498649
101,0.9744990892531876,0.1337367484373659,0.5702393340270552,2.743721057919632
102,0.9747593026281551,0.13566057301617648,0.5806451612903226,2.7556769800731966
103,0.9721571688939903,0.1384147708998538,0.5702393340270552,2.7931872575265686
104,0.9692948217538382,0.14193308551757247,0.5733610822060354,2.8085457129979603
105,0.97632058287796,0.13077237687940993,0.5754422476586889,2.8344610950577147
106,0.97527972937809,0.13255014608563498,0.5775234131113424,2.851490838470618
107,0.9726775956284153,0.13764637274773767,0.5733610822060354,2.8769692471570703
108,0.9765807962529274,0.12885120026563687,0.5858480749219563,2.8918491149171954
109,0.9760603695029925,0.12835325458313132,0.5796045785639958,2.9187013822589285
110,0.9773614363778298,0.12544886219782225,0.578563995837669,2.947772773321908
111,0.9765807962529274,0.12661688850822778,0.5691987513007284,2.9598610408596393
112,0.9760603695029925,0.12582074877164526,0.5681581685744017,2.968738637283119
113,0.975800156128025,0.12606193364876309,0.5764828303850156,2.9656488317356646
114,0.9724173822534479,0.133226884400553,0.5723204994797086,2.97928666224961
115,0.9726775956284153,0.1324357936120486,0.578563995837669,2.9824909345168353
116,0.9742388758782201,0.1267640841812198,0.578563995837669,2.9927500308986508
117,0.9731980223783503,0.12964124603460161,0.5723204994797086,3.026006776013806
118,0.9739786625032527,0.12696314698088582,0.5671175858480749,3.0279390868981846
119,0.9776216497683072,0.11956444746375301,0.5723204994797086,3.043849671172302
120,0.9747593026281551,0.12582083757372534,0.5712799167533819,3.0344398351663355
121,0.9755399427530576,0.12424955604684684,0.5744016649323621,3.060855444710659
122,0.9791829300026021,0.11669241605583901,0.5723204994797086,3.0695665440871984
123,0.97632058287796,0.12276905562875018,0.5744016649323621,3.081586923112978
124,0.9726775956284153,0.12552320751289572,0.5712799167533819,3.099052935311499
125,0.9700754618787406,0.13416679212428492,0.5754422476586889,3.127032642185874
126,0.9771012230183723,0.11713931416584246,0.5744016649323621,3.118983908820971
127,0.9773614363778298,0.11957694616846327,0.5733610822060354,3.1548225192448105
128,0.9755399427530576,0.12377396649737982,0.5796045785639958,3.1543108159123796
129,0.9713765287535779,0.12934458434228907,0.5816857440166493,3.1916878349947257
130,0.975800156128025,0.11918332337976402,0.5827263267429761,3.2082762465144543
131,0.9789227166276346,0.11154623746420221,0.5775234131113424,3.2208067569474648
132,0.9744990892531876,0.12154412900943201,0.5806451612903226,3.2041760086393007
133,0.975800156128025,0.1196525744432712,0.5806451612903226,3.22247716762769
134,0.9799635701275046,0.11096566213106321,0.5764828303850156,3.2313026265472824
135,0.9729378090033828,0.1256541378433556,0.5744016649323621,3.258320088937305
136,0.9794431433775697,0.10982083030589819,0.5754422476586889,3.250720733658456
137,0.9791829300026021,0.11260467944043923,0.5775234131113424,3.257071496048529
138,0.9799635701275046,0.10976496245833213,0.578563995837669,3.252377461444327
139,0.9797033567525371,0.10813773025264428,0.5806451612903226,3.2557947732407393
140,0.9799635701275046,0.10814960299759149,0.5775234131113424,3.2590782391789306
141,0.9776216497683072,0.11303675277078645,0.5754422476586889,3.2797056648659284
142,0.9718969555035128,0.13015877356403296,0.5733610822060354,3.288426396253826
143,0.9760603695029925,0.11713490671944236,0.5775234131113424,3.293586973097024
144,0.9789227166276346,0.10934379183079716,0.5796045785639958,3.310016199403697
145,0.9781420765027322,0.1151346557381297,0.5806451612903226,3.341859922696847
146,0.9747593026436651,0.11941390739515861,0.586888657648283,3.3692536785748946
147,0.9773614363933397,0.11520581959809545,0.5796045785639958,3.400466837570397
148,0.9797033567525371,0.10883692311738079,0.5775234131113424,3.3997716933457833
149,0.9784022898776997,0.11065699410584331,0.5733610822060354,3.4047480155476424
150,0.9773614363778298,0.11392284585044249,0.5775234131113424,3.400418401632795
151,0.9794431433930796,0.10928807950658845,0.5775234131113424,3.429260511924275
152,0.9776216497527973,0.11064011570247485,0.5806451612903226,3.424165293031627
153,0.9810044236273745,0.10564134634629904,0.5816857440166493,3.4007728151922794
154,0.980744210252407,0.10600546447716744,0.5816857440166493,3.4058502149631527
155,0.9804839968774395,0.10660014449658259,0.5775234131113424,3.426771374324358
156,0.9784022898776997,0.1104701765845165,0.5775234131113424,3.4480800291253924
157,0.97632058287796,0.11410865343325839,0.578563995837669,3.4622149015936716
158,0.9823054905177218,0.10132983622376013,0.5796045785639958,3.4594637824146854
159,0.9784022898776997,0.108495379999501,0.5816857440166493,3.4646392925472833
160,0.9791829300026021,0.10658824451184354,0.5827263267429761,3.460471342803288
161,0.9817850637522769,0.09888575393381821,0.5848074921956296,3.467061651112758
162,0.9781420765027322,0.10971978148181334,0.5806451612903226,3.4915303935865705
163,0.9817850637522769,0.10187762831644313,0.5806451612903226,3.498934836094883
164,0.9784022898776997,0.1070165503411446,0.5806451612903226,3.5119343458923913
165,0.9799635701275046,0.1057244822016505,0.5816857440166493,3.5030327041737124
166,0.9765807962529274,0.11220599345294814,0.5858480749219563,3.505222483306472
167,0.9817850637522769,0.09988725421532907,0.586888657648283,3.507015984462774
168,0.9760603695029925,0.11620374083627552,0.586888657648283,3.5200860026475667
169,0.9841269841269841,0.09533953972038675,0.5879292403746098,3.526313218068134
170,0.9828259172521467,0.09743134011840436,0.5837669094693028,3.548809908927417
171,0.9815248503773094,0.10060502296774579,0.5806451612903226,3.5687223170475955
172,0.9825657038771793,0.095437853198451,0.5858480749219563,3.5750673077729194
173,0.9815248503773094,0.10055870842939858,0.5889698231009365,3.58234625031375
174,0.9849076242518865,0.09131236274920805,0.5910509885535901,3.5828280751588566
175,0.9789227166276346,0.10618417085209707,0.5879292403746098,3.5972443182684257
176,0.980744210252407,0.10461452663828859,0.5858480749219563,3.6017123151892307
177,0.9828259172521467,0.09709045258376116,0.5858480749219563,3.6074887235008344
178,0.9810044236273745,0.10186594342917103,0.5889698231009365,3.610753502979735
179,0.9820452771272443,0.09811655769714489,0.5858480749219563,3.6152693265186513
180,0.9768410096278949,0.11141657368833746,0.5879292403746098,3.6426570765309725
181,0.9794431433775697,0.10558107281658695,0.5900104058272633,3.6413569614120624
182,0.9797033567525371,0.10479686506365911,0.5900104058272633,3.6363160791307783
183,0.9773614363778298,0.11074060800812718,0.5941727367325702,3.615748257592367
184,0.9791829300026021,0.10786989826642146,0.5941727367325702,3.6156096959585455
185,0.9828259172521467,0.09762510051066262,0.6004162330905307,3.6058736179919446
186,0.9836065573770492,0.09485662139558619,0.6014568158168574,3.6062347062792663
187,0.9812646370023419,0.09949395113563804,0.5962539021852237,3.614881420234736
188,0.9825657038771793,0.09645755256902046,0.5910509885535901,3.6040789120899404
189,0.9820452771272443,0.09901925132954273,0.5972944849115505,3.603255522983007
190,0.9823054905022118,0.09715184413581009,0.6024973985431842,3.617023853059862
191,0.9799635701275046,0.10288362864733533,0.5962539021852237,3.6280383646922356
192,0.9791829300026021,0.10501152676761134,0.595213319458897,3.6364110436573487
193,0.9825657038771793,0.09825616943035125,0.5889698231009365,3.6491589124443378
194,0.984126984142494,0.09402993035260632,0.5889698231009365,3.6554708391521027
195,0.9838667707675266,0.09369837922910958,0.5889698231009365,3.6722099907564445
196,0.9810044236273745,0.1013698324681321,0.5920915712799167,3.6936296349881714
197,0.9823054905022118,0.09527237963822247,0.5941727367325702,3.6804974860628983
198,0.9833463440020817,0.094621526617329,0.5920915712799167,3.6657154746159804
199,0.9794431433775697,0.10661971113651084,0.5931321540062435,3.681625731405681
200,0.9812646370023419,0.09930016162446349,0.5910509885535901,3.705226439715176
201,0.9846474108769191,0.09035420820752904,0.5900104058272633,3.700464564233119
202,0.9849076242518865,0.09229258871112613,0.5920915712799167,3.7077586782338345
203,0.9856882643767889,0.09003143370609062,0.586888657648283,3.709596754981129
204,0.9833463440020817,0.09380441659398914,0.5858480749219563,3.7002295217206402
205,0.9823054905022118,0.09777697628824902,0.5858480749219563,3.7167820072074833
206,0.9815248503773094,0.09906242546173952,0.5900104058272633,3.7207794189453125
207,0.9791829300026021,0.10404936756309574,0.586888657648283,3.736749127057539
208,0.9799635701275046,0.10395700105393488,0.5900104058272633,3.731296193959438
209,0.9810044236273745,0.10044399267360626,0.586888657648283,3.730382016248435
210,0.9791829300026021,0.10597209303198524,0.5889698231009365,3.709004166967291
211,0.9841269841269841,0.08882105041459114,0.5848074921956296,3.746713886399919
212,0.9799635701275046,0.1015722769366603,0.5858480749219563,3.7492822692744068
213,0.9856882643767889,0.08738863020127186,0.5827263267429761,3.743787928252761
214,0.9828259172521467,0.09600297988504132,0.5910509885535901,3.7587043591518183
215,0.9864689045016913,0.08591885586816167,0.586888657648283,3.7674072694331873
216,0.9812646370023419,0.10173888506250024,0.595213319458897,3.7693366190645374
217,0.9830861306271143,0.09351009410238191,0.5931321540062435,3.7519426871785018
218,0.9815248503773094,0.09872253049352099,0.5910509885535901,3.752251614144888
219,0.9786625032526672,0.10781908985261274,0.5889698231009365,3.7681111009262356
220,0.9812646370023419,0.09642505206917991,0.595213319458897,3.776164371438875
221,0.9810044236273745,0.09847548689606939,0.5806451612903226,3.8076151392338304
222,0.9836065573770492,0.09425092504570377,0.5796045785639958,3.8188673985984396
223,0.9846474108769191,0.09013625761993752,0.5806451612903226,3.8281142644653956
224,0.980744210252407,0.09793058574789054,0.5848074921956296,3.8361855446361974
225,0.985167837626854,0.08906780934771182,0.5848074921956296,3.8307874741092807
226,0.9810044236273745,0.10017725051946079,0.586888657648283,3.8266113888584736
227,0.9833463440020817,0.09458481778266868,0.5827263267429761,3.8094610398815525
228,0.9825657038771793,0.0967992880439079,0.5837669094693028,3.8024777105770053
229,0.9825657038771793,0.09784962550763379,0.5837669094693028,3.809110913390796
230,0.9849076242518865,0.08799415747890738,0.5900104058272633,3.8148271280818626
231,0.9838667707520167,0.09330471767238147,0.5879292403746098,3.8183996139034146
232,0.9817850637522769,0.09936914767661878,0.5900104058272633,3.8027260410177846
233,0.9804839968774395,0.1025683475896278,0.5962539021852237,3.7953083681390387
234,0.985167837626854,0.08792744341180128,0.595213319458897,3.807761731182499
235,0.9862086911267239,0.08748193731860603,0.5889698231009365,3.8002481748360624
236,0.9810044236273745,0.09965292025757835,0.595213319458897,3.798116729609304
237,0.9828259172521467,0.09427726210363746,0.5848074921956296,3.8458749610353085
238,0.9804839968774395,0.1020147670462685,0.5879292403746098,3.8587444237938286
239,0.9836065573770492,0.09318565214627149,0.5941727367325702,3.861548587509298
240,0.9833463440020817,0.0939284138577294,0.5900104058272633,3.8810601169931527
241,0.9817850637522769,0.09897592348525712,0.5900104058272633,3.8760847157171687
242,0.985167837626854,0.08979486181678684,0.595213319458897,3.8771285316078274
243,0.9836065573925591,0.09139203693356143,0.5941727367325702,3.8892684007658547
244,0.9846474108769191,0.0896999298723576,0.5962539021852237,3.9073552996013214
245,0.9836065573770492,0.09213329063771589,0.595213319458897,3.9180821965561945
246,0.9812646370023419,0.09908652537476417,0.5910509885535901,3.919359048372997
247,0.9784022898932097,0.10571226296932351,0.5931321540062435,3.9204289518707625
248,0.9820452771272443,0.09830479499707767,0.5972944849115505,3.92957949365463
249,0.9825657038926892,0.09518728096783549,0.5900104058272633,3.921612293985706
