epoch,acc,loss,val_acc,val_loss
0,0.4990892531876138,0.7093523919597877,0.5525494276795005,0.7040454205067423
1,0.6073380171740828,0.6980557123602849,0.5816857440166493,0.7017380670255726
2,0.6453291699193339,0.6919898921984916,0.5983350676378772,0.6990456522813573
3,0.6747332813061683,0.685774728574388,0.5993756503642039,0.6967444016707676
4,0.6820192557975026,0.6780754959028027,0.5993756503642039,0.6947255959495917
5,0.6942492844287288,0.6702541792079431,0.6024973985431842,0.694075590117789
6,0.7007546188029156,0.6640128834992686,0.5993756503642039,0.6928528384165015
7,0.7184491282929488,0.6535681603539899,0.6004162330905307,0.6913224823393013
8,0.7314597970335676,0.6394976465273362,0.5941727367325702,0.691250604285658
9,0.7340619307832422,0.6296106616624966,0.586888657648283,0.6900123445226052
10,0.7501951600312255,0.613722945419786,0.5858480749219563,0.6894676956996462
11,0.7400468384074942,0.6075586752828881,0.5827263267429761,0.6901403618404695
12,0.7551392141633626,0.5889829285685172,0.5796045785639958,0.6911207814618526
13,0.7665886026541764,0.5719528737212108,0.5858480749219563,0.6905623661367751
14,0.7595628415300546,0.5653331746525855,0.578563995837669,0.6932574774794722
15,0.7780379911682552,0.5440730222370238,0.5650364203954215,0.6948233530871206
16,0.785584179026802,0.5313273829514863,0.5723204994797086,0.6968379988258513
17,0.7806401249179299,0.5165512971260137,0.5608740894901144,0.7001495307987861
18,0.7892271662763466,0.506658560862741,0.5608740894901144,0.703650397763168
19,0.7967733541504033,0.49079514982146333,0.5650364203954215,0.7059640556294762
20,0.7907884465416614,0.4863152056195728,0.5681581685744017,0.7117000792822903
21,0.8035389019150676,0.470228408482929,0.5754422476586889,0.7129294188164027
22,0.8030184751496227,0.46505808765119544,0.5681581685744017,0.7192654880102913
23,0.8110850897736144,0.45500456973534215,0.5723204994797086,0.723022402077138
24,0.8238355451470205,0.4363795162146829,0.5723204994797086,0.7275654827394793
25,0.819672131147541,0.42929360748981393,0.5712799167533819,0.7325113939817193
26,0.8259172521467604,0.4181441600949945,0.5733610822060354,0.7398592590913564
27,0.8329430132708822,0.41107209141974704,0.5691987513007284,0.7479601981860666
28,0.8269581056621401,0.40569567464770917,0.5702393340270552,0.7530111071346454
29,0.8326827998959146,0.40009166957917636,0.5639958376690947,0.7587612645310988
30,0.8363257871454592,0.394071574830587,0.5608740894901144,0.7666647057751587
31,0.8386677075356764,0.3791010624692988,0.5671175858480749,0.7779855954845539
32,0.8459536820347657,0.36948881816529,0.5567117585848075,0.7876736958366775
33,0.842831121527401,0.36931580520687457,0.5671175858480749,0.793800880087774
34,0.843351548269581,0.360847764173748,0.562955254942768,0.8008294989985805
35,0.8423106947697112,0.3623529558469627,0.5608740894901144,0.8062462404168731
36,0.8508977361436377,0.3450401541104454,0.558792924037461,0.8157346944220977
37,0.8490762425188655,0.3442763623868988,0.5577523413111343,0.8244558183571302
38,0.85376008326828,0.3338888699487879,0.558792924037461,0.83296232482149
39,0.8534998698933125,0.3357667440227193,0.5515088449531738,0.8444920544445701
40,0.8579234972677595,0.3248185243941272,0.5483870967741935,0.8547486807689706
41,0.8571428571428571,0.3263676364780356,0.5504682622268471,0.8641100528026843
42,0.8657298985322937,0.30869856528742,0.54630593132154,0.875876852426519
43,0.8607858443924018,0.32095336695760296,0.5452653485952134,0.887967489543492
44,0.8566224303929222,0.31316560146214906,0.5515088449531738,0.9007504577443205
45,0.8610460577673692,0.31136660321562076,0.5421436004162331,0.9095794477584335
46,0.8688524590163934,0.29483174664292394,0.5400624349635796,0.9216520545633973
47,0.8613062711578466,0.3066477053896884,0.5442247658688866,0.9331049361226462
48,0.8704137392661982,0.2897826205418503,0.5421436004162331,0.9450334763613749
49,0.8732760864063505,0.2901406250302754,0.5473465140478668,0.958784055139222
50,0.8803018475149623,0.27809991755004415,0.5390218522372529,0.9726437741772317
51,0.8875878220140515,0.27665447107352165,0.5327783558792925,0.9936100433383847
52,0.8810824876398647,0.28102172258587016,0.5286160249739854,1.0107120219676229
53,0.8985167837626854,0.260972575206264,0.5348595213319459,1.0211478409732417
54,0.892271662763466,0.25923308927101485,0.5275754422476587,1.0423764032888363
55,0.9050221181523822,0.24203465762251278,0.5275754422476587,1.058153517908658
56,0.8938329430132709,0.2651274036669402,0.5296566077003122,1.0682237763868783
57,0.902680197762165,0.2488442533815509,0.5348595213319459,1.0860036162196287
58,0.9034608378870674,0.24750937083690017,0.5202913631633714,1.1001097695140263
59,0.9167317200104085,0.23457844083876217,0.5234131113423517,1.119131920116873
60,0.9052823315273496,0.2436274966938,0.5234131113423517,1.135305779719576
61,0.906583398402187,0.24692612823613633,0.5234131113423517,1.157405532299542
62,0.9128285193936514,0.22988786952991272,0.522372528616025,1.1742113495282402
63,0.9130887327608639,0.23270841208515597,0.5202913631633714,1.1953331970771568
64,0.9172521467603435,0.22648197451653407,0.5202913631633714,1.2122809798858913
65,0.9133489461358314,0.23417445082016794,0.5275754422476587,1.231029366308767
66,0.9180327868852459,0.22169718420849843,0.5286160249739854,1.252089820484341
67,0.9167317200259184,0.22179886176813837,0.5244536940686785,1.2723472728999672
68,0.9216757741347905,0.21791423559227618,0.5286160249739854,1.2839405546575382
69,0.9221962008847254,0.21443607397774933,0.522372528616025,1.304679172313176
70,0.9227166276346604,0.2106632474299027,0.5254942767950052,1.3260808661192438
71,0.9190736403851157,0.21712867034084934,0.5265348595213319,1.3391983169019532
72,0.9224564142596929,0.2134365125959378,0.5192507804370448,1.362774314511951
73,0.9339058027737717,0.19789455437486506,0.5234131113423517,1.378043054805586
74,0.9404111371324486,0.1906712033492403,0.5130072840790842,1.3928240738289661
75,0.9313036690085871,0.20079861948086808,0.514047866805411,1.414450252496489
76,0.9310434556336196,0.19816753057209954,0.5202913631633714,1.4308077127330634
77,0.9276606817590424,0.20841405288183748,0.5130072840790842,1.455295218048185
78,0.9357272963830341,0.1949661228289106,0.5150884495317378,1.4788943621699198
79,0.9378090033827738,0.18876037191800268,0.5130072840790842,1.4900949971670912
80,0.9341660161332292,0.19326089956147455,0.5192507804370448,1.5042538497127926
81,0.9302628155087171,0.1969788314800321,0.5109261186264308,1.5345596101107881
82,0.9440541243819932,0.18066276056193264,0.5067637877211238,1.5594532219974109
83,0.9341660161332292,0.19149206376714753,0.5119667013527576,1.5752443976382435
84,0.9440541243819932,0.17834587960915735,0.514047866805411,1.5946421083624975
85,0.9375487900078064,0.1874236653488873,0.5150884495317378,1.6134691365396567
86,0.9437939110070258,0.17475685137298588,0.5098855359001041,1.6224514439500457
87,0.9476971116315379,0.16955421227916218,0.5046826222684704,1.6468208619508733
88,0.941191777257351,0.17687902145326184,0.5130072840790842,1.6671905711401762
89,0.9479573250065053,0.1660262162959765,0.5098855359001041,1.6969507944757558
90,0.9461358313817331,0.167701123159688,0.5171696149843913,1.7282306560771648
91,0.9401509237574811,0.17492518739373988,0.5192507804370448,1.7576662805183374
92,0.9391100702576113,0.1749785532358178,0.5192507804370448,1.7699594443952753
93,0.9388498568826438,0.17735164340526338,0.5202913631633714,1.7774143463134393
94,0.946656258131668,0.1661242629674506,0.5109261186264308,1.8126559825953286
95,0.941712204007286,0.1679649255062775,0.5234131113423517,1.822154952695789
96,0.9461358313817331,0.1649945956940084,0.5192507804370448,1.8328432176227252
97,0.9440541243819932,0.16726407348516395,0.522372528616025,1.85091654498917
98,0.9424928441476983,0.16894783500330912,0.522372528616025,1.8843270308424358
99,0.9435336976320583,0.16672848129120077,0.522372528616025,1.8958531598425805
100,0.9435336976475682,0.1706491821667753,0.518210197710718,1.9354225262053675
101,0.9406713505074161,0.16682551784046826,0.514047866805411,1.953654801281136
102,0.9476971116315379,0.16181274088869763,0.5161290322580645,1.961746749176443
103,0.9448347645068956,0.16589102688755122,0.5161290322580645,1.9847714248870216
104,0.9398907103825137,0.17335257184699723,0.518210197710718,2.008352533626321
105,0.9404111371324486,0.17442875574462866,0.5161290322580645,2.027408690687025
106,0.9489981785063752,0.16060717838360497,0.514047866805411,2.0523209237143725
107,0.9463960447567005,0.1678066275065807,0.5119667013527576,2.0763271539767625
108,0.9513400988810825,0.15529057473494862,0.5161290322580645,2.0832283298381284
109,0.9445745511319282,0.16038652943341086,0.522372528616025,2.106204726286504
110,0.9463960447567005,0.16528248615008437,0.514047866805411,2.123879781374698
111,0.9487379651314077,0.1629428683755657,0.5171696149843913,2.1417636520982284
112,0.9516003122560499,0.1554034658895009,0.5265348595213319,2.182768143736733
113,0.9513400988965924,0.1528772123307261,0.5317377731529657,2.220709919851975
114,0.9448347645068956,0.16243205080644912,0.522372528616025,2.228478538917143
115,0.9516003122560499,0.14905727505800223,0.5234131113423517,2.233320741729111
116,0.9505594587561801,0.15776839320972705,0.5286160249739854,2.251637749536725
117,0.9523809523809523,0.14912513355987939,0.5244536940686785,2.2603535371969197
118,0.9450949778818631,0.16100562317284745,0.5192507804370448,2.276551504350974
119,0.956023939630497,0.15015407576245812,0.5286160249739854,2.3040289277061587
120,0.9529013791308873,0.1529043714205424,0.5306971904266389,2.322490251368216
121,0.9518605256310174,0.1465650209548757,0.5254942767950052,2.3390116740277853
122,0.9539422326307572,0.15045905215197977,0.5254942767950052,2.366099082995652
123,0.9505594587561801,0.15397885912894085,0.5234131113423517,2.379151346051482
124,0.9542024460057247,0.14466215532167392,0.518210197710718,2.3965028664959704
125,0.9476971116315379,0.1576185588364548,0.5171696149843913,2.41232089038539
126,0.9521207390059849,0.1456827727199035,0.5213319458896982,2.437824183282259
127,0.9458756180067656,0.15643769779734287,0.5213319458896982,2.434978980985814
128,0.9539422326307572,0.14714702725363932,0.5234131113423517,2.4498502520474137
129,0.9471766848816029,0.15467108713257927,0.5202913631633714,2.4725587467249177
130,0.9523809523809523,0.14207963629754422,0.522372528616025,2.477691396148284
131,0.9484777517564403,0.1527695677439713,0.5192507804370448,2.5086697024234126
132,0.9544626593806922,0.14367712623139953,0.5244536940686785,2.514837202246802
133,0.9570647931303669,0.1385872380242368,0.5109261186264308,2.537046514839151
134,0.9497788186312777,0.15159491458512706,0.5161290322580645,2.566521187408844
135,0.9516003122715598,0.14820399781921212,0.5098855359001041,2.5825925876893314
136,0.9518605256310174,0.14800585130137017,0.5130072840790842,2.5988705796301055
137,0.9523809523887073,0.15100899051013106,0.5150884495317378,2.6087552876241746
138,0.9531615925058547,0.14428290449453152,0.518210197710718,2.622613095530114
139,0.9552432995211045,0.14542120032840306,0.5192507804370448,2.637064819258098
140,0.9474368982565704,0.15428793406530328,0.5150884495317378,2.6651008567083765
141,0.9544626593806922,0.14184252476121434,0.518210197710718,2.6763207317173916
142,0.9562841530054644,0.1366280282103834,0.514047866805411,2.6808785934633073
143,0.9570647931303669,0.134780727947267,0.5078043704474505,2.69451706466516
144,0.9516003122560499,0.14344411662840575,0.5098855359001041,2.692635394400228
145,0.9544626593806922,0.13962968295590814,0.5067637877211238,2.7083569399229446
146,0.9573250065053344,0.13720956154607747,0.5171696149843913,2.708279585444468
147,0.9495186052563102,0.14619573341421307,0.5109261186264308,2.7273098378598255
148,0.9516003122560499,0.14652099387854486,0.5098855359001041,2.714482341438501
149,0.9573250065053344,0.13737503218753183,0.5150884495317378,2.7419231781168114
150,0.9495186052563102,0.146115236409879,0.5109261186264308,2.7649933875816544
151,0.9539422326307572,0.14138173947855734,0.5098855359001041,2.784825044142375
152,0.9594067135050741,0.1328379160533372,0.5078043704474505,2.813978508386168
153,0.9565443663804319,0.1413264426613828,0.5098855359001041,2.8331918007966506
154,0.9536820192712997,0.1424333293038422,0.5150884495317378,2.8430330170770093
155,0.9508196721311475,0.13963132020693844,0.5119667013527576,2.8506223850270094
156,0.9601873536299765,0.13178099404207175,0.5202913631633714,2.8538582679601414
157,0.9500390320062451,0.14287071849936592,0.5098855359001041,2.875940114926473
158,0.9536820192557898,0.1421501231017505,0.5098855359001041,2.9062749695703465
159,0.9508196721311475,0.1450774462938681,0.5192507804370448,2.906065318496989
160,0.9539422326307572,0.14117368803905567,0.5150884495317378,2.893204003293358
161,0.9523809523809523,0.14388325663863635,0.5130072840790842,2.9137522196794525
162,0.9539422326307572,0.13838273168120058,0.5171696149843913,2.935551926881292
163,0.9521207390059849,0.13686451142556402,0.522372528616025,2.9368312014160245
164,0.9578454332552693,0.1279793101489629,0.5192507804370448,2.9544396884855693
165,0.9476971116315379,0.1440889924520352,0.5265348595213319,2.9662455972846167
166,0.9484777517564403,0.14753620467853212,0.5171696149843913,2.9758726251888223
167,0.9542024460057247,0.13595156156102445,0.5171696149843913,3.002049769016136
168,0.9539422326462671,0.1395343569861766,0.5213319458896982,3.0121529005956327
169,0.961488420504814,0.12982953896039853,0.5202913631633714,3.0372329060953502
170,0.9547228727556596,0.13761684537562052,0.5150884495317378,3.0171648280522576
171,0.9573250065053344,0.1325950399060563,0.5161290322580645,3.009825288288055
172,0.9516003122560499,0.14105448090538455,0.5213319458896982,3.0225096696311304
173,0.955503512880562,0.13680101607519296,0.5213319458896982,3.0359635404529173
174,0.9536820192557898,0.14091019423917467,0.514047866805411,3.062130999118555
175,0.9568045797553995,0.13461932103529345,0.5161290322580645,3.0703125815609864
176,0.9583658600052043,0.1358963073956611,0.5213319458896982,3.0829313308985187
177,0.9536820192557898,0.14005278679439248,0.5275754422476587,3.079943918998079
178,0.9557637262555295,0.1387918364181979,0.5244536940686785,3.097788634319459
179,0.9536820192557898,0.136703348327685,0.5286160249739854,3.116633079147488
180,0.9573250065208443,0.13248286904408973,0.5202913631633714,3.1257153951042524
181,0.9578454332552693,0.13055365528371413,0.522372528616025,3.1643174400632574
182,0.9557637262555295,0.1305008679861021,0.5202913631633714,3.170634958943455
183,0.9570647931303669,0.13868084294571717,0.5213319458896982,3.174861626930217
184,0.9575852198803019,0.12986869337786044,0.5265348595213319,3.185138931209134
185,0.9596669268800416,0.126401287734493,0.5254942767950052,3.2136232481182057
186,0.9578454332552693,0.1328117870203443,0.522372528616025,3.2271270910307037
187,0.9570647931303669,0.13656679354995807,0.522372528616025,3.2351418432588694
188,0.9557637262555295,0.13334814395688643,0.5202913631633714,3.276981968165188
189,0.9539422326307572,0.13499545024268303,0.5265348595213319,3.275292504916082
190,0.961488420504814,0.12262722486525875,0.5244536940686785,3.294945006087252
191,0.9518605256310174,0.14037149594944032,0.5244536940686785,3.300992452050099
192,0.960967993754879,0.12736278281464974,0.5275754422476587,3.302063730881626
193,0.9578454332552693,0.13195684899227278,0.5327783558792925,3.3245825921413057
194,0.956023939646007,0.12539889999829387,0.5327783558792925,3.3362489080601194
195,0.9640905542699986,0.12116899652124971,0.5296566077003122,3.3186501493516625
196,0.961488420504814,0.12375930932476717,0.5327783558792925,3.3295655365409202
197,0.9620088472547489,0.12478625676864886,0.5359001040582726,3.33936805081138
198,0.9625292740046838,0.12113391023033257,0.5327783558792925,3.3345705961864773
199,0.9599271402550091,0.12991277325240205,0.5348595213319459,3.355853078160028
200,0.9588862867551392,0.12904672492358513,0.5317377731529657,3.3836696254444174
201,0.9594067135050741,0.13061270312797021,0.5400624349635796,3.401090012179081
202,0.960967993754879,0.1292829688094632,0.5306971904266389,3.3916268031637142
203,0.9591465001301067,0.1315745979721018,0.5348595213319459,3.400751205229052
204,0.9586260733801717,0.12678468508600815,0.5296566077003122,3.4118208430637678
205,0.9617486338797814,0.12730548312951043,0.5296566077003122,3.425995680403728
206,0.9575852198803019,0.13131325451049866,0.5327783558792925,3.4292403322166756
207,0.9581056466302368,0.13277414077400945,0.5306971904266389,3.43744549974334
208,0.9648711943793911,0.1226374484887509,0.5296566077003122,3.4441503835037643
209,0.9601873536299765,0.13120638654595657,0.5265348595213319,3.469471664170848
210,0.9565443663804319,0.13157240609581927,0.5306971904266389,3.47704467764289
211,0.9643507676294562,0.11858144420340382,0.5286160249739854,3.485116961102983
212,0.9625292740201937,0.12455762786664226,0.5265348595213319,3.492411536919525
213,0.9638303408795212,0.11890278981900172,0.5296566077003122,3.473189763282886
214,0.9620088472547489,0.12423711489123151,0.5306971904266389,3.4679860724145923
215,0.9570647931303669,0.12880579852616603,0.5296566077003122,3.469420552036641
216,0.9664324746291959,0.11373292283483882,0.5327783558792925,3.4833958983677173
217,0.9588862867551392,0.13317850278411764,0.5286160249739854,3.4700390859531254
218,0.9640905542544886,0.11663143413159303,0.5306971904266389,3.4859872086363204
219,0.9599271402550091,0.12937077074552805,0.5327783558792925,3.5005670922278243
220,0.9612282071298465,0.12289817347897702,0.5213319458896982,3.4910251633705074
221,0.9599271402550091,0.12678285822031896,0.5275754422476587,3.469410474951942
222,0.960967993754879,0.12101267268840003,0.5244536940686785,3.4401977467820686
223,0.9583658600052043,0.12494991777739564,0.5296566077003122,3.416711399833692
224,0.9562841530054644,0.13858013006274725,0.5317377731529657,3.422090071855301
225,0.9591465001301067,0.12713737662657687,0.5317377731529657,3.4477853179055495
226,0.9573250065053344,0.12847329455328707,0.5244536940686785,3.495733290887462
227,0.9612282071298465,0.12407767748440302,0.5254942767950052,3.499014606046162
228,0.9638303408795212,0.11942283166589415,0.5275754422476587,3.522958727094125
229,0.9643507676294562,0.1153768337763809,0.522372528616025,3.526692372381408
230,0.960447567004944,0.12374187260672291,0.522372528616025,3.5321601569753347
231,0.9591465001301067,0.1307730247420963,0.5317377731529657,3.5367440924505846
232,0.9583658600207142,0.12803972690266122,0.5275754422476587,3.5266418698070323
233,0.9523809523809523,0.1374041165438227,0.5254942767950052,3.548192748383199
234,0.9513400988965924,0.1377966357741603,0.5265348595213319,3.5389179658303647
235,0.9627894873796513,0.12303574292525754,0.5202913631633714,3.5448830110349467
236,0.9625292740046838,0.12062404843809671,0.5286160249739854,3.529160739976087
237,0.9635701275045537,0.11748375352583544,0.5254942767950052,3.548396333478368
238,0.9581056466302368,0.13083705545439173,0.5161290322580645,3.5728275442842885
239,0.9581056466302368,0.12208062220988114,0.5192507804370448,3.590507545096569
240,0.9627894873796513,0.12042870656850126,0.5234131113423517,3.5903118048076452
241,0.9633099141295862,0.11745010051006781,0.5275754422476587,3.5898919611642066
242,0.9620088472547489,0.12312895013540479,0.5254942767950052,3.60750774873283
243,0.9594067135050741,0.12469141723381148,0.5202913631633714,3.6205800397090933
244,0.9617486338797814,0.12506684484389216,0.5213319458896982,3.6386408069007232
245,0.960447567004944,0.12620337346131033,0.5254942767950052,3.6370180743231857
246,0.9607077803799116,0.12552289622480783,0.5234131113423517,3.646182011925343
247,0.9627894873874063,0.1201115189633455,0.518210197710718,3.6535452801528754
248,0.9583658600052043,0.12386990252774642,0.5202913631633714,3.660864516177857
249,0.9627894873796513,0.1200792363672991,0.5192507804370448,3.6670202413781254
