epoch,acc,loss,val_acc,val_loss
0,0.5446265938146766,0.7013405410380467,0.578563995837669,0.6968902577098525
1,0.5958886286910239,0.6849722042078777,0.6139438085327783,0.6924812513385181
2,0.6068175904241478,0.6758078418608107,0.6108220603537982,0.6888464795935291
3,0.618527192313194,0.6608426427580619,0.6139438085327783,0.685132634379241
4,0.6232110330548536,0.647385075382041,0.6129032258064516,0.6825842679973447
5,0.6263335935467083,0.6350839240551616,0.6108220603537982,0.6806542720184365
6,0.63335935468634,0.619500077084083,0.6118626430801248,0.6793272964788153
7,0.6411657559198543,0.6096881859444592,0.6201873048907388,0.6783382930443016
8,0.6526151444261781,0.5924239063244328,0.6170655567117586,0.6773097644115214
9,0.6664064533072092,0.5761634747931773,0.619146722164412,0.6792420449043536
10,0.687223523296852,0.5656277529435824,0.619146722164412,0.6804162204327618
11,0.7098620869112673,0.5530688016482266,0.6160249739854319,0.6817156882737603
12,0.7137652875512893,0.5387844007492314,0.6077003121748179,0.6845963135222118
13,0.7426489721726788,0.5186377119388302,0.6004162330905307,0.6856568333509685
14,0.7535779339213127,0.5092736319766018,0.5910509885535901,0.6884177719765225
15,0.7639864689122566,0.49869177169611206,0.5900104058272633,0.6940010181947007
16,0.7689305230366387,0.48251487118112774,0.5941727367325702,0.6969329090197799
17,0.7707520166614109,0.4682169037500521,0.5900104058272633,0.7049657464895734
18,0.7863648191517044,0.4522198066716389,0.586888657648283,0.7104724156868941
19,0.7920895134009888,0.43704177249603954,0.5827263267429761,0.7195880274122637
20,0.8024980484074427,0.42220337903347605,0.5775234131113424,0.7304482477388571
21,0.8222742649127256,0.40881188558533327,0.5744016649323621,0.7382223313358398
22,0.8173302107728337,0.3963616843912833,0.5744016649323621,0.7512641114945466
23,0.8194119177880834,0.38367555312368357,0.5764828303850156,0.7610629306995658
24,0.8324225865364571,0.3742582267487139,0.5744016649323621,0.773673872421733
25,0.843871975035026,0.3532239099266068,0.578563995837669,0.7861969104418521
26,0.8384074941451991,0.34807829408015306,0.5712799167533819,0.7965141790962617
27,0.8469945355346357,0.3378808261158254,0.5754422476586889,0.8127727968759765
28,0.8490762425188655,0.3341169125697838,0.5712799167533819,0.8258253101503688
29,0.8691126724068708,0.31790306780321537,0.5712799167533819,0.8441613655184608
30,0.8652094717668488,0.3102452115054215,0.5733610822060354,0.8591975404122122
31,0.8740567265234979,0.2994700559811638,0.5702393340270552,0.875773708604501
32,0.8735362997813179,0.3033203524659768,0.5806451612903226,0.8924599658934308
33,0.874056726515743,0.2944808363761329,0.5691987513007284,0.9014933479564123
34,0.8787405672651575,0.27899053856447403,0.5681581685744017,0.9165534645039879
35,0.8829039812801469,0.2730976947111417,0.5660770031217481,0.9347300569175061
36,0.882903981264637,0.264641770126064,0.5691987513007284,0.947267561747802
37,0.8821233411552445,0.2679425747466528,0.5712799167533819,0.968891331482132
38,0.8821233411397346,0.2584962051205731,0.578563995837669,0.9819362916509765
39,0.8870673952641166,0.25626675082763717,0.5733610822060354,0.9991868676057591
40,0.8927920895134009,0.24229125552618067,0.5744016649323621,1.0210990718450557
41,0.8852459016393442,0.2512728044011461,0.5671175858480749,1.0415485954681618
42,0.902680197762165,0.23516768747332378,0.5681581685744017,1.0566368951509697
43,0.8982565703877179,0.23706480610224842,0.5691987513007284,1.0734654975731341
44,0.9052823315118397,0.2298232276218495,0.5671175858480749,1.0930661235341916
45,0.8956544366380432,0.23250926029486735,0.5754422476586889,1.1154631874315697
46,0.8992974238875878,0.22073117966395073,0.5712799167533819,1.1351845224739734
47,0.8995576372625553,0.2270225870122272,0.5754422476586889,1.1526827650313323
48,0.9104865990111892,0.21138839420748354,0.5702393340270552,1.172752451574145
49,0.9029404111371324,0.21400019734823553,0.5754422476586889,1.1896187702153154
50,0.9047619047619048,0.2155502360050462,0.5754422476586889,1.2049046161891765
51,0.9141295862607338,0.20447539249951258,0.5744016649323621,1.2244680273917414
52,0.9136091595107989,0.199204814864355,0.5764828303850156,1.248091491402498
53,0.9143897996357013,0.19700308723388288,0.5691987513007284,1.2739127326086086
54,0.9146500130106687,0.19919687030667785,0.5764828303850156,1.2880004697734186
55,0.9195940671350508,0.18981498324210727,0.5764828303850156,1.3080320425261815
56,0.9162112932604736,0.1931595480185358,0.5712799167533819,1.3237996951102218
57,0.9128285193858965,0.19141536690013625,0.5671175858480749,1.3469269743322954
58,0.9177725735180334,0.18211301367884034,0.578563995837669,1.3629133223743022
59,0.920895134025398,0.1844154563602792,0.5816857440166493,1.3833876837056585
60,0.921935987525268,0.18235507872679751,0.5796045785639958,1.4061765988337014
61,0.9227166276346604,0.18398118676724856,0.5764828303850156,1.4312377493289705
62,0.9188134270256583,0.17945859358083013,0.5733610822060354,1.4559356027537653
63,0.9208951340098881,0.18321785348560346,0.5712799167533819,1.4786227575574036
64,0.9276606817590424,0.17774431052153158,0.5702393340270552,1.5058654706758465
65,0.9224564142596929,0.1752838268837301,0.5733610822060354,1.5296747789918819
66,0.9188134270101483,0.1814453815219809,0.5764828303850156,1.5418692987245526
67,0.921415560759823,0.1726474299224255,0.5744016649323621,1.5620537306590085
68,0.9271402550091075,0.17232940062122468,0.5806451612903226,1.5776726137711032
69,0.9266198282591726,0.1727714828997579,0.5744016649323621,1.6020285986464675
70,0.9292219620243571,0.1703241688182135,0.5754422476586889,1.619025191580964
71,0.9255789747593026,0.16638097189892218,0.5837669094693028,1.6381088048684858
72,0.9281811085089774,0.16695943497840607,0.5775234131113424,1.6613870031751778
73,0.9258391881497801,0.16562946690205266,0.5754422476586889,1.6755555393668542
74,0.9284413218839448,0.16638001482284281,0.5712799167533819,1.701852274114706
75,0.9302628155087171,0.16040396479627536,0.5712799167533819,1.713714606866132
76,0.9253187613843351,0.16524359520167042,0.5764828303850156,1.7285483637659904
77,0.9326047358834244,0.16106771606580683,0.5733610822060354,1.7434421833546427
78,0.9305230288836847,0.16132674790771484,0.5764828303850156,1.7722583965754037
79,0.9240176945094978,0.16693805722408764,0.5712799167533819,1.7915604412865813
80,0.9336455893832943,0.15726845415327004,0.5733610822060354,1.8024282560264158
81,0.9276606817590424,0.16157742605076664,0.5671175858480749,1.8163709058101667
82,0.9294821753838147,0.1593351674683231,0.5681581685744017,1.8320092823701397
83,0.930783242274162,0.15435296087689365,0.5660770031217481,1.8517167139003725
84,0.9287015352589123,0.1548696056254559,0.5691987513007284,1.8690398110311313
85,0.931824095758522,0.15577201708092717,0.5764828303850156,1.8901103512925734
86,0.9328649492739018,0.15096427303659646,0.5671175858480749,1.9079734511231532
87,0.9378090033827738,0.1488780882345251,0.5733610822060354,1.9262341145546205
88,0.9365079365079365,0.14745590107982207,0.5733610822060354,1.9500916211339612
89,0.9349466562581317,0.1539186309521905,0.578563995837669,1.964671985539884
90,0.9385896435231862,0.14670145047880417,0.5806451612903226,1.9825967674324838
91,0.9357272963830341,0.15081937047705005,0.5723204994797086,1.98704384690641
92,0.9349466562581317,0.14911421214676512,0.5744016649323621,2.013246536254883
93,0.9331251626333593,0.14645691077323544,0.5796045785639958,2.0310142175464057
94,0.9328649492583919,0.1560905230321977,0.5744016649323621,2.0300123395086205
95,0.9417122040227959,0.13628014675534209,0.5775234131113424,2.0483877287943084
96,0.9292219620088472,0.15149990919877582,0.5764828303850156,2.060698866596083
97,0.9302628155087171,0.1527143865358448,0.5733610822060354,2.074093156625031
98,0.9375487900078064,0.14431565539630756,0.5796045785639958,2.0882790189131737
99,0.9341660161332292,0.14817953716276247,0.5723204994797086,2.124942632917311
100,0.9315638823835545,0.14643027222221666,0.5754422476586889,2.1451770068455436
101,0.930783242258652,0.15294180156611198,0.5712799167533819,2.1728967288034142
102,0.9333853760083268,0.14963728163295384,0.5796045785639958,2.1903344634668387
103,0.9344262295081968,0.14719321567932594,0.5744016649323621,2.199147059691684
104,0.9372885766328389,0.14656777972670046,0.5754422476586889,2.2082255876523273
105,0.9352068696330992,0.14069076311187356,0.5827263267429761,2.2106731937777613
106,0.9297423887587822,0.14656205075610484,0.578563995837669,2.229682963050739
107,0.9372885766328389,0.1460444162421136,0.5848074921956296,2.2291155536266567
108,0.9365079365079365,0.1449434894437347,0.5816857440166493,2.2353362203512677
109,0.9406713505074161,0.14051991356611873,0.5837669094693028,2.2288421140625125
110,0.9427530575071559,0.13314610851175876,0.5796045785639958,2.2435760274762044
111,0.9375487900078064,0.13748516979710435,0.5796045785639958,2.2648054635487536
112,0.9344262295081968,0.15028553382153548,0.5848074921956296,2.2767490407802806
113,0.9344262295081968,0.1481827527629718,0.5848074921956296,2.302882919202362
114,0.936768149882904,0.13945472817223364,0.5816857440166493,2.321764025802295
115,0.9385896435076763,0.13980465597150044,0.5816857440166493,2.339738317632526
116,0.9375487900233164,0.13968232408216338,0.5764828303850156,2.366055509178249
117,0.9305230288914396,0.1448904721649432,0.5775234131113424,2.378304533358047
118,0.9370283632733813,0.1373331368807049,0.5712799167533819,2.368531183943416
119,0.9326047358834244,0.1427699367930391,0.5816857440166493,2.3845365758244874
120,0.9331251626333593,0.14023414639513257,0.5816857440166493,2.4035616255947754
121,0.9443143377569607,0.1380439367103617,0.5744016649323621,2.42476404891674
122,0.9375487900078064,0.14229513664450957,0.5796045785639958,2.4350919465492717
123,0.9320843091334895,0.14208121732267015,0.5775234131113424,2.451185045951859
124,0.9370283632578714,0.1393402981645283,0.5744016649323621,2.4567095432023476
125,0.9435336976320583,0.13683582852819207,0.578563995837669,2.4708128130522775
126,0.9385896435154313,0.14076423876117425,0.5754422476586889,2.4836787848765347
127,0.9385896435076763,0.14024688962448584,0.578563995837669,2.49881896119212
128,0.9328649492583919,0.1424692071137711,0.5806451612903226,2.5001217642882363
129,0.9339058027582617,0.1434258147589465,0.5806451612903226,2.524296004615887
130,0.9372885766328389,0.14095872266626655,0.5837669094693028,2.523746666997578
131,0.9388498568826438,0.13218011873120633,0.5816857440166493,2.5421930876532404
132,0.9391100702576113,0.13765683289856734,0.5712799167533819,2.562532022641923
133,0.9385896435076763,0.1332261042294754,0.5702393340270552,2.575992440147777
134,0.9375487900233164,0.1350153071276074,0.5702393340270552,2.5854349430344232
135,0.9414519906323185,0.13319890786591465,0.5733610822060354,2.5991474608352854
136,0.9448347645068956,0.13135953393922073,0.5702393340270552,2.604495854705231
137,0.9378090033827738,0.13522509517084644,0.578563995837669,2.620539991466113
138,0.9365079365079365,0.13442203761767882,0.5723204994797086,2.629267467668476
139,0.9388498568826438,0.13545256725631435,0.5681581685744017,2.6477940333125245
140,0.9396304970075462,0.13473104633538246,0.5733610822060354,2.672221718419975
141,0.945615404647308,0.1290982870999147,0.5733610822060354,2.6844829738946414
142,0.9453551912568307,0.1296066432811306,0.5754422476586889,2.7065105152924027
143,0.940671350522926,0.13427203526851755,0.5754422476586889,2.7349938991538694
144,0.9424928441321884,0.1280004219972363,0.5723204994797086,2.744893124150684
145,0.9445745511319282,0.1318387088111151,0.5754422476586889,2.743602470602379
146,0.9388498568826438,0.13557450131120827,0.5796045785639958,2.750041242940865
147,0.9344262295081968,0.13711453237186225,0.5775234131113424,2.7428710910953913
148,0.9479573250220152,0.12681705349750455,0.5639958376690947,2.7599170790998793
149,0.9437939110070258,0.13206775458551404,0.5671175858480749,2.7675879469275104
150,0.940671350522926,0.13576820598987438,0.5650364203954215,2.782869644517333
151,0.9372885766328389,0.1381738535626548,0.5702393340270552,2.8051055816160155
152,0.9398907103980236,0.1321603540576376,0.5744016649323621,2.8078297728926533
153,0.9370283632578714,0.13092119723457613,0.578563995837669,2.8111697355988867
154,0.9354670830080666,0.13454649161141255,0.5702393340270552,2.831098792208097
155,0.9401509237574811,0.1339699791498616,0.5744016649323621,2.828420351000656
156,0.9443143377569607,0.1284482721442896,0.5733610822060354,2.845284837837894
157,0.9336455893832943,0.1418214209868267,0.5733610822060354,2.848566406599317
158,0.9406713505074161,0.12889572292868742,0.5723204994797086,2.8630838374317498
159,0.9432734842570908,0.1251828526172156,0.5754422476586889,2.8611203985333318
160,0.9393702836325787,0.1354366239439478,0.5744016649323621,2.8687202399528733
161,0.941191777257351,0.1244445676194863,0.5712799167533819,2.874175349209733
162,0.9435336976320583,0.13115431236468145,0.5733610822060354,2.8924558682446673
163,0.9443143377569607,0.12464654804072885,0.5775234131113424,2.9007742072491443
164,0.9401509237574811,0.13062386736642126,0.5764828303850156,2.9137120214634953
165,0.9349466562736416,0.13184321485023587,0.5764828303850156,2.899130748784505
166,0.9404111371479585,0.13121703558684078,0.5796045785639958,2.9014152271070293
167,0.9396304970075462,0.12844337854120466,0.5775234131113424,2.90765929693486
168,0.9435336976475682,0.1318937358122892,0.5796045785639958,2.906149976087286
169,0.9453551912568307,0.12966721863302905,0.5775234131113424,2.9201882870462756
170,0.9479573250065053,0.12411808311132723,0.5796045785639958,2.93385188636621
171,0.9453551912568307,0.12738609961891995,0.5806451612903226,2.9512585293614033
172,0.9388498568826438,0.13356576334164535,0.5723204994797086,2.9582522347119795
173,0.9471766848971128,0.11764084692582034,0.5681581685744017,2.9576003246327223
174,0.9396304970075462,0.1317669260358007,0.5744016649323621,2.95660538107746
175,0.9453551912568307,0.12383624889206644,0.5764828303850156,2.9630206912662933
176,0.9409315638823835,0.12835125462618574,0.5775234131113424,2.972731100781031
177,0.9409315638823835,0.1255987774214295,0.5744016649323621,2.977723419852361
178,0.9357272963830341,0.1304689030953754,0.5691987513007284,2.986056240242552
179,0.9479573250220152,0.12449658364484063,0.5702393340270552,3.0019240277304733
180,0.9445745511319282,0.1251362927816372,0.5671175858480749,3.0235878945513397
181,0.9453551912645856,0.11904944259612286,0.5681581685744017,3.0237921099260867
182,0.9388498568826438,0.12703800464454662,0.5619146722164412,3.0448076238121127
183,0.9443143377569607,0.12569109774833231,0.5639958376690947,3.0780370878007237
184,0.9396304970075462,0.1310966170659265,0.5639958376690947,3.0794573837462873
185,0.9437939110070258,0.12431585925214153,0.5702393340270552,3.076161833385027
186,0.9474368982565704,0.12109489141905987,0.5681581685744017,3.093993328612503
187,0.941191777257351,0.1271415465597898,0.5723204994797086,3.092047846900313
188,0.9443143377569607,0.12438634366151832,0.5733610822060354,3.1105418443431714
189,0.9419724173822535,0.12819900703302606,0.5764828303850156,3.1075455827345833
190,0.941191777257351,0.12917709504134203,0.5775234131113424,3.112396747835221
191,0.9479573250220152,0.12272982450161879,0.5754422476586889,3.1310599249681994
192,0.9372885766328389,0.13354825098169307,0.5764828303850156,3.1524432015592674
193,0.9463960447567005,0.12188262920928457,0.5806451612903226,3.1513560912363485
194,0.9453551912568307,0.12416713443084787,0.5848074921956296,3.1491488432909027
195,0.9385896435076763,0.13022370112760828,0.5816857440166493,3.161071341442144
196,0.9432734842570908,0.12687900620157633,0.5837669094693028,3.147815792915352
197,0.9474368982565704,0.11848339016326091,0.5879292403746098,3.1580569634948636
198,0.9484777517564403,0.12334040680770805,0.5827263267429761,3.159510234888337
199,0.9435336976320583,0.12433823743835576,0.5796045785639958,3.167984746621377
200,0.9432734842570908,0.122561857694648,0.5775234131113424,3.1820457165248683
201,0.9437939110225357,0.12702204794614474,0.578563995837669,3.213348932494482
202,0.9414519906323185,0.12908327146383614,0.5806451612903226,3.207328031264036
203,0.9430132708821234,0.1330934486257636,0.5744016649323621,3.195716486264962
204,0.9372885766328389,0.12710925688685507,0.5712799167533819,3.189547370053231
205,0.9398907103825137,0.13032337095401358,0.5733610822060354,3.1868137911380763
206,0.9398907103825137,0.1288186676457094,0.5723204994797086,3.184434585094948
207,0.9437939110070258,0.12478621671620428,0.5754422476586889,3.1928663814477196
208,0.9393702836325787,0.12993586701085302,0.5775234131113424,3.1940017384123234
209,0.9388498568826438,0.12693992192121942,0.5754422476586889,3.2074051335004317
210,0.941191777257351,0.12564070062140392,0.5723204994797086,3.2068777295230704
211,0.9430132708821234,0.12488439674783647,0.5733610822060354,3.2385687101147798
212,0.9482175383814728,0.11998999832940077,0.5660770031217481,3.236958447653843
213,0.9419724173822535,0.1245763008251317,0.5712799167533819,3.231072020208178
214,0.9458756180067656,0.12270847767845451,0.5764828303850156,3.2253268477075676
215,0.9396304970075462,0.12797165652356543,0.5754422476586889,3.240441461507537
216,0.9406713505074161,0.12228230551474578,0.578563995837669,3.259205853405654
217,0.942232630757221,0.1282892135320163,0.5712799167533819,3.2838986388850535
218,0.9495186052563102,0.1190738903473449,0.5712799167533819,3.2852036420810236
219,0.9344262295081968,0.13279312715465563,0.5702393340270552,3.3025593201898262
220,0.9396304970075462,0.12452851788795401,0.5639958376690947,3.2984175968616736
221,0.9453551912568307,0.12251084646384076,0.5660770031217481,3.3219393091072775
222,0.9435336976320583,0.12841459400825844,0.5639958376690947,3.3259857252906935
223,0.9458756180067656,0.12270037702936898,0.5691987513007284,3.3403212297223237
224,0.9419724173822535,0.11911987114407853,0.5650364203954215,3.34828964666571
225,0.9430132708821234,0.12371413279814301,0.5660770031217481,3.3689278154541875
226,0.9391100702576113,0.12943801677012984,0.5681581685744017,3.382282221106411
227,0.941712204007286,0.12354113318359529,0.5712799167533819,3.3870595982618066
228,0.9497788186312777,0.11734069179285016,0.5733610822060354,3.3904564493528637
229,0.9424928441321884,0.12395848891902118,0.5712799167533819,3.4098967162428986
230,0.942232630757221,0.12613685692619556,0.5744016649323621,3.393699577149938
231,0.9450949778818631,0.11958079118036352,0.5744016649323621,3.3857978089915104
232,0.9372885766328389,0.12593470999717543,0.5754422476586889,3.4090317017578062
233,0.9435336976320583,0.12400105388531175,0.5712799167533819,3.3846407847151423
234,0.9393702836325787,0.12741826079551236,0.5775234131113424,3.389551839520854
235,0.9482175383814728,0.11847984808250668,0.5681581685744017,3.400646577888671
236,0.945615404631798,0.11858721789347762,0.5744016649323621,3.405211300309069
237,0.945615404631798,0.12002769246602428,0.5702393340270552,3.417267560710768
238,0.9461358313817331,0.12147209143463349,0.5712799167533819,3.4208946094056447
239,0.9385896435076763,0.12350891432025735,0.5660770031217481,3.424564098096167
240,0.9445745511319282,0.12104178354776125,0.5660770031217481,3.4385892756895764
241,0.9427530575071559,0.12108960508090458,0.5691987513007284,3.456916728203304
242,0.9432734842570908,0.12551946526637092,0.5639958376690947,3.445168095746472
243,0.9450949778973731,0.12363012295168822,0.5639958376690947,3.4392085447519802
244,0.9484777517564403,0.11698007589822135,0.5660770031217481,3.4376287723307057
245,0.9492583918813428,0.11872580799271966,0.5681581685744017,3.4497609932390385
246,0.9463960447567005,0.1261651519372877,0.5619146722164412,3.462685075932561
247,0.9424928441476983,0.12740511438854654,0.5681581685744017,3.4626838468736216
248,0.9448347645068956,0.1246492935602914,0.5702393340270552,3.4538874368141643
249,0.9401509237574811,0.12543797328721148,0.5691987513007284,3.456015287651356
