epoch,acc,loss,val_acc,val_loss
0,0.5912047879260994,0.7050177293490097,0.6139438085327783,0.6986805181349477
1,0.6065573770569352,0.6515767258218015,0.6087408949011447,0.6960794008981425
2,0.6156648451885518,0.6069288457584604,0.6087408949011447,0.6938717960070869
3,0.6180067655477491,0.5721432882657499,0.6087408949011447,0.6932934246623925
4,0.6276346604370556,0.5441024791456094,0.6056191467221644,0.6977254915808043
5,0.6448087431849089,0.5128497554087682,0.6118626430801248,0.7000430503571319
6,0.7096018735518097,0.49165087562193016,0.5931321540062435,0.7047989132749178
7,0.7574811345458248,0.48063238213653525,0.6066597294484911,0.7096280889754241
8,0.8160291438979964,0.4556026665332446,0.5920915712799167,0.7139495206797161
9,0.8295602394118149,0.4401699131179718,0.5837669094693028,0.7217694318133264
10,0.8446526151444185,0.42276739670899643,0.5691987513007284,0.7284786352629964
11,0.8540202966587573,0.4029548745772009,0.5691987513007284,0.7345688374059878
12,0.8584439240176945,0.3931761670013346,0.5702393340270552,0.7399655979332145
13,0.8691126724068708,0.37789466805734767,0.5660770031217481,0.7479540157392544
14,0.8631277647671091,0.37363755930192827,0.5639958376690947,0.7558200724043037
15,0.858183710642727,0.3634410276097802,0.558792924037461,0.7688809088688116
16,0.8706739526566757,0.345743150286708,0.554630593132154,0.7740409408350021
17,0.8670309653993761,0.3404500489584828,0.5608740894901144,0.7861560605443108
18,0.8717148061410357,0.33119133525827793,0.5525494276795005,0.7945642400606614
19,0.8868071818891491,0.3172956528939402,0.5473465140478668,0.8087758580678212
20,0.8925318761539435,0.30589946016432745,0.5411030176899063,0.819681621304908
21,0.8901899557792362,0.3046300061010241,0.5400624349635796,0.8315839067830255
22,0.9045016914024472,0.28766748525498903,0.5442247658688866,0.8401854120729865
23,0.8964350767629456,0.2856414212694771,0.5442247658688866,0.8532569121247647
24,0.8969555035128806,0.2847016793410356,0.5515088449531738,0.8648755789175242
25,0.9013791308873276,0.27434688473845903,0.5650364203954215,0.8805357441693762
26,0.8964350767629456,0.27196388699418705,0.5567117585848075,0.8881700841494827
27,0.9013791308950826,0.26307626523420646,0.5567117585848075,0.9063363056649278
28,0.9063231850272195,0.2554930988432621,0.5650364203954215,0.9149426455056134
29,0.9159510798855062,0.25092951532704366,0.5650364203954215,0.9313914765924618
30,0.911527452526569,0.24926235922109388,0.5577523413111343,0.94832096338024
31,0.9172521467603435,0.2439563990321719,0.5535900104058272,0.9634942793821321
32,0.9151704397761137,0.246865078523821,0.5483870967741935,0.9778372766324062
33,0.9224564142596929,0.2361431294606745,0.5515088449531738,0.9994829235662407
34,0.9287015352589123,0.2326271193445644,0.5525494276795005,1.0128043677878802
35,0.9287015352589123,0.22520313277208584,0.5494276795005203,1.0350632803993345
36,0.9302628155087171,0.2267348256961554,0.554630593132154,1.0625848211309292
37,0.9245381212749426,0.22549980185536272,0.5515088449531738,1.0818798932150921
38,0.9313036690085871,0.21665629740264494,0.5598335067637877,1.099327272480658
39,0.9339058027582617,0.21079183046299127,0.5504682622268471,1.1271482626059548
40,0.9320843091489994,0.21066102972571626,0.5483870967741935,1.1461417848064053
41,0.9365079365079365,0.20343301417134002,0.554630593132154,1.1771194660080584
42,0.9339058027582617,0.20654554851110826,0.5504682622268471,1.1908838309184817
43,0.936247723132969,0.20500898606262882,0.5577523413111343,1.2023054773800084
44,0.9328649492583919,0.20698976574885855,0.558792924037461,1.2438627454170204
45,0.9383294301327089,0.19841434534579988,0.5494276795005203,1.2683390298631512
46,0.9380692167577414,0.19851818172425428,0.54630593132154,1.2903901680327108
47,0.9388498568826438,0.19545188724350998,0.5411030176899063,1.3182430392621582
48,0.9458756180067656,0.18846972241043858,0.5327783558792925,1.340715436794011
49,0.9391100702576113,0.19486716705961615,0.5379812695109261,1.3550523775053074
50,0.9443143377569607,0.18770009746099864,0.5338189386056191,1.3589553312009877
51,0.936247723132969,0.19652380804562053,0.5348595213319459,1.3698676459871146
52,0.9474368982565704,0.18188790937547816,0.5369406867845994,1.393271994516331
53,0.9357272963830341,0.19198573248001893,0.5452653485952134,1.4034317826133116
54,0.9502992453812126,0.17388637563794843,0.5494276795005203,1.4168746161287211
55,0.9495186052563102,0.17811807779914662,0.5431841831425598,1.4315165735308264
56,0.9437939110070258,0.18542551159792786,0.5411030176899063,1.4514747111283777
57,0.9398907103825137,0.18775154237259561,0.5504682622268471,1.4711724365911176
58,0.9497788186312777,0.17312319912239346,0.5525494276795005,1.4851861579981356
59,0.9422326307727309,0.18471286461559894,0.5452653485952134,1.5093299584631865
60,0.9474368982565704,0.17766851848638401,0.54630593132154,1.5279897038944057
61,0.9463960447567005,0.1760768916980382,0.5473465140478668,1.560424544932815
62,0.9474368982565704,0.1781417186241844,0.5473465140478668,1.5744406544331084
63,0.9471766848816029,0.1777876364079314,0.5400624349635796,1.5982202533380545
64,0.9479573250065053,0.1793631637527581,0.5338189386056191,1.6212246094236265
65,0.9458756180067656,0.1773299979874314,0.54630593132154,1.6367452859134257
66,0.9536820192557898,0.16543828395313812,0.554630593132154,1.6415881367553409
67,0.956023939630497,0.164679758111124,0.5608740894901144,1.6724665671369907
68,0.9500390320062451,0.17202485464232184,0.5577523413111343,1.6915166509201078
69,0.9557637262555295,0.1670945325486833,0.5577523413111343,1.7279818359448436
70,0.9518605256310174,0.16723892269130178,0.558792924037461,1.724309628017239
71,0.955503512880562,0.15973246557046247,0.5494276795005203,1.7670451112393906
72,0.9469164715066355,0.1756582108144257,0.5452653485952134,1.7926511908421034
73,0.9547228727556596,0.1645855590896916,0.5515088449531738,1.8372398769942333
74,0.9562841530054644,0.15785216486201198,0.5483870967741935,1.8492163587187134
75,0.9542024460057247,0.15997570097609295,0.5515088449531738,1.8741842035696483
76,0.9562841530054644,0.16271237891158677,0.5535900104058272,1.8817118174327647
77,0.9476971116315379,0.1713827450275266,0.554630593132154,1.8859053243583497
78,0.9539422326307572,0.16238217819273673,0.5577523413111343,1.9163682971859077
79,0.9588862867551392,0.1561249125736271,0.5567117585848075,1.953032720597552
80,0.9581056466302368,0.15681963085531103,0.5577523413111343,1.9869777203598578
81,0.9575852198803019,0.15905994427349926,0.5577523413111343,2.001619855025308
82,0.9591465001456166,0.15845688958047674,0.5598335067637877,2.0294012370888574
83,0.9568045797553995,0.1593518601383916,0.5567117585848075,2.049130424376457
84,0.9599271402550091,0.15313814012777238,0.5598335067637877,2.0733031752702473
85,0.9646109810199336,0.14691193817867265,0.5608740894901144,2.0954831442897452
86,0.9622690606297164,0.14869392541875265,0.5608740894901144,2.1027577995137543
87,0.9627894873796513,0.15099190771405255,0.5567117585848075,2.1465499865028788
88,0.9614884205203239,0.15003924841468855,0.5535900104058272,2.1532486770205144
89,0.9648711943793911,0.14528394909345357,0.554630593132154,2.1681743749842806
90,0.9562841530054644,0.1550733914156305,0.554630593132154,2.187105632349306
91,0.9633099141295862,0.14724591314102442,0.5525494276795005,2.2167431648266303
92,0.9666926880041634,0.14155269987084362,0.5515088449531738,2.2435623019096385
93,0.960447567004944,0.15106674182734514,0.5494276795005203,2.258935493683592
94,0.9573250065053344,0.1579746129904878,0.5504682622268471,2.2739016880726095
95,0.9625292740046838,0.15060614767350353,0.5525494276795005,2.277922542980881
96,0.9591465001301067,0.1527324166423233,0.5504682622268471,2.294752922564218
97,0.9643507676294562,0.1415436436426289,0.5567117585848075,2.3069009855312066
98,0.9588862867551392,0.15209805815365052,0.5608740894901144,2.3088836808854656
99,0.9646109810044237,0.1455040108882649,0.5608740894901144,2.320588379819237
100,0.9648711943793911,0.14162461284762276,0.5515088449531738,2.3708540611783127
101,0.9674733281290658,0.14046209882494065,0.5567117585848075,2.386742592850287
102,0.964871194394901,0.14221678858401407,0.5650364203954215,2.408048752319304
103,0.9620088472547489,0.14793239506758846,0.558792924037461,2.41048651654564
104,0.959406713520584,0.15191992522526804,0.5608740894901144,2.4385816959138964
105,0.9695550351288056,0.13394622403896633,0.558792924037461,2.457771036304867
106,0.9638303408795212,0.14416014933738117,0.554630593132154,2.4647085202720236
107,0.9635701275045537,0.14525585386135323,0.558792924037461,2.4960203939868557
108,0.9656518345042935,0.14335511045517352,0.5639958376690947,2.5229050768277648
109,0.960447567004944,0.152640797117361,0.558792924037461,2.5481832679923193
110,0.9643507676449661,0.14482633697778768,0.558792924037461,2.5492489523991835
111,0.9687743950039032,0.13661703143308568,0.5650364203954215,2.5438748830066884
112,0.9625292740046838,0.14617990700742742,0.5702393340270552,2.5599588062711116
113,0.9635701275045537,0.1452354839982355,0.5650364203954215,2.5810684919605396
114,0.9690346083788707,0.13632323488306167,0.5639958376690947,2.606460899269668
115,0.960967993754879,0.1507888358341292,0.5639958376690947,2.6186111333094826
116,0.9682539682539683,0.14006016898397167,0.558792924037461,2.6241570809133097
117,0.9672131147540983,0.13967849989088443,0.5608740894901144,2.6335189106809236
118,0.9620088472547489,0.14730253150953684,0.558792924037461,2.647945966234316
119,0.9661722612542285,0.14154044376075997,0.5598335067637877,2.665062106486786
120,0.9682539682539683,0.13487542822526638,0.5660770031217481,2.673176258337237
121,0.9661722612542285,0.14044747982516345,0.5691987513007284,2.6699011923743337
122,0.9711163153786104,0.13405451243498534,0.5660770031217481,2.6961599567306154
123,0.9672131147540983,0.14030545607360428,0.5671175858480749,2.711567861852735
124,0.9666926880041634,0.14026872024924966,0.554630593132154,2.7157814678862984
125,0.970335675253708,0.13515112070391458,0.5639958376690947,2.7101514351851734
126,0.9700754618942505,0.13548250163311826,0.5598335067637877,2.740258423768519
127,0.970856102003643,0.13033138879948286,0.5639958376690947,2.755651013536086
128,0.9682539682539683,0.13592807948880137,0.5671175858480749,2.775720169591358
129,0.9690346083788707,0.1366487095249279,0.5660770031217481,2.7958410031837677
130,0.9620088472547489,0.15086847055541516,0.5608740894901144,2.789667442115363
131,0.9672131147540983,0.1416223689762528,0.558792924037461,2.802070420688943
132,0.9705958886286755,0.1323043795706253,0.5608740894901144,2.8136563092687252
133,0.9698152485037731,0.13713999825035134,0.5619146722164412,2.8199270567958488
134,0.9674733281290658,0.13691876998891936,0.5681581685744017,2.818009422175222
135,0.9669529013791309,0.1397454118452561,0.5577523413111343,2.8225698406564828
136,0.9638303408795212,0.1464630789151345,0.5504682622268471,2.8351863956352177
137,0.9669529013791309,0.13827179960136826,0.5567117585848075,2.8741145208400445
138,0.970856102003643,0.13627721624598663,0.5660770031217481,2.884704691066206
139,0.9635701275045537,0.14494308486247384,0.554630593132154,2.943535847420747
140,0.9705958886286755,0.13695414424051136,0.554630593132154,2.9419866287993592
141,0.9760603695029925,0.1268289907971863,0.5577523413111343,2.932063645552398
142,0.9718969555035128,0.1322522949850981,0.5504682622268471,2.9555365009684964
143,0.9669529013791309,0.1396664812804168,0.5577523413111343,2.984551808836557
144,0.9682539682694782,0.13568095142817144,0.5567117585848075,3.0080456966912212
145,0.9695550351288056,0.1360715092597236,0.5598335067637877,3.0145408519224866
146,0.9760603695029925,0.12244952681289965,0.5504682622268471,3.0290253030894077
147,0.9690346083788707,0.13787176070146936,0.5504682622268471,3.040981768073202
148,0.9734582357533177,0.1305347353107539,0.5535900104058272,3.059180261689344
149,0.9716367421285454,0.13403592420576638,0.5556711758584808,3.0614682846585373
150,0.9666926880041634,0.14070879613518747,0.5494276795005203,3.0789117302036186
151,0.9716367421285454,0.13180837224594108,0.5473465140478668,3.072996610905452
152,0.9729378090188927,0.1291835335062222,0.5504682622268471,3.077043340804053
153,0.9685141816289358,0.13731547388447593,0.5577523413111343,3.085772505908057
154,0.9739786625032527,0.12811946133338253,0.5608740894901144,3.0757106196495796
155,0.9771012230028624,0.1243984148462722,0.5619146722164412,3.080769690713079
156,0.9666926880041634,0.1387745403247732,0.5681581685744017,3.082004944069949
157,0.9721571688784804,0.13300800487116046,0.5660770031217481,3.0819932221125863
158,0.9695550351288056,0.1396315588232691,0.5650364203954215,3.1125755816170875
159,0.9724173822534479,0.12841878175316707,0.5681581685744017,3.1296834057501277
160,0.9705958886286755,0.13173152620931047,0.5639958376690947,3.1211278242573655
161,0.9705958886286755,0.13352577539508367,0.5681581685744017,3.1619810378266173
162,0.9672131147540983,0.13767958682533543,0.562955254942768,3.1829603499850174
163,0.9739786625032527,0.13142124388775042,0.5608740894901144,3.1822047615646696
164,0.970335675253708,0.13291258410476256,0.558792924037461,3.203091413247846
165,0.9666926880041634,0.1419643249606019,0.554630593132154,3.2103094005187764
166,0.9739786625032527,0.12848341159644674,0.558792924037461,3.237935193495497
167,0.9698152485037731,0.1380682125330871,0.5515088449531738,3.2461057317120474
168,0.9687743950039032,0.1396058266582571,0.5525494276795005,3.2641307637793218
169,0.9755399427530576,0.1243098296793122,0.5567117585848075,3.2769885355922606
170,0.975800156128025,0.12028774271195455,0.5567117585848075,3.2720222659215223
171,0.9773614363778298,0.12181967237662314,0.5525494276795005,3.2640882084198473
172,0.9729378090033828,0.13406776353782768,0.5515088449531738,3.2852683074764606
173,0.970856102003643,0.1303845439498821,0.5483870967741935,3.263290951576987
174,0.9705958886286755,0.1325680965515527,0.5535900104058272,3.2677100486239334
175,0.9731980223783503,0.13208963300314477,0.5567117585848075,3.2881455384233615
176,0.9737184491282852,0.1233318361278983,0.5556711758584808,3.30312310073924
177,0.9750195160031225,0.1205824436796788,0.5535900104058272,3.2966242316610237
178,0.9747593026281551,0.12481705478271128,0.5483870967741935,3.3011081645441602
179,0.9731980223783503,0.1283683329297173,0.554630593132154,3.319344725246608
180,0.9718969555035128,0.13053606468975745,0.5515088449531738,3.3233523434580428
181,0.9737184491282852,0.12131671510557318,0.554630593132154,3.3290462833785615
182,0.9682539682539683,0.13928386514835328,0.5525494276795005,3.3311633964483
183,0.9747593026281551,0.12345886428801926,0.5577523413111343,3.3174966721331294
184,0.9716367421440554,0.13025152145063632,0.5567117585848075,3.3406518017960387
185,0.9713765287535779,0.1310426993487001,0.5556711758584808,3.342478147096366
186,0.9726775956284153,0.1275349246978279,0.5515088449531738,3.363907884856789
187,0.9734582357533177,0.1269480957621294,0.5556711758584808,3.3611156516839267
188,0.9734582357533177,0.12794780335116443,0.5494276795005203,3.382845295160916
189,0.9716367421285454,0.1319552594982427,0.5619146722164412,3.358362562326437
190,0.9778818631277648,0.118048101110079,0.562955254942768,3.3538812526834123
191,0.9747593026436651,0.1275118014758495,0.5639958376690947,3.349491029155986
192,0.9737184491437951,0.12758529341348038,0.562955254942768,3.3509174564254396
193,0.9744990892531876,0.12492882415570848,0.5598335067637877,3.3624505720389126
194,0.970856102003643,0.12936742430067671,0.5702393340270552,3.353959494525262
195,0.9718969555035128,0.1310819286146404,0.5660770031217481,3.3779565129394213
196,0.970335675253708,0.13399152640343456,0.5671175858480749,3.3569553304661324
197,0.9726775956284153,0.12701715543311679,0.5681581685744017,3.3769083552752526
198,0.9718969555035128,0.13007238957543346,0.5681581685744017,3.380404987766889
199,0.9700754618787406,0.13502557518412878,0.5650364203954215,3.3941169649703693
200,0.9755399427530576,0.12404103907110664,0.5691987513007284,3.3963176953556884
201,0.9768410096278949,0.12217614205998584,0.5660770031217481,3.4184313396013244
202,0.9729378090033828,0.13028562831833684,0.5660770031217481,3.407366383212166
203,0.9737184491282852,0.12477955829828101,0.5567117585848075,3.454816774696763
204,0.9737184491282852,0.12639967640733427,0.5650364203954215,3.4545199433176874
205,0.9750195160031225,0.1224625181099446,0.5702393340270552,3.4471415902771887
206,0.9705958886286755,0.13507970572564865,0.5702393340270552,3.4351636552165625
207,0.9721571688784804,0.1301127931637718,0.5733610822060354,3.452790882535333
208,0.9744990892531876,0.12648421619984127,0.5639958376690947,3.462158686412609
209,0.9716367421285454,0.1315967298514856,0.562955254942768,3.4654286391529157
210,0.9731980223783503,0.12864273277722296,0.5712799167533819,3.4895885796998467
211,0.9724173822534479,0.12952248090134139,0.5650364203954215,3.533947238068675
212,0.9739786625032527,0.1289685649839488,0.5671175858480749,3.533452682018776
213,0.975800156128025,0.12662491675213294,0.5671175858480749,3.5302235844480134
214,0.9784022898776997,0.11819988171973018,0.5650364203954215,3.525683305762189
215,0.97527972937809,0.12461047317331544,0.5702393340270552,3.5104715295686435
216,0.9742388758782201,0.12858624325741896,0.5754422476586889,3.500097135847491
217,0.9778818631277648,0.11709775137243686,0.5827263267429761,3.5189513792976754
218,0.975800156128025,0.1245677299049181,0.5775234131113424,3.5155150302366955
219,0.97632058287796,0.12350155198726064,0.5702393340270552,3.540538386921481
220,0.9776216497683072,0.1178230347963413,0.5681581685744017,3.549555749228296
221,0.9771012230028624,0.11979859778785998,0.5650364203954215,3.5470244698420275
222,0.975800156128025,0.12384132072213197,0.5608740894901144,3.5653919012563904
223,0.9724173822534479,0.13025494059244855,0.5619146722164412,3.543849119906867
224,0.9755399427530576,0.12220843583868873,0.5608740894901144,3.5217069574747075
225,0.9765807962529274,0.12578638505569634,0.5598335067637877,3.5387728648428864
226,0.9744990892531876,0.12681230192317214,0.5567117585848075,3.5596360845198616
227,0.9747593026281551,0.12427779391307152,0.5515088449531738,3.576084845520083
228,0.9760603695029925,0.1255000101369928,0.5556711758584808,3.5703836316000532
229,0.9771012230028624,0.12267736714374979,0.5556711758584808,3.5747426546078938
230,0.9786625032526672,0.11802365448138784,0.5608740894901144,3.575610618313443
231,0.9724173822534479,0.13024734262393503,0.558792924037461,3.569399872381903
232,0.9771012230028624,0.11922994317380736,0.5567117585848075,3.5850450151544706
233,0.9760603695029925,0.12500612146138462,0.5608740894901144,3.6087955322027456
234,0.975800156128025,0.12429287454058595,0.5567117585848075,3.628150966735586
235,0.9711163153786104,0.13130822027649322,0.5556711758584808,3.5995299362119106
236,0.9763205828934699,0.12083798831494996,0.5598335067637877,3.5960818885144286
237,0.9755399427530576,0.12485266067116732,0.5619146722164412,3.6069903676393253
238,0.9713765287535779,0.13843181618226869,0.5650364203954215,3.6036299880163725
239,0.9750195160031225,0.12835792910415245,0.554630593132154,3.645601615449268
240,0.97632058287796,0.1231381855284659,0.5515088449531738,3.6412653937920325
241,0.9760603695029925,0.12335641615067551,0.5535900104058272,3.6312876487001544
242,0.97632058287796,0.12384929698936771,0.54630593132154,3.6375318625467004
243,0.97632058287796,0.12137020653733635,0.5442247658688866,3.671909556056409
244,0.9768410096278949,0.11997702919410103,0.5525494276795005,3.683438267345607
245,0.9758001561435349,0.12422251181772467,0.5483870967741935,3.698884937691267
246,0.9810044236273745,0.1154753467474727,0.5483870967741935,3.713713677691123
247,0.97527972937809,0.1280265519264121,0.5473465140478668,3.7263579849894164
248,0.9776216497527973,0.12201869416998415,0.5494276795005203,3.716208477794318
249,0.9771012230028624,0.12186956869774178,0.5577523413111343,3.7294892282317256
