epoch,acc,loss,val_acc,val_loss
0,0.5573770491803278,0.7032736870667415,0.5848074921956296,0.6980997862354401
1,0.6008326828154058,0.680790836414632,0.603537981269511,0.6934448870114059
2,0.6052563101820979,0.6728422029112082,0.6066597294484911,0.6902869573244815
3,0.6265938069216758,0.6526997637816961,0.6066597294484911,0.6863076629797452
4,0.6164454853134542,0.6485807706749505,0.6066597294484911,0.6859686676098826
5,0.6286755139369254,0.6295507582345109,0.6045785639958376,0.6849837965573282
6,0.6328389279208951,0.6199133663539802,0.6056191467221644,0.6858564293967574
7,0.6330991413036176,0.6050796586959089,0.6077003121748179,0.6860963290985616
8,0.6520947176839981,0.585436059849789,0.6056191467221644,0.6883924972502423
9,0.6518345042935206,0.5753947815375808,0.5962539021852237,0.6896287360374935
10,0.6572989851755926,0.5652532886782569,0.5993756503642039,0.6913583508143192
11,0.6643247463074693,0.548607122027995,0.6077003121748179,0.6959772903886968
12,0.6677075201665366,0.5314649714643125,0.6045785639958376,0.6999130529369946
13,0.678896695290138,0.5180626037745559,0.5972944849115505,0.7049088022835421
14,0.6734322144235759,0.514243534121264,0.5931321540062435,0.7065383298836191
15,0.6783762685557129,0.4971232963296978,0.5962539021852237,0.7104219729148634
16,0.6788966953056479,0.4878059511782755,0.603537981269511,0.7183789358426828
17,0.6900858704292492,0.47127402638384,0.5983350676378772,0.7302261162995052
18,0.6906062971791841,0.45527694158928794,0.595213319458897,0.7382079309528998
19,0.6950299245381213,0.45089151515040643,0.5983350676378772,0.7437703262134596
20,0.7012750455528506,0.4270105771865815,0.5858480749219563,0.7550222099633669
21,0.7043976060369503,0.4259790172807692,0.5858480749219563,0.7681522079114487
22,0.7673692427790788,0.41651543258220897,0.5910509885535901,0.7775750294188183
23,0.7868852459171493,0.40404207395322306,0.5837669094693028,0.7915606674865183
24,0.7980744210407507,0.3960209639547642,0.5931321540062435,0.8001119219673783
25,0.814728077023159,0.3806645810728175,0.5900104058272633,0.8138296038501592
26,0.8230549050221181,0.37521668407031716,0.5848074921956296,0.8320328896549316
27,0.8350247202706219,0.3689248416608676,0.5837669094693028,0.8489687360908437
28,0.8371064272703617,0.3669186542268659,0.586888657648283,0.859300329087304
29,0.8558417902680198,0.34704050914154927,0.5816857440166493,0.8725148599428143
30,0.868071818891491,0.33895154286107143,0.5837669094693028,0.8934512842954384
31,0.8649492583918813,0.32978065495313597,0.5848074921956296,0.909950811582599
32,0.8688524590163934,0.3288152423216408,0.5858480749219563,0.9267837036164569
33,0.8761384335309926,0.3182008035040882,0.5848074921956296,0.9458835045579321
34,0.8748373666561553,0.3143270739797438,0.5837669094693028,0.9638268947601318
35,0.8743169398907104,0.308008621962251,0.578563995837669,0.9885041105883675
36,0.8792609940150924,0.3011522230663369,0.586888657648283,1.0007233006897132
37,0.8787405672806674,0.29310801611292836,0.5837669094693028,1.019170410551216
38,0.887327608639084,0.2836843236772896,0.5796045785639958,1.0421173619678192
39,0.8894093156388239,0.2843933723694392,0.5889698231009365,1.0670124951063904
40,0.8888888889043988,0.27885313018392593,0.586888657648283,1.0878855973699215
41,0.8912308092635961,0.27358610736898786,0.5775234131113424,1.1113838234007296
42,0.8927920895134009,0.2722518503464295,0.5754422476586889,1.1382096332268214
43,0.8938329430287808,0.2660288752722858,0.5806451612903226,1.1589357284799946
44,0.8959146500130106,0.2646729874713266,0.5764828303850156,1.1838477156536884
45,0.9047619047774147,0.25489083952249847,0.578563995837669,1.2121810794000696
46,0.9005984907624252,0.2560908938180088,0.5775234131113424,1.2357932461908283
47,0.9086651054019268,0.2469644829022087,0.5723204994797086,1.2525394277939812
48,0.9065833983866771,0.24560637042389744,0.578563995837669,1.2712316428709476
49,0.9123080926359615,0.24182869951891892,0.5796045785639958,1.2909460866612525
50,0.9052823315273496,0.24521602381960103,0.5806451612903226,1.3120166741846504
51,0.9136091595107989,0.23592473632206978,0.5827263267429761,1.3340769349970505
52,0.9167317200259184,0.23738733029384151,0.5796045785639958,1.3588134967077534
53,0.926359614899715,0.22585369485633744,0.5754422476586889,1.3822191691919619
54,0.926359614884205,0.21640372546566608,0.5848074921956296,1.4046285487362546
55,0.9245381212749426,0.22523426745138286,0.5837669094693028,1.4389556860948576
56,0.9237574811345303,0.2202475336333046,0.5858480749219563,1.4592023000012575
57,0.9240176945094978,0.22598440249916044,0.5796045785639958,1.4877309049949685
58,0.9352068696330992,0.20838770563097445,0.5712799167533819,1.5174801525786814
59,0.9237574811345303,0.21450961508184493,0.5733610822060354,1.529160134874199
60,0.926359614884205,0.2132830988366623,0.5681581685744017,1.5661558881634603
61,0.9339058027582617,0.2095306999564574,0.5723204994797086,1.6054814390287686
62,0.9300026021337496,0.20503541214462837,0.5691987513007284,1.6154851318025936
63,0.9294821753838147,0.2064688960223568,0.5827263267429761,1.6342920160442436
64,0.9359875097580016,0.1985323654815861,0.578563995837669,1.6560311610195069
65,0.9341660161332292,0.19935860195336028,0.578563995837669,1.6926046107487673
66,0.936768149882904,0.19490406098439922,0.5796045785639958,1.7047795038689684
67,0.9271402550091075,0.20229171884577937,0.586888657648283,1.7257484074809921
68,0.9289617486338798,0.20135450118102352,0.5796045785639958,1.7420748493301756
69,0.9331251626488692,0.1930921622669514,0.5744016649323621,1.7774519568055278
70,0.9326047358834244,0.19532227920159415,0.5754422476586889,1.8016348470634278
71,0.9341660161487392,0.19219057025805197,0.586888657648283,1.825530267530872
72,0.9380692167577414,0.1890520952024475,0.5941727367325702,1.8501848455026173
73,0.9372885766328389,0.18768317061043827,0.5827263267429761,1.8888792976752529
74,0.9388498568981537,0.18592309615992333,0.5848074921956296,1.907837650406249
75,0.9404111371324486,0.1819139239020818,0.5796045785639958,1.936860206596065
76,0.9365079365234464,0.18671092243669804,0.5806451612903226,1.9527689371099084
77,0.9333853760083268,0.18816927768049638,0.5910509885535901,1.9788821167801967
78,0.9331251626333593,0.18883953393067882,0.5827263267429761,2.007129423079952
79,0.9341660161332292,0.18923267127711915,0.5889698231009365,2.021097469032121
80,0.9443143377569607,0.1709500570184639,0.5848074921956296,2.03417343651715
81,0.940150923772991,0.18172188171054932,0.5796045785639958,2.0710955142478666
82,0.9453551912568307,0.17344050800741387,0.5796045785639958,2.105730004166713
83,0.9328649492583919,0.18934919235046693,0.5796045785639958,2.1350477448859397
84,0.9378090033827738,0.18249506805981008,0.5827263267429761,2.150710119789274
85,0.9463960447567005,0.16875150722783275,0.5827263267429761,2.1704068327793595
86,0.936247723132969,0.18052123093043582,0.5848074921956296,2.194853848150692
87,0.9495186052563102,0.16580106329823296,0.578563995837669,2.217990163709817
88,0.9398907103825137,0.17728934771081542,0.5827263267429761,2.225365536518077
89,0.9461358313817331,0.17012519045749153,0.5827263267429761,2.239644950684102
90,0.946656258131668,0.161589844108225,0.5775234131113424,2.2538644471104012
91,0.9414519906323185,0.171336767704047,0.578563995837669,2.2697717674564992
92,0.9437939110225357,0.16895951295376693,0.5744016649323621,2.2809325068351756
93,0.9391100702576113,0.17845488639197993,0.5744016649323621,2.296246660611632
94,0.945615404631798,0.16329357139678974,0.578563995837669,2.3159821924136157
95,0.9430132708976333,0.16619968747770045,0.5764828303850156,2.329854314210636
96,0.9492583918813428,0.1648142157690059,0.5764828303850156,2.360814820963436
97,0.9435336976320583,0.1671487781980867,0.5733610822060354,2.38611287108073
98,0.950039032021755,0.16251137527735818,0.5754422476586889,2.404044383522375
99,0.9440541243819932,0.1686247318436353,0.578563995837669,2.4120875456826867
100,0.9458756180067656,0.1651224659529478,0.5775234131113424,2.442939004094246
101,0.945615404631798,0.1643687025829277,0.578563995837669,2.4616416788250053
102,0.9497788186312777,0.1631389570946173,0.5827263267429761,2.4820771787962976
103,0.9502992453812126,0.16000197700780025,0.5712799167533819,2.498854193553468
104,0.9484777517564403,0.16033724799748358,0.5775234131113424,2.5167657056286483
105,0.9474368982565704,0.16069998632657972,0.5816857440166493,2.5451028428886486
106,0.956023939630497,0.15459556416580525,0.5827263267429761,2.561760801182329
107,0.9523809523809523,0.1538031419025186,0.5879292403746098,2.572943385756351
108,0.951079885506115,0.1603240159505238,0.586888657648283,2.598941067627144
109,0.9562841530054644,0.1471897572479636,0.586888657648283,2.6274390404231838
110,0.9516003122560499,0.1521164207580404,0.5879292403746098,2.638662335279705
111,0.9510798855216249,0.1601389472121036,0.5796045785639958,2.6697104411368318
112,0.9542024460057247,0.1550989104732929,0.5816857440166493,2.6761241410699026
113,0.9487379651314077,0.15619285907979252,0.5910509885535901,2.6624598676778772
114,0.9529013791308873,0.1522032489165016,0.5837669094693028,2.685391247458562
115,0.9529013791308873,0.15325249216998893,0.5837669094693028,2.703494164251512
116,0.9568045797553995,0.1483319304367775,0.5796045785639958,2.723097464792686
117,0.9526411657559198,0.15408084031282662,0.5806451612903226,2.7430885525325333
118,0.9479573250065053,0.16060537023064125,0.5816857440166493,2.7534981488437236
119,0.9521207390059849,0.1534492969464471,0.578563995837669,2.753996560278346
120,0.9562841530054644,0.14599414159125287,0.578563995837669,2.7781942687099113
121,0.9523809523809523,0.15216353232626986,0.5858480749219563,2.7640724539384633
122,0.9544626593806922,0.15033500506454167,0.5920915712799167,2.7537254587544613
123,0.9471766848816029,0.1605428231939685,0.5796045785639958,2.7820625166243
124,0.9513400988810825,0.15348530206427022,0.5816857440166493,2.788326346787404
125,0.951079885506115,0.15394175733140816,0.5796045785639958,2.800218218943331
126,0.9482175383814728,0.15700762546658825,0.5806451612903226,2.8238355158270956
127,0.956023939630497,0.14797906565809277,0.578563995837669,2.841598296388751
128,0.9544626593806922,0.14742570536973543,0.5806451612903226,2.838408338167665
129,0.9549830861306271,0.14545419318938346,0.5848074921956296,2.8486482777034827
130,0.9542024460057247,0.1463113802250338,0.5848074921956296,2.855472082402034
131,0.9542024460057247,0.14549694833741456,0.5827263267429761,2.8663212918093994
132,0.9500390320062451,0.1513159647700286,0.5837669094693028,2.8877946633329996
133,0.9534218058963322,0.14526171464644588,0.5858480749219563,2.8870077817918856
134,0.9484777517564403,0.1524593170704148,0.5879292403746098,2.891376554903949
135,0.9495186052563102,0.15255194289390228,0.5806451612903226,2.9182996839191864
136,0.9557637262555295,0.14448041878126885,0.5775234131113424,2.9515130482652805
137,0.9521207390059849,0.14700791369634092,0.5775234131113424,2.9672303869622554
138,0.9458756180067656,0.1587582096251975,0.5858480749219563,2.9704654983377607
139,0.9518605256310174,0.14737639108039255,0.5837669094693028,2.9822278732315683
140,0.9536820192557898,0.1481677862923886,0.586888657648283,3.001865079326014
141,0.9583658600052043,0.13668684979729623,0.5816857440166493,3.008464027269822
142,0.9568045797553995,0.14398801155173155,0.5796045785639958,3.0235422453944816
143,0.9529013791308873,0.14790258551369787,0.5744016649323621,3.044645051430217
144,0.9529013791308873,0.14368946892176634,0.5733610822060354,3.0714564645947826
145,0.9549830861306271,0.14329988179249034,0.578563995837669,3.104841240238821
146,0.9620088472547489,0.13329375601166896,0.5775234131113424,3.1047563046744164
147,0.956023939630497,0.14093168845074022,0.5744016649323621,3.1218134198302905
148,0.9516003122560499,0.1437588052685035,0.5702393340270552,3.1166127966048194
149,0.9583658600207142,0.13972975731268233,0.5712799167533819,3.1280923162613155
150,0.9607077803799116,0.133762126737605,0.5754422476586889,3.1445734815964714
151,0.9531615925058547,0.14495837022197797,0.5754422476586889,3.132525558154119
152,0.9547228727556596,0.14244707868825388,0.5754422476586889,3.1381723124080345
153,0.9568045797553995,0.14057865503117842,0.5744016649323621,3.1275578021506987
154,0.9539422326307572,0.14692070729295753,0.5764828303850156,3.161667912113059
155,0.956023939630497,0.14098787883157504,0.5775234131113424,3.1733067023270336
156,0.9549830861306271,0.141133842805622,0.5775234131113424,3.1742735077761712
157,0.956023939630497,0.13988953199641813,0.5775234131113424,3.166022599425698
158,0.959406713520584,0.13538445595524878,0.5816857440166493,3.176952368014809
159,0.960447567004944,0.1324882090504657,0.5816857440166493,3.190686167340869
160,0.9568045797553995,0.13964423245376917,0.5848074921956296,3.1991677140346053
161,0.9601873536299765,0.13384799541570605,0.578563995837669,3.200923369900865
162,0.9620088472547489,0.1311220855505678,0.5754422476586889,3.193922900260425
163,0.9575852198958118,0.13833599022487597,0.5764828303850156,3.2075055446882774
164,0.9591465001301067,0.13574890657772767,0.5796045785639958,3.2311394261768034
165,0.9591465001301067,0.13319833320862393,0.5775234131113424,3.248549508006466
166,0.9552432995055946,0.1374758850000828,0.5806451612903226,3.2720639469968416
167,0.9581056466302368,0.13684675756831235,0.5712799167533819,3.2720032512335324
168,0.9620088472547489,0.1299488811166979,0.5723204994797086,3.2786693572998047
169,0.9679937548790007,0.12152599625390255,0.5723204994797086,3.2770929703727347
170,0.9601873536299765,0.13549799927503778,0.5723204994797086,3.291028402846512
171,0.9583658600052043,0.13549551679654617,0.578563995837669,3.3038222861711737
172,0.9648711943793911,0.1265549506699352,0.578563995837669,3.328747877345249
173,0.9630497007546188,0.12904511509701172,0.5827263267429761,3.3368005305993815
174,0.9622690606452263,0.13021186323734177,0.5744016649323621,3.34826818341147
175,0.960967993754879,0.1305540998117582,0.5764828303850156,3.3392573980833564
176,0.9638303408795212,0.12314769039000814,0.5754422476586889,3.345718510813321
177,0.9601873536299765,0.13105768291752243,0.5775234131113424,3.337559810166056
178,0.9646109810044237,0.12756383242999209,0.5702393340270552,3.3315001238645303
179,0.9661722612542285,0.1249062203737463,0.5744016649323621,3.3340670003107014
180,0.9664324746291959,0.1247135585223887,0.5775234131113424,3.3492282982547374
181,0.9581056466302368,0.13999872058707538,0.5806451612903226,3.356179113318595
182,0.9578454332552693,0.13736604063473826,0.5827263267429761,3.3669904000305113
183,0.9596669268800416,0.13632010971929082,0.5889698231009365,3.370988895444046
184,0.9640905542544886,0.12546320185705054,0.578563995837669,3.389340669629973
185,0.9635701275045537,0.12680666420474015,0.5796045785639958,3.4074820856894217
186,0.9620088472547489,0.12791007977233962,0.5796045785639958,3.4130483700755234
187,0.9630497007546188,0.12647664946589485,0.5816857440166493,3.4116421023715175
188,0.9601873536299765,0.13156501642124682,0.5816857440166493,3.4281794322765085
189,0.9633099141295862,0.12339915914474103,0.5775234131113424,3.434558517106738
190,0.9651314077543586,0.12508799443944743,0.5712799167533819,3.4608561469166386
191,0.9653916211293261,0.12345206898046042,0.5733610822060354,3.4537766622330968
192,0.9643507676294562,0.1290038524953115,0.5744016649323621,3.4562700968255116
193,0.9711163153786104,0.11651641329749934,0.5723204994797086,3.4476983113045745
194,0.9672131147540983,0.12350823714138784,0.578563995837669,3.442461192421809
195,0.9646109810044237,0.1276114128070544,0.5816857440166493,3.4536270633820565
196,0.9664324746291959,0.12314831328607617,0.5837669094693028,3.462764170365825
197,0.9643507676294562,0.12103172823604494,0.5858480749219563,3.4666953210900155
198,0.9640905542544886,0.1266522278217732,0.5858480749219563,3.484610788779998
199,0.9669529013791309,0.12333825503282332,0.5858480749219563,3.4872102747350526
200,0.9583658600052043,0.13380922419810293,0.5910509885535901,3.4685595588803166
201,0.9685141816289358,0.1187030258950795,0.5931321540062435,3.4702781236630695
202,0.9651314077698685,0.12379720392960482,0.5879292403746098,3.4654508723676765
203,0.9705958886286755,0.1142458029279416,0.5972944849115505,3.478422536065998
204,0.965912047879261,0.12387060110158918,0.5900104058272633,3.5131552514623032
205,0.9685141816289358,0.11673159728705448,0.5910509885535901,3.521565067160266
206,0.9695550351288056,0.11874725340763526,0.5848074921956296,3.514172253325876
207,0.9682539682539683,0.12270034840967843,0.595213319458897,3.521703988034569
208,0.9638303408795212,0.12806506828927697,0.595213319458897,3.5248569127300153
209,0.9656518345042935,0.12467857764710556,0.5889698231009365,3.534313844964606
210,0.9601873536299765,0.13379700225783983,0.5879292403746098,3.5412076499534075
211,0.9695550351288056,0.11508880345373299,0.5858480749219563,3.559621971678163
212,0.9656518345198034,0.12276044786519258,0.5910509885535901,3.584471421732987
213,0.970335675253708,0.11478270408499917,0.5848074921956296,3.577296593434853
214,0.9677335415040333,0.12092288333371053,0.5858480749219563,3.5752841897859287
215,0.9692948217538382,0.11770919217182081,0.5920915712799167,3.566929828115854
216,0.9713765287535779,0.11416317610544616,0.586888657648283,3.5561703891337353
217,0.9679937548790007,0.11905438669710273,0.5900104058272633,3.5532767030872736
218,0.9726775956284153,0.10996686440177364,0.5900104058272633,3.556872132665533
219,0.9737184491282852,0.10908740950346521,0.5931321540062435,3.583446266499816
220,0.9666926880041634,0.1220903162115755,0.5910509885535901,3.6077062029248097
221,0.9742388758782201,0.10965955089133077,0.5920915712799167,3.605425152892749
222,0.9698152485037731,0.11759314608510323,0.5879292403746098,3.605851577298326
223,0.9672131147540983,0.12132148042169984,0.5931321540062435,3.631529930106807
224,0.9679937548790007,0.11844565335107662,0.5983350676378772,3.6186774310410703
225,0.9700754618787406,0.11523484619736143,0.5962539021852237,3.632573077135354
226,0.9679937548790007,0.120251539605082,0.586888657648283,3.609331150828986
227,0.9692948217538382,0.11989098163227101,0.586888657648283,3.6328961573828025
228,0.9638303408795212,0.1275909363141663,0.5889698231009365,3.627526564106857
229,0.9656518345042935,0.12534161563647653,0.5879292403746098,3.6542694238668676
230,0.9698152485037731,0.11712625786379045,0.586888657648283,3.6536383435331694
231,0.9690346083788707,0.11599571697536062,0.5941727367325702,3.6592412843416433
232,0.9711163153786104,0.1129404059973563,0.5900104058272633,3.6563431008425265
233,0.9703356752692179,0.11437138708004442,0.5910509885535901,3.673802225944527
234,0.9687743950194131,0.1186340114054753,0.5879292403746098,3.697304546026732
235,0.9687743950039032,0.1192299140897884,0.578563995837669,3.6900530962988687
236,0.9713765287535779,0.11687476407943016,0.5806451612903226,3.6939242598169426
237,0.9734582357533177,0.1090057539275474,0.5796045785639958,3.7143085193931746
238,0.9711163153786104,0.11328880071946336,0.5816857440166493,3.7137747713976172
239,0.9713765287535779,0.11189137806962267,0.5806451612903226,3.7123923941779955
240,0.970335675253708,0.1138127658001433,0.5796045785639958,3.7089162443480554
241,0.9635701275045537,0.12632687475930704,0.5848074921956296,3.698363184060564
242,0.9700754618787406,0.11553780402044998,0.5858480749219563,3.7144720611413486
243,0.9698152485037731,0.11657098065959952,0.586888657648283,3.692648322971753
244,0.970856102003643,0.11263696707042592,0.5962539021852237,3.7038269678090043
245,0.97527972937809,0.10486576029259713,0.5910509885535901,3.6827858697611386
246,0.9679937548790007,0.12171733934037735,0.5910509885535901,3.6862257938603333
247,0.9724173822534479,0.11158850091850497,0.595213319458897,3.687680203758343
248,0.9698152485037731,0.11746391497364338,0.5983350676378772,3.6639173152419455
249,0.9718969555035128,0.1114122971282623,0.595213319458897,3.662699388787848
