epoch,acc,loss,val_acc,val_loss
0,0.5258912308247735,0.7032798078883417,0.5598335067637877,0.6979404130909868
1,0.599271402565601,0.6917810560885799,0.5900104058272633,0.6941715106135476
2,0.6291959406791054,0.6824375908262494,0.5983350676378772,0.6910688740033637
3,0.6515742909185532,0.6719695056226146,0.6077003121748179,0.6879141632153514
4,0.6726515742909186,0.6597598364754577,0.6087408949011447,0.6851462680889094
5,0.6770752016808755,0.649193133285447,0.6087408949011447,0.6829636574535787
6,0.6856622430548022,0.6397086504130447,0.6014568158168574,0.6817471205754037
7,0.6919073640540215,0.6256484529980142,0.5993756503642039,0.6817967994031996
8,0.70752016655207,0.6109829355644864,0.5962539021852237,0.682385664638694
9,0.7181889149257363,0.597054296271304,0.5920915712799167,0.681813131510033
10,0.7291178766666152,0.5843382698621659,0.5941727367325702,0.6814670829445465
11,0.7325006505334374,0.5723683126202915,0.5858480749219563,0.6822853941823144
12,0.7572209211708573,0.5504759576926777,0.5889698231009365,0.6849663545388213
13,0.7691907364193611,0.5397286226189202,0.5962539021852237,0.6874123099691289
14,0.7720530835362484,0.516931144591889,0.5972944849115505,0.6876415400053535
15,0.7855841790423119,0.5062738489180284,0.5993756503642039,0.6908130730104
16,0.7959927140255009,0.4910890976417322,0.5941727367325702,0.6952325367406553
17,0.8108248763986469,0.47545842109420106,0.5827263267429761,0.7025066328842607
18,0.8116055165390592,0.4645952583600108,0.5806451612903226,0.7048415480245537
19,0.824095758537498,0.4411115962299493,0.5764828303850156,0.7138499444530856
20,0.8266978922716628,0.44329274811224795,0.5796045785639958,0.7188829270411481
21,0.8417902680197762,0.42133310461630585,0.5671175858480749,0.7257216997622947
22,0.8381472807702316,0.40804136801349167,0.5733610822060354,0.7328254997916326
23,0.8394483476450689,0.4037961670268553,0.5691987513007284,0.7400203118339166
24,0.8441321883944835,0.39425945553018377,0.5712799167533819,0.7524629429401394
25,0.8587041374081719,0.37640037912426594,0.5702393340270552,0.7627851545004393
26,0.859224564142597,0.36624875706975546,0.5650364203954215,0.7762237490774069
27,0.8553213635335948,0.35764361955584134,0.5775234131113424,0.784205951378075
28,0.8675513921415561,0.3454175226985555,0.5639958376690947,0.800964648344018
29,0.8683320322664585,0.3353664345250228,0.5691987513007284,0.8113427353202987
30,0.868592245641426,0.32816552707933677,0.5660770031217481,0.8247647667526579
31,0.8717148061410357,0.3257166080035302,0.5660770031217481,0.836805249166042
32,0.874056726515743,0.31336761933889296,0.562955254942768,0.845511810588539
33,0.8735362997813179,0.3084481993039201,0.5608740894901144,0.865986581275416
34,0.8834244080145719,0.3028694142199977,0.5567117585848075,0.8813809194872456
35,0.8818631277647672,0.29274332452775786,0.562955254942768,0.9026327526408106
36,0.8836846213895394,0.2900905578266107,0.5691987513007284,0.9109621310953543
37,0.8849856882643767,0.2804071378876944,0.5681581685744017,0.9310492492987388
38,0.8813427010303421,0.28003288583305086,0.5702393340270552,0.9477781986470774
39,0.8862867551392142,0.2723666044408196,0.5639958376690947,0.9630775655097445
40,0.8821233411474896,0.27353220784102694,0.562955254942768,0.9791560171794197
41,0.8816029144053096,0.27215441529433804,0.5619146722164412,0.996936059643153
42,0.892271662763466,0.25587065267417075,0.5639958376690947,1.01372672566266
43,0.8870673952796265,0.2642062899968973,0.5619146722164412,1.0401167429200568
44,0.8972157168878481,0.24148778469650006,0.5608740894901144,1.0525966215332143
45,0.8894093156388239,0.24787516940230972,0.5639958376690947,1.06860335498397
46,0.8816029144053096,0.24757595103202062,0.5775234131113424,1.0828494927637535
47,0.902680197762165,0.22802085038773753,0.5639958376690947,1.1075369973708638
48,0.8982565703877179,0.2323306574002238,0.5598335067637877,1.1229520449405157
49,0.9024199843871975,0.2287439106072481,0.5650364203954215,1.1374797638695644
50,0.9045016914024472,0.2286706001318714,0.5577523413111343,1.1635766547874904
51,0.9039812646370023,0.22309753099456914,0.5598335067637877,1.1790659112563118
52,0.9102263856517316,0.2205525623877285,0.5535900104058272,1.1983496276942798
53,0.9097059588862868,0.22184291416054555,0.5567117585848075,1.216652930403103
54,0.911527452526569,0.21279430674011435,0.5535900104058272,1.224772701588431
55,0.9094457455113193,0.21083837539546973,0.5608740894901144,1.2408577413390256
56,0.911527452511059,0.2058016467503108,0.5556711758584808,1.2590531900323516
57,0.9058027582617747,0.20526308196614007,0.5535900104058272,1.2804054534149965
58,0.907103825136612,0.20971035788278236,0.562955254942768,1.2995642892527903
59,0.9138693728857663,0.20200650705324621,0.5608740894901144,1.3183701565560888
60,0.9029404111526423,0.2055820976574223,0.5556711758584808,1.338098751146513
61,0.9149102263856362,0.1978730974947215,0.554630593132154,1.3629423284381783
62,0.9112672391360916,0.19589414840577218,0.5567117585848075,1.3693395689300394
63,0.9102263856362217,0.20105233143059276,0.5567117585848075,1.391086769525764
64,0.9130887327608639,0.19431725264588215,0.5535900104058272,1.4103982181876558
65,0.9195940671350508,0.18686594425247666,0.5515088449531738,1.4309510720756127
66,0.911527452511059,0.1950522605654491,0.5535900104058272,1.4416123892836714
67,0.9136091595263088,0.18918062060598342,0.5515088449531738,1.4583233056529876
68,0.9141295862607338,0.18740647038696429,0.558792924037461,1.4728561066688037
69,0.9195940671505607,0.1812835408550608,0.5577523413111343,1.4980840662515622
70,0.9240176945094978,0.17787434141661254,0.5619146722164412,1.5116401217978652
71,0.9167317200104085,0.18254877076293538,0.5598335067637877,1.5301324957739426
72,0.9133489461513413,0.18694855056018717,0.554630593132154,1.5455388134649715
73,0.9097059588862868,0.19384514581244375,0.5535900104058272,1.5715151067578954
74,0.9068436117616445,0.18478950129537386,0.5525494276795005,1.585399025684837
75,0.9162112932604736,0.17845028233109758,0.5483870967741935,1.607209239244213
76,0.9177725735257883,0.1777642300251155,0.5494276795005203,1.6303817016401103
77,0.9175123601353109,0.1808678524662221,0.5483870967741935,1.6434961283244154
78,0.9128285194014064,0.18441396097078505,0.5525494276795005,1.661200046198177
79,0.9097059588862868,0.18828645768867877,0.5577523413111343,1.6792112377382094
80,0.9206349206349206,0.17675763686560045,0.5556711758584808,1.7021400939351439
81,0.9206349206504305,0.1710966542429084,0.554630593132154,1.7218895636413645
82,0.9201144938849857,0.178225443912939,0.554630593132154,1.7446506184978365
83,0.912568306010929,0.17548616297180505,0.5577523413111343,1.7452893147359405
84,0.9159510798855062,0.17442149058422507,0.5577523413111343,1.762652678060482
85,0.9229768410096278,0.16324330448732072,0.5577523413111343,1.784433138110015
86,0.9247983346344002,0.1728770229946061,0.562955254942768,1.804640013146971
87,0.9188134270101483,0.1666760910942185,0.554630593132154,1.8185488096012905
88,0.9216757741347905,0.17145068630006144,0.5650364203954215,1.8318706615658382
89,0.9247983346499101,0.17104893365999452,0.562955254942768,1.8529197919133054
90,0.9224564142752029,0.16765861219798964,0.5577523413111343,1.8748528703070333
91,0.9188134270101483,0.16700385665342177,0.5598335067637877,1.8829570810206846
92,0.9180327869007558,0.17007332766487238,0.5577523413111343,1.910771620013091
93,0.9182930002602133,0.17104167852191107,0.5598335067637877,1.902217686610465
94,0.9162112932604736,0.1712548529461216,0.562955254942768,1.9206841016163068
95,0.9201144938849857,0.1639847219758067,0.5650364203954215,1.9420982512425433
96,0.9234972677595629,0.16183010919730614,0.5598335067637877,1.9810777179408396
97,0.9237574811345303,0.15687325031278718,0.5608740894901144,1.9893287990889614
98,0.927400468384075,0.1582111327320283,0.5556711758584808,2.0178806392260817
99,0.915951079901016,0.16620338236854437,0.558792924037461,2.0222619490370417
100,0.9198542805255281,0.16229049467866755,0.5608740894901144,2.050620643827099
101,0.9190736403851157,0.16651963054621993,0.562955254942768,2.053110241269718
102,0.9281811085089774,0.15900967644118966,0.5639958376690947,2.066565322950405
103,0.9175123601353109,0.16762213764366635,0.5577523413111343,2.079831600313256
104,0.9255789747670576,0.15806753997408163,0.5608740894901144,2.084542575041288
105,0.9266198282591726,0.16008802578570536,0.5598335067637877,2.0972609052300824
106,0.9198542805100182,0.16704178134460732,0.5567117585848075,2.1362797196772294
107,0.9180327868852459,0.16544468711258037,0.5577523413111343,2.1369678967949257
108,0.9185532136351808,0.163416247263322,0.5567117585848075,2.1465371501061226
109,0.9287015352589123,0.155905589899482,0.5650364203954215,2.1464942885983374
110,0.921415560759823,0.1606034754949709,0.5639958376690947,2.172491919361714
111,0.9221962008847254,0.1588084024001294,0.5608740894901144,2.180052203950971
112,0.9229768410096278,0.15975199800228004,0.5619146722164412,2.209907665399061
113,0.9255789747593026,0.15788448936830127,0.5535900104058272,2.222304668932626
114,0.9201144938849857,0.15927384672780973,0.5567117585848075,2.233291357476555
115,0.9245381212594327,0.15637821354594295,0.5567117585848075,2.2331459080019305
116,0.916471506650951,0.16178618008166654,0.5650364203954215,2.242118407424605
117,0.9268800416496499,0.15302409881916387,0.5556711758584808,2.260307399526967
118,0.9258391881342701,0.15343255597459224,0.5535900104058272,2.2837907563387168
119,0.9284413218839448,0.1549630771068051,0.5556711758584808,2.3009902632695454
120,0.9271402550091075,0.15313837773983532,0.5608740894901144,2.3190253535120844
121,0.9221962008847254,0.1595608885292155,0.5504682622268471,2.341296758072433
122,0.9245381212594327,0.15809742028910048,0.5556711758584808,2.3359994808605387
123,0.9302628155087171,0.15224068871990812,0.558792924037461,2.358613755402778
124,0.9224564142752029,0.1573904644937339,0.5577523413111343,2.3735207496647037
125,0.926359614899715,0.15403215161779416,0.5515088449531738,2.379435607099384
126,0.9182930002602133,0.15725684375387056,0.5567117585848075,2.38541044144427
127,0.9300026021337496,0.1526539956919622,0.5515088449531738,2.408082540772088
128,0.9266198282591726,0.15711303730162052,0.558792924037461,2.4082601844458127
129,0.931824095758522,0.1519098388466857,0.5577523413111343,2.435446527076189
130,0.9279208951495198,0.1534058332303648,0.5556711758584808,2.45419248408259
131,0.9287015352744222,0.1476625542978182,0.5577523413111343,2.4686528058503594
132,0.9279208951340099,0.15429265154639538,0.5535900104058272,2.4837527757628775
133,0.927400468384075,0.15039464796357963,0.5556711758584808,2.4971648184863637
134,0.9305230288991946,0.1541298876865252,0.558792924037461,2.4978840418090185
135,0.92688004163414,0.1556496935717969,0.554630593132154,2.5147156551030623
136,0.9266198282591726,0.1554590666445126,0.5598335067637877,2.5318861552877556
137,0.9313036690085871,0.1474688099394304,0.5556711758584808,2.5435488631524357
138,0.9250585480093677,0.15582432193648155,0.5639958376690947,2.5493630774931653
139,0.9274004683995849,0.15243121710972585,0.562955254942768,2.553097983676859
140,0.9276606817745523,0.1523387121279476,0.5619146722164412,2.5676689519315308
141,0.9297423887587822,0.14635112608831174,0.5650364203954215,2.5800877268058824
142,0.9281811085089774,0.15191657615245366,0.5639958376690947,2.5906578762908383
143,0.9260994015092375,0.14906552591878022,0.5671175858480749,2.604499183695969
144,0.9328649492583919,0.14825124282805738,0.562955254942768,2.625582115614203
145,0.9250585480248776,0.15184506417995872,0.558792924037461,2.6219384255009808
146,0.9245381212594327,0.1511230495659721,0.5650364203954215,2.6347316454060987
147,0.9297423887587822,0.15549292627090966,0.562955254942768,2.6410789766991423
148,0.9404111371324486,0.13772619084287613,0.5619146722164412,2.656158181122513
149,0.936768149882904,0.1422149327593547,0.5577523413111343,2.674275952372913
150,0.9289617486493897,0.15402509783538343,0.5608740894901144,2.67882694165987
151,0.9302628155087171,0.14727816259042067,0.5577523413111343,2.6858450030436996
152,0.9323445225084569,0.1440861556730387,0.5515088449531738,2.7073014576402836
153,0.9320843091334895,0.14440880842737597,0.5577523413111343,2.68733124027143
154,0.9331251626333593,0.14715410882595956,0.558792924037461,2.696314729215203
155,0.9341660161332292,0.14122090313119284,0.5567117585848075,2.705627882269741
156,0.9258391881342701,0.15453773368593,0.5567117585848075,2.7120607232948246
157,0.9279208951340099,0.14864047455223098,0.5577523413111343,2.736483858973873
158,0.9328649492739018,0.1521840462174665,0.5619146722164412,2.746543326189317
159,0.9292219620088472,0.1512811843072208,0.5650364203954215,2.7656770961961934
160,0.9352068696330992,0.14827463392196394,0.562955254942768,2.7647765395420523
161,0.9341660161332292,0.14506085962444862,0.5712799167533819,2.7599487362679533
162,0.9289617486338798,0.15191180382487118,0.5671175858480749,2.7824768324796416
163,0.9315638823835545,0.1502935401504002,0.5660770031217481,2.7945023652914287
164,0.9357272963830341,0.14397967721265553,0.5619146722164412,2.8007172453725997
165,0.9339058027582617,0.14727930319424007,0.5650364203954215,2.798720671346607
166,0.9357272963830341,0.14596282395105514,0.5660770031217481,2.7974979477730058
167,0.931303669024097,0.14669595433497473,0.5556711758584808,2.8180356030502627
168,0.9310434556336196,0.15124410408690298,0.558792924037461,2.818467045619572
169,0.9372885766328389,0.1398348403813944,0.562955254942768,2.8207404337412485
170,0.9365079365079365,0.14265840703579338,0.5608740894901144,2.8278017374963094
171,0.9323445225084569,0.14787735093812474,0.5619146722164412,2.8212980630417026
172,0.9289617486338798,0.14405683869888097,0.5691987513007284,2.814069315798883
173,0.9333853760083268,0.14257582963228366,0.5639958376690947,2.8130350362404823
174,0.931824095758522,0.1489200344114852,0.5639958376690947,2.828909920363781
175,0.9362477231484789,0.14429226143888096,0.562955254942768,2.849151938820295
176,0.9271402550091075,0.1500249468439605,0.562955254942768,2.859228978916212
177,0.9365079365079365,0.14297480248118358,0.5608740894901144,2.867826596910326
178,0.9341660161332292,0.14266928195984388,0.5660770031217481,2.8704463447231903
179,0.930783242258652,0.14276071242026495,0.5650364203954215,2.8817609920089873
180,0.9310434556336196,0.14716494826329987,0.5660770031217481,2.8774094443291456
181,0.9333853760083268,0.14517663858177574,0.5660770031217481,2.8572490627137976
182,0.9328649492583919,0.14650805432406636,0.5681581685744017,2.8810738529796778
183,0.9341660161487392,0.1441389796574414,0.5639958376690947,2.893975845360731
184,0.9297423887587822,0.14614962452391053,0.5619146722164412,2.905284079254976
185,0.9320843091334895,0.14356789704254214,0.5608740894901144,2.9207172344179977
186,0.9383294301327089,0.13531375487511693,0.5619146722164412,2.8998518713307058
187,0.9331251626333593,0.14422342384094966,0.5681581685744017,2.888018826168112
188,0.9365079365234464,0.13893988008087202,0.5619146722164412,2.9270759582767627
189,0.9339058027737717,0.14512137309852877,0.5671175858480749,2.938359967627709
190,0.9331251626411143,0.14346205985021876,0.562955254942768,2.9435180615436027
191,0.9362477231484789,0.14271472953986972,0.5608740894901144,2.963792050666293
192,0.936768149882904,0.14442639233946272,0.5650364203954215,2.9944791602790666
193,0.9383294301327089,0.13979444963818272,0.5556711758584808,3.0001724679313764
194,0.9289617486493897,0.14753806511933315,0.5577523413111343,3.0143709468047652
195,0.9323445225084569,0.1461572493197488,0.554630593132154,3.02599264406885
196,0.9331251626333593,0.13803098470383623,0.558792924037461,3.0307701584203683
197,0.941712204007286,0.12921780060308846,0.5598335067637877,3.048428647600029
198,0.9292219620088472,0.14834907488529567,0.5567117585848075,3.0427498035946945
199,0.930783242258652,0.14681969462057096,0.5577523413111343,3.0650348913905274
200,0.936768149898414,0.13856830413596505,0.5567117585848075,3.088287639320207
201,0.936247723132969,0.13855867756318835,0.5504682622268471,3.0933510753540294
202,0.9323445225084569,0.14048681528756557,0.5535900104058272,3.111317719678849
203,0.9336455893832943,0.14507369702910186,0.558792924037461,3.1065394456627216
204,0.9320843091334895,0.14580871378447965,0.5515088449531738,3.138113988673898
205,0.9404111371324486,0.13408225048028055,0.5494276795005203,3.1321850726061133
206,0.9398907103980236,0.13510272730429781,0.5483870967741935,3.1646276606977546
207,0.9398907103825137,0.13732165513904787,0.5535900104058272,3.158562589262328
208,0.931303669024097,0.1466266102323053,0.5535900104058272,3.1657536334971605
209,0.9385896435076763,0.13394510932363649,0.5556711758584808,3.1609716018454463
210,0.9427530575071559,0.13191874445477345,0.5567117585848075,3.1827345842129233
211,0.9359875097580016,0.13589169728542302,0.5577523413111343,3.179958979619529
212,0.9370283632578714,0.14152946191079646,0.5494276795005203,3.2022668543765
213,0.9354670830080666,0.13975690407259234,0.5515088449531738,3.202271007722424
214,0.9365079365079365,0.14026955957954637,0.5515088449531738,3.2112166296058837
215,0.9339058027582617,0.14272168469078492,0.554630593132154,3.229895033647813
216,0.9323445225084569,0.14483575984319919,0.5619146722164412,3.226934412329552
217,0.9292219620088472,0.15325534109810415,0.5639958376690947,3.24042381481127
218,0.9320843091334895,0.14733190765357673,0.562955254942768,3.2849497190375234
219,0.9357272963830341,0.13964648793916543,0.5639958376690947,3.2869683619468444
220,0.9326047358834244,0.1401085810575391,0.5619146722164412,3.295236473028915
221,0.9300026021492596,0.14285491437549674,0.5650364203954215,3.3020217752357426
222,0.930783242258652,0.14435713816431237,0.5619146722164412,3.2981315505120063
223,0.9346864428986741,0.13965303790684078,0.5619146722164412,3.2987177123884504
224,0.9359875097580016,0.13355727761696937,0.5619146722164412,3.2900709412472553
225,0.9352068696330992,0.13995895826534277,0.558792924037461,3.301503340485937
226,0.9375487900233164,0.13566907898324435,0.5567117585848075,3.3065829588396864
227,0.9393702836325787,0.13305790347950847,0.5598335067637877,3.352435535372358
228,0.9339058027582617,0.1394077390160934,0.5556711758584808,3.350390004938028
229,0.9401509237574811,0.13287494613491183,0.5567117585848075,3.3615957899222635
230,0.9326047358834244,0.1426890952284335,0.5525494276795005,3.376253374161259
231,0.9344262295081968,0.1402489987940891,0.558792924037461,3.3702520026624763
232,0.9401509237574811,0.13530650734125932,0.5619146722164412,3.38402039798812
233,0.9339058027582617,0.13870101075230742,0.5671175858480749,3.374390726158944
234,0.9344262295237067,0.13730156004444374,0.5660770031217481,3.3693833401994575
235,0.9333853760083268,0.1440956174586702,0.5691987513007284,3.372710985894258
236,0.9315638823835545,0.1453780403233252,0.5723204994797086,3.3582466126232564
237,0.9393702836480886,0.13664951017831659,0.5681581685744017,3.380039374116308
238,0.9346864428831642,0.14024913796756128,0.5608740894901144,3.3786289046879987
239,0.9359875097735115,0.14062452336447084,0.5660770031217481,3.400490635639671
240,0.9409315638823835,0.13403304166279514,0.5639958376690947,3.3800727353507845
241,0.9414519906323185,0.13693572893727113,0.5660770031217481,3.362090389636751
242,0.9349466562581317,0.13845706508707448,0.5650364203954215,3.3628715771666178
243,0.9406713505074161,0.13499814087358764,0.5608740894901144,3.3475864010472454
244,0.936247723132969,0.13664122149367647,0.5598335067637877,3.363539614861019
245,0.9302628155242271,0.13941755838112505,0.562955254942768,3.390668363402463
246,0.9380692167577414,0.13453948598780607,0.562955254942768,3.382304626994773
247,0.9320843091334895,0.13941112052113197,0.5577523413111343,3.388067803447378
248,0.9391100702576113,0.1314918629780524,0.554630593132154,3.4072186425870963
249,0.9380692167577414,0.1377052494157285,0.554630593132154,3.407295555775669
