epoch,acc,loss,val_acc,val_loss
0,0.5867811605594073,0.7021986352817298,0.6108220603537982,0.6954410051952168
1,0.6026541764401782,0.658879713701327,0.6108220603537982,0.6909881052439965
2,0.5938069216835291,0.6259248236985744,0.6108220603537982,0.690791820760324
3,0.5982305490502212,0.5922703977723683,0.6108220603537982,0.6914801153506498
4,0.5995316159250585,0.5660252629811026,0.6108220603537982,0.6937085435988379
5,0.6005724694249285,0.5398920074884637,0.6108220603537982,0.6963668662229016
6,0.6047358834399179,0.5195090030742876,0.6108220603537982,0.7021657426945253
7,0.6442883164194639,0.4982464105441426,0.6077003121748179,0.7061328438888852
8,0.761384335154827,0.4843323171650591,0.6056191467221644,0.7106445259904018
9,0.7907884465261514,0.47029720979151146,0.5983350676378772,0.7158531878418779
10,0.819672131147541,0.4560639170652065,0.6004162330905307,0.7236640435972025
11,0.8415300546603187,0.43715822089472195,0.5931321540062435,0.7328165693908278
12,0.8511579495186052,0.43479385814597266,0.6045785639958376,0.7435027119024239
13,0.8790007806556348,0.41575385794148234,0.6045785639958376,0.7526632334017481
14,0.8881082487639864,0.4027989152474792,0.5983350676378772,0.7628893997369026
15,0.8797814207805372,0.39967209237210616,0.5941727367325702,0.776692109723245
16,0.8909705958886287,0.3928810083483024,0.5900104058272633,0.7914958155242015
17,0.8953942232785856,0.37918850933857146,0.578563995837669,0.8063807637584818
18,0.8912308092635961,0.3753567655865736,0.5858480749219563,0.8322522335072338
19,0.9000780640124902,0.3621693952239307,0.5837669094693028,0.8419351293690867
20,0.9008587041373927,0.3574293186127628,0.586888657648283,0.8586661122219867
21,0.9084048920114494,0.3443686040838094,0.5816857440166493,0.8727936475507675
22,0.921935987509758,0.32753949393883,0.5681581685744017,0.892954201405552
23,0.9167317200104085,0.3159226274974266,0.578563995837669,0.9088356873247303
24,0.908144678636482,0.3119047054676317,0.578563995837669,0.9194883742019859
25,0.9123080926359615,0.3028461965474182,0.5702393340270552,0.9377760413285969
26,0.9133489461358314,0.2961119978828974,0.5681581685744017,0.9501759703275937
27,0.9149102264011462,0.28634630009869316,0.5702393340270552,0.9743586175771707
28,0.92688004163414,0.26639985292568324,0.5650364203954215,0.9980044114354002
29,0.920895134025398,0.2699956161154455,0.5681581685744017,1.0221418742706823
30,0.9211553473848556,0.2640542452173434,0.5650364203954215,1.0643065261046918
31,0.9305230288836847,0.250828490122637,0.5660770031217481,1.0896334407480897
32,0.9320843091334895,0.2459540315904935,0.5639958376690947,1.1057556408625115
33,0.9227166276346604,0.24860522908265473,0.5723204994797086,1.122697656782311
34,0.9333853760083268,0.23518167472958967,0.5702393340270552,1.139246678997401
35,0.9336455893832943,0.22991802856120597,0.5660770031217481,1.1616389374331058
36,0.9326047358834244,0.23447248702003656,0.5723204994797086,1.1764248042647474
37,0.9315638823990644,0.22865195694516915,0.5796045785639958,1.198346882779442
38,0.9328649492583919,0.22381880648013455,0.578563995837669,1.2190370249574565
39,0.942232630757221,0.21558393866420877,0.5660770031217481,1.2467127994989877
40,0.9445745511319282,0.20451146805469425,0.5650364203954215,1.2606771701828623
41,0.9419724173977634,0.20917589190475896,0.5723204994797086,1.2755573674121583
42,0.9404111371324486,0.20832112891686294,0.5744016649323621,1.2949962643257165
43,0.9419724173822535,0.20040607417495246,0.586888657648283,1.307801367961157
44,0.9409315638823835,0.20238316884531413,0.5806451612903226,1.3307271095518018
45,0.942232630757221,0.20011584473143262,0.5796045785639958,1.347431920941737
46,0.942232630757221,0.19911713086721985,0.5806451612903226,1.3613191938549125
47,0.946656258131668,0.1942948424743235,0.5816857440166493,1.3957499909475368
48,0.941712204007286,0.19671736952695815,0.5744016649323621,1.4227765261444663
49,0.9388498568826438,0.1967471941041506,0.5806451612903226,1.4575050641297054
50,0.946135831397243,0.18846560496232984,0.5775234131113424,1.4970691241285183
51,0.9476971116315379,0.18415862975015387,0.5816857440166493,1.5309095928497791
52,0.9476971116315379,0.1847314756773674,0.5796045785639958,1.558951539129918
53,0.9450949778818631,0.18565187910719524,0.5775234131113424,1.5848758049487572
54,0.9484777517564403,0.18453369738842837,0.5754422476586889,1.6036166737900812
55,0.9476971116315379,0.18420230932078138,0.5816857440166493,1.6530327055134213
56,0.9549830861306271,0.17128156179830242,0.5775234131113424,1.6707120795155663
57,0.946656258131668,0.18005939921053504,0.5816857440166493,1.699390480347156
58,0.9479573250220152,0.1785015479649165,0.5723204994797086,1.7352369513893724
59,0.9523809523809523,0.17418775450987894,0.5712799167533819,1.7732609948308113
60,0.9479573250065053,0.17691988607026654,0.5712799167533819,1.8054459469623545
61,0.9505594587561801,0.17644105830711837,0.5723204994797086,1.8230700949352316
62,0.9458756180067656,0.17809357294231662,0.5723204994797086,1.839729879698818
63,0.955503512880562,0.1652986247944562,0.5650364203954215,1.8526490813859668
64,0.956023939646007,0.16701443137025695,0.5650364203954215,1.880684424885602
65,0.9531615925058547,0.167320533659219,0.562955254942768,1.9170416872657672
66,0.955503512880562,0.16328024749423325,0.5671175858480749,1.9294386961953822
67,0.9523809523809523,0.17026585755681203,0.5608740894901144,1.9585790862401988
68,0.9502992453812126,0.17066393522756534,0.5556711758584808,1.973552612558736
69,0.960447567004944,0.15241344083384584,0.5639958376690947,1.9811062639139196
70,0.9568045797553995,0.16177664552443263,0.5619146722164412,1.9889391766130367
71,0.9557637262555295,0.16344190048571988,0.5681581685744017,2.0115875766130937
72,0.9529013791308873,0.1636616753362412,0.5691987513007284,2.0175685495541322
73,0.9461358313817331,0.17327263109112606,0.5712799167533819,2.034746371000292
74,0.9502992453967225,0.16544524442395783,0.5764828303850156,2.051139759595635
75,0.9495186052563102,0.16589536050137305,0.5681581685744017,2.085638454627792
76,0.9562841530054644,0.15521530149397428,0.5754422476586889,2.109499104189203
77,0.9575852198958118,0.15557716014079367,0.5754422476586889,2.1282108656201477
78,0.9526411657559198,0.16420885316509926,0.5775234131113424,2.1548069801092398
79,0.9588862867551392,0.1547876885400723,0.5723204994797086,2.1961122893890157
80,0.9542024460057247,0.16209738022634954,0.5764828303850156,2.217335668240328
81,0.9594067135050741,0.14862438173629702,0.5723204994797086,2.239171030121961
82,0.9565443663804319,0.15514504613081925,0.5671175858480749,2.274401028620217
83,0.9526411657559198,0.16321215172151152,0.5775234131113424,2.280767895800762
84,0.9578454332552693,0.1541699012942591,0.5744016649323621,2.3021477938442647
85,0.9562841530054644,0.16104855325684678,0.5691987513007284,2.3041797880079447
86,0.9607077803799116,0.14880582644484672,0.5723204994797086,2.317417845393567
87,0.9638303408950312,0.14524315527538256,0.5744016649323621,2.337183298355087
88,0.9570647931458768,0.15657018585314267,0.5723204994797086,2.36335593629454
89,0.9594067135050741,0.15180907600285204,0.5733610822060354,2.3671358656312624
90,0.9565443663804319,0.1552040539507425,0.5723204994797086,2.381845513938245
91,0.9573250065053344,0.15247424773342622,0.5681581685744017,2.3917104153429682
92,0.9568045797553995,0.15076212644685597,0.5691987513007284,2.4076991795749247
93,0.9531615925058547,0.15466107639008875,0.5691987513007284,2.413239584753094
94,0.9622690606297164,0.14433920643923184,0.5702393340270552,2.415277797647371
95,0.9627894873796513,0.14177294577816765,0.578563995837669,2.4333937741219067
96,0.9617486338797814,0.14723468029247794,0.578563995837669,2.4597213652826126
97,0.961488420504814,0.14474170509412704,0.5775234131113424,2.474240137808777
98,0.9643507676294562,0.13932729353961026,0.5691987513007284,2.488736152648926
99,0.960967993754879,0.14647783605794312,0.5712799167533819,2.5133085632919645
100,0.9539422326307572,0.1529382602720018,0.5827263267429761,2.5115835029054256
101,0.9591465001301067,0.148221540720147,0.578563995837669,2.5689715733761345
102,0.9583658600207142,0.15083229817855243,0.5733610822060354,2.6160409899581607
103,0.9557637262555295,0.15427706634997546,0.5712799167533819,2.6239468289711723
104,0.9622690606297164,0.14130742672269556,0.5723204994797086,2.650837619396452
105,0.9588862867551392,0.1512698436268847,0.5754422476586889,2.6628544080021728
106,0.9638303408950312,0.13722412394819675,0.5754422476586889,2.6813748545254676
107,0.9633099141295862,0.1412461950750733,0.5744016649323621,2.7045954308326237
108,0.9635701275045537,0.14147283724864695,0.5691987513007284,2.713816667570656
109,0.965912047879261,0.13660637148533084,0.5671175858480749,2.7199101423249656
110,0.9607077803799116,0.14595068656169838,0.5733610822060354,2.7348700254442293
111,0.9599271402705191,0.1515404214981227,0.5775234131113424,2.7366907792582595
112,0.9679937548790007,0.13293463872290515,0.5806451612903226,2.7498115158478007
113,0.9630497007546188,0.14634280031410754,0.5744016649323621,2.759897191368206
114,0.9656518345042935,0.13874548965894926,0.5775234131113424,2.791794623098066
115,0.9640905542544886,0.1427731639336026,0.5733610822060354,2.7952604065576527
116,0.9633099141295862,0.1437145072260143,0.5764828303850156,2.8256927623212897
117,0.960967993754879,0.14905315110638773,0.5764828303850156,2.840395825214366
118,0.9638303408950312,0.14311727058630017,0.5723204994797086,2.876723973237513
119,0.9700754618787406,0.13142319395265759,0.5754422476586889,2.888843083853032
120,0.9643507676294562,0.1419733610947384,0.5744016649323621,2.8960773416413974
121,0.9666926880041634,0.13753924331347395,0.5723204994797086,2.8994788984602375
122,0.9669529013791309,0.1376577627680558,0.5712799167533819,2.906309564453506
123,0.9672131147540983,0.1333383440413017,0.5691987513007284,2.9076714183239734
124,0.9682539682539683,0.13592079714921623,0.5660770031217481,2.9081774333513244
125,0.9643507676294562,0.13864070740864048,0.5733610822060354,2.9219049429918305
126,0.9633099141295862,0.14371033580336384,0.5660770031217481,2.9342836951614046
127,0.9674733281290658,0.13645636108651807,0.5639958376690947,2.941384232131053
128,0.9666926880041634,0.13782774160499534,0.5691987513007284,2.952974884120532
129,0.9692948217538382,0.13289289127995563,0.5671175858480749,2.9547525816727878
130,0.9653916211293261,0.13885354481961248,0.554630593132154,2.971726858156901
131,0.970856102003643,0.12880626246488222,0.558792924037461,2.9788970083897617
132,0.9627894873796513,0.14335344529209304,0.5660770031217481,2.9581735736993795
133,0.9651314077543586,0.13787630144550314,0.5702393340270552,2.9785012672892717
134,0.9700754618787406,0.1297783911743885,0.5660770031217481,2.9847767023092504
135,0.9674733281290658,0.13596986854391238,0.5598335067637877,3.0024400576096295
136,0.9669529013946409,0.13540303376761384,0.5691987513007284,3.0076472245691717
137,0.9643507676294562,0.14024234511154007,0.5650364203954215,3.014916702810361
138,0.9661722612542285,0.14085851740281066,0.5619146722164412,3.0212552247260787
139,0.9705958886286755,0.13097696675551362,0.562955254942768,3.0149884238823645
140,0.9664324746291959,0.13509414066041225,0.5650364203954215,3.015568907377499
141,0.9648711943793911,0.14193063470695652,0.5691987513007284,3.036446648755505
142,0.9687743950039032,0.1349076724003185,0.5681581685744017,3.0324577421849277
143,0.965912047879261,0.1406624697588894,0.5650364203954215,3.0594023477274472
144,0.9627894873796513,0.14450271358030586,0.562955254942768,3.0668740664510894
145,0.9669529013791309,0.1392375331051161,0.562955254942768,3.084055976986761
146,0.9674733281445758,0.13606222448887503,0.5619146722164412,3.0747408053133167
147,0.9635701275045537,0.1419967454166236,0.5619146722164412,3.078758652574934
148,0.9669529013791309,0.13719634630896912,0.5619146722164412,3.053502177844807
149,0.9625292740046838,0.14548257247656546,0.5702393340270552,3.060388977892317
150,0.9692948217538382,0.1333900409862845,0.5671175858480749,3.1019643854028103
151,0.9705958886286755,0.1315287721985304,0.5671175858480749,3.1023377608062077
152,0.970335675253708,0.12839834157095395,0.5567117585848075,3.1175006247211816
153,0.9716367421285454,0.12831206867898345,0.5639958376690947,3.1296446256409327
154,0.9698152485037731,0.13134956965428946,0.5671175858480749,3.153447556570095
155,0.9651314077543586,0.14219500328216148,0.578563995837669,3.13146026176667
156,0.9687743950039032,0.1327052855296601,0.5754422476586889,3.105030201724367
157,0.9685141816289358,0.13549985020340746,0.5660770031217481,3.127668950361714
158,0.9703356752692179,0.1340027525652643,0.5712799167533819,3.1385359798832315
159,0.9664324746291959,0.13823360089535455,0.5660770031217481,3.136485330023949
160,0.9638303408795212,0.14205125691390988,0.5702393340270552,3.1229696591364355
161,0.9648711943793911,0.13832746592604522,0.5733610822060354,3.1155320434490923
162,0.9731980223783503,0.12648008340369157,0.578563995837669,3.1023222827018238
163,0.9726775956284153,0.1267636761674185,0.5806451612903226,3.132913899099169
164,0.9682539682694782,0.13274614690896777,0.5806451612903226,3.1253405788314454
165,0.9718969555035128,0.12665635694594796,0.5806451612903226,3.1280841807545037
166,0.9692948217538382,0.13344330321430323,0.5806451612903226,3.125913416557828
167,0.970335675253708,0.1304255111669846,0.5806451612903226,3.130240035478828
168,0.9716367421285454,0.12780890681456378,0.5764828303850156,3.135320831163865
169,0.9698152485037731,0.13129477191647607,0.5754422476586889,3.1516668784134594
170,0.9718969555035128,0.12795561140743886,0.5764828303850156,3.1691109432018014
171,0.9700754618787406,0.1312872038074778,0.5744016649323621,3.187603839354262
172,0.9729378090033828,0.1259833173276219,0.5744016649323621,3.1714677840440255
173,0.965912047879261,0.1362256804326534,0.5816857440166493,3.18864011218719
174,0.9726775956284153,0.1233377255258959,0.5879292403746098,3.2015509292808955
175,0.9726775956284153,0.12521538609988267,0.5816857440166493,3.206572111885952
176,0.97527972937809,0.12279414190907606,0.5816857440166493,3.2099768661435513
177,0.9664324746291959,0.1381291155748199,0.5889698231009365,3.2446289638078674
178,0.9716367421285454,0.12825503903570784,0.5848074921956296,3.265446652979062
179,0.9713765287535779,0.12820059355739005,0.5910509885535901,3.2511033783594105
180,0.9687743950039032,0.13330258923526267,0.5941727367325702,3.248842233425621
181,0.9729378090033828,0.12483246491472144,0.5900104058272633,3.2373467116896744
182,0.9724173822534479,0.12861349816367926,0.5879292403746098,3.236525197182932
183,0.9713765287535779,0.13206889278917242,0.5816857440166493,3.261090059310167
184,0.9695550351288056,0.13236916842651095,0.5827263267429761,3.2709800410593215
185,0.9724173822534479,0.12669189613881504,0.5879292403746098,3.2505499932073776
186,0.970856102003643,0.13095294134732555,0.5889698231009365,3.249541993195755
187,0.970335675253708,0.1292048238747107,0.5848074921956296,3.258864806668443
188,0.9734582357533177,0.12186625077758269,0.5806451612903226,3.277104818361979
189,0.9726775956284153,0.1274310636983357,0.5764828303850156,3.272404068342481
190,0.9713765287535779,0.12733289691896574,0.5827263267429761,3.2801846644136585
191,0.9724173822534479,0.12372307047430128,0.5764828303850156,3.295203219839487
192,0.9716367421285454,0.13008641342058364,0.5733610822060354,3.3210929132276967
193,0.9718969555035128,0.12518450002143106,0.5691987513007284,3.3292260661209534
194,0.9747593026281551,0.12408435435041362,0.5744016649323621,3.340736909165715
195,0.9737184491282852,0.12014739664967966,0.5827263267429761,3.328335578434177
196,0.970856102003643,0.1288166730847639,0.5754422476586889,3.3407032348362886
197,0.9739786625032527,0.12328934573720837,0.578563995837669,3.3568158819573726
198,0.9737184491282852,0.12415471806687953,0.5775234131113424,3.346863142285461
199,0.9690346083788707,0.13642270481415072,0.586888657648283,3.350968020515561
200,0.9721571688784804,0.1290611356473546,0.5837669094693028,3.3715439854998
201,0.9760603695029925,0.1203621498757652,0.5806451612903226,3.3715831883616056
202,0.9742388758782201,0.12046128091303718,0.5806451612903226,3.3575059293336103
203,0.9765807962529274,0.11777608373160943,0.5764828303850156,3.376415705209468
204,0.9729378090033828,0.12857969830720462,0.5796045785639958,3.377041529914467
205,0.9718969555035128,0.12675388759637513,0.5858480749219563,3.413399026495609
206,0.9750195160031225,0.12184729469654587,0.586888657648283,3.440996878601138
207,0.9713765287535779,0.1288830726726149,0.5712799167533819,3.433904869127224
208,0.9713765287535779,0.12455993006890434,0.5702393340270552,3.4657297719901856
209,0.9778818631277648,0.1151476535813327,0.5806451612903226,3.482202754184433
210,0.9711163153786104,0.12980768008430488,0.5806451612903226,3.4724418132039685
211,0.9794431433775697,0.11340417728339854,0.5827263267429761,3.4746273876352936
212,0.9724173822534479,0.1251579011200835,0.5848074921956296,3.488470355380214
213,0.9750195160031225,0.12165606208291024,0.5775234131113424,3.4823862228631723
214,0.9742388758782201,0.11984502509500004,0.578563995837669,3.4620673073442125
215,0.9739786625032527,0.12260932036397545,0.5848074921956296,3.445106438866019
216,0.9739786625187626,0.11879566016372156,0.5827263267429761,3.4464287613978866
217,0.9755399427530576,0.12118529200247573,0.586888657648283,3.4692854965638666
218,0.9778818631277648,0.11517837150989334,0.578563995837669,3.4780317796752804
219,0.97527972937809,0.1192995818603746,0.578563995837669,3.493750916559416
220,0.9721571688784804,0.1235185473248064,0.5827263267429761,3.5209287351673773
221,0.9726775956284153,0.12582459575476015,0.5827263267429761,3.5410421353597172
222,0.9731980223783503,0.12323802760956097,0.5796045785639958,3.5758274904026823
223,0.9708561020113979,0.13027622387677842,0.5754422476586889,3.5765069193448036
224,0.9786625032526672,0.11244982987401884,0.5691987513007284,3.5718489735233176
225,0.9739786625032527,0.12214146819883667,0.5712799167533819,3.5922684049258993
226,0.9739786625032527,0.12279580931624894,0.5764828303850156,3.5963907390677843
227,0.9726775956284153,0.1216892537011661,0.5723204994797086,3.619596245137511
228,0.9700754618787406,0.12934307046011653,0.5764828303850156,3.610941082084092
229,0.9789227166276346,0.11255084695607122,0.5796045785639958,3.6211316667411877
230,0.9726775956284153,0.12244334901267899,0.5764828303850156,3.6157033168066306
231,0.975800156128025,0.11967676188171515,0.5733610822060354,3.6379229240933517
232,0.9731980223783503,0.1294835404825651,0.5744016649323621,3.635827452533575
233,0.9773614363778298,0.11721971917983737,0.5723204994797086,3.6432335126164306
234,0.97527972937809,0.12103419913492289,0.5775234131113424,3.6664991448250572
235,0.9698152485037731,0.13260551367169274,0.5744016649323621,3.651838463377382
236,0.9742388758782201,0.12727709400321927,0.5754422476586889,3.6663115419036516
237,0.9718969555035128,0.12803795412396068,0.5733610822060354,3.6740366472289914
238,0.9747593026281551,0.12237704324533845,0.5723204994797086,3.662415920261538
239,0.9784022898776997,0.11182367325317664,0.5723204994797086,3.6603419396185104
240,0.9750195160031225,0.12141590003789851,0.5691987513007284,3.6640506410946085
241,0.9737184491282852,0.1246165992547192,0.5733610822060354,3.6502658157269243
242,0.9744990892531876,0.12289804885672338,0.5723204994797086,3.6751291471515066
243,0.9794431433775697,0.10891502710011301,0.5691987513007284,3.6641869619411187
244,0.9765807962529274,0.11734953444066254,0.5681581685744017,3.6998087360012915
245,0.9765807962529274,0.11860335427485436,0.5702393340270552,3.70594264813442
246,0.9721571688784804,0.12806856036263767,0.5702393340270552,3.6939234420982783
247,0.9700754618787406,0.13021973557838107,0.5702393340270552,3.6796275366109317
248,0.9750195160031225,0.12043538382322938,0.5712799167533819,3.70523714547847
249,0.9747593026436651,0.1207217774507809,0.5681581685744017,3.7351707394983964
