epoch,acc,loss,val_acc,val_loss
0,0.5123601353187099,0.7163688135649616,0.5764828303850156,0.7094210837187553
1,0.604735883432163,0.7003706314896905,0.5879292403746098,0.7065953856080182
2,0.6513140775513407,0.6821035782930412,0.5900104058272633,0.7041454338754501
3,0.6841009627972423,0.6621083078395567,0.5931321540062435,0.7003025100580984
4,0.6981524850532409,0.6445291313596483,0.5941727367325702,0.6984792385835678
5,0.7106427270516796,0.6227141851222425,0.5983350676378772,0.6962588052347721
6,0.7288576632838928,0.5991715381550596,0.5972944849115505,0.6957924603547564
7,0.7301587301664851,0.5763662967897782,0.5910509885535901,0.696065090573417
8,0.746031746039501,0.5558881047117564,0.5993756503642039,0.6972057604764924
9,0.7577413479052824,0.5325761192824547,0.5931321540062435,0.7010658038518431
10,0.7595628415300546,0.5152495687605967,0.5972944849115505,0.7013754695188739
11,0.7738745771687756,0.49031696726250334,0.5879292403746098,0.7036687038319416
12,0.7814207650273224,0.4772639069090651,0.586888657648283,0.7097593852310101
13,0.7996357012905555,0.45602006791098926,0.5962539021852237,0.7119575730843797
14,0.8126463700234192,0.4294606595804938,0.5983350676378772,0.7180971191279226
15,0.8308613062711423,0.4100048002820135,0.5775234131113424,0.7275637213943156
16,0.8256570387717929,0.4022520388976503,0.5837669094693028,0.7353839441343103
17,0.8274785324120751,0.3898790284677188,0.5702393340270552,0.7413181661939273
18,0.8352849336610993,0.37844846199305143,0.5702393340270552,0.7490887437228978
19,0.8397085610200364,0.3657761946254617,0.5660770031217481,0.7661289878491928
20,0.8490762425188655,0.3495930723464027,0.5619146722164412,0.7756415861702363
21,0.8641686182669789,0.3322051671977515,0.558792924037461,0.7843231936523247
22,0.8654696851418163,0.33040053812113707,0.5577523413111343,0.7947072578394451
23,0.8693728857818384,0.3166714130575819,0.5577523413111343,0.8042912246285319
24,0.8623471246577166,0.31276888333041936,0.5567117585848075,0.8213343873976668
25,0.8641686182669789,0.3140662764001569,0.558792924037461,0.8299853677680168
26,0.8782201405307324,0.2891228309358249,0.562955254942768,0.8421219684703045
27,0.8701535258912309,0.2945283794198345,0.554630593132154,0.8501418443797902
28,0.8709341660161333,0.29263800682149577,0.5494276795005203,0.8640780462248641
29,0.8748373666406454,0.28648720134942446,0.5473465140478668,0.8733385078120555
30,0.8857663283892792,0.2732608792360658,0.5619146722164412,0.8865191899278781
31,0.8805620609054396,0.2699449498951823,0.5515088449531738,0.8976960388728409
32,0.8901899557637263,0.2625563784933574,0.5577523413111343,0.9138431390912178
33,0.8790007806401249,0.26948842310886845,0.5639958376690947,0.922950030923758
34,0.8816029143975546,0.266411573617619,0.5650364203954215,0.934539171895177
35,0.8842050481394743,0.26223553443677006,0.5660770031217481,0.9503988590126355
36,0.8748373666406454,0.25640449052346487,0.5712799167533819,0.957563985708973
37,0.8907103825214162,0.24764154325262383,0.5702393340270552,0.9764031681012164
38,0.8855061150298217,0.2499883872300053,0.5671175858480749,0.9881330817844816
39,0.8959146500130106,0.24376214759566342,0.5650364203954215,0.9942573861264538
40,0.892271662763466,0.24083571053407418,0.5681581685744017,1.0034188470656864
41,0.8914910226385636,0.24121072276507757,0.5702393340270552,1.022789249807193
42,0.8990372105126203,0.23645363631167512,0.5639958376690947,1.0398395618464522
43,0.8886286755139214,0.2492963098282309,0.558792924037461,1.058604045725514
44,0.9011189175278701,0.23222422019721256,0.5608740894901144,1.0792390173233262
45,0.897736143637783,0.22976442718902138,0.562955254942768,1.0879492988881658
46,0.8901899557637263,0.24109832367939996,0.5723204994797086,1.0988269747233912
47,0.8979963570127505,0.23610494239098262,0.5702393340270552,1.1177616317239933
48,0.8938329430132709,0.24072380767587012,0.5660770031217481,1.1296675376415748
49,0.8956544366380432,0.23143331902142833,0.5608740894901144,1.1476589813130704
50,0.8901899557792362,0.232197953905254,0.5598335067637877,1.163332302786185
51,0.8917512360135311,0.23093513072297003,0.5567117585848075,1.1812137171827668
52,0.8951340098881082,0.22657251506152018,0.5702393340270552,1.2056659424714318
53,0.892271662763466,0.23236986381325783,0.5660770031217481,1.2048360321449811
54,0.8982565703877179,0.22543214122330246,0.5660770031217481,1.2182140781095447
55,0.9003382774029677,0.21804581631790249,0.5650364203954215,1.227427448398985
56,0.9029404111526423,0.21763602452075886,0.5650364203954215,1.2394119587946881
57,0.8912308092635961,0.22555623371701763,0.5671175858480749,1.2447977675111435
58,0.9005984907624252,0.2210545509795782,0.5639958376690947,1.2524408813135681
59,0.9037210512620348,0.21654131681390054,0.5660770031217481,1.2785935591708608
60,0.9016393442622951,0.21562868339256044,0.5619146722164412,1.2931693175983974
61,0.90215977101223,0.21596002184783236,0.5619146722164412,1.3084407183152704
62,0.9039812646525123,0.2153267671191503,0.558792924037461,1.327871332431559
63,0.893312516263336,0.22143627092486523,0.5577523413111343,1.3511714281264255
64,0.9097059588862868,0.21084940704441213,0.5608740894901144,1.3660588062733692
65,0.9039812646370023,0.2113420916796351,0.558792924037461,1.3802252228407657
66,0.9086651054019268,0.20550733768254434,0.5639958376690947,1.3958812660996054
67,0.9055425448868072,0.20630248419062222,0.5598335067637877,1.4023352169686625
68,0.9120478792609941,0.19383969279105484,0.5515088449531738,1.4170900321217654
69,0.9055425448868072,0.20626177540571933,0.5681581685744017,1.4247979134414248
70,0.9094457455113193,0.20531718407311914,0.5660770031217481,1.434474444817306
71,0.9013791308873276,0.20823601557505556,0.5608740894901144,1.4543312556894339
72,0.9052823315118397,0.20537222033711172,0.5619146722164412,1.4671661400242972
73,0.9003382774029677,0.209406902454745,0.5671175858480749,1.4710138165057636
74,0.9128285194014064,0.1923508872332562,0.5660770031217481,1.4705668377702616
75,0.9045016913869373,0.20243438139301925,0.5639958376690947,1.5045259791299406
76,0.9045016913869373,0.20172452052651424,0.562955254942768,1.5229417343549314
77,0.9097059589017967,0.19726153837496063,0.5660770031217481,1.5269882278468432
78,0.9167317200259184,0.18994087915292732,0.5619146722164412,1.5468005393161735
79,0.9078844652615145,0.19882212233766738,0.5577523413111343,1.5792436233869949
80,0.9185532136351808,0.1911883400949438,0.562955254942768,1.6022806808577306
81,0.9136091595263088,0.18800875772543943,0.5567117585848075,1.6274081151641742
82,0.9188134270101483,0.18722836295205295,0.5671175858480749,1.6486725713146713
83,0.9063231850117096,0.198614373303913,0.5660770031217481,1.6681196811094368
84,0.9237574811345303,0.18519069087666643,0.5671175858480749,1.6862706337608668
85,0.9102263856362217,0.19108115265743514,0.5681581685744017,1.7088385219496756
86,0.912568306010929,0.19353710950165406,0.562955254942768,1.7236199729826833
87,0.9149102263856362,0.1855663679406384,0.5681581685744017,1.7346131644879432
88,0.9195940671350508,0.1805928856514408,0.5660770031217481,1.7413871217360108
89,0.9123080926359615,0.18795684502866472,0.5660770031217481,1.7622707981100687
90,0.9172521467603435,0.18808025018935584,0.5671175858480749,1.7754098424856608
91,0.9188134270256583,0.1836080616521798,0.5723204994797086,1.8088005782995649
92,0.9172521467758534,0.18480418497251094,0.5681581685744017,1.8246835980072045
93,0.9208951340098881,0.1841058283578968,0.5598335067637877,1.8385869234753822
94,0.9227166276346604,0.17949170911029821,0.5660770031217481,1.8529779421830401
95,0.926359614884205,0.1755424882521581,0.5681581685744017,1.864854595012397
96,0.9182930002602133,0.18033903897595752,0.5712799167533819,1.874887416121801
97,0.9190736403851157,0.18040851955531073,0.5733610822060354,1.888378844025635
98,0.9229768410096278,0.17679583724280865,0.5723204994797086,1.9204234824003215
99,0.9193338537600833,0.18590863662835616,0.5764828303850156,1.9276447464807906
100,0.9302628155087171,0.176512981786056,0.578563995837669,1.9509824775779594
101,0.9320843091334895,0.1698574990464504,0.5848074921956296,1.9770189210012725
102,0.9245381212749426,0.1792961066661947,0.5879292403746098,1.9901292599605844
103,0.9313036690085871,0.17257834315656717,0.5775234131113424,1.9912593397433007
104,0.92688004163414,0.17313895999974271,0.5827263267429761,1.9981771207043395
105,0.9320843091334895,0.1741106778794268,0.5889698231009365,2.005006826169688
106,0.9320843091334895,0.17100985719299613,0.5920915712799167,2.006316134708078
107,0.9320843091334895,0.1728321144479949,0.5910509885535901,2.024182085730872
108,0.9354670830080666,0.17051821110046472,0.5900104058272633,2.0353903752615
109,0.9391100702576113,0.16296593045160046,0.5941727367325702,2.045479432535314
110,0.9310434556336196,0.17155536340179772,0.5806451612903226,2.0729166304539506
111,0.9331251626333593,0.166372711486938,0.5900104058272633,2.080754179728453
112,0.9323445225084569,0.16858963139457936,0.5931321540062435,2.1068080105779075
113,0.9336455893988043,0.1674844291707733,0.5858480749219563,2.119888284428745
114,0.9346864428831642,0.16517445646108142,0.5754422476586889,2.142823931260052
115,0.9328649492583919,0.17293088220015282,0.5660770031217481,2.152930145480444
116,0.9326047358989343,0.17403625916169083,0.5681581685744017,2.175987599179164
117,0.9419724173822535,0.16064043990606572,0.5702393340270552,2.195067764096094
118,0.9414519906323185,0.16168808286625241,0.5744016649323621,2.2147604832144667
119,0.9398907103825137,0.16024537780788645,0.5702393340270552,2.2323104909250007
120,0.9398907103825137,0.16064511885129318,0.5691987513007284,2.2615197784617216
121,0.936247723132969,0.16636524888033238,0.5691987513007284,2.275216090590785
122,0.9401509237574811,0.15991155286044495,0.5691987513007284,2.2837723783342385
123,0.9391100702576113,0.16267512892640695,0.5723204994797086,2.3120835340396733
124,0.9388498568826438,0.162009187649539,0.5712799167533819,2.33029607073651
125,0.941191777257351,0.15635299392969323,0.5671175858480749,2.3390792535848597
126,0.9432734842570908,0.15627495081760348,0.5660770031217481,2.3330569778037
127,0.927400468384075,0.17008632713855631,0.5723204994797086,2.3396841676461895
128,0.9378090033827738,0.16337832807040512,0.5733610822060354,2.356575260979669
129,0.9393702836325787,0.1575829246423842,0.5702393340270552,2.3811913881447015
130,0.9445745511319282,0.15880317198688898,0.5650364203954215,2.408783794542567
131,0.9378090033827738,0.160293640618775,0.5691987513007284,2.433403630139118
132,0.9378090033827738,0.16194337029073066,0.5691987513007284,2.4661789221667783
133,0.9474368982720803,0.15404327363822723,0.5660770031217481,2.471020097570042
134,0.9432734842570908,0.15004047422131586,0.5619146722164412,2.490249898707209
135,0.9448347645068956,0.15834904132125405,0.5660770031217481,2.4897237858588688
136,0.9409315638823835,0.15589683524917228,0.5712799167533819,2.536245683175158
137,0.9443143377569607,0.15279342832623935,0.5671175858480749,2.569378246936044
138,0.941712204007286,0.15374223848757818,0.5671175858480749,2.592310729154563
139,0.9443143377569607,0.15038296009064683,0.562955254942768,2.6046341456682205
140,0.945615404647308,0.1523900769540428,0.5681581685744017,2.6170154986408822
141,0.936768149882904,0.15836205626608896,0.5744016649323621,2.6310986168023573
142,0.9492583918813428,0.15450738705045197,0.5712799167533819,2.631817214710407
143,0.9461358313817331,0.1523252280446939,0.5723204994797086,2.636999721380104
144,0.9404111371324486,0.1573232423815602,0.578563995837669,2.6446824680769603
145,0.9437939110070258,0.1520664842729996,0.5702393340270552,2.6752873843847835
146,0.9346864428831642,0.16274256927874634,0.5733610822060354,2.6784625347823865
147,0.9479573250065053,0.1479083589905102,0.5764828303850156,2.696745717845679
148,0.951079885506115,0.14088472647186745,0.5796045785639958,2.7071349840963976
149,0.9437939110070258,0.14874340759189433,0.5702393340270552,2.7246917318572117
150,0.9435336976320583,0.15134422017313248,0.5691987513007284,2.7325360944163166
151,0.946135831397243,0.14762188297617165,0.5702393340270552,2.739223087975963
152,0.9445745511319282,0.15065190173063214,0.5733610822060354,2.7408496702126732
153,0.9476971116315379,0.1452802093372412,0.5754422476586889,2.7450459578755804
154,0.9476971116315379,0.1468166725726029,0.5754422476586889,2.7582762459415116
155,0.9427530575071559,0.1489972367130497,0.5806451612903226,2.7691402926064184
156,0.9500390320062451,0.143248896703663,0.578563995837669,2.7999430972264845
157,0.9489981785218852,0.14123159950206965,0.5754422476586889,2.809416642271052
158,0.9448347645068956,0.15398988594169452,0.5691987513007284,2.8103625629093347
159,0.9474368982565704,0.14749005443876745,0.5650364203954215,2.8200104086893405
160,0.9479573250065053,0.14402547412273972,0.5702393340270552,2.821785734258941
161,0.9495186052563102,0.14159964823200155,0.5754422476586889,2.8239258034086934
162,0.946656258131668,0.1502613914399106,0.5806451612903226,2.8368239568257616
163,0.9523809523809523,0.1411897641527383,0.5858480749219563,2.823302844820329
164,0.9484777517564403,0.14303005510573272,0.578563995837669,2.8249596416500555
165,0.9508196721311475,0.1373692550542545,0.5764828303850156,2.8113070146086683
166,0.941712204007286,0.15351951674825043,0.5796045785639958,2.802174378981141
167,0.9458756180067656,0.14865847309988797,0.5754422476586889,2.822202026944813
168,0.9476971116315379,0.14756225844961016,0.5837669094693028,2.838632794475022
169,0.9458756180067656,0.14313614390928114,0.5837669094693028,2.850425596815087
170,0.9458756180067656,0.1477652955398006,0.5858480749219563,2.858466520308518
171,0.9518605256310174,0.1417218065914421,0.586888657648283,2.8680125597775232
172,0.9518605256310174,0.14020109530358987,0.5858480749219563,2.884621230166301
173,0.9487379651314077,0.1493181273391586,0.5796045785639958,2.8924174070567608
174,0.9476971116315379,0.14479566179942935,0.578563995837669,2.9078420029679832
175,0.9479573250220152,0.1494385044446936,0.5848074921956296,2.9403408214209543
176,0.9489981785063752,0.1466776266686314,0.5827263267429761,2.959924308883567
177,0.9440541243819932,0.14830469796271675,0.5848074921956296,2.997302774254632
178,0.9466562581471779,0.15220247064442055,0.5900104058272633,3.013752525054019
179,0.9489981785063752,0.14327167450311498,0.586888657648283,3.007438310812558
180,0.9469164715066355,0.15060891618265357,0.5920915712799167,3.021244342114222
181,0.9539422326307572,0.14108287868185215,0.586888657648283,3.0391428590472107
182,0.9492583918813428,0.14219078243228567,0.5775234131113424,3.0591432518683352
183,0.9547228727711695,0.13751119409350718,0.5764828303850156,3.083136074679141
184,0.9523809523809523,0.13894329833377161,0.5754422476586889,3.11636238471914
185,0.9476971116315379,0.14976043297758707,0.5723204994797086,3.1013670696118125
186,0.9529013791308873,0.13926590398737237,0.5723204994797086,3.1041236587031573
187,0.9555035128960719,0.13802958966356188,0.5733610822060354,3.1196906941397256
188,0.9534218058808223,0.13567823167156498,0.5775234131113424,3.1352999953516254
189,0.9505594587561801,0.14177328318690932,0.578563995837669,3.1408314362098535
190,0.9557637262555295,0.13967057744987676,0.5775234131113424,3.1405608258505704
191,0.9518605256310174,0.1384010087381714,0.5806451612903226,3.1567576670482307
192,0.956023939630497,0.13781355220883612,0.5764828303850156,3.1702424985987525
193,0.9547228727556596,0.13786898769347147,0.5858480749219563,3.1965091710873375
194,0.9505594587561801,0.14306142112623582,0.5764828303850156,3.191116122457196
195,0.9549830861306271,0.1410555251392495,0.5691987513007284,3.196885437409042
196,0.9529013791308873,0.14403011129295146,0.5754422476586889,3.2073403612965414
197,0.9578454332552693,0.1361336462003875,0.5691987513007284,3.2132557414231764
198,0.9521207390059849,0.14098837981284085,0.5796045785639958,3.1941545630313852
199,0.9523809523809523,0.1424302414685852,0.5723204994797086,3.1999334353220945
200,0.9583658600052043,0.1345824269961247,0.5712799167533819,3.223945809913941
201,0.9531615925058547,0.1416892041380738,0.5796045785639958,3.2201988467642346
202,0.956023939630497,0.13680438297569766,0.5775234131113424,3.2300008849456954
203,0.9513400988810825,0.14183726976086408,0.5712799167533819,3.245350680524303
204,0.9523809523809523,0.14091895529508375,0.5754422476586889,3.228677196585177
205,0.9523809523809523,0.14232918839962755,0.5816857440166493,3.237844468229116
206,0.9529013791308873,0.13520620652793627,0.5712799167533819,3.2544067804541723
207,0.9534218058808223,0.13957811297614717,0.5691987513007284,3.2697937705095677
208,0.9542024460057247,0.1406211263882813,0.5816857440166493,3.2751131973594707
209,0.9544626593806922,0.13871724463780194,0.5775234131113424,3.2930818313265626
210,0.9581056466302368,0.13501774177978879,0.5639958376690947,3.3136185086162664
211,0.9562841530054644,0.13757099595862132,0.5660770031217481,3.3265915233079775
212,0.955503512880562,0.13366407728597673,0.5660770031217481,3.3482374584498067
213,0.9536820192557898,0.14139759558782025,0.5754422476586889,3.34422987313412
214,0.9529013791308873,0.14290107203094468,0.5691987513007284,3.3384958494505015
215,0.9466562581471779,0.14823033903962213,0.5639958376690947,3.3646240964314815
216,0.9562841530054644,0.14296057994903733,0.5650364203954215,3.3796390528702465
217,0.9549830861306271,0.1393733865380551,0.5619146722164412,3.3807721267590973
218,0.9570647931303669,0.134891575154362,0.5671175858480749,3.3988186462814305
219,0.9562841530209744,0.13759471953396,0.5650364203954215,3.3940051347559996
220,0.9510798855216249,0.14060852476745853,0.5733610822060354,3.404340886482804
221,0.9549830861306271,0.13778974729653853,0.5671175858480749,3.4126615180293802
222,0.9568045797553995,0.13490188417065865,0.5702393340270552,3.412743970131527
223,0.9547228727711695,0.13958368314885236,0.5744016649323621,3.4013498293528572
224,0.9575852198803019,0.13451243301884072,0.5681581685744017,3.441055674772636
225,0.9536820192712997,0.144100562308004,0.562955254942768,3.45779077105542
226,0.960967993754879,0.13106524310821888,0.5650364203954215,3.452358352956551
227,0.9518605256310174,0.1467525325676767,0.5619146722164412,3.46392259598321
228,0.9614884205203239,0.12790610002038258,0.5702393340270552,3.4653895865780817
229,0.9544626593806922,0.13772640357992627,0.5723204994797086,3.4682334462892066
230,0.9536820192557898,0.13732101146113335,0.5723204994797086,3.4737339131146454
231,0.9526411657559198,0.142456707392676,0.5681581685744017,3.4595441610380835
232,0.9573250065053344,0.1373667967523444,0.5681581685744017,3.463606170178018
233,0.9552432995055946,0.13628174486125846,0.5712799167533819,3.466300618380277
234,0.9565443663804319,0.13380804283856074,0.5723204994797086,3.471932047317105
235,0.9581056466302368,0.13552092915706698,0.5691987513007284,3.4758139014647234
236,0.9505594587561801,0.1409064072261572,0.5639958376690947,3.5092035788465115
237,0.9568045797553995,0.13540724585050412,0.5681581685744017,3.5149106006646815
238,0.9578454332552693,0.13435127626452134,0.5754422476586889,3.5109248670606905
239,0.961488420504814,0.13158481472615088,0.5775234131113424,3.511829257317655
240,0.9573250065208443,0.1374428215946284,0.5806451612903226,3.472407584201688
241,0.956023939630497,0.1373725420175711,0.5744016649323621,3.4979010571558007
242,0.9557637262710394,0.13562483049109056,0.5733610822060354,3.4909939171821964
243,0.955503512880562,0.14135236455350067,0.5764828303850156,3.489480225572849
244,0.9495186052563102,0.1444376943331971,0.5827263267429761,3.482258741056758
245,0.9557637262555295,0.14162167103734763,0.5816857440166493,3.495548502715551
246,0.9502992453812126,0.14370684739906994,0.578563995837669,3.5399895320635806
247,0.9542024460057247,0.14111313929055744,0.5796045785639958,3.533638651801601
248,0.9536820192557898,0.13966225079596895,0.586888657648283,3.5259407203059165
249,0.956023939630497,0.1377718460184117,0.578563995837669,3.511537966739995
