epoch,acc,loss,val_acc,val_loss
0,0.5886026541919346,0.7087710605851381,0.5931321540062435,0.7052523392668376
1,0.6286755139214155,0.6822796634110255,0.5931321540062435,0.7012336378787236
2,0.664064532916992,0.6515336233658187,0.5972944849115505,0.6977944517358905
3,0.6765547749154307,0.6193825609821099,0.5879292403746098,0.6951566530191936
4,0.6924277908039564,0.5887675598639857,0.5879292403746098,0.6950183674522543
5,0.6947697111786637,0.5611025646286274,0.5920915712799167,0.6952043629709813
6,0.7038771793025252,0.5276950038164939,0.5931321540062435,0.7012732139363125
7,0.7137652875512893,0.5047500329094569,0.5962539021852237,0.702807295893035
8,0.7288576632994027,0.47725212997426103,0.5879292403746098,0.7060669462713068
9,0.7379651314155093,0.46021420461511725,0.586888657648283,0.7119128775398144
10,0.7567004944131674,0.44001255004690737,0.5900104058272633,0.7183244455989516
11,0.7691907364038512,0.4230294278782853,0.5931321540062435,0.7284913802370196
12,0.7866250325266718,0.4130068370491274,0.5920915712799167,0.7353794121345297
13,0.8178506375382786,0.38437011847265246,0.5848074921956296,0.7440872279836037
14,0.8358053603955243,0.3764226062360481,0.5775234131113424,0.7570678703370626
15,0.8506375227686703,0.3568226944770535,0.5858480749219563,0.7704604824425403
16,0.8724954462659381,0.3385709967428342,0.5775234131113424,0.7839784606066256
17,0.8816029144053096,0.33034915482659777,0.5775234131113424,0.7922761476250767
18,0.8826437679051794,0.3181838229736747,0.5691987513007284,0.8139112333725445
19,0.8899297424042687,0.31294890103661516,0.5650364203954215,0.8265549001534945
20,0.8938329430132709,0.30185657852086245,0.5827263267429761,0.840165468520106
21,0.9005984907779351,0.2979374644876054,0.5764828303850156,0.8528628822543991
22,0.8961748633879781,0.29195162391029794,0.5733610822060354,0.8746214446986751
23,0.9146500130261787,0.2751708006892947,0.5650364203954215,0.882728051630689
24,0.9102263856362217,0.26638317044369725,0.5733610822060354,0.8958587810536701
25,0.9078844652615145,0.26808491146137187,0.578563995837669,0.9157521928448334
26,0.9190736403851157,0.25460378429773667,0.5796045785639958,0.9378088288451084
27,0.9258391881497801,0.2480594180010583,0.5796045785639958,0.9600710968383269
28,0.9203747072599532,0.24518517499211367,0.5920915712799167,0.9706645065552238
29,0.921415560759823,0.24245799974774185,0.5858480749219563,0.9922757570502909
30,0.9211553473848556,0.23644580946997246,0.5889698231009365,1.0091727435526814
31,0.9302628155087171,0.23238121834298828,0.5889698231009365,1.0239393102328809
32,0.9313036690085871,0.23023243925277062,0.5816857440166493,1.0484234468001605
33,0.9339058027582617,0.21981786391929262,0.5858480749219563,1.0669302869041555
34,0.9227166276346604,0.22583472709826527,0.5796045785639958,1.0795923032323975
35,0.9333853760083268,0.21443251081658254,0.5806451612903226,1.1023447080655848
36,0.9289617486493897,0.21285590472830604,0.578563995837669,1.1165314220923166
37,0.930783242258652,0.21825492382825057,0.5764828303850156,1.1403055000627698
38,0.9378090033827738,0.20853813257404766,0.5806451612903226,1.1614815075179168
39,0.9372885766328389,0.20560497657771287,0.5764828303850156,1.1778727941656957
40,0.9346864428986741,0.20034908638036472,0.5712799167533819,1.2107839749643383
41,0.941191777257351,0.20131606924595496,0.578563995837669,1.2371954797582
42,0.9489981785063752,0.18906630668716445,0.5691987513007284,1.2625690589462184
43,0.941712204007286,0.19694724403692043,0.5733610822060354,1.2874894971716044
44,0.9427530575071559,0.19350072726774054,0.5712799167533819,1.3146890227864114
45,0.9393702836325787,0.19760308626989756,0.5691987513007284,1.336356528483246
46,0.9440541243819932,0.18734492391789917,0.5691987513007284,1.355422793997066
47,0.9450949778818631,0.18953302589875473,0.5650364203954215,1.3854837038018328
48,0.9500390320062451,0.1812346604592844,0.562955254942768,1.407295814987648
49,0.9463960447567005,0.1789763162153449,0.5650364203954215,1.4162510872414407
50,0.9544626593806922,0.17115077137900553,0.5650364203954215,1.442840986209655
51,0.9427530575226658,0.1841218552333813,0.5598335067637877,1.4647848997013129
52,0.9502992453812126,0.1774056572491323,0.5681581685744017,1.4747290630494394
53,0.9489981785063752,0.18106868439490925,0.5712799167533819,1.4990439791461059
54,0.9489981785063752,0.1728619176166429,0.5712799167533819,1.5191335904641652
55,0.9479573250065053,0.18063731087144388,0.5733610822060354,1.5415329190744447
56,0.9516003122715598,0.17160450874006503,0.5744016649323621,1.5703941668838293
57,0.9518605256310174,0.1699533714599483,0.5733610822060354,1.5983270662105047
58,0.9469164715066355,0.17234122474740143,0.5723204994797086,1.6249004448613813
59,0.9516003122715598,0.17031445062442774,0.5723204994797086,1.6342748299272079
60,0.9502992453812126,0.1689527285138192,0.5733610822060354,1.655222185483274
61,0.9492583918890977,0.17378855334760124,0.5754422476586889,1.6877038068487915
62,0.9487379651314077,0.16863389503605317,0.5775234131113424,1.7182778444889308
63,0.9542024460057247,0.1649056197108467,0.578563995837669,1.7556781641650523
64,0.9482175383814728,0.17270998729355566,0.5744016649323621,1.7808750035177285
65,0.9476971116315379,0.1718164858232089,0.5723204994797086,1.795098924674055
66,0.9523809523809523,0.17050046898228813,0.5764828303850156,1.7994727825709114
67,0.9521207390059849,0.16631769162663065,0.5712799167533819,1.8182337956113448
68,0.9573250065208443,0.1597531322169794,0.5733610822060354,1.8304217071674618
69,0.9463960447722104,0.17576625120382336,0.5723204994797086,1.8539522185409976
70,0.9575852198803019,0.1534384276573465,0.5702393340270552,1.8762921613411403
71,0.9516003122560499,0.1641523103560984,0.5744016649323621,1.9030203478765537
72,0.9607077803799116,0.15063711016354323,0.5650364203954215,1.925370602652384
73,0.960447567004944,0.14963056769046565,0.5733610822060354,1.9504008674596773
74,0.9568045797553995,0.15674949977513003,0.5712799167533819,1.9538151381167115
75,0.9583658600052043,0.14939458788046142,0.5733610822060354,1.9712549075871924
76,0.9594067135050741,0.15416291605408788,0.5712799167533819,1.9928538481105007
77,0.9531615925058547,0.1619644486753698,0.5691987513007284,2.002239364739139
78,0.960967993754879,0.14631837742529652,0.5733610822060354,2.0315668906679263
79,0.9612282071298465,0.15049314929107935,0.5764828303850156,2.0499132778282343
80,0.9588862867551392,0.15042874717713178,0.5796045785639958,2.081221152387722
81,0.9581056466302368,0.15822419564518617,0.5754422476586889,2.102892492892963
82,0.960447567004944,0.14715916764028922,0.5702393340270552,2.1218234284797393
83,0.960447567004944,0.14684118645911784,0.5733610822060354,2.144141312909548
84,0.9627894873796513,0.1406443088833798,0.5671175858480749,2.1692769760333785
85,0.9549830861306271,0.15525840759866721,0.5691987513007284,2.173374943458451
86,0.9599271402550091,0.15111318969870804,0.5702393340270552,2.198390030215856
87,0.9575852198803019,0.15660506685613623,0.5744016649323621,2.2066558932693643
88,0.960447567004944,0.14832858496711274,0.5660770031217481,2.2409971882196666
89,0.9599271402550091,0.15197331941658215,0.5691987513007284,2.255516367682433
90,0.9622690606297164,0.14656707920151515,0.5796045785639958,2.25383340808467
91,0.9575852198803019,0.15106305884715482,0.5806451612903226,2.276029755976768
92,0.9594067135050741,0.14561576279320818,0.5848074921956296,2.292828097846456
93,0.9544626593806922,0.15505692781941083,0.5837669094693028,2.3172117423781744
94,0.961488420504814,0.14708622725791462,0.5775234131113424,2.3276012366817844
95,0.9586260733801717,0.14725419987044452,0.5702393340270552,2.345146204907986
96,0.9643507676294562,0.14131218001959908,0.5733610822060354,2.3633354192640357
97,0.9638303408795212,0.1407379087117883,0.5712799167533819,2.3652282760524104
98,0.965912047879261,0.13857689819941135,0.5733610822060354,2.373168861255065
99,0.9568045797553995,0.1533151479961892,0.5681581685744017,2.39340364877968
100,0.9601873536299765,0.14781181820002565,0.5681581685744017,2.416199367706597
101,0.9661722612542285,0.13639964466910173,0.5806451612903226,2.4241760522979976
102,0.9669529013791309,0.13052921234735468,0.5816857440166493,2.4290341723876985
103,0.9635701275045537,0.13788947342542848,0.5816857440166493,2.4329592239549704
104,0.9625292740201937,0.14059603719887495,0.5806451612903226,2.4409386799297645
105,0.9583658600052043,0.1497368623650139,0.578563995837669,2.455965128970506
106,0.9653916211293261,0.1362633945824127,0.5754422476586889,2.4709332935457797
107,0.9591465001301067,0.14957894927805332,0.5733610822060354,2.471369207137953
108,0.960967993754879,0.13998679147760384,0.5671175858480749,2.501683323490012
109,0.964871194394901,0.13723809468445292,0.5733610822060354,2.5078886070062913
110,0.9664324746291959,0.13104806379484163,0.5796045785639958,2.514470708357804
111,0.9627894873796513,0.13839650415165208,0.5733610822060354,2.5603825246196137
112,0.9672131147540983,0.13401041011612708,0.5796045785639958,2.572205544417408
113,0.965912047879261,0.13486608164542485,0.5806451612903226,2.5841556722986336
114,0.9664324746447058,0.13865037203889757,0.5775234131113424,2.596598357923569
115,0.9620088472702588,0.1425797988467002,0.5733610822060354,2.5938719597865094
116,0.9664324746291959,0.1294579998680446,0.5681581685744017,2.621917685658577
117,0.9620088472547489,0.1380342155541801,0.5639958376690947,2.630801649669207
118,0.9669529013791309,0.13511514967012275,0.5650364203954215,2.6214523226115753
119,0.9607077803799116,0.1469199975257952,0.5702393340270552,2.654491920873104
120,0.9669529013791309,0.13626688595297992,0.5712799167533819,2.686543539212968
121,0.9661722612542285,0.13550392769988615,0.5691987513007284,2.6975334928633643
122,0.9711163153786104,0.125075924636531,0.5650364203954215,2.696231836458895
123,0.9661722612542285,0.13722842818040293,0.562955254942768,2.699229500296213
124,0.9594067135050741,0.14502401465771567,0.5650364203954215,2.713114651755413
125,0.9724173822534479,0.12377197761694467,0.5660770031217481,2.7347404865022753
126,0.9685141816289358,0.1281765266475487,0.5660770031217481,2.7343411731546303
127,0.9640905542544886,0.13859676563884019,0.5764828303850156,2.74495283932145
128,0.9695550351288056,0.1314823174940758,0.5712799167533819,2.7428545050640882
129,0.9685141816289358,0.13471147372074,0.5754422476586889,2.7486310689928133
130,0.9661722612542285,0.13667075984488233,0.5702393340270552,2.754364719872172
131,0.9682539682539683,0.1332757427315212,0.5723204994797086,2.741546535777252
132,0.9635701275045537,0.13640564247760306,0.5691987513007284,2.7514608897478103
133,0.9653916211293261,0.13639573471956565,0.5723204994797086,2.7520143059426365
134,0.9679937548790007,0.13016982532353288,0.5827263267429761,2.7675558864357073
135,0.9661722612542285,0.13523506359208104,0.5744016649323621,2.7852910390815677
136,0.965912047879261,0.13714955974638757,0.5744016649323621,2.7952219351242285
137,0.9698152485037731,0.12745332488736355,0.5744016649323621,2.8078832410888417
138,0.9661722612542285,0.13410302904545252,0.5712799167533819,2.808554870637597
139,0.9672131147540983,0.1339854745651374,0.578563995837669,2.8167071295020234
140,0.970856102003643,0.12678004720233985,0.5858480749219563,2.8084407972712673
141,0.9651314077543586,0.1367937557025096,0.5816857440166493,2.8174370756289466
142,0.9695550351288056,0.1301091100100642,0.5806451612903226,2.8311895511028795
143,0.9724173822534479,0.11789450368517053,0.5837669094693028,2.8369982067832837
144,0.9690346083788707,0.12984633030073736,0.5827263267429761,2.852190614770032
145,0.9739786625187626,0.11794765937647843,0.5848074921956296,2.8700458491599026
146,0.9690346083788707,0.13021383896923736,0.5858480749219563,2.8909077465100044
147,0.9692948217538382,0.12795319002012148,0.5754422476586889,2.904944562468519
148,0.9643507676294562,0.13536849766174797,0.5702393340270552,2.917944237202189
149,0.9685141816289358,0.13326173628463026,0.578563995837669,2.916569175336289
150,0.9669529013791309,0.13175204859606895,0.5889698231009365,2.91364852338254
151,0.9726775956284153,0.1247774381205079,0.5848074921956296,2.9253447265766415
152,0.9700754618787406,0.1303329203620014,0.586888657648283,2.9368812671002935
153,0.9700754618787406,0.1253998467900807,0.5827263267429761,2.945220900934023
154,0.97527972937809,0.11874913271771506,0.5775234131113424,2.957248238135327
155,0.9685141816289358,0.13035252570113323,0.5744016649323621,2.9799669321382205
156,0.9692948217538382,0.1271796434276308,0.5816857440166493,3.0030558663774105
157,0.9711163153786104,0.1243361064559806,0.5775234131113424,3.0237959719163197
158,0.9679937548790007,0.13113458964109978,0.5775234131113424,3.020139683127155
159,0.9739786625032527,0.11882174425670451,0.578563995837669,3.044531185253602
160,0.9690346083943806,0.12474753414315852,0.5764828303850156,3.041439713132989
161,0.970856102003643,0.12054427540801696,0.578563995837669,3.0605593954797343
162,0.9685141816289358,0.12683598496331977,0.5764828303850156,3.074385316156696
163,0.9635701275045537,0.13567778185463622,0.5671175858480749,3.0742289520389208
164,0.970335675253708,0.12613274647839487,0.5691987513007284,3.079329916654963
165,0.9698152485037731,0.12417926517565549,0.578563995837669,3.0672173445170183
166,0.9666926880041634,0.1307450635220556,0.5764828303850156,3.093405703538166
167,0.970856102003643,0.12382588925428016,0.5806451612903226,3.1048137809806016
168,0.9700754618787406,0.12695147948799548,0.5712799167533819,3.1131508719412517
169,0.9744990892531876,0.12062447486508801,0.5712799167533819,3.139853123943714
170,0.97527972937809,0.11493864725870978,0.5723204994797086,3.162279528025906
171,0.9690346083788707,0.12559919806467254,0.5702393340270552,3.1676298812822545
172,0.9737184491282852,0.11914039756826457,0.5691987513007284,3.158236586402532
173,0.9721571688939903,0.12267425526810784,0.5702393340270552,3.1665332292232753
174,0.9690346083788707,0.1290522538573364,0.5691987513007284,3.149846394712049
175,0.9713765287535779,0.11938402907025712,0.5650364203954215,3.1657292108505994
176,0.9695550351443155,0.12292948663777559,0.5712799167533819,3.153447309964405
177,0.9705958886286755,0.12487900224152003,0.5775234131113424,3.14639868696572
178,0.9679937548790007,0.13215587237637055,0.5733610822060354,3.1648471094939263
179,0.9656518345042935,0.13531546633387181,0.5702393340270552,3.199561625688059
180,0.9700754618787406,0.12681364053058153,0.5650364203954215,3.216487971850662
181,0.9744990892531876,0.11753253669764206,0.5712799167533819,3.230160629836131
182,0.97527972937809,0.11576618808276821,0.5744016649323621,3.234066036315664
183,0.9724173822534479,0.11949765691914163,0.5681581685744017,3.2372357373927314
184,0.9718969555035128,0.12205919987470447,0.5681581685744017,3.247664616829895
185,0.9731980223783503,0.12077949224890534,0.5691987513007284,3.260312127521209
186,0.9737184491282852,0.11921843799713717,0.5764828303850156,3.2408452574842057
187,0.9674733281290658,0.12916826092689696,0.5775234131113424,3.2444219847251423
188,0.9692948217538382,0.13089619966811758,0.5712799167533819,3.254604272117972
189,0.9724173822534479,0.126679543747959,0.5764828303850156,3.255302780748778
190,0.9705958886286755,0.12620797592515504,0.5702393340270552,3.2713378659148122
191,0.970335675253708,0.12648086173441955,0.5754422476586889,3.284385723080273
192,0.9734582357533177,0.12129566728905902,0.5827263267429761,3.2661223848205947
193,0.9724173822689578,0.11970955549104122,0.5827263267429761,3.2612083037611597
194,0.970856102003643,0.12441814379272689,0.5827263267429761,3.264571688053635
195,0.9724173822534479,0.12373687314306298,0.5806451612903226,3.2758259810468533
196,0.9747593026281551,0.11901962692356656,0.578563995837669,3.2790166217752352
197,0.9726775956284153,0.12128703338449087,0.578563995837669,3.2931611503200156
198,0.9690346083788707,0.1259022845076981,0.5796045785639958,3.2940987734343086
199,0.97527972937809,0.11530294114805713,0.5775234131113424,3.2984122691615934
200,0.9744990892531876,0.12061160223545458,0.5754422476586889,3.303656715756276
201,0.97632058287796,0.1130465657118007,0.5764828303850156,3.3130678038939476
202,0.9677335415040333,0.13271850015800382,0.5712799167533819,3.329380793576434
203,0.9744990892531876,0.1185136413530791,0.5660770031217481,3.3248056725334303
204,0.9742388758782201,0.11821562071160478,0.5723204994797086,3.341664391675427
205,0.9744990892531876,0.11968219182239577,0.562955254942768,3.3610224182970443
206,0.9726775956284153,0.12631306131987127,0.5764828303850156,3.34636742813158
207,0.9713765287690879,0.12809106933242356,0.5723204994797086,3.3543845890215853
208,0.9718969555035128,0.12257251420695428,0.5744016649323621,3.343115088098627
209,0.9737184491282852,0.1247191507589327,0.5660770031217481,3.3433341265469014
210,0.9726775956284153,0.12028499135872116,0.5598335067637877,3.3700585280943365
211,0.9737184491282852,0.12234509137034758,0.5608740894901144,3.3777642830601593
212,0.9705958886286755,0.12704358418863979,0.5671175858480749,3.3885840317709266
213,0.9713765287535779,0.1313694955787403,0.5712799167533819,3.4047200315080497
214,0.9700754618787406,0.12360921918360976,0.5702393340270552,3.398718098571968
215,0.9768410096278949,0.11468057895106883,0.5723204994797086,3.3985998250939473
216,0.9781420765027322,0.11241749451320493,0.5723204994797086,3.39038898198091
217,0.9718969555035128,0.12263172911831466,0.5712799167533819,3.392675821540507
218,0.9755399427530576,0.11517953811610332,0.5744016649323621,3.3822907736596655
219,0.9729378090033828,0.12186929421276901,0.5681581685744017,3.382566686227344
220,0.9729378090033828,0.12493759565173633,0.5702393340270552,3.3872325968667942
221,0.9744990892531876,0.11860515663292208,0.578563995837669,3.3835134709662875
222,0.9731980223783503,0.11828941033511865,0.5691987513007284,3.3780334668154524
223,0.975800156128025,0.11723503337907909,0.5712799167533819,3.3889892649576145
224,0.97527972937809,0.1197107569645337,0.5733610822060354,3.4049255488194237
225,0.9742388758782201,0.1206929040798879,0.5650364203954215,3.4234109803119384
226,0.9711163153786104,0.12999212583844438,0.562955254942768,3.42715423635588
227,0.9781420765027322,0.11232740660795407,0.558792924037461,3.435170430670668
228,0.9724173822534479,0.1229082477389758,0.5681581685744017,3.44419564019877
229,0.9776216497527973,0.1125379321287766,0.5723204994797086,3.4536412196402497
230,0.97527972937809,0.11536881187264261,0.5681581685744017,3.4502054595550313
231,0.9781420765027322,0.11109325418070894,0.5744016649323621,3.456229874792506
232,0.9737184491282852,0.12034770249040866,0.5650364203954215,3.4886958492410045
233,0.975800156128025,0.11821916988669601,0.5744016649323621,3.4857422236225237
234,0.97632058287796,0.11682954034301535,0.5671175858480749,3.4872650589084526
235,0.9739786625032527,0.12374028733139264,0.5660770031217481,3.4961858693816534
236,0.9755399427685675,0.11986596910648907,0.5681581685744017,3.502743480853062
237,0.9760603695029925,0.11780998792820166,0.5702393340270552,3.503046341418724
238,0.9771012230028624,0.11550830354642161,0.5691987513007284,3.5364716665801845
239,0.9734582357533177,0.11967138690530339,0.5733610822060354,3.553863962036514
240,0.9705958886286755,0.12582546586256582,0.5744016649323621,3.574966162722267
241,0.9737184491282852,0.12139877201584581,0.5712799167533819,3.6048041243458884
242,0.9802237835024721,0.10978086344701934,0.5723204994797086,3.59328544747693
243,0.9687743950039032,0.1303909368611409,0.5733610822060354,3.562634357924764
244,0.9729378090033828,0.12175549172018146,0.5744016649323621,3.566800899485768
245,0.9755399427530576,0.11879170272860898,0.5681581685744017,3.5775494114045174
246,0.9760603695029925,0.12094363385160516,0.5691987513007284,3.5878129060012864
247,0.97632058287796,0.11783027808290268,0.5681581685744017,3.60080360845274
248,0.975800156128025,0.11734652923065766,0.5691987513007284,3.6283544516588226
249,0.9794431433775697,0.110335130109751,0.5744016649323621,3.6339210327656533
