epoch,acc,loss,val_acc,val_loss
0,0.5797553994430406,0.7012760209100432,0.6087408949011447,0.6985866927331493
1,0.5971896955503513,0.6764797946298119,0.6097814776274714,0.6941888644965705
2,0.5982305490657311,0.6531440846286588,0.6108220603537982,0.6905670639255417
3,0.6034348165495707,0.6291187006593402,0.6108220603537982,0.6879210881462454
4,0.6075982305645602,0.6012009704854381,0.6108220603537982,0.6850904111559508
5,0.6081186573144951,0.5801840742025839,0.6108220603537982,0.6840306359821006
6,0.6115014311813173,0.5588647169958885,0.6108220603537982,0.6880097314792915
7,0.6096799375643,0.5304598096072782,0.6108220603537982,0.6898259106213295
8,0.6083788706817076,0.513453862861268,0.6108220603537982,0.6948615109139005
9,0.613583138188812,0.4944895359491452,0.6108220603537982,0.6970540460016923
10,0.6245120999374459,0.4787773760910491,0.6045785639958376,0.7062554660870555
11,0.73172001041629,0.45801795233111814,0.6024973985431842,0.7137674847452995
12,0.8004163414077029,0.44709187277648216,0.6181061394380853,0.7260400814766939
13,0.843871975035026,0.4301702552728283,0.6014568158168574,0.7392988944276935
14,0.8756180067810577,0.4141004220632225,0.6077003121748179,0.7522094518287373
15,0.8795212074055698,0.4066873052267243,0.6014568158168574,0.7678566602960958
16,0.8925318761384335,0.3935351319884435,0.6108220603537982,0.7830899988575358
17,0.9128285193858965,0.37773569873959456,0.6045785639958376,0.7948182800806027
18,0.9086651053864169,0.37676908457741404,0.6056191467221644,0.8081158063414193
19,0.916991933385376,0.36686589232094113,0.6024973985431842,0.8279509473665696
20,0.9281811085089774,0.35195361353086674,0.6066597294484911,0.8432715781397427
21,0.9313036690085871,0.3452869650367148,0.595213319458897,0.8591077452395635
22,0.9237574811345303,0.345920510212022,0.6004162330905307,0.8754672169313222
23,0.9229768410096278,0.34536673317050487,0.5972944849115505,0.8989265927663083
24,0.9268800416496499,0.3350246250241677,0.6045785639958376,0.9121208962491102
25,0.9336455893988043,0.32900901382676084,0.595213319458897,0.9346992150801898
26,0.9320843091334895,0.32084626021436063,0.5962539021852237,0.9507255641032208
27,0.9336455893832943,0.3174352755141451,0.595213319458897,0.9752189428327483
28,0.940150923772991,0.30858745659170067,0.5941727367325702,0.9893610663518201
29,0.941191777272861,0.3043567868622833,0.5941727367325702,1.0212957960757951
30,0.9419724173977634,0.2998728078695253,0.5920915712799167,1.0428708843832581
31,0.9336455893988043,0.3021824859313409,0.5900104058272633,1.0631505365054144
32,0.9409315638823835,0.2911070729919687,0.5827263267429761,1.0913687074841867
33,0.9440541243819932,0.2858931055578936,0.5920915712799167,1.1076874437739028
34,0.9430132708821234,0.2818204709329923,0.5910509885535901,1.13394237308919
35,0.9482175383814728,0.2772886781542989,0.5983350676378772,1.1596688363356098
36,0.9516003122560499,0.269504145336452,0.5889698231009365,1.1807987766881143
37,0.9458756180067656,0.2722913577954905,0.5900104058272633,1.1997721048845338
38,0.9474368982565704,0.2679811564392638,0.5931321540062435,1.2289042433144275
39,0.9531615925058547,0.25934265453524497,0.586888657648283,1.256304158628545
40,0.9508196721311475,0.2569872839761655,0.586888657648283,1.2739307292418227
41,0.9562841530054644,0.25137325489252316,0.595213319458897,1.2916404697326913
42,0.951079885506115,0.2539601466508697,0.586888657648283,1.3240916056637957
43,0.9529013791308873,0.2493970263851145,0.5848074921956296,1.3570611442164997
44,0.9536820192557898,0.24392115542843973,0.5889698231009365,1.3719901166522912
45,0.9586260733801717,0.23719120974454475,0.5858480749219563,1.4054143923750528
46,0.9526411657559198,0.24091019882545972,0.5931321540062435,1.4278751953459432
47,0.9573250065053344,0.23215830184746122,0.6004162330905307,1.4574926377087056
48,0.9581056466302368,0.2294643419718885,0.6014568158168574,1.4795327670988505
49,0.9536820192557898,0.23358709718368031,0.6024973985431842,1.5001821144562482
50,0.9588862867551392,0.22676713822441985,0.6056191467221644,1.521493453637122
51,0.9596669268800416,0.22304567488769736,0.5941727367325702,1.5613029970710905
52,0.9596669268800416,0.2205616070935224,0.5962539021852237,1.5815175393369518
53,0.9591465001301067,0.21714883720133413,0.5827263267429761,1.6129175551103876
54,0.9640905542544886,0.21128252144363005,0.5972944849115505,1.6427519929272576
55,0.9599271402550091,0.214219122323407,0.5910509885535901,1.671394530741903
56,0.9648711943793911,0.20657754735790937,0.5879292403746098,1.6932499228853588
57,0.9633099141450961,0.2069540175258136,0.5837669094693028,1.7152312036359472
58,0.9656518345042935,0.20109505399251212,0.5806451612903226,1.7312547339360995
59,0.9638303408795212,0.20288175500244982,0.5848074921956296,1.7578405846418128
60,0.9682539682539683,0.19588907289840018,0.5879292403746098,1.7726079148630942
61,0.9612282071298465,0.20192590425037682,0.5920915712799167,1.7981348724320578
62,0.9674733281445758,0.19230151196615541,0.5879292403746098,1.8272347219218572
63,0.9627894873796513,0.19708064787095642,0.5889698231009365,1.8391033851083185
64,0.9687743950039032,0.18803188117909736,0.586888657648283,1.866795636984858
65,0.9669529013791309,0.18930971947787734,0.5889698231009365,1.9019749103798207
66,0.9690346083788707,0.1842170259371233,0.5848074921956296,1.9348182921355026
67,0.9672131147540983,0.1840720466189542,0.5858480749219563,1.9580261701103552
68,0.9633099141295862,0.18782677187557925,0.5879292403746098,1.9879827164462405
69,0.9661722612542285,0.18275791593477606,0.5858480749219563,2.023516636609287
70,0.9682539682539683,0.18059996120154764,0.5775234131113424,2.05866808995496
71,0.9617486338797814,0.18778357757369335,0.5827263267429761,2.0910239527302403
72,0.9718969555035128,0.17206308933330208,0.586888657648283,2.1264495579186637
73,0.9682539682539683,0.17683770025360795,0.5962539021852237,2.1464864803278485
74,0.9692948217538382,0.1729015707232944,0.5972944849115505,2.171210575302235
75,0.9651314077543586,0.17802267667606972,0.6014568158168574,2.201776196631631
76,0.9765807962529274,0.16147880510247967,0.5993756503642039,2.2014634341280614
77,0.9700754618787406,0.1668103236550935,0.5993756503642039,2.2137227398299775
78,0.9713765287535779,0.1642491423793674,0.6024973985431842,2.236583542749363
79,0.9677335415040333,0.16889015201507307,0.6014568158168574,2.2503917388439674
80,0.9716367421440554,0.163651637289011,0.6004162330905307,2.2838625932707375
81,0.9750195160031225,0.1580364531118858,0.5962539021852237,2.307784995476984
82,0.9724173822534479,0.15877627399504077,0.6024973985431842,2.320285300434442
83,0.9679937548790007,0.16616079208908557,0.6014568158168574,2.340742849534558
84,0.9750195160031225,0.15488453346856895,0.5931321540062435,2.3515649685378377
85,0.9674733281290658,0.16424259094018784,0.6004162330905307,2.347988082516578
86,0.9664324746291959,0.1656467720397028,0.6024973985431842,2.377517378665158
87,0.97527972937809,0.14965014036569377,0.6004162330905307,2.3979374121924963
88,0.9760603695029925,0.14857117798215255,0.5993756503642039,2.417513834450173
89,0.9731980223783503,0.1535753273627363,0.5983350676378772,2.4329902512970127
90,0.9695550351288056,0.1579763133901809,0.595213319458897,2.4595523520637377
91,0.9765807962529274,0.14539534207108723,0.6014568158168574,2.4725585708260907
92,0.970856102019153,0.15356145299352644,0.6024973985431842,2.485246669737531
93,0.9737184491282852,0.14778726483347931,0.5920915712799167,2.506243162423093
94,0.9760603695029925,0.14383831881946368,0.5983350676378772,2.5241900105630197
95,0.9771012230028624,0.13843113488357514,0.6014568158168574,2.5416978221778197
96,0.9768410096278949,0.1401838688313139,0.595213319458897,2.5641610689391454
97,0.97527972937809,0.14114927754655282,0.5983350676378772,2.5783705914802035
98,0.9721571688784804,0.1453727092860485,0.6066597294484911,2.5752930179719002
99,0.97632058287796,0.13860738829200914,0.603537981269511,2.586450511285343
100,0.9744990892531876,0.14196138026548058,0.6066597294484911,2.6042473750357575
101,0.9737184491282852,0.14078215264014643,0.6087408949011447,2.6388368298930507
102,0.9747593026281551,0.14002589496773976,0.5983350676378772,2.6505013276337337
103,0.97527972937809,0.13811287576841122,0.6014568158168574,2.673121274696056
104,0.9739786625032527,0.1426566167948552,0.595213319458897,2.698754976989079
105,0.9794431433775697,0.12961696364390735,0.5931321540062435,2.7268050686998
106,0.9765807962529274,0.132633964331191,0.5972944849115505,2.7425913691644737
107,0.9747593026281551,0.13666603489721502,0.5983350676378772,2.769018686772881
108,0.9802237835024721,0.12635309620916207,0.5962539021852237,2.7760752688833628
109,0.9799635701275046,0.12556307783024157,0.5983350676378772,2.7914947490910462
110,0.9781420765027322,0.12642112890786253,0.6087408949011447,2.7855746118384768
111,0.97632058287796,0.13204336102645733,0.6066597294484911,2.813519458989075
112,0.9784022898932097,0.12462180928888651,0.6139438085327783,2.8355614397205744
113,0.970856102003643,0.14562459721203555,0.6024973985431842,2.841568095875084
114,0.9771012230028624,0.12956800423863032,0.6045785639958376,2.8432235335708285
115,0.9797033567525371,0.12320051188119029,0.6014568158168574,2.884423519396509
116,0.9789227166276346,0.12624537679380096,0.6108220603537982,2.897778497154085
117,0.9739786625032527,0.13439363763347023,0.6129032258064516,2.9052479378762777
118,0.9765807962529274,0.12799764596141008,0.6097814776274714,2.9327157548513423
119,0.9773614363778298,0.12734011674434095,0.6066597294484911,2.932975450241851
120,0.9778818631277648,0.12640006984325938,0.6014568158168574,2.9699824357504157
121,0.9747593026281551,0.13112860070039853,0.6077003121748179,2.9828613417205654
122,0.9778818631277648,0.12398180171494493,0.6160249739854319,2.9954749892827253
123,0.9786625032526672,0.12374220332487033,0.6066597294484911,3.003660310691651
124,0.9789227166276346,0.12055052038269554,0.6118626430801248,3.0174925116420908
125,0.9791829300026021,0.11964488372830963,0.6087408949011447,3.0266706122319977
126,0.9820452771272443,0.11464787464014044,0.6087408949011447,3.0337644025264745
127,0.9789227166276346,0.11978713112621298,0.6108220603537982,3.052825248452305
128,0.9802237835024721,0.11687627853886275,0.6129032258064516,3.048359607434546
129,0.9760603695029925,0.12521614796003885,0.6066597294484911,3.0377542553285406
130,0.9771012230028624,0.12376889756670105,0.6066597294484911,3.057703454338177
131,0.9773614363778298,0.12329433237222095,0.6056191467221644,3.059689697936472
132,0.9781420765027322,0.11973666471450738,0.6118626430801248,3.0718730203070823
133,0.975800156128025,0.12670788077010856,0.6097814776274714,3.087644611759563
134,0.9794431433775697,0.11648322896793922,0.6097814776274714,3.0724470930466667
135,0.9750195160031225,0.12554070616788987,0.6077003121748179,3.0817580242931037
136,0.9781420765027322,0.11910108159117608,0.6097814776274714,3.0921212696508116
137,0.9825657038771793,0.1100449930704915,0.6087408949011447,3.106117417735438
138,0.97632058287796,0.12598089899091308,0.6077003121748179,3.097449699624148
139,0.9711163153786104,0.13713523288575616,0.6077003121748179,3.0997970965104593
140,0.9791829300026021,0.1173686172959552,0.6024973985431842,3.0958476533006554
141,0.9784022898776997,0.11760751915465038,0.6045785639958376,3.107942096896772
142,0.9810044236273745,0.11122616599724686,0.6066597294484911,3.1061675471644246
143,0.9802237835024721,0.11136689365410321,0.6056191467221644,3.119945414480632
144,0.9820452771272443,0.10952847103791609,0.6118626430801248,3.1415607529797986
145,0.9776216497527973,0.11807977506658729,0.6118626430801248,3.1432522963286686
146,0.9765807962684373,0.1214695402399004,0.6129032258064516,3.1594452232773667
147,0.9781420765027322,0.11789422961945044,0.6045785639958376,3.1717682450420526
148,0.9804839968774395,0.11256311092484038,0.6066597294484911,3.1980247353663924
149,0.9791829300026021,0.11388698747784341,0.5962539021852237,3.219518192104693
150,0.9776216497527973,0.11658292322877854,0.6014568158168574,3.224897601974122
151,0.9771012230028624,0.1194281122954274,0.603537981269511,3.23142752513429
152,0.9797033567525371,0.11406727951682083,0.5993756503642039,3.2431379967251877
153,0.9841269841269841,0.1019976358640684,0.5983350676378772,3.2328261297029464
154,0.9802237835024721,0.11157270561057454,0.6004162330905307,3.219839739129645
155,0.9810044236273745,0.10993245430242231,0.6014568158168574,3.216776623562149
156,0.9820452771272443,0.10838029261619325,0.5993756503642039,3.232460438274816
157,0.9830861306271143,0.10429169255643966,0.5983350676378772,3.2360823409986548
158,0.9817850637677868,0.10869955754422782,0.603537981269511,3.2532184404339426
159,0.9817850637522769,0.10696117354461435,0.6004162330905307,3.2422262652235396
160,0.9799635701275046,0.11088135983187132,0.6129032258064516,3.2566569424568677
161,0.9833463440020817,0.10295317487002598,0.6149843912591051,3.2651743367857047
162,0.980744210252407,0.10877087396273165,0.6077003121748179,3.2808206064023784
163,0.9791829300026021,0.11458507391245856,0.603537981269511,3.311187168561953
164,0.9773614363778298,0.11931521542255934,0.6066597294484911,3.3079584619877367
165,0.9804839968774395,0.11154775355411575,0.6108220603537982,3.322168316478908
166,0.9786625032526672,0.11467993342989657,0.6014568158168574,3.3126968146610953
167,0.9820452771272443,0.10713359033250262,0.5941727367325702,3.3425971015310934
168,0.9817850637522769,0.10666391149070187,0.6014568158168574,3.3512877574448283
169,0.9797033567525371,0.1089358404744053,0.603537981269511,3.3481240743901055
170,0.9872495446265938,0.0934087530208881,0.603537981269511,3.3486278724471936
171,0.9804839968929494,0.10882753445523312,0.6024973985431842,3.35444177276262
172,0.979703356768047,0.10977085495007526,0.6004162330905307,3.371269383862165
173,0.9843871975019516,0.09908306921657535,0.6024973985431842,3.351090818240417
174,0.9820452771427542,0.10523070096039008,0.603537981269511,3.378952796451755
175,0.9817850637522769,0.10396944369123282,0.6024973985431842,3.387002544025973
176,0.9830861306271143,0.10166426960232511,0.5993756503642039,3.404208753905361
177,0.9828259172521467,0.10251996776071139,0.595213319458897,3.4063222242071527
178,0.9817850637522769,0.10303183188824303,0.5941727367325702,3.4049170907900805
179,0.9841269841269841,0.09939992404561039,0.5941727367325702,3.4053991855617367
180,0.9802237835024721,0.11064508501677782,0.5931321540062435,3.4239577274540833
181,0.9799635701275046,0.10977365708571377,0.5972944849115505,3.4299384304685723
182,0.9781420765027322,0.11421330790601296,0.5962539021852237,3.443681244547484
183,0.9802237835024721,0.10964861292234009,0.6014568158168574,3.446782671822221
184,0.9849076242518865,0.09832490489639065,0.6004162330905307,3.4525946697509005
185,0.9825657038771793,0.10413740952592512,0.603537981269511,3.4775383529504307
186,0.9825657038771793,0.1034886213894347,0.5931321540062435,3.505366268812928
187,0.9833463440020817,0.100188243260785,0.5889698231009365,3.535282052642473
188,0.9823054905022118,0.10271254543533959,0.5920915712799167,3.5314939133706624
189,0.9812646370023419,0.10598980491550025,0.586888657648283,3.5250476277457565
190,0.9836065573770492,0.10064976343280661,0.5941727367325702,3.5215074279181793
191,0.9812646370023419,0.1061890569105725,0.5931321540062435,3.514099313614892
192,0.9856882643767889,0.0935043851284428,0.5931321540062435,3.5124372418787675
193,0.9843871975019516,0.09901561571181891,0.5910509885535901,3.512420304980164
194,0.9750195160031225,0.11969208212304233,0.5910509885535901,3.5222985856118734
195,0.9846474108769191,0.09943466915645048,0.5900104058272633,3.5265652044258555
196,0.9862086911267239,0.09143153864491926,0.5920915712799167,3.530755230589042
197,0.9812646370023419,0.10637998845376852,0.595213319458897,3.535178911921633
198,0.9830861306426242,0.1004800342223063,0.5941727367325702,3.5550218794522004
199,0.9836065573770492,0.09893937362103514,0.5972944849115505,3.5712529092127774
200,0.9836065573770492,0.09895672908742509,0.5931321540062435,3.5956861890937732
201,0.9841269841269841,0.09741506508119926,0.5962539021852237,3.6140454438176786
202,0.9828259172521467,0.10531608218575808,0.603537981269511,3.5947029151479857
203,0.9843871975019516,0.09475809175762509,0.6014568158168574,3.597787078039703
204,0.9849076242518865,0.09703241802815997,0.6014568158168574,3.6001223952167365
205,0.9828259172521467,0.10161225646617913,0.5993756503642039,3.6026987468786964
206,0.9820452771272443,0.10377119005505783,0.595213319458897,3.6181686036172445
207,0.9817850637677868,0.10382247406959286,0.6014568158168574,3.612519046890624
208,0.980744210252407,0.10978725426056067,0.5962539021852237,3.6371539420565506
209,0.9830861306271143,0.09908246956406985,0.5941727367325702,3.6967519676772165
210,0.9791829300026021,0.11264808211042303,0.5920915712799167,3.705490626355984
211,0.9812646370023419,0.10266746265167623,0.5931321540062435,3.6928962931796736
212,0.9825657038771793,0.10137056796820003,0.5889698231009365,3.6897713624475896
213,0.9828259172521467,0.1002888848581973,0.5900104058272633,3.694386903999003
214,0.9849076242518865,0.09595706086434208,0.5920915712799167,3.697133170454361
215,0.9794431433775697,0.11212019544194646,0.5879292403746098,3.701567384876644
216,0.9817850637522769,0.10430081713689729,0.586888657648283,3.7030254526763504
217,0.9864689045016913,0.09170527219764583,0.5858480749219563,3.7146650367919416
218,0.9843871975019516,0.09765408212726637,0.5879292403746098,3.7078392810801684
219,0.9838667707520167,0.09868729556371482,0.5889698231009365,3.7007735090622917
220,0.9841269841269841,0.09676873428985039,0.586888657648283,3.7063096728210767
221,0.9830861306271143,0.09924651707386617,0.5879292403746098,3.712620374935599
222,0.9854280510018215,0.09476839253718178,0.5858480749219563,3.732722479892695
223,0.9836065573770492,0.09948013971055389,0.5900104058272633,3.7314750738868354
224,0.9869893312516264,0.08979676212052054,0.5879292403746098,3.740285829748497
225,0.9828259172521467,0.09990469002022645,0.595213319458897,3.719868233251026
226,0.9830861306271143,0.09794924432140852,0.5848074921956296,3.7581070970422146
227,0.9799635701275046,0.10515530163922907,0.5900104058272633,3.7513771533469877
228,0.9859484777517564,0.09391955973548005,0.5900104058272633,3.7484271151714346
229,0.9877699713765288,0.08548431784775366,0.5879292403746098,3.7495817210250046
230,0.9864689045016913,0.09219376862460116,0.5920915712799167,3.7430456411578032
231,0.9846474108769191,0.09586185356008334,0.5962539021852237,3.7502475544019496
232,0.9833463440020817,0.09853056435927171,0.5931321540062435,3.752358691625367
233,0.9823054905022118,0.10091597675082896,0.5941727367325702,3.7497597137673466
234,0.9833463440020817,0.09756074450675503,0.595213319458897,3.78144278015232
235,0.9843871975019516,0.09767940037307285,0.6014568158168574,3.7899918233690846
236,0.9877699713765288,0.08696790985063188,0.6024973985431842,3.788874034702964
237,0.985167837626854,0.09608429712210662,0.6014568158168574,3.7879754760138824
238,0.9862086911267239,0.08945450511274627,0.5931321540062435,3.792672750729056
239,0.9833463440020817,0.09997668217323796,0.5993756503642039,3.795806628732354
240,0.9838667707520167,0.09651749591761631,0.5993756503642039,3.8015438619687085
241,0.9859484777517564,0.09218717763995771,0.603537981269511,3.796231538770598
242,0.9825657038771793,0.10140362540136362,0.6024973985431842,3.8212682096816746
243,0.980744210252407,0.1083649953731779,0.6004162330905307,3.8151730290312673
244,0.9862086911267239,0.09192985806235136,0.6087408949011447,3.795546624960686
245,0.9867291178766588,0.09071661042296232,0.5983350676378772,3.794816649295041
246,0.9817850637677868,0.1027119770169165,0.5941727367325702,3.7941462718237204
247,0.9825657038771793,0.10245244790788526,0.6014568158168574,3.7996836700995185
248,0.9864689045172013,0.09121307649247633,0.5983350676378772,3.819839308834969
249,0.9854280510018215,0.09399209650208669,0.595213319458897,3.8348189779672612
