epoch,categorical_accuracy,loss
0,0.5560884071549741,4.735769762209398
1,0.5346121768637236,4.4042885385024935
2,0.5164720600997537,4.294908473052215
3,0.5156380317427895,4.1947552937085275
4,0.5089658048373644,4.096318023019875
5,0.5296080066722268,3.9934256691252616
6,0.5225187654888958,3.8635836464847695
7,0.5210592159139206,3.8474909507601933
8,0.5273144285911515,3.7878472761276667
9,0.5210592158642086,3.7707218843464854
10,0.5233527939949958,3.7099083855909742
11,0.530859049207673,3.6833227905658408
12,0.5254378648376942,3.6521771150991458
13,0.5387823184994084,3.593640893573459
14,0.5375312760882421,3.5888288647458393
15,0.5404503754618966,3.580111578367868
16,0.5173060884567178,3.5750268716629194
17,0.5231442868311869,3.5469573653668935
18,0.530233527840526,3.5085103245354174
19,0.5335696414175185,3.4887198938539963
20,0.5258548792150242,3.48835269126224
21,0.5198081735276102,3.4789670991141963
22,0.5377397833017631,3.4400022033853666
23,0.537322769123281,3.416762474678873
24,0.5346121767145877,3.4052497272793705
25,0.5346121769631476,3.4083541201193
26,0.5319015846787342,3.384612351680816
27,0.548790658907258,3.366172551711069
28,0.5519182651464496,3.3594705263110773
29,0.5467055878905678,3.349835855350383
30,0.5500417013681362,3.3308904385745675
31,0.5398248538959016,3.3389338088890628
32,0.5467055880397036,3.318920439934114
33,0.5450375312263515,3.3049361552667182
34,0.5635946621190915,3.285474083441511
35,0.5552543786737301,3.2843255418056843
36,0.5663052543786489,3.274486265946071
37,0.5533778147959928,3.2660192540529076
38,0.5554628856386912,3.2545091467563863
39,0.5515012509431115,3.2534021854002937
40,0.5654712259719727,3.2308302951714114
41,0.5654712261708207,3.2176518653013786
42,0.5567139282238494,3.2278598144314903
43,0.5660967472396958,3.202810905494722
44,0.5560884070058382,3.204192245275006
45,0.5654712260713967,3.184605127180289
46,0.5644286905009116,3.174744779015701
47,0.5723519601157747,3.173990994716705
48,0.574020016829703,3.1595335159826714
49,0.5779816513264349,3.146375120630654
50,0.5825688072400256,3.1415109578722014
51,0.5623436197079252,3.1371507046121274
52,0.5763135945130826,3.1264631193413943
53,0.5792326937624571,3.107637063377196
54,0.5688073394992532,3.1122696347988277
55,0.5819432860717264,3.097165413753901
56,0.5904920768797447,3.0824945340860475
57,0.5909090909588028,3.0789618078522927
58,0.5700583819104196,3.0776586504754073
59,0.585696413727777,3.0534533802124737
60,0.5854879066882479,3.0503730712282944
61,0.5811092577644743,3.0391186148649063
62,0.5946622183662936,3.022507145168187
63,0.5921601334445371,3.017123927664419
64,0.5888240199172566,3.0149090482952
65,0.5921601333948252,2.9934952527508325
66,0.597581317715092,2.988152060536567
67,0.5952877398328645,2.9811004112918145
68,0.6040450373821402,2.9668089900044623
69,0.6050875730271932,2.9606364992283303
70,0.5998748957961674,2.9469282320880015
71,0.6007089239542837,2.9379368357304436
72,0.6111342786151832,2.925036846348601
73,0.6100917431689781,2.92172296808798
74,0.6094662219509669,2.9119301810674214
75,0.6082151792166728,2.9040570147739437
76,0.6077981651873267,2.8845732098723373
77,0.6142618849040867,2.8809979647969683
78,0.6140533777402778,2.870137020783985
79,0.6094662220006788,2.8642162922723178
80,0.6242702251876564,2.8496415273063476
81,0.6163469559456329,2.841610362273241
82,0.6142618850035106,2.836096752077664
83,0.6269808172483659,2.821046001420009
84,0.6321934944793918,2.8056250113661436
85,0.6080066721274318,2.802422012459546
86,0.615512927389821,2.793911765275944
87,0.6438698914768897,2.7750963216229616
88,0.6390742284243459,2.7637516398346356
89,0.6369891577307834,2.7667312343683315
90,0.6324020016680567,2.749378248489927
91,0.6234361969798281,2.749491588785014
92,0.6296914095079232,2.7362297730608915
93,0.6284403669724771,2.7283796776921876
94,0.646580483686735,2.707212732671399
95,0.6447039199829897,2.7052744240239823
96,0.640116764019687,2.69550899210525
97,0.6403252709100801,2.6865989589213926
98,0.6451209340620478,2.675686062127973
99,0.6503336112433618,2.6663139095099595
100,0.6557547956133406,2.650234346890867
101,0.6438698916757375,2.646526401096627
102,0.653044203602343,2.6295096675389207
103,0.6440783987649785,2.634365526013219
104,0.6503336114422096,2.6186126610753533
105,0.6553377814845704,2.602322375207667
106,0.6474145119442752,2.5974053710177105
107,0.6632610510248657,2.583089300351306
108,0.6638865722428768,2.5792944188710547
109,0.6590909089914851,2.565791321556403
110,0.6661801500753923,2.5602415208522236
111,0.664303586172799,2.548368378815003
112,0.665137614778323,2.5439904980902077
113,0.6605504585664604,2.5320702549613845
114,0.6745204336450337,2.5171010074663203
115,0.6693077564140077,2.517985053416388
116,0.6665971643532983,2.498925689064134
117,0.6782735614005082,2.4931472580665544
118,0.6772310258051671,2.482131621159545
119,0.677648040132785,2.4722498556889527
120,0.6774395329441201,2.46592049304399
121,0.689949958447718,2.454675755369554
122,0.6870308590492077,2.4476713615223407
123,0.6849457880573734,2.4294222484935415
124,0.6784820682909013,2.4304312661451735
125,0.6791075898071842,2.418413323894752
126,0.6811926604510348,2.4130779008650602
127,0.6864053377814846,2.4046661977075954
128,0.6857798164640495,2.3937634839128714
129,0.6920350291412806,2.3841176725010556
130,0.6820266889074229,2.378491621399244
131,0.6903669725267761,2.3666847462053595
132,0.69557964970809,2.3649595259029335
133,0.6968306922435363,2.3480909817212816
134,0.6972477065711542,2.3380317739688725
135,0.6997497916420466,2.32845361238723
136,0.7030859050699032,2.3170044907338427
137,0.6901584652883993,2.32152659839347
138,0.707881568023023,2.3096929471427146
139,0.7003753128600578,2.304405020514163
140,0.700375312611498,2.2930498982191683
141,0.713511259382819,2.2820506591017393
142,0.7101751460543864,2.272548275057528
143,0.7080900749134162,2.269188753260087
144,0.7153878231362764,2.255211269388207
145,0.7212260215356013,2.2421298615628227
146,0.7208090075062552,2.237870332099081
147,0.7272727274218632,2.229523266425622
148,0.7176814012670636,2.224423099299885
149,0.7099666389154334,2.2208986306210377
150,0.7253961633204221,2.2069456865630417
151,0.7295663054035145,2.198897742151319
152,0.7231025853387707,2.1984620525799166
153,0.7183069223359388,2.183909484801241
154,0.7306088406508718,2.1760168684035963
155,0.7264386989654751,2.1709675540319573
156,0.7212260215853133,2.1664706318452023
157,0.7304003337604786,2.1573689733573653
158,0.7360300251202746,2.1507328544883952
159,0.7391576313594662,2.1395096084890612
160,0.7318598830868941,2.138667118956985
161,0.7416597165297826,2.127163075923522
162,0.7351959966141746,2.1160316071577925
163,0.7260216845881452,2.120907041408103
164,0.7360300251202746,2.1081716753822053
165,0.7393661382995713,2.106105378908948
166,0.7387406172306962,2.090192499113043
167,0.7416597164303587,2.083408815449133
168,0.7474979148793957,2.0742868447522507
169,0.7462468723439494,2.07174691843728
170,0.7477064220680606,2.061995205926935
171,0.7464553793834785,2.055171289475785
172,0.7414512094405415,2.0549371988202654
173,0.7493744788814128,2.0416378034364193
174,0.7543786489734856,2.036786548289982
175,0.7491659714939,2.0296503686228826
176,0.7508340283569641,2.022145547699789
177,0.7516680568133522,2.023162229743175
178,0.7589658048373644,2.0005553029197967
179,0.7575062552623892,2.001617939199777
180,0.7535446206165215,1.996054303755454
181,0.7631359466221852,1.9929528811059463
182,0.7660550458715596,1.9766023863942748
183,0.7579232695402952,1.9745647071101846
184,0.7610508758789107,1.9662192055739593
185,0.7614678897591209,1.959693556134158
186,0.761676396947786,1.9565699102482863
187,0.7712677229534496,1.9487366294542683
188,0.7658465386828947,1.9474554124526724
189,0.7706422017354384,1.935828375358995
190,0.7752293576987412,1.9219746599603038
191,0.7660550457721357,1.921593789163483
192,0.7798165137614679,1.9149015847596653
193,0.7841951625858177,1.9058907022070546
194,0.7816930776640612,1.9023188372469624
195,0.7789824853547918,1.8938739184442415
196,0.780233527840526,1.8882462002020066
197,0.7791909924937448,1.8832096018524742
198,0.7835696414175185,1.8765394042391297
199,0.7748123436196831,1.8788066879722654
200,0.7823185988820722,1.865832863398847
201,0.7804420351783269,1.8554657759320448
202,0.7883653044700623,1.8534359281713313
203,0.7864887406668929,1.85273511087626
204,0.7962885736623737,1.8287584438634177
205,0.7912844035703008,1.8334504667175522
206,0.7946205171970052,1.8225155181940442
207,0.7971226020690498,1.818582547019182
208,0.7879482901424443,1.8178244349954524
209,0.798165137465543,1.8070802055268211
210,0.7885738115593033,1.8102990833295196
211,0.7891993327276025,1.8024785498761455
212,0.7960800667222686,1.7999323091475143
213,0.7973311092577148,1.7893720631603403
214,0.79920767321002,1.7829536005693043
215,0.8006672226358593,1.7713226907147877
216,0.7952460382658805,1.779517533482861
217,0.8025437864887406,1.7634343433817592
218,0.8004587157454661,1.764084969091853
219,0.8081734778982486,1.7539817845453511
220,0.8037948291733227,1.7463922663665594
221,0.8090075064043486,1.7403200804143275
222,0.8133861550298505,1.731999291192501
223,0.8044203504410458,1.7308159754413481
224,0.8123436197327812,1.7225161881323552
225,0.818181818330954,1.7168064030932824
226,0.8131776480400333,1.7066361502471619
227,0.8100500418505537,1.7128665477062286
228,0.8154712259222608,1.704339176640101
229,0.817347789874566,1.6982385083175482
230,0.8181818181818182,1.6943662285904173
231,0.817556296963807,1.6863205694376775
232,0.8169307754972361,1.6845443443619679
233,0.8158882403493027,1.68012346666589
234,0.8267306089898365,1.668987879462795
235,0.8246455378488663,1.6587159589889946
236,0.8242285238692321,1.6597083381457165
237,0.8231859884727389,1.6530704346172407
238,0.8263135947119304,1.6505901684255975
239,0.8204753962131816,1.6474766862501793
240,0.8258965803346006,1.639580811233298
241,0.8354879066882479,1.6313863549260321
242,0.829649708139787,1.6339584357346764
243,0.8283986654552049,1.6272763380714015
244,0.8279816514258588,1.6216191505769375
245,0.8325688073394495,1.6123102352557528
246,0.8334028357461256,1.6078340151192647
247,0.8394495414335396,1.599665160473433
248,0.8254795662058304,1.6085358315253875
249,0.8263135946125065,1.6011992175942962
250,0.8411175981474678,1.588594884749151
251,0.8386155129771515,1.5854077927762016
252,0.840492076581473,1.5756152015213574
253,0.8404920767306089,1.573888639990144
254,0.8488323604493861,1.5694479532695194
255,0.8492493744290203,1.5613889437700132
256,0.8388240201658165,1.5684199760713808
257,0.8488323602505382,1.551795075991633
258,0.8438281900093295,1.5551591088515306
259,0.8454962467729698,1.5492943547187594
260,0.8488323602505382,1.5425460897355003
261,0.8494578815182613,1.5349138907535163
262,0.8550875729277693,1.5265664289751284
263,0.8457047539119227,1.5286489528253537
264,0.8463302752293578,1.5263978472543418
265,0.8609257715259422,1.5119406086290947
266,0.8500834027859845,1.5200918567886543
267,0.8511259381327657,1.514578880520042
268,0.8580066722765677,1.504391155807648
269,0.8596747288413601,1.5013547871289799
270,0.8555045873050992,1.499107922982732
271,0.8571726439196036,1.486270318138689
272,0.8532110092240239,1.492231721675227
273,0.8600917431689781,1.4791672521078953
274,0.8569641367309386,1.4823551643282498
275,0.8565471225524565,1.4757807042024054
276,0.8571726439196036,1.4753252722204875
277,0.8692660549464476,1.4583738569024207
278,0.8586321933951548,1.466692938021166
279,0.864887406022674,1.4575324706776724
280,0.8625938281404465,1.4606693504848909
281,0.8707256047202707,1.4444583228869274
282,0.8678065054211843,1.4464092696080912
283,0.8650959134101868,1.4443692161800268
284,0.8684320266391955,1.4374673789098324
285,0.8707256047202707,1.4274589911016253
286,0.8717681402161879,1.4308439615470752
287,0.8678065055206082,1.4263641305323738
288,0.8763552961297787,1.4156227122753038
289,0.865512927389821,1.4210446029031545
290,0.8696830691746417,1.4109905357655135
291,0.8776063386652249,1.4055520182753525
292,0.8811509590331866,1.4007869144595595
293,0.865929941518591,1.3946971074057382
294,0.8821934947279516,1.3923145056367419
295,0.88469557969942,1.3884010991024116
296,0.8784403668233411,1.383415015067927
297,0.8792743954288651,1.3857404969949538
298,0.8744787321277615,1.3826652225402118
299,0.8813594662715635,1.37452101289878
300,0.8819849873404387,1.3671934163202535
301,0.8796914095576353,1.3658324188744655
302,0.8796914095576353,1.3625283054354989
303,0.8815679734602284,1.3592915400750842
304,0.8844870725107551,1.3602913600191462
305,0.8819849874398626,1.3523641997719924
306,0.8853211010168551,1.3467129304868366
307,0.8794829025181061,1.352945020439428
308,0.8907422851879861,1.3373631324441957
309,0.8871976647703125,1.3348928975303338
310,0.8842785656203619,1.3401332398669932
311,0.889491242553116,1.3280642178776465
312,0.8853211009671431,1.3287146712860731
313,0.8882402002662296,1.3231049745255852
314,0.8936613844373607,1.3104800669922243
315,0.8903252711586399,1.3121782560165571
316,0.8915763134455263,1.3082998953231482
317,0.8930358630702135,1.3028275693228486
318,0.8832360299753089,1.3125266782237253
319,0.8961634694088291,1.2963146301385657
320,0.8869891576810714,1.3022971871100038
321,0.8957464553297709,1.2896099411715458
322,0.8865721433534535,1.2959685628865538
323,0.8999165970151677,1.283336060061069
324,0.895329441051865,1.281463993898126
325,0.8984570476390403,1.2768858157166647
326,0.8909507922772272,1.2800403678287955
327,0.9022101749968191,1.267648109502848
328,0.8978315262221813,1.2741002507563728
329,0.9015846539279438,1.2611254808602481
330,0.908465387823186,1.254693701627157
331,0.90283569646339,1.2560835611432468
332,0.9032527105424482,1.2565350838757436
333,0.8972060048550342,1.253916578356478
334,0.9049207672563765,1.242598673221566
335,0.8992910758468685,1.248677960627272
336,0.9047122603162713,1.2421263474240911
337,0.8999165970151677,1.2440094040074479
338,0.9074228523769808,1.2359982360095358
339,0.9065888239703047,1.2305868051765958
340,0.9074228522278449,1.2236204314371066
341,0.9055462887229474,1.2205966816433675
342,0.9103419514772194,1.2205815185995477
343,0.9109674729935023,1.2179113956567542
344,0.909299416279574,1.2186983528487179
345,0.9020016681064259,1.2156425750285411
346,0.9072143451386039,1.208807165867294
347,0.9070058381487868,1.2081108523767325
348,0.9063803170799115,1.2040728352485446
349,0.9113844871222724,1.2040969319299821
350,0.9190992494739026,1.1848520595297602
351,0.9090909090411972,1.1983235141851187
352,0.9092994161304382,1.19430726353977
353,0.9130525437367768,1.188314331582032
354,0.9136780652033477,1.1817043402276504
355,0.914512093361464,1.1766410872178639
356,0.9193077564140077,1.1776948261499605
357,0.9145120935105999,1.1735802095467294
358,0.9199332778308668,1.1679268465925
359,0.9182652211666504,1.1693868465081565
360,0.9097164303089202,1.1707186901738387
361,0.9176396997995034,1.1559421352986199
362,0.9161801502742402,1.1594999775079213
363,0.920767306038695,1.1545943047624514
364,0.9157631359963342,1.1586069963294532
365,0.9224353626531994,1.1463989004480333
366,0.9211843201177532,1.1433213582329198
367,0.9209758131279361,1.1448256483268897
368,0.9186822353451326,1.1420152426959078
369,0.9257714763296158,1.1327291735019955
370,0.9180567139282736,1.140669162319142
371,0.9182652208683787,1.1383943781443095
372,0.9203502920093488,1.1380335787517812
373,0.9305671391335997,1.1195368090701958
374,0.9274395327949843,1.1238218221791691
375,0.9193077564140077,1.1255173379923524
376,0.9193077565134318,1.12109199864751
377,0.9228523768316814,1.1187103341478821
378,0.92702251881535,1.111989042876262
379,0.9278565469734663,1.1102351199795149
380,0.9316096748283648,1.1038458514352756
381,0.92660550443802,1.1023649955611114
382,0.9314011674905639,1.1023151770147113
383,0.9243119267049286,1.1034859507356314
384,0.9203502920093488,1.1035775495032851
385,0.9305671392827356,1.0934427411880365
386,0.9249374477240918,1.09757793924031
387,0.9291075897574723,1.0840594500079566
388,0.939532944219524,1.0771940385828027
389,0.9284820683903253,1.0834677712036431
390,0.9280650542118432,1.0873997745362791
391,0.9291075896083364,1.0788189718582115
392,0.9293160966975774,1.082305123549486
393,0.9316096748780767,1.075978693711549
394,0.9314011676396997,1.0683444469943457
395,0.9295246039359544,1.0714483703544877
396,0.9295246039359544,1.0662767907994504
397,0.9345287738291793,1.0580189707281193
398,0.9316096748283648,1.0630846696659562
399,0.9316096748283648,1.0619407708292907
400,0.9324437031853289,1.0596531122003225
401,0.9355713092753846,1.0526223843847342
402,0.9384904086738949,1.0487913927304138
403,0.9353628024347034,1.0471563775704442
404,0.9357798164640495,1.043495898250742
405,0.933069224453052,1.0451378156186344
406,0.9353628021861435,1.0448035907506743
407,0.9376563804163547,1.0361773530774756
408,0.9366138449204375,1.0342648950987203
409,0.9366138448707256,1.0353548376633785
410,0.9359883237024265,1.0368033177262053
411,0.9380733944457009,1.0277623820046369
412,0.939115930041042,1.0232520466351926
413,0.9370308591486316,1.031526344681502
414,0.9384904087733188,1.016736527598829
415,0.9374478733271137,1.0194000678324917
416,0.9366138449701495,1.022699909969804
417,0.9393244368817232,1.0125884716465037
418,0.9366138449701495,1.0161662796718862
419,0.9372393662378726,1.0108129559605195
420,0.9361968306425316,1.0137068428925617
421,0.9437030859049208,1.0029239878244853
422,0.9399499583980061,1.007472016196931
423,0.9343202669884981,1.008536144581509
424,0.9386989158625598,1.001901294212723
425,0.9380733944457009,1.0008198123260574
426,0.9407839865064104,0.9944070333038597
427,0.9418265219526155,0.9953846774367714
428,0.9439115930935857,0.9912620298160524
429,0.9407839865064104,0.9894330311159575
430,0.9401584654872471,0.990800892441744
431,0.9420350290418567,0.9870723687777229
432,0.9445371143613088,0.9781590836857437
433,0.9372393661384487,0.9839017041232607
434,0.944954128291231,0.9744911390209914
435,0.945579649807514,0.9716544530608437
436,0.9382819016840778,0.9800746045677338
437,0.9466221852537192,0.9755178753587979
438,0.9434945786665438,0.9737490176458573
439,0.9424520433694745,0.9665695631673079
440,0.9459966637374363,0.9657804032879337
441,0.9466221850051594,0.9634967500513251
442,0.9439115930935857,0.9655825644855801
443,0.94474562120199,0.9560677854094135
444,0.9464136779159183,0.9532102188336242
445,0.9399499582488702,0.956160566128722
446,0.9437030858552088,0.9617425867475202
447,0.9507923270385399,0.9497160843454668
448,0.9510008338792211,0.9425728621335702
449,0.945788156896755,0.9527418371833694
450,0.9459966638865721,0.9486419167789049
451,0.9447456214505499,0.9452131274742718
452,0.9476647204513645,0.9453966593722486
453,0.9422435362305216,0.9516168175586768
454,0.9532944120100083,0.932019912570193
455,0.9510008338792211,0.9302689395813867
456,0.9476647206999244,0.9338384172238341
457,0.9449541285397909,0.9337845872202151
458,0.9520433695242742,0.9219839491875993
459,0.9493327773641407,0.9299354756047469
460,0.9537114260393545,0.9217228995351815
461,0.951417848157127,0.924169665082879
462,0.9545454546448785,0.9157140892281743
463,0.9478732277891654,0.9233938969106252
464,0.9526688908417091,0.9179755270829093
465,0.9557964970809008,0.911185311962904
466,0.9522518766632271,0.9130277232988563
467,0.950583819849875,0.9134718214998253
468,0.9489157632353705,0.9111565893346613
469,0.9564220183486238,0.9035221410851562
470,0.9518348623853211,0.9061883801316301
471,0.9478732276897415,0.9085023245083679
472,0.9503753128103458,0.9041875155395622
473,0.94516263557932,0.9111087567315089
474,0.9499582984330159,0.9014237045346944
475,0.951626355395504,0.8993296605333674
476,0.9535029190992493,0.8990611691490822
477,0.9493327774138526,0.9035498675353533
478,0.957047539566635,0.8933405585841798
479,0.950792326939116,0.8898861791015765
480,0.95767306088407,0.8860830968374804
481,0.9520433694745621,0.8873628024959485
482,0.9570475396163469,0.8868310734368643
483,0.9589241034195163,0.8789825289322993
484,0.9497497915923346,0.8860381594591085
485,0.9528773978315263,0.8842807525987919
486,0.9535029191986732,0.8829899717112996
487,0.9535029191986732,0.8782377586551663
488,0.9537114261884904,0.8782940592936818
489,0.9526688908417091,0.8855847439435842
490,0.9557964971803247,0.8752117615823849
491,0.9560050042695657,0.8738080102071054
492,0.9520433694248501,0.8720145556606582
493,0.9562135113588067,0.8657933657521303
494,0.9603836530442035,0.8640666114379209
495,0.9580900751619761,0.8622690192652902
496,0.951417848306263,0.8675533526633759
497,0.9528773979309502,0.8608618240439961
498,0.9553794827532828,0.8582128909749722
499,0.9553794827532828,0.8635548529672662
