epoch,categorical_accuracy,loss
0,0.48457047542101944,4.963350328631556
1,0.4952043368480323,4.710541879464627
2,0.4947873227192622,4.495812650915978
3,0.51209341117598,4.356100099100681
4,0.5168890742285238,4.208556420610187
5,0.5012510424857343,4.192235053828401
6,0.5089658048622204,4.064212612950673
7,0.5077147623267743,3.989392372048627
8,0.5131359466470411,3.9026648960479404
9,0.5212677232517213,3.8650904340083843
10,0.5231442868311869,3.8031618207369973
11,0.5214762303409625,3.738327831303308
12,0.5195996663886572,3.7176713354891793
13,0.5200166805174273,3.6511178000754767
14,0.5216847374302035,3.628443959755536
15,0.5200166805174273,3.611088061949131
16,0.5173060885064298,3.60670646674639
17,0.5260633862048413,3.5500309574693514
18,0.5268974146612293,3.528606791015065
19,0.524603836455874,3.508637207960267
20,0.5191826521107512,3.496363938898718
21,0.5152210174648836,3.471402548669874
22,0.5346121767145877,3.439940606682772
23,0.517931609674729,3.4410118116151303
24,0.5275229358046725,3.4123094897154873
25,0.5223102584493667,3.4168344003344893
26,0.5285654713751575,3.382050334065034
27,0.5325271059713133,3.3726818909537704
28,0.525229357847877,3.3671004469937538
29,0.5237698080740539,3.3581909049641
30,0.5431609673734702,3.3221250318108844
31,0.5241868224016719,3.330342496604697
32,0.5273144287402874,3.3097882781851977
33,0.5329441201995073,3.300044787934266
34,0.530025020776141,3.2946394152001006
35,0.5398248541941735,3.276625209892661
36,0.5279399499085866,3.2739366950145654
37,0.5366972476069981,3.2549790282165936
38,0.5371142618103362,3.248440382578057
39,0.541701417699071,3.2385441837358515
40,0.5519182650718816,3.2269435714343073
41,0.5266889073234284,3.226362738239457
42,0.5344036696750587,3.209192807521295
43,0.5350291909179258,3.2046898970313626
44,0.5385738115095913,3.1933663736491327
45,0.5218932443454526,3.1883925118975287
46,0.5339866556954245,3.1698345173588387
47,0.5396163469557965,3.1622735843547094
48,0.5285654713751575,3.1592218885827403
49,0.5319015845047423,3.146631002028452
50,0.5394078397671316,3.140135223016429
51,0.5446205169981574,3.1257115412593586
52,0.5356547122105049,3.1250948257700815
53,0.5419099248628799,3.114093668963931
54,0.5458715595584596,3.105368605248624
55,0.5439949959789941,3.088230464734864
56,0.5462885736623737,3.0740247031268324
57,0.5506672228347071,3.066709571524995
58,0.5508757299239483,3.0672137385313465
59,0.5387823184994084,3.0546785311663123
60,0.5473311092825708,3.0420017469118195
61,0.5504587157454661,3.0290694240732328
62,0.5554628856635472,3.021133136908346
63,0.5506672225861474,3.0135354755121635
64,0.5738115096410381,2.9948959378424638
65,0.5583819848880657,2.9889613398917025
66,0.5533778148954167,2.9828386871490604
67,0.5702668892233644,2.967328354554737
68,0.5596330275726478,2.958697682524642
69,0.5546288574308629,2.9498893709556575
70,0.5575479567796613,2.9454364281480165
71,0.5633861552784103,2.930687734740689
72,0.5642201834365266,2.916006932167136
73,0.5767306089898365,2.9091655432531693
74,0.5667222686068429,2.8973836662174763
75,0.5675562968643831,2.8882453550986193
76,0.5781901585150998,2.8750462667259997
77,0.5660967472396958,2.872729529928823
78,0.5756880733447834,2.8569852418955213
79,0.5775646371479528,2.847340904542861
80,0.5740200166805671,2.837960897832239
81,0.5783986657037647,2.819340324083699
82,0.5765221016520357,2.818934814446762
83,0.584862385271389,2.805990944513189
84,0.5800667221939891,2.7924363690679326
85,0.5756880734193514,2.7876340915403137
86,0.5834028356964137,2.7687608469914555
87,0.5781901586145237,2.7671271076393285
88,0.5854879064894001,2.752676517591564
89,0.5982068390325271,2.7420159382458227
90,0.5873644705411292,2.7341911120649374
91,0.5950792327436235,2.721359263269776
92,0.5984153461217682,2.7042109361780593
93,0.6044620517594701,2.697289147309406
94,0.5888240199172566,2.6919258173750875
95,0.603419516164129,2.673732724957311
96,0.5961217682395407,2.671589525467759
97,0.5969557965467929,2.6562986208857646
98,0.5969557966462168,2.646859341208591
99,0.597581317764804,2.637571057843804
100,0.6052960800667223,2.631428072112515
101,0.6125938281901585,2.6169726357448093
102,0.6082151794652326,2.604484574013297
103,0.6125938282895824,2.5967316967532277
104,0.6228106754635452,2.581643900938885
105,0.6163469556970732,2.5757272008859284
106,0.6209341118592238,2.5665380431772573
107,0.6180150123612894,2.5514731629875125
108,0.6192660549961596,2.5425704879697113
109,0.6180150125104253,2.540597164203367
110,0.6246872395152744,2.528185855556867
111,0.6246872395152744,2.5191221764129437
112,0.6280233528437069,2.5013844173485484
113,0.6232276897414513,2.498065212152718
114,0.6321934944793918,2.4862741743951564
115,0.6173894912427023,2.4903563331623095
116,0.6336530442532149,2.465510769224445
117,0.6238532109097504,2.4637404613638045
118,0.6294829025678181,2.4534392195805794
119,0.6267723102585487,2.442671105700597
120,0.633861551243032,2.431132151545635
121,0.6298999165474524,2.4221270633201186
122,0.6378231860380356,2.4142771966264482
123,0.6355296079569602,2.4019263421027635
124,0.6413678065054211,2.400674144261275
125,0.6447039198338538,2.386454660361563
126,0.6447039198835658,2.37877480023299
127,0.6501251044026806,2.367122086611661
128,0.6447039199332777,2.360956238149304
129,0.6411592994161801,2.350738261121825
130,0.658256880733945,2.3362215839891856
131,0.6438698917254495,2.337752589392006
132,0.6509591326105088,2.3265670845168547
133,0.6380316930775647,2.321199648573162
134,0.6515846539279438,2.3103019827301052
135,0.6530442035029191,2.2984846342196557
136,0.6567973309601218,2.291012047925922
137,0.6570058381984988,2.2803878193601554
138,0.6542952459886533,2.2766300385151435
139,0.6688907423349497,2.2573118211827348
140,0.6609674727946545,2.253755207753758
141,0.6595079233688151,2.2459271471136506
142,0.664929107689082,2.23499063852929
143,0.6532527106915841,2.2381007502335524
144,0.6682652211169385,2.2210593597405746
145,0.6680567137791377,2.2169676004000958
146,0.6820266889074229,2.199658517344382
147,0.6688907422355257,2.197389408784473
148,0.664303586172799,2.1910941221000155
149,0.6693077564140077,2.1833105477022072
150,0.6688907423349497,2.175656281281154
151,0.682235195847528,2.1630463954107877
152,0.6718098415843241,2.153987381436409
153,0.6761884903589619,2.1508060187673053
154,0.6820266889074229,2.1444995854674427
155,0.6836947455219272,2.1316264242406087
156,0.6807756464216886,2.129442902581706
157,0.688698915713424,2.1168196865476303
158,0.6866138448210136,2.1146673527829742
159,0.6934945789648156,2.099695979007788
160,0.68911592999133,2.097896990326666
161,0.6886989158625598,2.0906976718918497
162,0.6889074228523769,2.0816452119427984
163,0.6882819015846539,2.0752312252181486
164,0.6924520432203387,2.0717225172203517
165,0.6914095079232694,2.0625757862867364
166,0.7032944120100083,2.0452601016810577
167,0.6928690575479566,2.0429437808735953
168,0.695371142618849,2.0423631469242967
169,0.6984987490568885,2.0320468140801755
170,0.7001668055719689,2.026058589547152
171,0.6993327774138526,2.0176408927176177
172,0.6980817347789825,2.0169079106882077
173,0.7155963302255174,1.9955338021931397
174,0.7112176815005916,1.9979059045965022
175,0.7076730607846461,1.9886517626131646
176,0.7118432027186027,1.9797762647283583
177,0.706630525338441,1.9800810929235564
178,0.7103836531933394,1.9688505786373975
179,0.7045454543963187,1.9679792457267182
180,0.7243536281724887,1.9533622956852599
181,0.719557965070233,1.9477191985498576
182,0.7139282734121651,1.9460083137858997
183,0.7153878233351242,1.9322489244526282
184,0.7218515429524603,1.9243246141923678
185,0.713302752144442,1.9326607014757082
186,0.713928273660725,1.9178088212430826
187,0.7210175146949201,1.9104804963842843
188,0.7239366139940067,1.9017255209802686
189,0.7326939116427061,1.8943191169201086
190,0.7247706423509708,1.8958041076365861
191,0.7329024186822352,1.8828613748144765
192,0.7235195997658126,1.8815891982317965
193,0.7260216845881452,1.878965302245432
194,0.7256046706582229,1.8647498837901315
195,0.7329024186325233,1.8601488767811614
196,0.7358215179316097,1.8452767637792082
197,0.7441618013521152,1.8444611758764233
198,0.731859883285742,1.845117816634731
199,0.732485404652889,1.8348708031473804
200,0.7333194327612933,1.8326375235906733
201,0.7368640535269507,1.8229706352009587
202,0.7374895747449619,1.8183936393688478
203,0.7399916595672945,1.8121236063620765
204,0.7454128439372734,1.802253188442647
205,0.7410341950134997,1.7988580452391663
206,0.743536280134104,1.7946457228529344
207,0.7435362802335279,1.7872865667335185
208,0.7418682234201758,1.7794220000132608
209,0.7362385321100917,1.7789474387681912
210,0.7499999998508641,1.7676082967817037
211,0.7385321102408791,1.767861549112576
212,0.7602168472733868,1.7535327644125436
213,0.7466638864727195,1.7479764862394611
214,0.7510425354959172,1.7514888134670814
215,0.7568807340443781,1.7418292837405422
216,0.7481234362962547,1.7455723797708278
217,0.7591743118271815,1.727134815845219
218,0.7566722267065772,1.724481849594848
219,0.7579232693911593,1.71969336017755
220,0.7643869893067673,1.7123778484780356
221,0.7639699750785732,1.7045023998088693
222,0.7627189323939911,1.7020276010384452
223,0.7687656380316931,1.6940139593732069
224,0.7666805672387067,1.6865566016436617
225,0.7725187657374556,1.6820341236299032
226,0.7708507087749675,1.6764015260589828
227,0.7635529606515313,1.6747848175285855
228,0.773978315213007,1.665851003135414
229,0.7693911593491282,1.663916890774298
230,0.7706422018348624,1.6589971469580083
231,0.7852376979823108,1.642037173427076
232,0.7752293576987412,1.6493860166007226
233,0.7783569640373568,1.6380154726602716
234,0.7837781484570475,1.638549225642544
235,0.7898248541444615,1.6342276003680893
236,0.7779399498588746,1.6283028742191292
237,0.786697247855558,1.6258610555586763
238,0.786697247706422,1.6147247599600951
239,0.7819015848030141,1.6106599211394539
240,0.7825271059216014,1.6111486522827276
241,0.7833611342288536,1.6051820695549375
242,0.7875312762125221,1.5992110291553399
243,0.779816513711756,1.5938141149118406
244,0.7775229357301046,1.586770805942704
245,0.7929524603339411,1.5818238259356057
246,0.7896163469060845,1.5744171850476492
247,0.7883653044203502,1.5725527079131227
248,0.7852376979823108,1.5690488156126976
249,0.7931609674728941,1.5667778308238458
250,0.7946205172467172,1.5511849865106069
251,0.7985821518925849,1.5537614713021375
252,0.8002502085568012,1.5452165892961325
253,0.7944120101574762,1.548449531209976
254,0.7996246871399422,1.5368275939672564
255,0.8035863219846577,1.531327218388994
256,0.7973311091582909,1.530264062022447
257,0.8071309424520434,1.5249781314286717
258,0.8015012511419594,1.5246486530590295
259,0.7998331942788952,1.5261529546861752
260,0.8098415345127529,1.5091678167602438
261,0.8087989992653956,1.5040313695449448
262,0.80525437879801,1.5006199804716451
263,0.8079649708587194,1.4990099633704432
264,0.8035863218355218,1.4932121915355934
265,0.8067139282238494,1.491246990008191
266,0.8110925772967589,1.4929727457084687
267,0.8127606340106872,1.4872181697921816
268,0.8119266054051633,1.475093546860212
269,0.8152627190815795,1.4683080952400163
270,0.8129691408513684,1.4697086464076166
271,0.8223519599666389,1.462757955997362
272,0.8171392826859011,1.4623277676513138
273,0.8183903252213472,1.4525668483858212
274,0.8167222686068429,1.450112666359934
275,0.8217264385497799,1.446720754235262
276,0.8223519599169269,1.4432897814320365
277,0.8163052545277848,1.4407407811922863
278,0.8246455377991544,1.4267076776860852
279,0.8213094243712978,1.4340313442355896
280,0.8261050877221133,1.4221725525510023
281,0.8163052545277848,1.4202285300104494
282,0.8321517931609674,1.41384360251375
283,0.8198498748460344,1.4180954305006128
284,0.8252710591663014,1.4096002381875974
285,0.829441201050546,1.4028658820153077
286,0.8348623853708129,1.3953614812577337
287,0.8271476229197587,1.3976305383160474
288,0.8279816515252827,1.3995415178112829
289,0.8315262718435324,1.38658177027412
290,0.8313177649531392,1.3845747084892024
291,0.8279816512767229,1.3871609571081485
292,0.8271476230688947,1.3815828135254187
293,0.834862385221677,1.3766669447567186
294,0.8400750625024148,1.3700673486711186
295,0.8281901585150998,1.3639667988618878
296,0.8283986657037647,1.3668576469015736
297,0.8436196829698004,1.353832401764005
298,0.8367389490745583,1.3531768250405738
299,0.8338198500240316,1.356133375891653
300,0.848415346270904,1.3490067035382345
301,0.8409090910085149,1.3413801719189884
302,0.8427856546128363,1.3434906118208414
303,0.8336113426365188,1.3356646661265281
304,0.8452877399322886,1.3317046443853306
305,0.8398665554628857,1.3272838348940674
306,0.8461217679909808,1.320892105110493
307,0.8490408673397792,1.3208787267261788
308,0.8490408672403553,1.3195779574126179
309,0.840909090759955,1.3171156717400634
310,0.8502919098752255,1.3102994991203862
311,0.8415346120276781,1.312206218598583
312,0.8525854877574529,1.302459158432096
313,0.8479983320924219,1.3073038625359237
314,0.8523769807676358,1.291132186232655
315,0.8523769809664837,1.2911588503381826
316,0.8563386154632154,1.2861725568174818
317,0.8557130942949163,1.2854362880318637
318,0.8552960800667223,1.2836709140836446
319,0.8592577149114378,1.277265162344671
320,0.865512927389821,1.2739639499964965
321,0.8561301083242625,1.2729326924052806
322,0.8521684738275307,1.270052057688588
323,0.8540450376306999,1.2689127232056046
324,0.8492493746278682,1.2640970005802157
325,0.8582151792663848,1.259051902976207
326,0.8596747288413601,1.255777806018769
327,0.8632193495075935,1.2500894173072516
328,0.8575896580980856,1.2477427854251624
329,0.8628023351302636,1.2437352583346712
330,0.8613427858038482,1.2421303016131275
331,0.8636363637357876,1.2415936620559564
332,0.865304420250868,1.2364140314495096
333,0.8607172643372772,1.2362420910890148
334,0.8625938280410226,1.229641656163735
335,0.8719766471065811,1.2168253712896708
336,0.8611342787146071,1.2279337340339807
337,0.8692660549464476,1.218146835494976
338,0.8646788990328569,1.2200053460007414
339,0.8680150124607134,1.2139359595280472
340,0.8673894911929902,1.2140555869946388
341,0.87176814001734,1.211961088625961
342,0.8742702251876564,1.1982805408767305
343,0.8744787322271854,1.199256832545951
344,0.8738532108600384,1.191157798651758
345,0.8680150124110014,1.1958084479285043
346,0.8811509590331866,1.1812521472784556
347,0.8796914094582113,1.181726703552329
348,0.8761467888914017,1.186122221982509
349,0.8784403668233411,1.180065403091997
350,0.8767723103579728,1.1807031314307397
351,0.8826105089064337,1.1720615426533614
352,0.878231859833524,1.171588189110744
353,0.8765638033184436,1.170497142045671
354,0.8761467889411138,1.1656763868793236
355,0.8832360300747328,1.163038775958649
356,0.8798999166965882,1.160365420545112
357,0.8826105087075858,1.1600903253738237
358,0.8851125937784782,1.1583758475285355
359,0.8917848206341913,1.147542578364731
360,0.877606338565801,1.154555600717527
361,0.8871976645714647,1.1495649043076033
362,0.8890742284740578,1.1383872768896832
363,0.8824020016183447,1.142400616998967
364,0.8874061718595535,1.1292806653006062
365,0.8867806505918304,1.1361520626427632
366,0.8924103420013383,1.1235747581924171
367,0.8894912426525399,1.1318678293156563
368,0.8876146789985065,1.1225364420988642
369,0.8865721436020133,1.1216884937954505
370,0.889908256731598,1.1244562801666513
371,0.8990825687576275,1.1102391956645912
372,0.8936613844870726,1.114504723373903
373,0.8980400334108463,1.108291735641155
374,0.8957464553794829,1.1061752422140279
375,0.8938698915266017,1.1045393356191207
376,0.8919933277234323,1.1030925637587992
377,0.8926188491900032,1.1033422567130526
378,0.8951209342608957,1.099739968826415
379,0.8990825689067634,1.095106539674557
380,0.8974145119442752,1.0902307391464958
381,0.8976230192820761,1.0904333789811917
382,0.8986655544797215,1.090696951466068
383,0.8984570473904805,1.0854570908383392
384,0.8992910759960044,1.0818098265494378
385,0.9118015012013305,1.0703240792089148
386,0.8984570474401924,1.072326698832158
387,0.8994995830355335,1.0745355115521442
388,0.9088824019519561,1.0648699844748502
389,0.8997080899259267,1.0738228775243943
390,0.9007506255212677,1.067240127083458
391,0.902418682284908,1.0608381449529984
392,0.8980400332119984,1.0663876182541836
393,0.901584653729096,1.0674653047318257
394,0.8994995828366856,1.0629964642369618
395,0.9101334443879784,1.0488282709543262
396,0.9028356965628139,1.057139314344468
397,0.9059633027025816,1.051983846138675
398,0.9011676397494618,1.0464854853863115
399,0.9055462886732354,1.0466302435431907
400,0.9032527106418721,1.0471787462640147
401,0.902418682185484,1.0436568636015318
402,0.9086738948627151,1.0368381038718266
403,0.9005421183823147,1.0413333609066375
404,0.9095079231202553,1.0324255954831516
405,0.908256880584809,1.0297593331714785
406,0.9161801499759684,1.0224273345985444
407,0.9105504588150203,1.0268577779701493
408,0.9072143451386039,1.0251860460507263
409,0.908048373495568,1.0239397164083104
410,0.9111759798341835,1.0179726716575273
411,0.9134695580643948,1.0138561369678794
412,0.9095079231202553,1.0175329201215502
413,0.9070058382482107,1.0186752153496825
414,0.9111759798341835,1.0143371012630416
415,0.9147206003512811,1.0069423818508718
416,0.9161801499759684,1.0045485999108952
417,0.9186822352457086,1.0035906426602348
418,0.9132610509254417,0.9970746102981313
419,0.9138865721931648,1.0023518123658524
420,0.9153461217184281,0.9961149787982371
421,0.9193077563145838,0.9890784808652813
422,0.9111759800827434,0.9982326378714949
423,0.913678064905076,0.9882653598192834
424,0.9138865721931648,0.9966674665792272
425,0.91409507913327,0.9867964522653664
426,0.9172226855713094,0.9777659369668332
427,0.9165971643532983,0.9786310000057714
428,0.9170141783329325,0.9814944803167921
429,0.9128440366475358,0.98435971014096
430,0.9234778982485404,0.9791715473210046
431,0.9178482069881684,0.9712811771087392
432,0.9197247704930659,0.9694527391595976
433,0.9176396997995034,0.9673442418024478
434,0.9230608841694823,0.9606612217336818
435,0.9257714762301918,0.9572447777490402
436,0.9216013344453712,0.964591006123095
437,0.9153461218178521,0.9614676654189701
438,0.9228523768316814,0.9593197765501467
439,0.9218098414849002,0.9561644179111127
440,0.9243119265557926,0.953278634476602
441,0.9176396998989274,0.9561144950690122
442,0.920975813277072,0.9506220535699083
443,0.920975813277072,0.9537235668443261
444,0.9159716431352871,0.9555382167825707
445,0.9311926606498826,0.9407261847654316
446,0.9268140117758209,0.9454761168875229
447,0.9241034196156874,0.9389851068933374
448,0.9263969975973388,0.9406007582988214
449,0.9236864054372054,0.9464155490742414
450,0.9232693910101635,0.9369780859219421
451,0.927231025954303,0.9344063042798969
452,0.920350291860213,0.9353215861459689
453,0.9220183485741412,0.935457509393191
454,0.9236864052880696,0.9329430655800769
455,0.9297331110749074,0.925990951369463
456,0.9299416178658766,0.9204863950647445
457,0.9270225189147739,0.9240666088509102
458,0.9309841535606416,0.920253496303272
459,0.9299416180647245,0.9220549614355901
460,0.9255629690912388,0.9206800458826951
461,0.9341117596506973,0.9105885851572114
462,0.9309841534612177,0.9179323230115845
463,0.933277731542293,0.9076168660922683
464,0.9222268555639583,0.9106829476117889
465,0.9274395327949843,0.9099058630667297
466,0.933277731542293,0.907557902582692
467,0.9211843202171771,0.9103087430401978
468,0.9257714760810559,0.9034844548429818
469,0.9305671391335997,0.9024690418466118
470,0.9368223520593906,0.8946333729395576
471,0.9291075897574723,0.9070200461263553
472,0.9274395328944082,0.899527086875556
473,0.9288990825688074,0.8985857324763274
474,0.9332777312937331,0.887801688994041
475,0.9263969975476269,0.8942296880796813
476,0.9326522102745699,0.8878857279639129
477,0.9355713095239444,0.8925378102377318
478,0.9347372809184205,0.8863466585845725
479,0.9351542953454622,0.878199800637685
480,0.9328607171152511,0.8800928713481957
481,0.9293160968467133,0.8878654054644906
482,0.926396997348779,0.8898766280413668
483,0.9299416181144364,0.8816165487601222
484,0.9345287740777392,0.8798140389805937
485,0.9316096747786528,0.8774354831689194
486,0.9359883234538666,0.870644972958696
487,0.9349457880076615,0.8723606318608237
488,0.9305671393821595,0.8736220879093421
489,0.9359883235532905,0.8636183714846754
490,0.9349457880076615,0.8696861491787921
491,0.9334862383829742,0.8647817885806105
492,0.9295246038862424,0.8679588045847227
493,0.9324437031853289,0.8659592166953131
494,0.9384904087733188,0.8576163227007327
495,0.9380733944457009,0.8539948725919111
496,0.9336947455716391,0.8592578290501071
497,0.9336947455716391,0.8636730925255363
498,0.9357798165634734,0.8587737791333425
499,0.9351542952460383,0.8569067647001761
