epoch,categorical_accuracy,loss
0,0.5575479567796613,5.3415026336634925
1,0.5241868223768159,4.9356888941270896
2,0.5221017516086855,4.667642244405802
3,0.5102168473230987,4.548654110855217
4,0.5110508758789107,4.419520217443726
5,0.5112593827195919,4.3061554573097265
6,0.5206422018597183,4.137101095850215
7,0.5202251878055162,4.143133519588658
8,0.5027105920855655,4.037621496914823
9,0.5075062551132533,3.9968349541893993
10,0.5148040032864014,3.899528381723081
11,0.5285654711514537,3.8382582370194918
12,0.5148040033361134,3.7951452135542616
13,0.5104253545117636,3.7206752019886973
14,0.5223102585487907,3.667555549524544
15,0.5291909925683127,3.612848990951805
16,0.5093828191649824,3.597103227268566
17,0.5189741450215102,3.5953277469775
18,0.5179316097244409,3.531957454737074
19,0.5231442868063308,3.470239790406597
20,0.5266889073482844,3.436861724630806
21,0.536697247756134,3.3569202671655525
22,0.5281484570972516,3.397091085061717
23,0.5237698083226138,3.379795862695791
24,0.5329441201000834,3.306359516371281
25,0.5319015845544544,3.286568824602625
26,0.5252293579473011,3.2914550783636174
27,0.5442035029688113,3.2293640712184444
28,0.5350291910422057,3.2151105199086856
29,0.5333611342288536,3.217416576189832
30,0.5381567974802451,3.2001417739079137
31,0.5296080066970829,3.1870418378370218
32,0.5373227688995772,3.1606790192232617
33,0.535863219250034,3.148333154786518
34,0.542326939066218,3.113011721673859
35,0.5339866556954245,3.0969399445448644
36,0.5250208506592121,3.10535451230454
37,0.5287739784146867,3.0753020906169977
38,0.5293994995332738,3.0804930936305897
39,0.5448290241371104,3.0240793888324293
40,0.5400333609851427,3.029670824300656
41,0.5308590491579611,3.027796727602834
42,0.5377397831526272,3.0014144602768416
43,0.5304420351783269,2.992900683742647
44,0.5327356129611304,2.9820474888306046
45,0.5344036696750587,2.98465770736548
46,0.5302335277908141,2.958751249551972
47,0.5502502084325213,2.933684035675838
48,0.5444120099337724,2.9354343473960998
49,0.5429524605327889,2.9338625167388535
50,0.5421184321758248,2.9069243598918897
51,0.5462885739606455,2.9097352409680948
52,0.5442035028693872,2.9137736913857606
53,0.5585904919773067,2.8685254931350466
54,0.5391993328021704,2.8790905577028862
55,0.5356547124093527,2.8813697466559964
56,0.5512927438538705,2.862450110305837
57,0.5389908255886494,2.8546340696209165
58,0.5419099249871598,2.8521151781281002
59,0.5529608008163586,2.825951543423014
60,0.5475396162723879,2.82998109102448
61,0.5464970808510387,2.82408342568252
62,0.5460800667719805,2.8194816824393634
63,0.542743953294412,2.820049349519986
64,0.5498331942291832,2.787983592099404
65,0.5469140950792327,2.7994958835407733
66,0.5596330275726478,2.7842027769176236
67,0.5540033360637159,2.7835304100777924
68,0.5454545453551215,2.7682299468793703
69,0.5515012510673915,2.7573236233995195
70,0.549416180150125,2.7483471328760802
71,0.5598415347613127,2.748785894050312
72,0.5494161800755571,2.732892575713373
73,0.5479566306745738,2.730490049786922
74,0.5581734778982486,2.7264022558703833
75,0.5594245202845588,2.7143367016882176
76,0.5660967474385438,2.7120361501122634
77,0.5708924102673837,2.698801985773273
78,0.5629691409507923,2.7038925455648566
79,0.5761050876226894,2.684065099553927
80,0.5663052542295129,2.6823397806229643
81,0.5715179314605389,2.6754892645924166
82,0.5679733110180092,2.675175174660639
83,0.5700583820844114,2.668314273800822
84,0.5656797330612138,2.659780637535878
85,0.5692243537771593,2.6577716116312646
86,0.5765221017514596,2.6372271490852666
87,0.5702668889250926,2.6453073511927
88,0.5711009173814807,2.632183489747799
89,0.5692243534788874,2.6252336971356134
90,0.5809007505260974,2.612249438418658
91,0.5723519600660628,2.617820216975081
92,0.5859049206181702,2.595335344556374
93,0.5781901585150998,2.6072226145349013
94,0.5892410340460268,2.580862305778777
95,0.5777731443117617,2.592336856294812
96,0.5802752292832302,2.579438808662281
97,0.5829858213687957,2.5739223947119374
98,0.5771476230191827,2.5690650015298875
99,0.5863219348463642,2.554664769502756
100,0.5842368640036658,2.551042384958148
101,0.5990408674392033,2.5466760950748677
102,0.5917431191666311,2.5393901505601515
103,0.5961217681401167,2.529081119906415
104,0.579858215229028,2.527201368770965
105,0.5802752293577982,2.5207927557107705
106,0.5900750624029909,2.518914969192136
107,0.5934111760048393,2.5029174227631024
108,0.5994578815182613,2.4981897988848334
109,0.5898665553137499,2.5025688895988307
110,0.5959132609514518,2.497080982675942
111,0.6007089239542837,2.4801527171258235
112,0.5975813179139399,2.477913281239501
113,0.6013344452965746,2.467129213000656
114,0.5954962470215296,2.4671660873470356
115,0.6025854879065888,2.46059584040956
116,0.6034195163629769,2.45298434695768
117,0.5946622186645654,2.4498318500375627
118,0.603419516313265,2.439926994552803
119,0.6144703919187599,2.4278939686982803
120,0.6111342784163354,2.426152219565537
121,0.6117597996840585,2.416797728017532
122,0.6213511258885699,2.4088638807158356
123,0.6194745620356886,2.4043225269699415
124,0.6063386155626393,2.4066349378320155
125,0.6071726438698916,2.393278720679136
126,0.6138448708747406,2.386570026120909
127,0.6211426189981768,2.3774994942821794
128,0.6236447040690691,2.367047589057878
129,0.6230191826024982,2.368431318193997
130,0.6180150125104253,2.3601062367417796
131,0.615721434479062,2.3574636266865863
132,0.6290658880910642,2.3474750166838123
133,0.628648874161142,2.334892752570247
134,0.6184320267386194,2.341200652174198
135,0.6232276896917393,2.337876530266285
136,0.633653044128935,2.323187402131858
137,0.6440783985661307,2.315393408702949
138,0.6294829023192583,2.313276085086024
139,0.6292743953791532,2.3067887195256276
140,0.6336530443526388,2.2935734785428337
141,0.6394912426525399,2.2888645209104843
142,0.6361551293241073,2.2925887887332714
143,0.6388657215836646,2.2801331996520027
144,0.6290658882402002,2.2756204597148626
145,0.6386572143452878,2.2676961004386054
146,0.6401167639202631,2.2623660982003106
147,0.6357381149467773,2.262860593644652
148,0.6340700582328491,2.252019805446876
149,0.6434528774226875,2.2419192946086435
150,0.6403252711586399,2.2382551999366513
151,0.6376146789487945,2.235263982546936
152,0.6461634694585411,2.2257083544043126
153,0.6563803168810637,2.2171306319789554
154,0.6461634696573889,2.2133837390482873
155,0.6511676396003259,2.2101292546537143
156,0.6465804835873111,2.2076029236660686
157,0.6565888240200167,2.1935529655173385
158,0.6444954127446128,2.1921446212039974
159,0.6536697246215063,2.1828673949730804
160,0.6480400334605582,2.17909739114922
161,0.6559633027522935,2.173675141004446
162,0.6553377813851465,2.1672418032018617
163,0.6595079231699672,2.162119207429926
164,0.6572143454368756,2.156804852927099
165,0.664720600599841,2.1469121241788254
166,0.652001668007002,2.150339594277071
167,0.6709758131279361,2.1296125474425533
168,0.6615929940623776,2.1306034144607557
169,0.6599249373981613,2.1218872477950605
170,0.6645120932620401,2.1173318524078293
171,0.6603419515269313,2.110759125439896
172,0.6699332778308668,2.114000520972633
173,0.6609674728940784,2.106293912924161
174,0.6576313593170859,2.104072827513363
175,0.6684737281067556,2.0933437768969565
176,0.6803586322929185,2.080867440825805
177,0.6661801500753923,2.0829971807016943
178,0.6732693912587233,2.0721197158123075
179,0.6645120935105999,2.0713810308263936
180,0.6878648872570359,2.059706572396642
181,0.6693077564140077,2.0634979788117653
182,0.6732693911592994,2.0559358185186696
183,0.6757714762799037,2.049774260994193
184,0.6722268557628062,2.043411928778196
185,0.6749374479726516,2.03732419948562
186,0.6722268557628062,2.032286494448346
187,0.6768140115769731,2.0279062632424716
188,0.6866138448707256,2.0186541061584307
189,0.6782735612016603,2.0162212027421686
190,0.6901584652386873,2.0069740357450687
191,0.6857798163646256,2.0040830062567143
192,0.6847372811669802,1.9946984709850244
193,0.6843202667896503,1.9865604445176686
194,0.6759799832697209,1.998018823135287
195,0.6970391993824893,1.982642086870577
196,0.6964136779159183,1.966701867880674
197,0.6853628023352794,1.9775316164431918
198,0.6964136781644782,1.959688874559665
199,0.6914095079729814,1.959127078561409
200,0.6895329439709642,1.9615817912127993
201,0.701626355395504,1.9517478640622352
202,0.6970391993824893,1.9489041962555989
203,0.6893244371799949,1.9453185145510943
204,0.6972477064717303,1.9395325569633248
205,0.682652210125434,1.9455575880356089
206,0.6937030857557849,1.929186670257212
207,0.6991242700760517,1.919166224613301
208,0.6968306921689683,1.9231186871532602
209,0.6995412845528056,1.912994162851418
210,0.7053794829521306,1.9104638351212948
211,0.7043369473070776,1.8983186529118186
212,0.7020433693751382,1.8964550561761737
213,0.7043369475556375,1.8906296616897074
214,0.7003753127606339,1.8952967119375996
215,0.7049624686742246,1.8828732351942594
216,0.7108006670735497,1.8732269015085508
217,0.7003753127606339,1.8739538687880184
218,0.7085070891913222,1.8674994844312565
219,0.6982902419676474,1.8678799854704895
220,0.7089241032703804,1.8714248187547926
221,0.708090075211688,1.8522927382272716
222,0.7174728939789747,1.846492952859034
223,0.7085070891913222,1.8438459865444397
224,0.702043369573986,1.845871977750414
225,0.7037114262879144,1.8421046686132716
226,0.7095496246872394,1.8303473477964107
227,0.7020433693254262,1.834542118180683
228,0.7162218513938166,1.8226852778895286
229,0.7187239367629807,1.8206421873587384
230,0.7007923269888279,1.816954630031697
231,0.713928273710437,1.8040860961933152
232,0.7168473727609636,1.8029378094804396
233,0.7187239367132688,1.8007900202841038
234,0.7218515430518843,1.7954837670417703
235,0.7189324437527979,1.7906159546297724
236,0.7180984154952577,1.7863817513237603
237,0.7285237699573094,1.777657705411203
238,0.7203919932283492,1.777331122962309
239,0.7364470390501969,1.770203509461989
240,0.7272727273224392,1.767211213322656
241,0.7218515430021724,1.765909316541753
242,0.7272727272230153,1.7585516647063661
243,0.7258131775486161,1.756338597835353
244,0.7335279400493823,1.7448061011650842
245,0.7158048374638943,1.7560362000580725
246,0.7249791494402118,1.745086400880726
247,0.7266472058558683,1.7386362374673991
248,0.7354045037531276,1.732935116726523
249,0.7335279400990942,1.7301560554830504
250,0.7356130108423686,1.7229603524999484
251,0.7354045039022635,1.716946779637659
252,0.7304003336113428,1.7214070473043395
253,0.7251876565294528,1.7181277841801839
254,0.7427022519759877,1.708193949006616
255,0.7391576312600423,1.695701028030052
256,0.738532110141455,1.703241058048156
257,0.7397831527266132,1.6920093086185408
258,0.7381150958138372,1.6884228177026872
259,0.7412427022518766,1.6934331230962147
260,0.7424937448867467,1.677745926370215
261,0.7335279399002463,1.6819759549649185
262,0.7460383652049964,1.6779678412732528
263,0.7372810676557209,1.6780560584342707
264,0.7468723937608084,1.6659385439154504
265,0.7404086738452005,1.669095608470239
266,0.7420767307082646,1.6650529147387545
267,0.7477064221674845,1.6564441464959432
268,0.7506255212677231,1.6559463393399874
269,0.7483319432860718,1.6468616254733341
270,0.7472894077901546,1.6409179815359172
271,0.755838198399325,1.6350036782955906
272,0.7447873226695502,1.6406893414989723
273,0.7508340283072522,1.6312115847617015
274,0.74478732291811,1.6341234462473968
275,0.7462468724930853,1.6290787410696315
276,0.750834028456388,1.6266948164652744
277,0.744370308640204,1.6237385136768956
278,0.7533361133284326,1.6173072707364717
279,0.7470809008997614,1.6141831397612558
280,0.7589658046882286,1.6034223894162214
281,0.7570892409347713,1.604965126544262
282,0.7522935780313633,1.6059075231051028
283,0.7485404505244486,1.6033535821921037
284,0.7454128438875613,1.6005134742592055
285,0.7604253544620517,1.5819399738629925
286,0.7648040032366895,1.572177150331009
287,0.7577147624510542,1.581040026248744
288,0.7566722268557131,1.5802494689163513
289,0.7650125103259305,1.5747794393105146
290,0.7637614679396202,1.574842087222299
291,0.7591743118271815,1.5659614994289281
292,0.7650125104750665,1.5603943979670547
293,0.7737698081734778,1.5549983710821118
294,0.7645954960977365,1.5562981934821833
295,0.7625104255035979,1.553869434353508
296,0.7633444538108501,1.5504413084550337
297,0.7666805672387067,1.5491302927103114
298,0.7727272726278488,1.5357093796121568
299,0.7664720599506177,1.5362750944045307
300,0.7577147622024943,1.5400762971586939
301,0.7716847374302035,1.524877631634449
302,0.7816930776640612,1.5226119793485462
303,0.773978315213007,1.5205842377843213
304,0.7714762302912505,1.525279765530762
305,0.7702251876563804,1.5150559437682571
306,0.7750208507089241,1.519564519831297
307,0.7793994996326978,1.5088061136042108
308,0.7731442870548907,1.5149966719947923
309,0.7766889073234284,1.4983746589870628
310,0.7704336945964855,1.501219282655342
311,0.7793994995332738,1.5041192265924959
312,0.775020850758636,1.4971857923980152
313,0.7779399498091627,1.4918801502151426
314,0.7821100916436954,1.4840152157257755
315,0.7791909924937448,1.4836061928449222
316,0.7768974145120934,1.484812124855226
317,0.7848206838535408,1.4741535393569347
318,0.7712677232517213,1.479829042230277
319,0.7785654711763097,1.4742830974842926
320,0.7827356131102663,1.4674574722340945
321,0.7721017516086855,1.4695416289234877
322,0.7777314427696336,1.4625790348840415
323,0.7796080067716508,1.4532071828245618
324,0.7879482901424443,1.4551494478483415
325,0.7798165137614679,1.4543483365665784
326,0.785654712111081,1.4497644016402675
327,0.7835696413180946,1.444396734237671
328,0.7827356128617065,1.4423492650770962
329,0.781693077713773,1.4414262508133036
330,0.7823185989317842,1.4406317359114609
331,0.786280233428516,1.4330832214530456
332,0.7837781483079116,1.4322109127959377
333,0.7837781483576236,1.4295424069833318
334,0.786697247855558,1.428504844622576
335,0.793369474661559,1.420502189102523
336,0.8027522934785577,1.4088380891546992
337,0.786280233428516,1.4178203065958095
338,0.7906588825014256,1.4130306091777876
339,0.8017097580323526,1.4017980664446514
340,0.7935779815022402,1.4063864998065798
341,0.7971226022181856,1.4036178623665563
342,0.793369474661559,1.4013642343110697
343,0.8035863220840817,1.3960737561662562
344,0.7921184321758248,1.393425391454116
345,0.7921184320764009,1.388964287234506
346,0.7898248541444615,1.3950880061993507
347,0.799207673160308,1.3873511382795751
348,0.7921184320266889,1.3824319031161005
349,0.8033778147462808,1.378443010555296
350,0.7973311092080028,1.379730453682105
351,0.8056713928273561,1.3670429674360134
352,0.8044203504410458,1.3700229253641658
353,0.7985821518925849,1.365759926601884
354,0.7977481234361968,1.3615655094708274
355,0.8019182652210175,1.3607698762486435
356,0.8027522934785577,1.3619262002924266
357,0.7973311091582909,1.3609511447609017
358,0.8067139282238494,1.347215929958003
359,0.7996246872393661,1.3509592837945334
360,0.803794828924763,1.3458426339711818
361,0.8065054212837441,1.3371966609962789
362,0.8035863219846577,1.3426217216566465
363,0.8140116762478616,1.3340672383813483
364,0.8069224354125143,1.3386200078832198
365,0.8077564636203426,1.3324813299918792
366,0.8073394495909963,1.3295994284154973
367,0.8171392828350369,1.317898555831973
368,0.8010842369137653,1.3319021433566987
369,0.810675562969141,1.3173106737789062
370,0.8087989992156837,1.3188099201964378
371,0.8171392828847489,1.3098647218629458
372,0.8125521266728863,1.3088361348978572
373,0.8177648040033361,1.3050557905878
374,0.8171392826859011,1.3022687659848224
375,0.8121351126435401,1.3038687589667657
376,0.8200583820346995,1.29744705515568
377,0.8135946623179393,1.3011695045148262
378,0.8160967473391199,1.2943613757880357
379,0.8206839032527106,1.2910395936234182
380,0.8075479564813896,1.3005941388406188
381,0.8123436196830692,1.2914012759998503
382,0.8146371976647206,1.2896316882667191
383,0.8158882401007429,1.2788389576187325
384,0.8167222685571309,1.27958468708821
385,0.8117180983656341,1.2799041344783424
386,0.8160967474385438,1.2764857397962353
387,0.8144286905257676,1.2772294634873913
388,0.8138031693077564,1.27205437834408
389,0.8181818182315301,1.2690386905383826
390,0.8213094243712978,1.271819821589186
391,0.8223519599169269,1.256711251443381
392,0.8206839034018465,1.2576246830301547
393,0.82339449556198,1.2526749924285099
394,0.8329858215676436,1.244971578473146
395,0.8258965805831604,1.2486185291789789
396,0.823811509740462,1.2503857701097159
397,0.8271476230688947,1.2433071416850086
398,0.8258965806328723,1.2425829969514302
399,0.8254795664543902,1.2370118941735784
400,0.8160967474385438,1.2478987193286568
401,0.8219349457881568,1.2425376628218738
402,0.8359049208170181,1.228733925445563
403,0.8304837362979033,1.2267458621813319
404,0.8292326940607289,1.2264245123143391
405,0.8321517931609674,1.2260786609116745
406,0.8267306087909886,1.222575093031526
407,0.8294412011499699,1.2232225084424118
408,0.8261050874735536,1.2264596476367953
409,0.8296497079409392,1.2162910900680695
410,0.8231859881744671,1.218655603940135
411,0.8311092578141862,1.2139430459685083
412,0.8373644705411292,1.2090627811072368
413,0.834653878082724,1.2046434455757045
414,0.8317347791316213,1.202814839401277
415,0.8313177646548674,1.2076377540553382
416,0.8306922436357042,1.2080527298444506
417,0.8311092577644743,1.1993143627104708
418,0.8338198497257598,1.20304562739276
419,0.8384070058381985,1.1950192146245593
420,0.8379899915602925,1.1885355685133054
421,0.8400750626515507,1.1855481587617571
422,0.8313177649531392,1.1888317247546645
423,0.835279399400159,1.1890248096019054
424,0.8346538783809958,1.1878016461323857
425,0.8436196830195124,1.1758274178986157
426,0.835487906638536,1.1767815210304229
427,0.8454962467232577,1.1723416393453425
428,0.8425771476727312,1.1667387729092773
429,0.8471643035863219,1.1697761173343737
430,0.8448707255549586,1.1594253431468133
431,0.8463302751796459,1.1567769446305378
432,0.8392410341951626,1.1677900659133236
433,0.8459132609514518,1.1610521418139574
434,0.8444537113764765,1.1595601355462795
435,0.8404920767803208,1.1562351389066492
436,0.8402835696910798,1.1551018641132231
437,0.8419516264050081,1.1656145800939692
438,0.8555045873050992,1.1409461007106294
439,0.8505004168650426,1.1446426809579755
440,0.8490408673397792,1.1430512136772735
441,0.8432026689404543,1.1498129583081174
442,0.8457047541107706,1.1419683700804912
443,0.8479983320924219,1.1441661857186605
444,0.8536280234522179,1.1365960613700925
445,0.8500834026865606,1.1337509079711252
446,0.8519599665891537,1.1246532718771394
447,0.8461217681401167,1.1283847997345657
448,0.8542535445210931,1.127918191011793
449,0.8505004170638905,1.1257823189663032
450,0.8473728108246988,1.1258340325327691
451,0.8565471224530326,1.1219190754822834
452,0.8502919097758016,1.1185985429770158
453,0.8505004169147545,1.1214193678379456
454,0.8538365305911709,1.1187982800804246
455,0.8527939948466939,1.112679332171608
456,0.858840700434684,1.102809827858652
457,0.8548790657888162,1.105114600576889
458,0.8546705586995752,1.1052468431503004
459,0.8582151794155207,1.1076357314942578
460,0.8594662220006788,1.100958662394984
461,0.8517514595993366,1.1039094394002982
462,0.859049207523925,1.1067842786962336
463,0.8565471227513044,1.1038926314870152
464,0.8523769809167717,1.1019717407186793
465,0.8550875728283454,1.0964988162857578
466,0.8571726439693155,1.0977126310227612
467,0.8532110093234478,1.0930268899712392
468,0.8582151794652326,1.085992294018024
469,0.859466221702407,1.0836887528639818
470,0.8607172642378532,1.0798466908524094
471,0.8619683070715712,1.0768268556769836
472,0.8638448706758927,1.0776007541325612
473,0.8638448708747406,1.0814558255662512
474,0.8569641369297865,1.0803795288362734
475,0.8573811508597087,1.0762210335703668
476,0.8682235197488023,1.068361423828882
477,0.865721434628198,1.0703508034659188
478,0.8690575479069186,1.0707098111398425
479,0.8611342785654712,1.0667579582674092
480,0.8617597998331943,1.0587989377219842
481,0.859883235980313,1.0682936741770854
482,0.8615512928433772,1.0662327308869541
483,0.8661384486575441,1.0595959222147722
484,0.8644703918441918,1.0531773092947572
485,0.866763970124115,1.059288079684928
486,0.8594662217521191,1.0643803957007745
487,0.8663469557467851,1.0534170971401937
488,0.8721851541461102,1.045530518061723
489,0.8619683070715712,1.0521679344129522
490,0.8667639700744031,1.0409150065433193
491,0.8701000833531237,1.0450859739941494
492,0.8673894910935663,1.0408854183303604
493,0.8657214346779099,1.0449227619608608
494,0.8707256046208468,1.0447685794098562
495,0.859674728891072,1.0455297034317697
496,0.8713511258885699,1.0331900975821513
497,0.8698915763633066,1.0331834175867076
498,0.8738532108600384,1.0198710407188676
499,0.8675979983319433,1.0342002052183048
