epoch,categorical_accuracy,loss
0,0.48457047542101944,4.214037944119209
1,0.49270225202569967,4.03315577514973
2,0.4977064221674845,3.9255219098425984
3,0.5043786488740617,3.8380216540049474
4,0.513135946771321,3.708651532920029
5,0.5123019181657971,3.619225772447244
6,0.5212677232517213,3.5517218063233593
7,0.5148040032615455,3.512077714722787
8,0.5145954962717284,3.4569718609063003
9,0.5139699749791493,3.435459243943037
10,0.5120934110268441,3.3771496717884104
11,0.5216847372313556,3.3066385736855195
12,0.530442034954623,3.275503782752755
13,0.5006255211682992,3.2845433464241185
14,0.5221017513601257,3.243464728014185
15,0.5308590491082491,3.1878911498390305
16,0.5212677231522974,3.1820780570751634
17,0.5189741451209341,3.159882776731248
18,0.5200166806665633,3.1339187138870024
19,0.5314845704753962,3.1028800388492077
20,0.5293994995332738,3.0879619300514585
21,0.530859049207673,3.068562072749134
22,0.5421184319272649,3.0447054563511204
23,0.542743953294412,3.029804655668435
24,0.5256463718772233,3.0413673625974678
25,0.536280233552796,3.0072560266617243
26,0.5354462050964078,3.0010829713565297
27,0.5314845704753962,3.0038657999714777
28,0.524186822277392,2.9939145783367906
29,0.5202251877060923,2.974734921570715
30,0.536697247855558,2.9583685634730754
31,0.5383653043209263,2.942530602987256
32,0.5400333612834145,2.939287153256745
33,0.5277314427696336,2.9322724183267908
34,0.5375312760882421,2.922687091859208
35,0.5417014177487829,2.905654593444646
36,0.5350291910422057,2.8951227145954608
37,0.5460800666725566,2.8770566364444226
38,0.5373227689244332,2.8842814247045445
39,0.5306505422675679,2.888527844924545
40,0.5471226021684737,2.8572443951359383
41,0.5348206840523886,2.855111972603627
42,0.5414929106843979,2.854364750085024
43,0.5310675563466261,2.8459321034759952
44,0.5473311093074267,2.8298418243494106
45,0.5462885738115096,2.824250321471761
46,0.5448290241371104,2.8123568508205463
47,0.5371142618351922,2.8120756976499073
48,0.5437864887654732,2.8093667947023087
49,0.5479566306745738,2.7939818295167824
50,0.5619266056040111,2.781984139920474
51,0.5379482901673003,2.7876343933913588
52,0.5316930775646372,2.7830879057915237
53,0.5454545454048335,2.768525900693612
54,0.5429524605327889,2.762774199222504
55,0.5531693079055996,2.748282614700788
56,0.5350291911416296,2.7562718363579757
57,0.5496246872890781,2.7402210386720074
58,0.5471226022678977,2.7325261227780326
59,0.5487906588078341,2.7193868925812046
60,0.5442035029439553,2.7292260509217354
61,0.5467055881391275,2.711930686180745
62,0.5454545453551215,2.703566447807611
63,0.5562969140205113,2.6936530366950078
64,0.5475396161978199,2.690683414580128
65,0.5569224355119382,2.679157698721166
66,0.5429524602345172,2.683956770025958
67,0.5477481233367729,2.6711469247402797
68,0.55567139292678,2.6607925504122902
69,0.566930775696084,2.645977582605408
70,0.5646371976150086,2.636950916007124
71,0.5606755630188529,2.6402565641538414
72,0.5494161801004132,2.6311775466817133
73,0.560884069983814,2.6224403613999647
74,0.5648457049030975,2.608587779632899
75,0.5717264385994918,2.604142812016211
76,0.5761050874735536,2.5910071915045094
77,0.5640116764467095,2.5960351981353122
78,0.5715179315599628,2.5826771877724695
79,0.5765221018011715,2.5690606815602206
80,0.572768974169977,2.567617246366919
81,0.5650542118929146,2.5592868228670556
82,0.5756880734193514,2.553755410021797
83,0.5848623854205248,2.5405046245870837
84,0.5717264386492038,2.5391249507541356
85,0.5769391160790776,2.529268231364068
86,0.579232693961305,2.522323961154534
87,0.579232693911593,2.515595607701891
88,0.5798582151296041,2.503495693803331
89,0.5819432860717264,2.5008150797470896
90,0.5775646371479528,2.4971569107411997
91,0.5938281900590414,2.484449321175735
92,0.5763135945130826,2.4763203898104558
93,0.5869474563626471,2.470619826440119
94,0.5834028356218457,2.4595218084572354
95,0.591326105087573,2.4584099361556486
96,0.5838198498003278,2.4472597015212236
97,0.5834028356218457,2.438084254769905
98,0.591117597898908,2.4292888816343536
99,0.6005004170638905,2.428802186792547
100,0.5927856545631244,2.4198093901483886
101,0.5890325272550575,2.4071848072341524
102,0.6032110091991679,2.3958530455852567
103,0.5896580482742207,2.3930655549823294
104,0.5865304420847411,2.386826895593702
105,0.5932026689404543,2.3804564539644497
106,0.5959132609763078,2.375525504773214
107,0.5973728108246988,2.3685578643728835
108,0.6050875729277693,2.3565140715035127
109,0.6073811509094207,2.3532638348968353
110,0.6075896581975095,2.3452269677026156
111,0.6196830691746417,2.3316703238419634
112,0.6082151791669609,2.329022470168813
113,0.6134278565471226,2.3156580855391042
114,0.6136363637854996,2.3149054082261213
115,0.616346955846209,2.3042631324278107
116,0.6223936612850631,2.3011479851004477
117,0.6117597999823302,2.288394155852292
118,0.6148874062215218,2.28204494640169
119,0.628648874210854,2.2742572653979636
120,0.6251042536440444,2.2693411609945544
121,0.6136363637854996,2.26199206399162
122,0.6248957466045154,2.25320640954502
123,0.6211426187993289,2.251520888421613
124,0.6332360301741567,2.2421114649545957
125,0.6244787322768974,2.2363598110081258
126,0.6244787323763213,2.223047426683491
127,0.6303169306265105,2.219349242728188
128,0.6230191826024982,2.2069643848234657
129,0.6269808172980779,2.202714673273756
130,0.6319849876387106,2.1945994168743677
131,0.6326105088070098,2.189444442109529
132,0.6384487072063347,2.1837066094809714
133,0.6359466220360184,2.1743750594077853
134,0.6378231858391877,2.171119140127085
135,0.640742285386834,2.1636749542783558
136,0.6390742285237698,2.158777615544794
137,0.6388657213599608,2.1474018114820135
138,0.6319849874895747,2.1438948386306063
139,0.6371976645714647,2.1376392570906027
140,0.6453294411015769,2.130366180816027
141,0.6332360301741567,2.130969030445471
142,0.6494995829361095,2.1138075772079454
143,0.6472060049544581,2.109871042878355
144,0.6517931610171849,2.104661101197282
145,0.6428273560803964,2.0976736255244877
146,0.6424103419019144,2.095103475826795
147,0.6419933278725682,2.0883507696761003
148,0.6447039200824136,2.080340720296801
149,0.6530442034532071,2.0730257133725685
150,0.651793160868049,2.066852551683771
151,0.6547122601671355,2.058810006587877
152,0.6603419515766433,2.054668341009094
153,0.6536697248203541,2.0464298568038366
154,0.6601334444376903,2.0404575791728803
155,0.6557547956133406,2.034552140868237
156,0.6653461217184281,2.026420963715274
157,0.6561718096923987,2.025710957959058
158,0.6645120933117521,2.018236225699265
159,0.6636780651536358,2.0075731197926676
160,0.6605504587653083,2.004156692411822
161,0.6670141785317804,2.002115054365195
162,0.6709758131776481,1.989031108545203
163,0.6795246037371065,1.9803095866084794
164,0.6780650540627073,1.971187055856611
165,0.6738949125761584,1.9725817228178864
166,0.6682652210175146,1.9696621250569373
167,0.6751459550121807,1.9648162562017941
168,0.6761884905578098,1.9523129155975865
169,0.6749374479229396,1.9519331448271038
170,0.6676396997995034,1.9494769224233683
171,0.6755629689918149,1.936854654893565
172,0.6761884904583858,1.934526973609829
173,0.683486238581822,1.9245004897519287
174,0.6788990827179432,1.9187003289589393
175,0.6941201001331148,1.9016113953355753
176,0.6949541285397909,1.8997419190665301
177,0.6895329440206761,1.9033056083970312
178,0.688490408624183,1.9021732093295622
179,0.6857798165634734,1.8934294566996799
180,0.6964136779159183,1.8801478119668014
181,0.683069224453052,1.878893428290258
182,0.6951626353804721,1.8703866793375596
183,0.6882819016840778,1.8726968167720983
184,0.6882819016840778,1.8659575324539746
185,0.6937030859546327,1.8533153443459773
186,0.6918265220520395,1.8542156943288617
187,0.6895329441201001,1.8522078691670256
188,0.6937030859049208,1.8426855350157139
189,0.6974562136603952,1.836763400947978
190,0.7026688908417091,1.8347429574977565
191,0.6987072561461295,1.8300830250088627
192,0.6909924937944993,1.823268219468194
193,0.6937030859546327,1.8226918993242787
194,0.6984987489574646,1.8079251496368294
195,0.7001668058205287,1.8059685124865763
196,0.6941200999342669,1.804729392570292
197,0.7091326105087573,1.7942217683871653
198,0.6972477062728825,1.7947893383306102
199,0.6989157632353705,1.7848330370280223
200,0.7024603838021801,1.7806445801625956
201,0.7103836528950677,1.7771737538744152
202,0.7070475394672111,1.7730201003549495
203,0.7085070892410342,1.7682922546618973
204,0.7145537947793122,1.7523241423884464
205,0.7060050040210059,1.7543026713951118
206,0.7149708091566421,1.7527467566196675
207,0.7189324438522218,1.7456939427230236
208,0.7172643868400217,1.740217630320335
209,0.7133027524427139,1.739478963230728
210,0.7126772309761429,1.731768944245562
211,0.7112176814508796,1.7275713885993735
212,0.7095496247369514,1.7227292923851745
213,0.7139282734121651,1.7234299132185642
214,0.7214345286248425,1.7089697852345482
215,0.7105921602328684,1.7101941445750728
216,0.7178899082568807,1.702369357964911
217,0.7160133443542875,1.6946328497609067
218,0.7193494579312799,1.6951946426770208
219,0.7147623019679772,1.6930740623299134
220,0.7278982484907384,1.681037505931711
221,0.7243536279736408,1.6762915348589071
222,0.7241451210335357,1.67055074576043
223,0.7291492910261846,1.670494986634338
224,0.726021684737281,1.666570808611083
225,0.7354045036039917,1.6538098315779024
226,0.726855713243381,1.6585076071005052
227,0.7247706420526989,1.6547337300186857
228,0.7201834861391082,1.659096546228773
229,0.7370725605664799,1.6445076858331205
230,0.7285237697087495,1.6425488933709584
231,0.738115096012685,1.6339006246975603
232,0.7356130108920806,1.6279016621814757
233,0.7329024187816591,1.626284056548977
234,0.7356130107926567,1.6170685484172704
235,0.7360300250208507,1.6169346591847653
236,0.7427022517771399,1.6078888810207885
237,0.73790658882402,1.6071353071028238
238,0.7372810677054328,1.6050894574586105
239,0.7529190992493745,1.5947905782861844
240,0.7408256881728185,1.596899873023236
241,0.743327773094575,1.5894324406670768
242,0.7397831525774774,1.5889815735359605
243,0.7349874895746455,1.5842587632671608
244,0.7420767306088407,1.5757085793807768
245,0.7383236029030782,1.5752340214166967
246,0.7466638864727195,1.5721406758676677
247,0.7404086737954885,1.570205227149537
248,0.7437447874221929,1.5588120459714863
249,0.7543786488243498,1.5570374827667313
250,0.7456213511756502,1.5578805586017104
251,0.7472894076907307,1.5511393442662982
252,0.7462468725427973,1.5493343095166967
253,0.7525020849217565,1.5456595668402984
254,0.7495829858215179,1.5381509089489795
255,0.75,1.535640213765931
256,0.7579232694905832,1.5289046255323269
257,0.7570892410341952,1.5275462113190335
258,0.7581317764804003,1.5213638286574669
259,0.7604253545614756,1.5138812526451537
260,0.7504170141784821,1.522719353014872
261,0.7587572976486995,1.515771505134716
262,0.7570892410341952,1.511595594475327
263,0.7614678900076808,1.497948704807832
264,0.7708507089241035,1.4981422093234726
265,0.762718932443703,1.492994598988397
266,0.7633444538108501,1.4899012951974178
267,0.7525020849217565,1.492100522655363
268,0.7648040033361134,1.4844866457136598
269,0.7639699750288612,1.476634210899932
270,0.7577147623516303,1.4829709964359274
271,0.7712677232517213,1.469812334727207
272,0.7706422019342863,1.4708403572626567
273,0.7650125104253545,1.4633553726062662
274,0.7668890742782357,1.459433495352127
275,0.7710592160630564,1.4609654475690128
276,0.7648040032366895,1.4559532281654493
277,0.7750208506095002,1.4501498598571216
278,0.7781484571966755,1.449013921894363
279,0.7689741449717982,1.4499225539898655
280,0.7791909924440328,1.4405316102494787
281,0.7718932443703086,1.4367529803062102
282,0.7825271060707373,1.4284288592891359
283,0.7800250209004209,1.4291503355839135
284,0.7796080067219389,1.4249532113381482
285,0.781693077713773,1.4217137074450634
286,0.7733527940944197,1.4167309964667567
287,0.7762718931449464,1.41450489521822
288,0.7756463718275113,1.4145647616461976
289,0.7798165139106038,1.4122221898396279
290,0.7812760634855791,1.4067376741674962
291,0.7708507090235274,1.4074180693900813
292,0.7914929107092539,1.395014634522127
293,0.7885738113604555,1.395337389348645
294,0.7827356129611304,1.3994900656303233
295,0.7812760632370193,1.3918176777070517
296,0.7891993327773145,1.3819290174853314
297,0.7787739781661268,1.3797544890189788
298,0.7775229358792405,1.3804521234558462
299,0.7929524602842292,1.3727378955575404
300,0.7875312760136742,1.3729997202194761
301,0.7977481235356207,1.360201911989901
302,0.7831526270899005,1.3683869307790824
303,0.7902418683726555,1.3593724734391441
304,0.7921184320266889,1.3600036032106402
305,0.7923269392650658,1.357014085870668
306,0.8002502085568012,1.3392687085472215
307,0.7985821516440251,1.3528131696957166
308,0.7906588824517137,1.3516637589953362
309,0.7931609674728941,1.3461912083963834
310,0.8027522936276936,1.3393929556471988
311,0.7969140950792327,1.3410686017872395
312,0.7969140949798088,1.3366329528770415
313,0.7898248539456136,1.3357731662659569
314,0.7906588825511376,1.3327972772620538
315,0.8071309424023314,1.3197767820032167
316,0.8094245203839828,1.3149731719961157
317,0.8037948290738988,1.3182675207128516
318,0.79920767321002,1.3173794557493463
319,0.8006672228347071,1.3166375183084789
320,0.8010842367646295,1.31431340117371
321,0.80442035029191,1.306807003685392
322,0.8048373646195279,1.3020129395684568
323,0.8071309423029075,1.3035845985205796
324,0.8052543786985861,1.2963886832673914
325,0.8083819848880657,1.2929989854130177
326,0.8048373643709681,1.2943084559110525
327,0.8081734779479605,1.2927441487618543
328,0.8085904920270186,1.2787765848129564
329,0.8065054210848963,1.2843731988758917
330,0.805671392976492,1.285759613253456
331,0.8115095912266812,1.272292342953527
332,0.8144286906251915,1.2667131777899379
333,0.8127606338118394,1.2736338232834206
334,0.8090075062055007,1.2642682354285182
335,0.8196413678562174,1.2605955052912683
336,0.8065054211346083,1.266575129356257
337,0.8198498748460344,1.2591651911731558
338,0.8242285238195202,1.249331542111318
339,0.8154712259222608,1.2545679345341698
340,0.8208924102425277,1.2537201085221876
341,0.8219349456390209,1.2481430123705384
342,0.8179733109931532,1.2467155336240017
343,0.8127606340106872,1.245397135155513
344,0.8190158466879182,1.2442469651545953
345,0.8211009173814807,1.240325274220897
346,0.8267306088904125,1.2305053166293223
347,0.8265221017514596,1.2309129778000591
348,0.8238115096410381,1.2242542818449655
349,0.8275646370982408,1.2224757489410414
350,0.8238115095416142,1.22508380868417
351,0.8304837365464631,1.217109924460372
352,0.8321517931609674,1.2095409795778607
353,0.8254795662555424,1.2235532389570019
354,0.8238115094919022,1.2139352786729891
355,0.8327773143789786,1.2092295046942347
356,0.8340283568150009,1.200590296722234
357,0.8267306088904125,1.2025846899102588
358,0.829232693812169,1.2006968457665017
359,0.8336113426365188,1.1956273553965984
360,0.8263135946622185,1.192318473287778
361,0.8215179317588106,1.2035704252618467
362,0.8373644702428574,1.1860767992662329
363,0.8265221016520357,1.1929254659122979
364,0.8375729775309463,1.1873696701441137
365,0.8388240201161045,1.1768323439573427
366,0.8304837363973272,1.1857644631725435
367,0.84153461232595,1.1786655894510938
368,0.8381984988980934,1.1731525303623496
369,0.841743119216343,1.1679642417214133
370,0.8434111760296953,1.1665797481147124
371,0.8390325270562097,1.1668360261145585
372,0.8311092578141862,1.1730140488380387
373,0.8373644705411292,1.1619806118663696
374,0.8344453711923309,1.1625025687961403
375,0.8390325272550575,1.1561748809472434
376,0.8365304419356052,1.1591926175818232
377,0.828607172494734,1.160066944842939
378,0.8388240199172566,1.1526810200240236
379,0.8490408675386272,1.1445759455296673
380,0.8434111761291192,1.1506525537587882
381,0.8375729774315224,1.1555783917647386
382,0.8494578814685494,1.1337597320435742
383,0.8479983320924219,1.1371456384658813
384,0.8438281903076013,1.1359458040256516
385,0.8488323602505382,1.1344196186948559
386,0.8463302752790698,1.1279976705991794
387,0.840700583720426,1.1309436732674758
388,0.8471643034371861,1.125477453785404
389,0.847998331992998,1.1295480978697712
390,0.8519599665394418,1.1225644534980386
391,0.854253544719941,1.1168193729645615
392,0.8444537114759004,1.1258900546351505
393,0.854670558948135,1.1141219439359384
394,0.8546705587492872,1.113718334886807
395,0.8542535444713812,1.1085508842086473
396,0.859883236179161,1.1030765782802476
397,0.8550875728780573,1.1039271045466876
398,0.8442452043866594,1.1123964948590543
399,0.8548790657391043,1.106378642890332
400,0.8513344455202785,1.1012930346092051
401,0.8569641366315146,1.0973190511635087
402,0.8559216014835813,1.0983345178488
403,0.859883235980313,1.0917997360229492
404,0.8644703921424637,1.0882274260413558
405,0.8590492077724848,1.0864743515289854
406,0.8694745622345366,1.0809471448129968
407,0.8582151792663848,1.087199026987491
408,0.8661384485581202,1.0724778655571576
409,0.8592577148120139,1.0816096069417067
410,0.8523769806682119,1.0846447917299533
411,0.8613427857044242,1.0750005998842114
412,0.8628023353788234,1.0723886102611966
413,0.8705170975316058,1.066571273040135
414,0.8650959132610508,1.0620192525981365
415,0.8625938282895824,1.0702306554653527
416,0.8703085906412126,1.0641266771711042
417,0.8609257714265183,1.0693487825743648
418,0.859674728891072,1.0663605344802565
419,0.8688490410165254,1.0515727849678758
420,0.859049207523925,1.0657445925091384
421,0.8698915762638827,1.0520002964738013
422,0.8692660549961596,1.0484111502928173
423,0.8636363635369397,1.0572136283616804
424,0.8617597996840585,1.0482348846434753
425,0.8665554628857381,1.0441577947070144
426,0.8705170975813178,1.042930816291669
427,0.8671809841037492,1.0507295805777581
428,0.8732276895923153,1.035574603021095
429,0.8728106755132572,1.033614423495715
430,0.8726021684240162,1.038872727262069
431,0.8678065054708963,1.0429255650180693
432,0.871768140116764,1.035974621673342
433,0.8694745621351125,1.0324074126363696
434,0.8726021685234401,1.0320220396258217
435,0.8796914096570592,1.0171536341421399
436,0.878023352744283,1.0211212406365249
437,0.8763552961297787,1.0223879224564056
438,0.8767723103082607,1.0218743022229893
439,0.8763552959309309,1.0219322422626518
440,0.8767723102088368,1.0158741356831376
441,0.876980817198654,1.010701229713478
442,0.8778148455556181,1.0096678071662324
443,0.8769808172980779,1.0107716572493488
444,0.8794829022695464,1.0092339442112328
445,0.8790658880910642,1.0119803929149955
446,0.8794829025181061,1.0077407028498104
447,0.8753127604847256,1.0059968765026535
448,0.8844870724113312,0.9957773548250302
449,0.8828190158962508,0.9966027708825118
450,0.8809424521925053,0.9979700147857061
451,0.8776063386652249,1.005136081882076
452,0.8769808174969257,0.9934282969991002
453,0.8759382820010085,0.9944574987520468
454,0.8882402002662296,0.9814347441341601
455,0.8878231858391877,0.9864929421331805
456,0.8886572142955758,0.9833074189703896
457,0.8826105086081618,0.9861447896631287
458,0.8876146788990825,0.9771444282499923
459,0.8888657214842407,0.9791450177360516
460,0.8899082568310219,0.9731092240235724
461,0.8865721436020133,0.9734451891582543
462,0.8851125937784782,0.9753679731570253
463,0.8857381149964894,0.9684427894086416
464,0.8913678063562853,0.9627144460980349
465,0.889908256731598,0.9624061686879302
466,0.8967889906765522,0.9566196703831289
467,0.8942869057050837,0.9616211527481588
468,0.8949124269230948,0.960345801460037
469,0.896580483786159,0.9506432687967792
470,0.8876146787996586,0.9598099941805663
471,0.8932443703583025,0.9566247460243601
472,0.8878231860877476,0.9597960406288293
473,0.884904086888085,0.9627302159260869
474,0.8911592993664682,0.9492729479715762
475,0.8984570476390403,0.9456851428702436
476,0.896371976597494,0.9482758865941058
477,0.8949124270722307,0.9502953611084379
478,0.8907422851879861,0.9499335891510468
479,0.8851125938779021,0.9518444665379083
480,0.897206005103594,0.9392801418813493
481,0.9045037531773183,0.9354816793997751
482,0.8932443702588785,0.940369383258756
483,0.890116763969975,0.9426759331299922
484,0.8944954127943248,0.9347721617156213
485,0.8994995828366856,0.9337405578308646
486,0.9003336113427857,0.9342394087889276
487,0.8999165970648797,0.9293501209079275
488,0.8955379484393777,0.9319793148971379
489,0.9009591325607967,0.9224068128237434
490,0.9001251044026806,0.9256340915506537
491,0.901793160818337,0.9197693851413679
492,0.8994995830852455,0.9209485172827707
493,0.8984570476390403,0.9214824803478028
494,0.9003336113924976,0.9178707498227486
495,0.9013761466895669,0.9157252380309053
496,0.8969974977657932,0.9193881260941086
497,0.9049207671569525,0.9124767425360533
498,0.9032527104430242,0.9090505619661524
499,0.9020016682058498,0.9170886693744484
