epoch,categorical_accuracy,loss
0,0.5506672226855713,4.458952889430513
1,0.5360717265878349,4.114159132859625
2,0.512301918265221,4.006815721632741
3,0.5216847372810676,3.839319123537765
4,0.5106338614767248,3.763836000440914
5,0.5004170142033381,3.7025512259040303
6,0.49145120931626163,3.637818608908379
7,0.5143869893067673,3.5272549081584432
8,0.4979149290330217,3.5635693331774916
9,0.5031276063386155,3.4630983919775216
10,0.518348623902923,3.390995981894104
11,0.5006255212925791,3.38346539764627
12,0.5050041701417848,3.3378244082663238
13,0.5152210174648836,3.2728062950640147
14,0.5008340283818201,3.27351933245464
15,0.5141784819938224,3.193054318129768
16,0.5045871558887348,3.2108409850173834
17,0.518765638180829,3.1858224051509727
18,0.5037531275566266,3.15616165647117
19,0.5052126772558818,3.1299142986660304
20,0.5106338614767248,3.0958704353870203
21,0.5208507090732393,3.072467613856528
22,0.5133444536120023,3.0637905339184557
23,0.5127189322945672,3.046463089649433
24,0.5095913261050876,3.0385974024215074
25,0.5064637197913281,3.015559498522061
26,0.5156380318422135,2.9833536014843225
27,0.5212677230031616,2.96207678149003
28,0.5339866554717206,2.9393513618259255
29,0.5191826522101751,2.962464278096254
30,0.5352376979823108,2.924342490912876
31,0.5173060884070059,2.946711231610296
32,0.5221017516086855,2.921589912624534
33,0.5204336947704773,2.904949866701306
34,0.5279399499831545,2.8826769678865105
35,0.5210592161624803,2.8942204995191125
36,0.5150125103756426,2.8590376269727873
37,0.5254378648128383,2.8520125326660892
38,0.5268974145120934,2.8494222136315353
39,0.5162635528613767,2.8575743421899764
40,0.5175145955211029,2.843830358594333
41,0.5231442868311869,2.819245729573674
42,0.5321100916436954,2.817068265417002
43,0.5419099250865838,2.795239862150903
44,0.5283569641367807,2.7957532664355482
45,0.5268974145618054,2.7882210715200824
46,0.5364887405426131,2.775827857630764
47,0.5439949958298582,2.7561139567282122
48,0.5198081734281863,2.7733349509791996
49,0.5350291909924938,2.755399983161882
50,0.5308590491331051,2.7496892073633674
51,0.53106755632177,2.753019800575899
52,0.5335696415169424,2.7356032519861495
53,0.5312760632867312,2.734327403976084
54,0.5287739783152627,2.722082162122114
55,0.5193911592497042,2.719470827653072
56,0.5400333610845666,2.7044713373876195
57,0.5291909926428807,2.6994816879116565
58,0.5396163468066606,2.699583528039851
59,0.5471226022181856,2.6822120731726002
60,0.531067556296914,2.6874551381341014
61,0.5291909924937448,2.680208281738943
62,0.5339866554717206,2.674464698430396
63,0.53628023352794,2.66431834779251
64,0.5273144285911515,2.6594887843621184
65,0.5414929106595419,2.6499918165358034
66,0.5391993327773145,2.6520566938319137
67,0.5377397832023392,2.6392803725050924
68,0.5414929107589658,2.636658171000731
69,0.5373227690238571,2.622707602975764
70,0.5250208506592121,2.6334869034395703
71,0.5515012509431115,2.6089166568854734
72,0.5412844036200128,2.6074341278060262
73,0.5521267723102585,2.5947734090663475
74,0.5452460383155925,2.5958531801654856
75,0.5583819850372015,2.582147769872301
76,0.5531693078061757,2.5777620302825497
77,0.5625521268220223,2.568195957059757
78,0.5475396163718118,2.5744295758540874
79,0.5558798999165971,2.55421293368431
80,0.5481651376643909,2.557845825747314
81,0.5498331943286072,2.549935507714699
82,0.5577564636203426,2.545537527249792
83,0.5523352793497877,2.538863157211889
84,0.5592160133693097,2.5278760659088184
85,0.5656797329617899,2.5170741699654626
86,0.554628857232015,2.5174465085984865
87,0.5562969142442151,2.512383152187815
88,0.5571309424520434,2.5105496904470206
89,0.5475396163718118,2.5083483388962797
90,0.5606755631182768,2.4961536205043586
91,0.5596330276720717,2.4907687638977154
92,0.5683903253207712,2.478235286707874
93,0.566513761393322,2.4723235449262018
94,0.5631776479406094,2.467867697547932
95,0.5638031693077564,2.4606428452588003
96,0.5623436196085013,2.4556520510157314
97,0.5638031694568924,2.4500998965494825
98,0.5596330276720717,2.4488084811384825
99,0.5633861550547065,2.4368474602798704
100,0.5694328605681285,2.4317843910055026
101,0.5790241868223519,2.420598177436593
102,0.585279399549295,2.4154002891171467
103,0.5806922436854162,2.4051589689421795
104,0.5779816514258588,2.4008092890191417
105,0.5827773142795547,2.393024100175592
106,0.5831943285574607,2.3932455729404225
107,0.5756880733447834,2.384203615339723
108,0.573185988323603,2.3772712710303403
109,0.579024186747784,2.3707380418085475
110,0.5765221016768916,2.374521947284854
111,0.5821517931858234,2.357300212922148
112,0.5829858216670675,2.3539341363039883
113,0.5773561300587117,2.351175313795279
114,0.5923686406829141,2.3379303726978953
115,0.5854879065142561,2.335426122770397
116,0.5819432861214384,2.3273929286937696
117,0.5844453710431949,2.318755882993353
118,0.5867389490248462,2.3155870099580715
119,0.5904920766808969,2.3117608843096304
120,0.5892410342945865,2.296656590088692
121,0.5790241869217759,2.2981468094101145
122,0.6052960801164342,2.285372618340372
123,0.5952877398825765,2.281151433901751
124,0.5821517931112555,2.280278004637552
125,0.5915346120773901,2.27145006956907
126,0.5902835695419438,2.265810945811522
127,0.5861134279062591,2.257461542880366
128,0.5940366973471304,2.2523796451002287
129,0.6073811509839886,2.237779201319856
130,0.597998331992998,2.2404915884795837
131,0.6025854880557248,2.2330452860942773
132,0.6088407006832438,2.2207664759383787
133,0.5894495413341156,2.22110804266687
134,0.6086321933951548,2.2119441324716016
135,0.6167639699252672,2.204669607789244
136,0.5973728107252749,2.199834030404302
137,0.6171809840540373,2.1922055625040597
138,0.5963302753287817,2.18920071031572
139,0.6123853209517816,2.182975622293251
140,0.6132193493833136,2.1755827729954533
141,0.5965387822440309,2.168757694775706
142,0.6086321933951548,2.1656812014830322
143,0.6048790659876642,2.1577828365927245
144,0.6092577149114378,2.1549146736135474
145,0.6082151791669609,2.1468684082731193
146,0.609257714762302,2.14066144582925
147,0.5988323602505382,2.132015597531953
148,0.6080066722268557,2.130505833653632
149,0.6203085905417887,2.121683427947476
150,0.6098832359306011,2.1206806638620614
151,0.6159299414688791,2.106603589825475
152,0.6036280233030821,2.106259855854203
153,0.628648874210854,2.0952111451798823
154,0.61655546293545,2.0941613064496294
155,0.6196830692740656,2.088045391666581
156,0.6161384486575441,2.0785123743147924
157,0.6155129275886688,2.0732265572631428
158,0.628231860032372,2.0612306481505356
159,0.6192660549961596,2.065250002810913
160,0.6184320265894835,2.0572907131249156
161,0.6086321936437147,2.0531788492719762
162,0.627606338615513,2.0398134030929898
163,0.6144703919933278,2.0373768190029167
164,0.6201000834276916,2.037434688898998
165,0.6238532111583102,2.0285687403841948
166,0.6261467890156817,2.0209648539564626
167,0.6246872392915706,2.0187608662796976
168,0.6213511260377058,2.012060201993279
169,0.6355296079569602,2.0033672599617494
170,0.6390742285237698,1.993525920260241
171,0.6328190158962508,1.9940570325429883
172,0.6298999166468763,1.9891516291369389
173,0.6267723104076847,1.9855143609297485
174,0.6478315261227574,1.9702201158032007
175,0.6307339449541285,1.9722860517652956
176,0.6336530440543671,1.9665618943014773
177,0.6361551294235313,1.958049649989436
178,0.6371976646211766,1.950873540280957
179,0.6422018348623854,1.9484375004374652
180,0.6340700582328491,1.9434988397275337
181,0.6413678065054211,1.9389868113674453
182,0.635112593977326,1.931736877205175
183,0.6351125938779021,1.9288860133929089
184,0.6409507922275152,1.9264723731638294
185,0.6547122603162713,1.9121519353013918
186,0.6449124271219427,1.913625495248879
187,0.6472060050041701,1.9069653222519125
188,0.6507506256206916,1.898280728350489
189,0.6505421185811626,1.893707263161482
190,0.6526271892747251,1.8986622045396069
191,0.6478315262718932,1.8877404904345654
192,0.6346955795999961,1.8849402327056324
193,0.6520016682058498,1.8743611300757173
194,0.6447039198835658,1.8711645154778016
195,0.653044203602343,1.8645483247432437
196,0.6494995830852455,1.8665535162646538
197,0.6513761468387028,1.8596975829225466
198,0.653044203602343,1.852622116874714
199,0.6559633027522935,1.8464823017724858
200,0.646788990974824,1.8459908408458476
201,0.670558798949454,1.8306077618316574
202,0.6557547955139167,1.8331976756142814
203,0.664303586272223,1.8314201423185283
204,0.6624270225684776,1.8198695818119193
205,0.6582568808333689,1.8179149578967821
206,0.6555462885738115,1.8122289483004357
207,0.6567973312086817,1.8034028786236889
208,0.6684737281067556,1.7977727460702129
209,0.6757714761307679,1.7922985802301274
210,0.6622185155786605,1.792583655674722
211,0.6770225187159261,1.784277245737892
212,0.6680567138785616,1.781911040465965
213,0.6676396997746474,1.7813231521491908
214,0.6661801500256803,1.7716507187875934
215,0.6613844871719844,1.7761830051706868
216,0.6753544619025739,1.7634702567958753
217,0.6634695580146828,1.7644714240335841
218,0.6668056712934034,1.7594485437005039
219,0.6645120935105999,1.7524704543424707
220,0.6553377816337064,1.7566071428588472
221,0.6732693910101635,1.7465233580085813
222,0.6799416179653005,1.738890726035391
223,0.6674311927599744,1.7426006017474953
224,0.6786905755292783,1.728732359220427
225,0.6753544622008456,1.7217048721774804
226,0.6797331109257715,1.719707030868212
227,0.6755629692900866,1.7177982993479866
228,0.6807756465211126,1.7078441247232166
229,0.6726438699412883,1.709182148182561
230,0.6711843201674651,1.708614573069072
231,0.6799416180150125,1.6987924438600643
232,0.6799416180647245,1.6999884625093653
233,0.6791075896580484,1.6902937989517288
234,0.6786905753304304,1.6849072033211625
235,0.6759799834685688,1.6838498491361997
236,0.689115930041042,1.6773154956286305
237,0.6761884904086739,1.680308655861321
238,0.6836947454722152,1.6651234509449784
239,0.6903669725764882,1.6717528901167766
240,0.6886989158625598,1.6650028184019
241,0.6807756462725527,1.6573277413596503
242,0.6801501249551176,1.6610905936203766
243,0.6868223518108307,1.6511403054769482
244,0.6814011676894117,1.6579176830788072
245,0.6953711424697131,1.6399071939395207
246,0.6820266888577109,1.6491276690918173
247,0.6853628023352794,1.6334824142503779
248,0.6918265222011754,1.6317344530111955
249,0.6943286072223558,1.6289050495554946
250,0.6799416180398685,1.6344262368486164
251,0.6926605503095797,1.6224163657332382
252,0.6964136780650542,1.6139241395342638
253,0.6849457882065093,1.6227184670283656
254,0.6807756462725527,1.6135192327046017
255,0.6934945787659678,1.6115499231793464
256,0.6968306922435363,1.6006336568095865
257,0.6987072560964176,1.597063724054109
258,0.6924520433694745,1.6004046864863533
259,0.6951626354301841,1.5912378531281803
260,0.7045454544957426,1.5905676934001245
261,0.6995412845030936,1.5827704523880348
262,0.6930775647863335,1.5825417124300425
263,0.7007923270385399,1.5805487047144529
264,0.6962051708266773,1.5724589325568397
265,0.7055879900910836,1.5688075759790658
266,0.6941201001828268,1.5742622221182345
267,0.7043369474562136,1.5610177044673599
268,0.6974562134118355,1.5624345115465954
269,0.7087155962805632,1.556822763869323
270,0.7093411174488624,1.5471685962740633
271,0.7103836528950677,1.54837616529934
272,0.6999582987312877,1.5444942527855308
273,0.713094245204337,1.5400439188617583
274,0.7093411176477104,1.5319336723346726
275,0.7018348622361852,1.5396416185297899
276,0.7080900751122641,1.5321108277784574
277,0.713094245104913,1.5222313367296398
278,0.7172643868897337,1.516750704556132
279,0.7078815679235991,1.5236046884932848
280,0.7097581317764804,1.5233156645268178
281,0.7024603835536203,1.5183183982831623
282,0.7062135112593828,1.512067956860807
283,0.7095496247369514,1.505538224080287
284,0.706630525288729,1.512597034731142
285,0.7105921602328684,1.5000453768818451
286,0.7174728940783986,1.4979248055823153
287,0.7091326106081812,1.4935113475957047
288,0.7189324436533739,1.4879448786688607
289,0.7135112594822429,1.4909061672689519
290,0.719557965070233,1.4873336100200498
291,0.7208090076056791,1.477752136826217
292,0.7155963303249413,1.4804806802748043
293,0.7118432025694668,1.4731757861559742
294,0.7172643868400217,1.4717470790268083
295,0.713094245104913,1.4773190473893765
296,0.7153878232854123,1.4683126416973913
297,0.7118432026688908,1.4682491975987921
298,0.7168473727112517,1.46427641887283
299,0.7212260215853133,1.46313167702068
300,0.7322768973150882,1.4488110212209924
301,0.7185154294251799,1.4551998694008643
302,0.7260216846378571,1.4458514405251344
303,0.7316513762462129,1.442065718474241
304,0.7320683901761351,1.436545234605409
305,0.7174728942275346,1.4454181671540274
306,0.7206005003175903,1.443159903955022
307,0.719140950692903,1.4405542078169313
308,0.725396163370134,1.424395174558606
309,0.726021684836705,1.4281686891407843
310,0.72581317764804,1.423913780006396
311,0.7297748123933316,1.4213539388798195
312,0.7281067555302675,1.4209439067466743
313,0.7322768974145121,1.414761434007029
314,0.7214345288236903,1.4138965207005263
315,0.731442869007836,1.4090019567893683
316,0.7295663053040906,1.4072032685673566
317,0.7276897413020734,1.4028426410756178
318,0.738532110141455,1.400936262422646
319,0.7295663052046667,1.3967979753683566
320,0.7343619684063464,1.395294788084595
321,0.7318598833354539,1.3917404796005388
322,0.7412427022518766,1.3847354252801725
323,0.7416597162812227,1.3799353730589077
324,0.7351959966638866,1.3824067588047348
325,0.7343619683069225,1.3827827194514526
326,0.7347789825351164,1.3810468344414006
327,0.7456213509768024,1.3722417252177095
328,0.7420767307082646,1.3719581095152242
329,0.7406171809344415,1.3663536182933296
330,0.7439532942628742,1.3664800175236502
331,0.7441618016503869,1.359589309767945
332,0.7500000001491359,1.3591776504627957
333,0.744995830007351,1.3638108177320276
334,0.7318598833851659,1.362136827696354
335,0.7356130109915046,1.3551193755104505
336,0.743744787223345,1.3496511099833663
337,0.7462468724930853,1.351140522877309
338,0.7420767307082646,1.3475926991201024
339,0.744161801501251,1.345248379938
340,0.7525020852200283,1.34270553791692
341,0.7389491243199372,1.3433723696278372
342,0.7454128440366973,1.3322048845442263
343,0.7470809007506255,1.3330190571473974
344,0.7489574646035068,1.3288809477636674
345,0.7568807339449541,1.3222104456148314
346,0.7518765638031694,1.3257805149787858
347,0.7510425353467812,1.3274161862372558
348,0.7595913261547995,1.3119638323087908
349,0.7616763970969218,1.3108355594337533
350,0.7554211843202668,1.3152020849517427
351,0.7527105922098454,1.3124134921351505
352,0.7591743119266054,1.3019992333834522
353,0.7539616348447156,1.3092464002795374
354,0.7604253544620517,1.3039864976769988
355,0.7539616345961557,1.3007459960647978
356,0.7545871558141669,1.2998471045315116
357,0.7629274394832322,1.2925239173047636
358,0.7516680568630641,1.2990476855444253
359,0.7581317764804003,1.28942020551874
360,0.7595913261050876,1.2904461719673608
361,0.7631359465724732,1.2928274922613505
362,0.7633444537611381,1.2837236744846474
363,0.7635529608503792,1.2777724527537175
364,0.7673060883572939,1.2724770693305734
365,0.7575062552126772,1.2781420718440422
366,0.7595913262542234,1.2766950753850674
367,0.7698081733287624,1.2671639684640537
368,0.7681401169131059,1.2676138969338666
369,0.7593828188667107,1.2694068364643674
370,0.7645954961474485,1.2612610061134866
371,0.7658465387326067,1.2618917640394922
372,0.7650125105247784,1.2606734314792052
373,0.7704336947953333,1.254302045024366
374,0.7702251875569563,1.2557274214519472
375,0.7698081735276102,1.2544243819918406
376,0.7783569639876448,1.244967798574255
377,0.7666805672884186,1.250046550680738
378,0.7702251878055162,1.248476985099417
379,0.7764804003833233,1.2411052579179815
380,0.7706422016857265,1.2438252443467905
381,0.7639699750288612,1.2412419686027125
382,0.7712677231522974,1.2379449992700853
383,0.7771059217007584,1.2304591941674419
384,0.7721017515589735,1.2333589576501662
385,0.78106755644605,1.2279817855189104
386,0.7718932443703086,1.228038834670467
387,0.7814845705748201,1.2254512685850523
388,0.7773144288397114,1.2259017744096146
389,0.7789824853050799,1.2253733253956238
390,0.7796080065728029,1.214820855155003
391,0.7762718931946584,1.2170300947019117
392,0.7791909924440328,1.2141829942841644
393,0.780650542118432,1.212271379370606
394,0.779816513612332,1.2102341275099817
395,0.769182652309599,1.2219045386899006
396,0.7762718933935062,1.2112344747985573
397,0.785863219250034,1.200890548235183
398,0.7754378649868301,1.2044937343175854
399,0.7806505420687201,1.2017783209917643
400,0.779816513612332,1.1962233985633628
401,0.7823185986832244,1.1961986897288013
402,0.7831526273384604,1.19266953261521
403,0.7846121769631476,1.1910154665381436
404,0.7835696413678065,1.1899918807954764
405,0.7954545454545454,1.179440954310184
406,0.7812760633364432,1.1838667794403381
407,0.7891993326778906,1.1817516356930322
408,0.7846121767642997,1.1809999799609086
409,0.7973311092080028,1.1684319586232863
410,0.7879482901424443,1.1848546340129493
411,0.7862802336273639,1.1754978280747503
412,0.7831526272390364,1.174186204054437
413,0.7912844036697247,1.1679101077788467
414,0.7914929108086778,1.1629022489099128
415,0.7942035030682352,1.1616278350900073
416,0.7917014178979188,1.1582814869630127
417,0.7946205172467172,1.1605107408448794
418,0.7958715596330275,1.161696203755179
419,0.7958715596330275,1.1566162313194053
420,0.792118431976977,1.153146569881964
421,0.7969140949798088,1.1506807999972803
422,0.7939949956807223,1.149242154253434
423,0.7894078400156913,1.1475090707113984
424,0.7923269391656419,1.1482902601224567
425,0.7844036697247706,1.156703835034788
426,0.7937864887406172,1.1470869357035098
427,0.7937864888897531,1.147203793517742
428,0.8021267723102585,1.1331046229108759
429,0.7964970809504626,1.1323921292697121
430,0.8017097581317765,1.133800475969227
431,0.8008757299239483,1.1313411417953962
432,0.7950375311766394,1.1354419305187349
433,0.8071309424520434,1.1264815712293255
434,0.7954545453054096,1.1294961263479244
435,0.8002502084573773,1.1322978624609532
436,0.8050458714602091,1.1187569365290626
437,0.8010842369137653,1.1259575072082506
438,0.7996246873387901,1.1249066360599305
439,0.7998331943783191,1.1185919846764598
440,0.8040033362625637,1.1114851161775439
441,0.8010842367646295,1.116189469984912
442,0.7996246873387901,1.117820021109943
443,0.8075479567796613,1.1086444721508264
444,0.8015012508933995,1.1140709903659773
445,0.805254378748298,1.1080623906885614
446,0.8046288572817271,1.1036959773207626
447,0.8056713927279322,1.101161590509359
448,0.8058798999663092,1.098905806346572
449,0.8113010841871521,1.091089869957352
450,0.8104670560290358,1.0976949139770813
451,0.8044203503913339,1.098727160538108
452,0.8058798999165971,1.096037247958434
453,0.8054628857381151,1.0949250034136608
454,0.8071309423526194,1.0948249324348391
455,0.8140116765461334,1.089285761142791
456,0.8123436195339333,1.0817983557126043
457,0.817347789874566,1.0755808167501326
458,0.8073394496904203,1.0912369707408203
459,0.8150542119923385,1.0712440708858755
460,0.8067139284226972,1.0837519910556261
461,0.8194328608664003,1.0759166051587827
462,0.8202668892233644,1.077185059707298
463,0.8138031692083325,1.0782011862691985
464,0.8133861552784103,1.070277018384003
465,0.8154712260713967,1.0733585127002503
466,0.8144286906251915,1.068976488781532
467,0.8127606339609752,1.0708436703463213
468,0.8215179314605389,1.0624741976016556
469,0.822351959817503,1.0559067739557484
470,0.8179733111422891,1.0620409060359697
471,0.8192243534788874,1.0587158459638735
472,0.8183903251716352,1.0554516327391077
473,0.8225604671055918,1.0586763986256642
474,0.8283986655049169,1.053217687837475
475,0.8279816514258588,1.0512240114959703
476,0.8206839032029987,1.0484624426001008
477,0.8177648039536242,1.045080164753466
478,0.8250625521764843,1.0438300346314062
479,0.8271476230191827,1.0427805958836152
480,0.822977481234362,1.042756787133873
481,0.8283986655049169,1.0386080185108328
482,0.8248540449381073,1.038820263641491
483,0.8290241869217759,1.037250546637528
484,0.8221434527779738,1.0468484171238217
485,0.8229774810852261,1.0342603040994258
486,0.829232693911593,1.0289479393676682
487,0.8321517931112555,1.0246464160206519
488,0.8294412011499699,1.0267557747867129
489,0.8296497082392109,1.0276822298143784
490,0.8290241866732161,1.0298420991670896
491,0.8258965805831604,1.0256817554612274
492,0.834653878132436,1.0228761346067758
493,0.8302752294572221,1.023456947419721
494,0.8261050876226894,1.0258106628589774
495,0.8283986656043408,1.0176520323733471
496,0.8279816513264349,1.0193171795454494
497,0.8369474560643754,1.0101162239946455
498,0.8204753960143336,1.0195192755809717
499,0.8392410340460268,1.007615537470435
