epoch,categorical_accuracy,loss
0,0.5452460384150164,4.265483003541566
1,0.530233527890238,4.01814684020767
2,0.5168890740793879,3.9720164699490814
3,0.5106338615512928,3.795396383053268
4,0.5156380316930775,3.736279585840704
5,0.5112593828687279,3.643129187290424
6,0.5156380315936536,3.565344661548796
7,0.5095913262542234,3.544261228849333
8,0.5277314427696336,3.4134238575576643
9,0.5154295246038365,3.365769367997501
10,0.5254378647382703,3.3311986609038162
11,0.512718932518271,3.3178420619630535
12,0.5243953294660569,3.2582424098596263
13,0.5193911593491282,3.2268110057331305
14,0.5135529608503792,3.2101463961342755
15,0.5208507087749675,3.161468140377016
16,0.5208507089241035,3.1380589318533954
17,0.5279399498837306,3.0786713205644545
18,0.5235613010345249,3.0546411664611206
19,0.5460800667222686,3.006394639027129
20,0.5456630524940745,2.982227609394191
21,0.531276063535291,2.991422934965654
22,0.5354462051709759,2.965007049426921
23,0.5348206839032527,2.9376672332340523
24,0.5389908257129293,2.931449323022634
25,0.5360717263889869,2.914810532823615
26,0.530442035078903,2.919541677104323
27,0.5419099249374478,2.8792242689665604
28,0.5260633860059933,2.877061147705727
29,0.5404503752133367,2.851316295135409
30,0.5419099249871598,2.838382084634127
31,0.5410758966301957,2.8316054248730276
32,0.5479566306745738,2.815962412438858
33,0.5435779816762322,2.79963807447241
34,0.5369057546465271,2.7950215757241144
35,0.5504587154969064,2.776774332859399
36,0.553794828924763,2.767330989328596
37,0.5473311091582909,2.767476730291002
38,0.5400333610597107,2.767303138697913
39,0.5477481233864848,2.7424340025398313
40,0.5475396163469558,2.75134774045809
41,0.5575479564813896,2.717826713215221
42,0.5479566305378658,2.7135998071283973
43,0.5537948290490428,2.710629182621476
44,0.5464970808261826,2.701839442050288
45,0.549207673110596,2.7081890364703383
46,0.542952460433365,2.6963986264754576
47,0.5460800666228446,2.687228145352794
48,0.5444120099337724,2.6762732304166614
49,0.5519182651215936,2.6651038220765892
50,0.5535863219846577,2.664575380519393
51,0.5515012510425354,2.650637770414949
52,0.5617180982662102,2.63587463051205
53,0.566722268457707,2.631849510258093
54,0.5510842368889094,2.6424802184800886
55,0.5475396161978199,2.6320001601775154
56,0.5444120099586284,2.6309770967087416
57,0.5512927440030064,2.615534725738029
58,0.5623436197327812,2.606709056342016
59,0.5531693077067518,2.6041620338430396
60,0.5587989991162596,2.5915901036536924
61,0.5629691408513684,2.585356150397268
62,0.5540033361382838,2.597871574786825
63,0.5623436197327812,2.5764555937056746
64,0.5508757297748124,2.5806628422900175
65,0.5700583819849875,2.561491761831963
66,0.5619266054548752,2.5591661991727066
67,0.5658882400510309,2.5431544528194423
68,0.5558798999165971,2.5477535657031622
69,0.5648457047539617,2.5408685909299873
70,0.5650542117686347,2.536291003326658
71,0.5602585487906588,2.5264965089984095
72,0.5489991661207789,2.530196784634308
73,0.5690158466382063,2.5179331064025394
74,0.5685988325094361,2.514610750263586
75,0.5673477897751421,2.5012209288173164
76,0.5721434530265337,2.498194112690217
77,0.5627606337869834,2.501689983865835
78,0.5781901584156759,2.4814655357246305
79,0.5696413678562174,2.4833524002444256
80,0.5700583820346995,2.480505141742633
81,0.5769391157808057,2.473315510181112
82,0.5702668892233644,2.469522989223757
83,0.5809007507746572,2.4537522063044532
84,0.573394495462556,2.4572264305047935
85,0.5846538782815719,2.4418059190777166
86,0.5746455379980022,2.4485485601464942
87,0.5690158466879182,2.4341149542906364
88,0.5856964137774889,2.4248512926650503
89,0.5788156798325349,2.4261261826261467
90,0.585904920767306,2.412918377956616
91,0.5775646370982408,2.4181427951650485
92,0.5865304419356052,2.4070485666257526
93,0.585070892310918,2.3999415285096157
94,0.5875729774812344,2.391826173083995
95,0.5873644702925694,2.3885330107929907
96,0.5717264387237717,2.3968620703954118
97,0.5961217681898288,2.378336031303692
98,0.5871559634021762,2.3767566609322976
99,0.5915346122762379,2.366649199963809
100,0.5898665553883178,2.3587678522741524
101,0.5890325270064977,2.35010468114705
102,0.5846538781821479,2.352805532148423
103,0.5873644703174253,2.347540054448552
104,0.5952877397334406,2.3358006407759206
105,0.5944537113267646,2.3385005301490636
106,0.5921601334942491,2.3334723483333
107,0.5917431191666311,2.326718914995997
108,0.5990408673894912,2.3210978070530324
109,0.5919516263055841,2.3084574501349393
110,0.5886155128280156,2.31369785908563
111,0.6036280235019299,2.296461711434944
112,0.5965387823683108,2.2923276722679744
113,0.6090492077227728,2.287818375381457
114,0.5929941617020773,2.287808948402309
115,0.6019599667382897,2.2775274239747696
116,0.6055045871559633,2.2672750709253715
117,0.6046705587989991,2.268796243699418
118,0.6165554628360261,2.2581277883878044
119,0.6063386155626393,2.252539801339093
120,0.6002919099746494,2.252705876682081
121,0.603419516213841,2.2429968982661537
122,0.6019599665891537,2.2429866572038843
123,0.6109257714762302,2.2377370034186814
124,0.6146788989831449,2.222097018641964
125,0.5965387823683108,2.2290641653030687
126,0.5984153461217682,2.222489857096986
127,0.6115512925948174,2.2139794884173445
128,0.6007089240537076,2.2157293921018066
129,0.6105087571486122,2.2016542285954186
130,0.6092577147125899,2.199528655178652
131,0.6117597998331943,2.1948282489983413
132,0.6055045872553872,2.1876581522501737
133,0.6194745621848246,2.179303830021913
134,0.6140533778148457,2.178817160036089
135,0.6180150126595613,2.177707495542245
136,0.6330275229854918,2.1536728325637804
137,0.6221851544443819,2.1571523862843516
138,0.6146788991322808,2.1579495844391605
139,0.6236447038205094,2.145921703574059
140,0.6273978315759838,2.1450725496560956
141,0.6207256046705588,2.141081605581963
142,0.6359466221105864,2.1281338392246556
143,0.6284403668233411,2.1255625507252924
144,0.6317764804003336,2.1200206534279893
145,0.6180150125352813,2.1165827279094858
146,0.6401167639202631,2.1064259071366007
147,0.621559632952955,2.1085401161995603
148,0.6324020017177687,2.1066922075654984
149,0.621768140067052,2.102104418669471
150,0.6324020017177687,2.0966817469672425
151,0.6392827356627228,2.087356704190137
152,0.6251042535943325,2.0919050601644256
153,0.6330275230849157,2.0760942092033305
154,0.6284403668233411,2.077598776789483
155,0.6328190159459627,2.0658868240057378
156,0.6234361966815564,2.071883934154622
157,0.6438698916757375,2.055914697893666
158,0.6390742285734817,2.054980469306774
159,0.6384487072560467,2.0495673152583156
160,0.6394912426525399,2.0398599423399757
161,0.6442869056553717,2.033255383509015
162,0.6321934945291037,2.037157985247404
163,0.6424103418522025,2.026682224345267
164,0.6374061718595535,2.0192146541875435
165,0.652418682284908,2.0162170897731193
166,0.6417848205844793,2.0111990678896996
167,0.6482485405995112,2.0086220297045863
168,0.6449124270225187,2.0071910364216223
169,0.6353211009671431,2.0046548901049666
170,0.6444954129931726,1.9958993336675166
171,0.6555462885240996,1.9905289843044647
172,0.6447039197841419,1.9862359647854255
173,0.6499165971145916,1.977559060231162
174,0.664720600450705,1.9692586504289564
175,0.6453294412010009,1.9717697318739649
176,0.6618015014001785,1.9617366413954798
177,0.6497080901744865,1.9665967398031838
178,0.6517931610668968,1.956763133692483
179,0.6607589659042613,1.9504541366472157
180,0.658256880584809,1.9504638690566698
181,0.6538782317107473,1.9427221932940129
182,0.6396997498909168,1.9482189503384193
183,0.6463719764980701,1.9398317707887385
184,0.652210175096243,1.9340014718193328
185,0.646580483835871,1.9287707266755856
186,0.6547122602665594,1.9225360996232022
187,0.6520016679075781,1.9232375837545579
188,0.6576313595159338,1.9164726457762857
189,0.6643035863716469,1.9086517270551908
190,0.6607589657551254,1.9046979820459857
191,0.6730608841197704,1.896433344376495
192,0.6630525436870648,1.9001759309585737
193,0.6640950793818298,1.8870951008856347
194,0.6672226854718855,1.885895889535161
195,0.6628440367469597,1.8783180243378386
196,0.6776480400333611,1.8682367599835685
197,0.6592994160807262,1.8758927515091948
198,0.6753544619025739,1.8688025288625594
199,0.6672226856210214,1.8665211999088251
200,0.6676396996503675,1.8593159914016724
201,0.6720183485741412,1.8565825783679444
202,0.6647206004009931,1.8496963781948583
203,0.6549207674552243,1.853531001904689
204,0.6592994161304382,1.8482556784520854
205,0.6811926604013229,1.8360357166231425
206,0.6676396997497915,1.8332518753754883
207,0.664512093411176,1.8330908344625134
208,0.6732693910101635,1.8300024056255668
209,0.6805671393821595,1.8194506903108305
210,0.6716013342962353,1.8202876127989118
211,0.6768140116266851,1.8118154202231374
212,0.6732693913084353,1.811188218392761
213,0.6882819014852299,1.8042411646115173
214,0.6711843201177532,1.8033435178658086
215,0.682652210125434,1.7967950534184243
216,0.6820266890068468,1.7999201201716495
217,0.6718098415346122,1.7903312620667242
218,0.6803586323426305,1.7868901605502678
219,0.6761884903589619,1.7839597974646777
220,0.6849457883059332,1.7799121657443902
221,0.6866138448707256,1.7772345599579353
222,0.6734778983479643,1.779985815808612
223,0.6695162636026728,1.7680057217619436
224,0.6830692245027639,1.7651612969415202
225,0.6861968308413794,1.7618161147589282
226,0.6809841534115058,1.7603970185431765
227,0.6820266888079989,1.7531329030489504
228,0.6855713092753846,1.7511589930791274
229,0.6864053376323487,1.7422130522477417
230,0.6868223519102546,1.7449528116102115
231,0.6801501251042535,1.738156304844625
232,0.6893244371799949,1.738962161133347
233,0.6814011677391236,1.7331553676707034
234,0.6955796497578021,1.7215304665012694
235,0.6793160966975774,1.728732819553213
236,0.6918265222508874,1.7193965860164793
237,0.6920350290418567,1.7178954657561785
238,0.6847372811172683,1.7170615204181943
239,0.6905754795663053,1.7041686851845075
240,0.6909924935956514,1.704364476152218
241,0.6872393661384487,1.7055067976282674
242,0.6968306920944004,1.6907368203418467
243,0.6866138449204375,1.6935554489282094
244,0.6957881567973311,1.6909113448296516
245,0.6999582984330159,1.685151977873127
246,0.6976647206005004,1.6844958182272063
247,0.6905754794668814,1.6845012731210105
248,0.6982902418185115,1.6671304275235899
249,0.6943286072720678,1.670635558149037
250,0.6886989156140001,1.6715875413638537
251,0.6970391994322013,1.6654462466347306
252,0.7001668057211048,1.6644104684363612
253,0.7039199332280195,1.6551768658457446
254,0.7037114262879144,1.6532378540723098
255,0.6918265221017514,1.6520246600388884
256,0.694328607023508,1.6513112868936586
257,0.694745621251702,1.6499628808917952
258,0.6941201001331148,1.6418941061729386
259,0.6980817348784064,1.6414512400829961
260,0.6984987491066005,1.6372475132930269
261,0.7126772310258549,1.6286863662283853
262,0.7112176815005916,1.6265830716259584
263,0.6978732277394534,1.6258412799405693
264,0.7078815680727351,1.6202699544531192
265,0.707047539566635,1.615267563502524
266,0.6984987489077525,1.619133439433883
267,0.7097581317764804,1.6109830762467054
268,0.7032944119602964,1.6101001346976285
269,0.7105921602825804,1.6000258600443378
270,0.7045454546448785,1.6011220693985952
271,0.7172643869394457,1.5929530030792212
272,0.7139282735613011,1.5955887833071114
273,0.7187239366138448,1.586214531452284
274,0.7045454543963187,1.5934582860197397
275,0.7087155964296992,1.582860006701459
276,0.7070475394672111,1.5804174575734078
277,0.7070475394672111,1.5786386929123077
278,0.7120517097084198,1.572020464086652
279,0.7068390325768179,1.5770656145841901
280,0.7112176815503035,1.5754045404127184
281,0.7093411176974223,1.570720181552642
282,0.7124687239863258,1.5613940721556383
283,0.7110091743119266,1.560579898259956
284,0.719349457881568,1.5492149426402202
285,0.7118432025197549,1.5580829645416159
286,0.7151793159476114,1.5501194258746354
287,0.7155963301260935,1.5492547330904047
288,0.7222685571309424,1.5480603611001977
289,0.7064220181994879,1.5475107447319572
290,0.7108006673221094,1.544697642425779
291,0.7099666389154334,1.530965840945749
292,0.7203919934271971,1.531826949099683
293,0.7089241035189402,1.5350829757582256
294,0.7174728941778226,1.530682706355651
295,0.7122602167479489,1.5258864744988156
296,0.7208090076056791,1.520174187456597
297,0.7160133444537115,1.5233795263053378
298,0.7160133443045755,1.5166863378034818
299,0.7110091743616386,1.5152252023671446
300,0.719974979298427,1.512510599147488
301,0.7243536281724887,1.5117624841997084
302,0.714345287888919,1.5087011619047686
303,0.7339449539793045,1.4999708665023752
304,0.7362385321598037,1.495804764610017
305,0.7135112595319549,1.5008036871568873
306,0.7191409508917509,1.4970903608379411
307,0.7295663052543786,1.4872648920786191
308,0.7235195998155245,1.4846921766470431
309,0.7247706422018348,1.4871875583578686
310,0.7272727273721512,1.4818567939357423
311,0.7306088405514479,1.478777570561432
312,0.7251876563803169,1.4724499076679411
313,0.7272727272230153,1.476160006089644
314,0.7208090073571193,1.4722131306773132
315,0.7306088408000078,1.4639703548382081
316,0.7162218516920884,1.4724102939935004
317,0.7220600499422775,1.4653974578617213
318,0.7304003336113428,1.4559341143130062
319,0.7349874895746455,1.4514564620742607
320,0.7289407838872316,1.4521606629644461
321,0.73144286910726,1.4534148245279346
322,0.7347789826345404,1.4488691724867897
323,0.7320683902755591,1.447101285598793
324,0.7326939116427061,1.4481439226562525
325,0.7326939114438583,1.4378820016445768
326,0.7364470393484687,1.4427675969208946
327,0.7293577981651376,1.4339352465351987
328,0.7343619681577865,1.4296089360075657
329,0.7339449540787284,1.4323998696611164
330,0.7316513762959249,1.4250744208382804
331,0.7281067556794034,1.4262465354897162
332,0.7374895744964021,1.4161457834490345
333,0.743327772995151,1.414736437737892
334,0.7410341951626356,1.4114954050030681
335,0.7341534611182575,1.4223120538665415
336,0.7337364468900635,1.4139653571552788
337,0.7376980818839148,1.4095482560771022
338,0.7272727272727273,1.4132986243711698
339,0.7493744788317008,1.3977135331358286
340,0.7345704753464515,1.4010908156260538
341,0.7462468725427973,1.393986863429791
342,0.7408256881231065,1.394483386625142
343,0.744161801501251,1.3917614270290601
344,0.743327773094575,1.3927604731566912
345,0.7464553793337665,1.3820026465711044
346,0.7370725603676319,1.3918236658113812
347,0.7393661384984193,1.3909102850302346
348,0.7381150959132611,1.3882417389509378
349,0.7399916597164303,1.382513810834654
350,0.7443703084910681,1.3796127927213833
351,0.7424937448370348,1.3771874222584424
352,0.7479149292070136,1.3735322634113938
353,0.7516680566642163,1.367311097066337
354,0.7452043368480323,1.3719072668029428
355,0.7412427024010124,1.3665907495314127
356,0.7474979150285315,1.3612710325990347
357,0.7395746453888123,1.3703457815036661
358,0.7470809006512016,1.3553926012136222
359,0.7514595496246872,1.3572519780000714
360,0.7495829858215179,1.347311248671919
361,0.7433277731939989,1.3583211351972106
362,0.7566722268557131,1.3416681377165909
363,0.749582985722094,1.3482498663281082
364,0.7527105923092693,1.3463387450543516
365,0.7470809008997614,1.3472326102109629
366,0.7462468722445255,1.347022699057012
367,0.756463719816184,1.331838928827949
368,0.7550041700920729,1.33451753004677
369,0.7391576313097542,1.340276325812829
370,0.7479149292567255,1.333035132306332
371,0.7595913261547995,1.3278550819320616
372,0.7449958299079271,1.3346271490036596
373,0.7489574646532188,1.3238607041531547
374,0.755629691310084,1.3242987826826973
375,0.7558381986478848,1.32214173423538
376,0.7556296915586438,1.3195907796194795
377,0.7539616348447156,1.3225799745276534
378,0.7591743119266054,1.3134650106326653
379,0.7673060885064298,1.3063367176692222
380,0.7616763969974979,1.3039965954693882
381,0.7541701418345327,1.3099920437473174
382,0.7577147623019183,1.3039220807152654
383,0.7670975814171888,1.2978126340552705
384,0.7606338615512928,1.3017521065607778
385,0.7639699750288612,1.2923636060639956
386,0.744161801600675,1.3028789683120066
387,0.7510425353467812,1.2990871352688087
388,0.7623019182155091,1.287283874532399
389,0.7633444536120023,1.2886380961380768
390,0.7593828190655585,1.292207906502699
391,0.7612593826698799,1.281921109723687
392,0.7731442870051787,1.274031854451349
393,0.768557130992164,1.278889283127741
394,0.7564637197664721,1.2790256771472617
395,0.7614678899082569,1.278976886346004
396,0.7614678899082569,1.2729974028664495
397,0.7606338616010047,1.27493506615315
398,0.7570892408850592,1.2730774011484676
399,0.7716847373804915,1.2659512232302426
400,0.7641784821678143,1.2663395482366337
401,0.7662635529110887,1.269555570584123
402,0.7689741450215102,1.2635961716328192
403,0.7693911591502803,1.2567486973779216
404,0.7712677230528735,1.2546035250193681
405,0.7698081734778982,1.257433671569506
406,0.7743953293417771,1.2486428692501919
407,0.7670975814171888,1.2505567660423196
408,0.7668890742782357,1.2501953015037135
409,0.7727272728266966,1.2404913182453476
410,0.7606338615512928,1.2535215428314972
411,0.7675145955956708,1.2464284950539506
412,0.7741868224016719,1.2377937912841555
413,0.7793994996326978,1.23012772145323
414,0.7712677231025855,1.2438061283070212
415,0.7693911591999922,1.2411980002596539
416,0.7781484568984037,1.227437664112317
417,0.763344453860562,1.2416061019778153
418,0.7800250209998448,1.2241446412136596
419,0.7789824852553678,1.2216216868614533
420,0.7783569641367807,1.222913359482155
421,0.768557130992164,1.2249891138554017
422,0.7746038363813061,1.219130612990576
423,0.7712677231025855,1.2201769490158487
424,0.773769808024342,1.2222308853052377
425,0.7729357799656497,1.2165615452240666
426,0.7693911594485521,1.2182442331632244
427,0.7677231025357759,1.2188289771982785
428,0.7721017516086855,1.2135600516754355
429,0.7689741450712222,1.218001884256829
430,0.786697247855558,1.20171925552295
431,0.7766889072737165,1.2062808856852756
432,0.7869057546962391,1.202899309870996
433,0.781693077713773,1.1929737336442707
434,0.7781484571966755,1.196889835958982
435,0.7731442870051787,1.2012244575315958
436,0.7781484569978276,1.199957909536322
437,0.7804420351286149,1.1918896999430717
438,0.7710592161624803,1.1956232303972538
439,0.7787739782158388,1.1908351333067753
440,0.781067556296914,1.188670000401609
441,0.7814845704753962,1.187352655031365
442,0.7850291911416296,1.18536343288183
443,0.7835696415169424,1.1909358280713207
444,0.7846121767145877,1.188380972159913
445,0.7894078397671316,1.1775443714991323
446,0.7866972478058459,1.1760066789423456
447,0.780442034929767,1.1812342461990852
448,0.7902418683229435,1.1709814989338128
449,0.7852376981811587,1.1710672810039886
450,0.7814845703759722,1.167631055932924
451,0.7931609673734702,1.1700040869557728
452,0.7906588825014256,1.1658845057181262
453,0.780025020751285,1.17140519390313
454,0.7896163470055084,1.1655843470671259
455,0.7808590490585372,1.167376390986884
456,0.7887823187479682,1.1594712272895387
457,0.7894078397174196,1.1569502483416438
458,0.7887823184496965,1.1576017248720005
459,0.7854462050218399,1.157082635726006
460,0.7833611342785655,1.1538261799537908
461,0.7879482901424443,1.1503466207649033
462,0.7925354463543068,1.1500703378753725
463,0.7837781485564714,1.1500726507742074
464,0.7925354463543068,1.147157067552619
465,0.786280233428516,1.1476897038053333
466,0.792535446105747,1.1467496553393977
467,0.786071726339275,1.1468055804040256
468,0.7910758965307718,1.1331414118521008
469,0.7929524602842292,1.1415005559420168
470,0.7869057548453751,1.1421416470962729
471,0.7877397830034913,1.1422117710908917
472,0.7956630524940745,1.1335181694810246
473,0.7989991661207789,1.1300240062096398
474,0.7994161801004132,1.1272914385775707
475,0.7977481234361968,1.1208694082583062
476,0.7935779817508001,1.1340049379959616
477,0.7964970807516147,1.1288520453670206
478,0.7885738115095913,1.1293824551202936
479,0.7939949958298582,1.120445376639569
480,0.7967055880397036,1.1179526291657131
481,0.792535446205171,1.1213562261869352
482,0.7987906590315379,1.1174231667236252
483,0.8033778148954167,1.1172490918308222
484,0.7983736447039199,1.1146000092779227
485,0.7998331943783191,1.1167032889667603
486,0.7975396164463797,1.1144598352600874
487,0.7948290241371104,1.110665541574098
488,0.8019182653701534,1.107200182309441
489,0.7985821519422969,1.1118698653029442
490,0.8015012510922475,1.1115314001038832
491,0.7994161800507011,1.1049756028435447
492,0.7981651377638148,1.106924223641339
493,0.7981651377638148,1.1043483712854139
494,0.8010842369634773,1.1077648925721595
495,0.8042118432523808,1.0927504867787556
496,0.805254378599162,1.0973822429241789
497,0.8096330275726478,1.093102258379207
498,0.8056713928770681,1.0932412052075002
499,0.8025437865384526,1.092895566969737
