epoch,categorical_accuracy,loss
0,0.5523352792503637,4.42297524367898
1,0.5346121767145877,3.969632437867458
2,0.517931609674729,3.795640107489706
3,0.511467889833689,3.706021412299811
4,0.5160550457969917,3.6046413023139756
5,0.5052126773801617,3.5562405755263353
6,0.506880733994666,3.4678751386335436
7,0.5102168474225226,3.397497415144907
8,0.5027105921601335,3.382873867232169
9,0.5227272727272727,3.284658821350938
10,0.5170975812680528,3.2840008461246697
11,0.5029190993985103,3.2271648570833054
12,0.5129274394583762,3.2076981876968245
13,0.5058381985484609,3.1715136133103297
14,0.5037531277554745,3.174243211149672
15,0.512718932443703,3.08159870302011
16,0.5162635528613767,3.0702227528041557
17,0.5148040033609694,3.027505061147211
18,0.5221017513601257,3.03286227591342
19,0.5135529608255232,3.012805076914096
20,0.5083402835696413,3.006341925454796
21,0.5239783154118548,2.9632223179382122
22,0.5123019182155091,2.9602536838983275
23,0.5160550457969917,2.9482500368202595
24,0.51897414527007,2.923608208418489
25,0.5095913262542234,2.9198207912890486
26,0.5248123435451151,2.887667220865716
27,0.518348623902923,2.871331710234794
28,0.5173060884815738,2.8780696738054594
29,0.5273144286905754,2.8364069097930935
30,0.5068807338952421,2.8675428665708362
31,0.5175145954962469,2.824152736886528
32,0.5156380316930775,2.8075456551654425
33,0.5179316098238649,2.807215825630487
34,0.5256463720263592,2.783782597677821
35,0.5143869890582075,2.7883340817277285
36,0.5235613010842368,2.77835491560617
37,0.5316930774900692,2.7634744361801085
38,0.5152210175145955,2.7736777543425064
39,0.5379482902667242,2.7283945648346073
40,0.5229357797419458,2.753448385313414
41,0.5239783152875749,2.740278927259787
42,0.5273144286408635,2.724644272400997
43,0.5202251875818124,2.720622984342917
44,0.5193911594485521,2.7181558173531983
45,0.518348623803499,2.715730621578099
46,0.5256463720015032,2.696890507070495
47,0.5243953294660569,2.6814016176323974
48,0.5337781483824796,2.6773397610324734
49,0.5268974143629576,2.6783713133162115
50,0.5275229356803925,2.6696237859574827
51,0.5312760634358671,2.661422589503297
52,0.5398248540698936,2.6431329759386206
53,0.530859049257385,2.643508569909892
54,0.5412844035703008,2.6306304502129256
55,0.524395329441201,2.6310394559928634
56,0.5289824853299359,2.631535425695208
57,0.5391993326778906,2.6116929094029824
58,0.5412844035205889,2.6106434514663737
59,0.5460800666477006,2.5913465030994685
60,0.5377397833017631,2.5959193394321316
61,0.5496246871896542,2.579844328241611
62,0.5312760634358671,2.5870860225464325
63,0.5583819849129217,2.5613678839924536
64,0.5348206839032527,2.5750632339760697
65,0.5527522937271175,2.554819081205443
66,0.5319015846538783,2.5603778318527644
67,0.5308590491082491,2.5557194018582687
68,0.5500417014178482,2.5373995433358774
69,0.54920767308574,2.5399983440268725
70,0.5435779817010881,2.53966372524131
71,0.5446205170230134,2.52418767739774
72,0.5398248541444615,2.5293135281102272
73,0.5410758967296196,2.513737988730487
74,0.5515012509431115,2.5033915806452964
75,0.5552543786737301,2.4954796304694806
76,0.5419099249871598,2.5010729534015543
77,0.5423269391656419,2.4963361759599394
78,0.5417014179973427,2.489910697618855
79,0.5567139281244254,2.4730072969988646
80,0.5454545453551215,2.478698180256733
81,0.5533778147462808,2.4654329940614548
82,0.5483736447536319,2.464444316159297
83,0.5433694744875671,2.455726450537522
84,0.5598415347613127,2.4448071412984484
85,0.5556713928273561,2.4410690873538186
86,0.549416180150125,2.440633750538512
87,0.5464970808013268,2.436846386899145
88,0.5585904921015866,2.4298718486655444
89,0.5498331942291832,2.420004017856143
90,0.5600500417262738,2.41170621932398
91,0.561718098465058,2.4072207300935418
92,0.5512927438538705,2.4039546944281773
93,0.5598415346121768,2.3884738955127887
94,0.5560884069561263,2.390612158007777
95,0.560675562919429,2.379355592465182
96,0.5613010843859999,2.37090576281639
97,0.5694328607172644,2.367929196934386
98,0.5648457047788176,2.3613973081459894
99,0.5660967474385438,2.3585253666598565
100,0.5665137616170258,2.3482292296987857
101,0.5658882402001668,2.3461233843754887
102,0.5642201835856625,2.3401391846224904
103,0.5677648039039122,2.329858420986847
104,0.5696413677567934,2.3272994377893443
105,0.57297748118465,2.32404304684153
106,0.5798582153284519,2.3139647252366777
107,0.5700583819104196,2.308848380644785
108,0.5809007505260974,2.3007606308692887
109,0.5640116763472856,2.3010758220204917
110,0.5723519601157747,2.287879440762581
111,0.5783986656043408,2.2840778885333113
112,0.5704753961137576,2.282386553695144
113,0.5731859883733149,2.2736147539728973
114,0.5763135946870745,2.268640924832342
115,0.5852793994498711,2.2593093845027004
116,0.5769391159547976,2.256328625317113
117,0.5740200166308552,2.2522896861314177
118,0.5733944953134201,2.2457426252516237
119,0.5848623854702368,2.2374543765865833
120,0.5702668889250926,2.2398771758473246
121,0.585279399400159,2.225254885647275
122,0.5867389491242703,2.223732540068575
123,0.5925771474738832,2.2134664512058415
124,0.5861134278814031,2.209378279478377
125,0.5959132610011638,2.1978626155773733
126,0.5819432859723025,2.2030162948484318
127,0.5884070057884865,2.186223930672271
128,0.5894495411352678,2.189096600935795
129,0.5959132609514518,2.176138911275092
130,0.5898665553883178,2.1735757679815984
131,0.5915346120276781,2.1670973829869133
132,0.6027939949958299,2.161048149247285
133,0.5971643036360339,2.157848286370221
134,0.5907005838198499,2.1520651345256967
135,0.5952877396340167,2.1435625040103634
136,0.5881984986992455,2.143397477390967
137,0.5902835695419438,2.1396347879866346
138,0.5892410340957387,2.131336863384931
139,0.6015429526095195,2.1219246600248893
140,0.5992493743793084,2.1154655590964118
141,0.6059216013593014,2.1117398329234502
142,0.6000834027859845,2.104287289300494
143,0.5973728105264271,2.1003900393532953
144,0.5957047538622108,2.097640015663357
145,0.6063386153637915,2.0835703928536233
146,0.6082151792166728,2.0801125509327307
147,0.616138448756968,2.07462320216404
148,0.6088407004843959,2.068760906089038
149,0.6090492077227728,2.0613875979677254
150,0.6073811510088446,2.058880570135681
151,0.5938281903076013,2.057672842429816
152,0.6077981650381907,2.049956278367476
153,0.6128023353291114,2.0438240759565596
154,0.6069641369297865,2.040341120346871
155,0.609883236030025,2.0340471500352186
156,0.609674728891072,2.0280636446589324
157,0.6132193495075935,2.0235870723628917
158,0.6223936612353512,2.0103687361143745
159,0.610508757446884,2.0164360725650994
160,0.6236447040690691,2.0054949047766297
161,0.6232276898905871,1.9981022996639988
162,0.6111342784909033,1.9984072899201992
163,0.6173894911929902,1.9975804809334876
164,0.6052960802158581,1.9899529679006491
165,0.6188490409171015,1.9804546285212488
166,0.6265638031693077,1.9726273613835097
167,0.6301084236864053,1.9690507697104613
168,0.6311509591326105,1.961936871939843
169,0.6238532111085983,1.9624844614518893
170,0.6273978315262719,1.9574801491338876
171,0.640533778297593,1.946727851910627
172,0.622602168622864,1.9480434498059143
173,0.6292743953294412,1.9431526036536921
174,0.6363636364133484,1.9341068285718572
175,0.6269808174969257,1.9324896613988805
176,0.6303169307259344,1.9226401906097006
177,0.6365721436020133,1.9211537824062828
178,0.6271893243873189,1.915288696694712
179,0.633236029875885,1.9064000748514234
180,0.6324020016680567,1.9130384222083134
181,0.6232276898905871,1.9059566246459045
182,0.6332360301741567,1.8938949334810335
183,0.6394912428513878,1.8896976386238078
184,0.6405337779993212,1.8855153469367263
185,0.6315679734602284,1.8828172899465745
186,0.6313594663212755,1.8826285415733726
187,0.6428273561798203,1.8731073421473499
188,0.6367806506912543,1.865784867790165
189,0.6361551291252594,1.8641382617886808
190,0.6515846539279438,1.8527360105633834
191,0.6428273562792444,1.855565468205125
192,0.6417848207336152,1.8492512402681631
193,0.6363636362642124,1.8468205428700133
194,0.6488740616683865,1.837216843158827
195,0.6426188489414435,1.836175312689685
196,0.646997498014353,1.832548258799727
197,0.6478315262718932,1.8258922535543942
198,0.6415763137437981,1.8214119056346916
199,0.6545037532270302,1.818416153221353
200,0.6484570475893283,1.8146720812457915
201,0.645746455230347,1.811199884299341
202,0.6557547956133406,1.8065185508099668
203,0.6486655547779933,1.7999941558018637
204,0.6488740617678104,1.798888724480598
205,0.6542952460383653,1.7925410617680426
206,0.6557547955884846,1.7845198129792328
207,0.6563803169804876,1.7794242229334407
208,0.6534612176316892,1.7784386433791477
209,0.6567973312086817,1.7776091989623795
210,0.646371976597494,1.7758532436416983
211,0.6599249373981613,1.7656535343690352
212,0.6713928273064181,1.759055107608251
213,0.646580483686735,1.762708507646015
214,0.6632610509254417,1.7507602206063926
215,0.6663886572640573,1.7523449746840591
216,0.6580483735949919,1.7450362359413611
217,0.6592994161304382,1.7452067042311794
218,0.6584653877237621,1.736634891961792
219,0.6693077563145838,1.7331313956668717
220,0.6551292744947533,1.7353804193008333
221,0.6590909091406211,1.7257088045958582
222,0.6709758130285122,1.7150392505504173
223,0.6655546287082452,1.7175667660747398
224,0.6586738948627151,1.7099430589898612
225,0.6647206006495529,1.7100202853327697
226,0.6565888238708808,1.70819562022342
227,0.6563803169307757,1.7080010028557542
228,0.6668056714922513,1.69899659280085
229,0.6734778983479643,1.69020929507557
230,0.6636780652033477,1.6892597915929393
231,0.6755629692403747,1.6840513118413014
232,0.6818181817187579,1.677525252874341
233,0.6665971642041624,1.676821753221119
234,0.6738949124767345,1.6729106414904686
235,0.6678482067396087,1.67472854726408
236,0.6736864053874935,1.6663704271411974
237,0.6791075896580484,1.660227040035512
238,0.672018348772989,1.6619457162550035
239,0.6718098413854763,1.6568831785009541
240,0.6847372809681324,1.6538516948181357
241,0.6749374479229396,1.6501726063218487
242,0.6770225188650619,1.645136045852833
243,0.6795246037868184,1.6357367553742752
244,0.6878648875055957,1.629392653231426
245,0.677648040132785,1.6338664111343397
246,0.6757714760810559,1.6317876847810404
247,0.6816096747786528,1.62695312778387
248,0.6855713095736563,1.61730883119502
249,0.6853628023849914,1.6149729014039538
250,0.676605504487732,1.6181665621169714
251,0.6845287739783152,1.6098780796068524
252,0.677439533093256,1.6147765367601792
253,0.6784820683903253,1.604258274515039
254,0.6864053377814846,1.5950615214148196
255,0.6828607171152511,1.5983573686489967
256,0.6857798163646256,1.592573188661634
257,0.6859883236278584,1.5890277482948272
258,0.695162635529608,1.5845757789468646
259,0.6847372809681324,1.5854301283616041
260,0.6897414512093412,1.5763353104388544
261,0.6914095080226933,1.5736943849232716
262,0.6861968307419555,1.5718453552844227
263,0.6899499581494463,1.564616294877543
264,0.6845287739286033,1.571621221537586
265,0.6891159298919061,1.5653081525853518
266,0.6939115931432976,1.557372849518503
267,0.6982902419676474,1.5518081388043998
268,0.7062135112593828,1.547983430344627
269,0.6934945789151037,1.5491257319358909
270,0.6970391993327774,1.5461305018958695
271,0.6962051708266773,1.54225681661267
272,0.6934945788405357,1.5391637773887628
273,0.7037114261884904,1.5336006048622481
274,0.6943286072720678,1.5306179812791647
275,0.6907839867549702,1.5323551046142387
276,0.6949541285397909,1.5272456456264722
277,0.695579649857226,1.5270052554708804
278,0.6966221851542952,1.516094539740167
279,0.7026688906428613,1.5157590501998444
280,0.6995412845030936,1.5098642594024874
281,0.7030859049207673,1.5128699823455873
282,0.6964136780650542,1.5072020362873093
283,0.7097581318759043,1.5029992243963246
284,0.6957881567973311,1.5066466987679858
285,0.7137197663229241,1.4937673354765293
286,0.7047539617341195,1.4897761348886625
287,0.702043369573986,1.491762745768155
288,0.7064220183983358,1.4900693511644734
289,0.7085070891416103,1.479685106905825
290,0.7072560465564521,1.4858869097449563
291,0.713719766621196,1.47887215274289
292,0.6989157630862347,1.4787234936881999
293,0.707256046655876,1.4789874207685152
294,0.7210175144463603,1.4653829660288387
295,0.7103836530442035,1.4672092124757616
296,0.7135112593331071,1.4660704153791082
297,0.7062135111599589,1.4608489524532697
298,0.7166388658705705,1.4556795060386054
299,0.7189324436533739,1.4484332981857286
300,0.7116346955796498,1.4519722657565577
301,0.7143452875906473,1.44993690513789
302,0.7178899082568807,1.4429903549388412
303,0.7170558798004927,1.4383336913098486
304,0.7116346955796498,1.4421816954918958
305,0.7162218516423764,1.439406750796734
306,0.7283152628183563,1.427939904740296
307,0.712677230926431,1.4321667479911977
308,0.7189324437527979,1.4291661893257606
309,0.7193494577324321,1.423621833672416
310,0.7208090074565432,1.4210628606161542
311,0.7193494577821441,1.42497933437866
312,0.7343619682572105,1.4112398847129763
313,0.7164303586819054,1.4114691674261912
314,0.7191409508420389,1.4164894504085792
315,0.7170558799496286,1.4149506914307417
316,0.7251876564300289,1.3998473652011658
317,0.720183486288244,1.4083565808615155
318,0.7287322769968384,1.400187224124848
319,0.7237281067556297,1.3903005540718925
320,0.7218515428033245,1.4000109593206091
321,0.7164303586819054,1.3968754777120889
322,0.7251876563803169,1.3901870466451829
323,0.7224770641704715,1.3934251891264227
324,0.7335279399996703,1.3849938421869794
325,0.7218515431015963,1.381761864188117
326,0.7406171810338654,1.3692033363442504
327,0.7249791494402118,1.377887524596048
328,0.7285237699075974,1.369875529092784
329,0.7264386989654751,1.370019305537799
330,0.7329024188313711,1.3689118483545781
331,0.7351959968130225,1.3622284000172429
332,0.7408256881231065,1.3634085151133088
333,0.7397831527763252,1.3539125373504677
334,0.725604670558799,1.3555283900396937
335,0.7366555461891499,1.3565835562022752
336,0.7272727273721512,1.3530673592959572
337,0.7389491242702252,1.3517875306500904
338,0.7356130107926567,1.345579970867262
339,0.7301918266215257,1.3469995680801863
340,0.7408256879242586,1.3401143255583736
341,0.7318598833851659,1.3391483370913775
342,0.7424937447376108,1.3355282530176134
343,0.7445788157294451,1.329933002752697
344,0.7427022519759877,1.3309497621478987
345,0.737281067556297,1.3320582764063207
346,0.7437447873227689,1.3290600671283
347,0.743744787273057,1.3209369143811338
348,0.7460383652049964,1.3179642559589198
349,0.7399916595672945,1.32025140131186
350,0.7427022518268518,1.3167249748764482
351,0.7416597164303587,1.3158335179662188
352,0.7395746455379483,1.3186898426377247
353,0.7366555463879977,1.314672644482343
354,0.7406171808350176,1.3157970129797318
355,0.7452043367983203,1.308325240470848
356,0.7508340285061,1.3042701127829404
357,0.7472894077404426,1.3033972611717626
358,0.7445788157791571,1.298939465879897
359,0.7552126772310258,1.2926245045920428
360,0.7545871558141669,1.2917208119767025
361,0.7522935778822274,1.2875713380403178
362,0.7424937448370348,1.2954880661324126
363,0.7516680568630641,1.2891016556284047
364,0.7587572978972593,1.2816726193018413
365,0.7481234360974067,1.2827649774702516
366,0.7410341950632116,1.286685947182777
367,0.7504170141784821,1.2789866553434637
368,0.7447873227689742,1.283063511434846
369,0.7531276061894796,1.2765319616820436
370,0.7597998332440405,1.263847193387869
371,0.7535446205170976,1.2654977165926884
372,0.749165971543612,1.2691074510332543
373,0.7627189323442791,1.2601826700993237
374,0.7514595497738231,1.2635761500399147
375,0.7537531275069147,1.2552326539837388
376,0.749791492861047,1.2590291190883136
377,0.7539616345961557,1.2536214946010293
378,0.7560467054885661,1.2529125143032058
379,0.7600083404327055,1.2460400574002493
380,0.7570892411833311,1.2451268709928816
381,0.7593828190158466,1.2422642576585121
382,0.7564637196670482,1.243507283543228
383,0.7593828191649824,1.2422990009524209
384,0.750000000049712,1.2382833534126185
385,0.7531276062391916,1.240676483479612
386,0.7581317764306884,1.236857766604006
387,0.7479149292567255,1.2363396480343956
388,0.7652210176140194,1.2252757103866692
389,0.7687656379322692,1.2280633363055626
390,0.7575062551132533,1.2326458916254497
391,0.7635529606515313,1.2193972628945804
392,0.7577147622024943,1.2261540989163917
393,0.7660550458218477,1.217979597587999
394,0.7635529608503792,1.2141420699040824
395,0.7606338615512928,1.2195690645586956
396,0.7695996663389453,1.2129716822462742
397,0.7702251876066684,1.2105305517982503
398,0.7731442869554668,1.2015035554107971
399,0.7639699750785732,1.208591455216205
400,0.7670975812680528,1.2030587747158659
401,0.7635529609498031,1.2008046370133247
402,0.7660550459709835,1.2005233341102504
403,0.7597998330949047,1.2072147766285086
404,0.7658465388817425,1.2039477703867603
405,0.7633444538108501,1.2008076686477342
406,0.7700166806665633,1.1952458812953832
407,0.7735613010345249,1.1925264227082075
408,0.768557130942452,1.1866176962554207
409,0.7679316097741529,1.1865907601260264
410,0.7625104252053262,1.189644662810923
411,0.7631359467216091,1.189129898904064
412,0.7704336945964855,1.1769397048974057
413,0.7643869891576314,1.1801450353945366
414,0.7708507087749675,1.178446599401167
415,0.7721017514595496,1.1763800828033333
416,0.7691826522598871,1.1717883747154916
417,0.7750208506592121,1.1712741902512844
418,0.7602168472733868,1.178786937150486
419,0.7773144288397114,1.1680121457606578
420,0.7791909925931687,1.1649648537727273
421,0.7798165137614679,1.158332710568362
422,0.7725187654888958,1.160942798261348
423,0.7777314427199217,1.161004814135223
424,0.7666805670398588,1.1711143514730216
425,0.7752293579473011,1.1524862023171432
426,0.7802335280890859,1.1584844230313018
427,0.7775229356306806,1.1597011956301602
428,0.7852376980320228,1.1454569074986278
429,0.7779399498588746,1.146241820087226
430,0.7783569640373568,1.1452996188944036
431,0.7883653043209263,1.1378104910440898
432,0.7771059215019105,1.1489105263384707
433,0.7812760633364432,1.139436604382099
434,0.7758548790161762,1.1417002841966961
435,0.7854462051709759,1.1387199905139391
436,0.7835696412683826,1.1304576268685271
437,0.7912844037194368,1.1278295114300865
438,0.7823185988323603,1.133650287675102
439,0.7835696412683826,1.1349083687286758
440,0.7854462053201117,1.128965899385543
441,0.7885738116090153,1.1232389101294102
442,0.7827356130605543,1.1276566984257765
443,0.7793994994338499,1.1269272045854533
444,0.7877397833017631,1.123463758436017
445,0.7894078399162674,1.1216300273558018
446,0.7785654711265978,1.1287733148395072
447,0.7796080067716508,1.1233970272829374
448,0.7877397833017631,1.1149133382189562
449,0.7816930775149252,1.120006016436172
450,0.7914929107092539,1.1156816329431096
451,0.7914929106595419,1.1094471861463073
452,0.7900333610845666,1.1104029226144023
453,0.7902418682732316,1.1068141110446474
454,0.7889908257377853,1.109576160158089
455,0.7898248539953255,1.1043705804035802
456,0.7856547123596408,1.1030648934831213
457,0.7935779815519522,1.0963411281464794
458,0.7964970809504626,1.0962930459395561
459,0.7956630525934985,1.0938593735786355
460,0.7948290241868223,1.0949011495254555
461,0.8027522936774055,1.0859536358075306
462,0.7931609674231821,1.0853252677344798
463,0.8012927439532944,1.0806459002538558
464,0.7985821519422969,1.080274858804819
465,0.7996246872890781,1.0848152573850376
466,0.7850291911416296,1.086343354439119
467,0.7898248538959016,1.0847780325693126
468,0.7975396163469558,1.079118428576281
469,0.798582151743449,1.0784188880832917
470,0.7977481235853328,1.0717666267453878
471,0.7931609674728941,1.0799380127244238
472,0.804003335964292,1.0752365958998857
473,0.8094245205828307,1.0719421751008023
474,0.8071309424023314,1.0654112184614415
475,0.8052543785494501,1.067387017137911
476,0.8069224353130904,1.0657095621783501
477,0.793160967572318,1.073746537844075
478,0.8040033362128518,1.0560312932287284
479,0.8027522934785577,1.0682436310320322
480,0.8004587155963303,1.063941993347499
481,0.8087989991162596,1.0520824417658305
482,0.8017097581317765,1.059113694788318
483,0.798373644654208,1.0607502310349606
484,0.8050458714602091,1.0541438692504908
485,0.804628857381151,1.052404577976669
486,0.8019182651713056,1.0538277179127042
487,0.7967055878905678,1.0536470143769163
488,0.817139282735613,1.0393508224312318
489,0.805671392976492,1.0548164587999205
490,0.8075479566802374,1.0493198594418638
491,0.8096330275726478,1.0438082800794384
492,0.8102585486912349,1.03986918369465
493,0.8119266054051633,1.0365488252806803
494,0.8119266054051633,1.038653587082011
495,0.8104670559793239,1.0325837910821578
496,0.8173477896757182,1.03208173395098
497,0.8050458716590569,1.0392471959533247
498,0.8052543784997381,1.0364545192988939
499,0.8062969141945031,1.0290242680119315
