epoch,categorical_accuracy,loss
0,0.5371142619097601,5.8319660378456915
1,0.5056296914343639,5.3831036562120245
2,0.4966638865224315,5.129356695275391
3,0.499582985771806,4.9686204076708105
4,0.5002085071638089,4.740907620150811
5,0.5100083403332816,4.632464973204726
6,0.5335696412186706,4.419706053491232
7,0.5291909924688888,4.351629600811243
8,0.5166805671144268,4.372061155158545
9,0.518765638180829,4.320974678074548
10,0.5137614678153403,4.240450221364751
11,0.5279399500080105,4.137220004481808
12,0.5258548792150242,4.113368131002851
13,0.5102168473976667,4.11437357018847
14,0.5204336948947572,4.040377940606634
15,0.5387823187479682,4.0048593870295
16,0.5235613011090928,3.944071477805703
17,0.530442035029191,3.934566019772489
18,0.5287739782158388,3.8879392512944264
19,0.5314845704256842,3.888901408261513
20,0.5379482903412921,3.840404451042538
21,0.53711426203404,3.824286096786041
22,0.5500417014178482,3.794828125991058
23,0.5406588824020017,3.7864779495417427
24,0.5350291909924938,3.767575269544791
25,0.5325271060707373,3.748175621231563
26,0.5375312760136742,3.7309564744760038
27,0.5371142617854802,3.706953796970536
28,0.5339866555711446,3.7050696976290234
29,0.5406588824020017,3.6920047416798365
30,0.5308590491579611,3.6905729365010775
31,0.5381567972813973,3.659783640735044
32,0.5489991658722191,3.641591135316138
33,0.5462885739606455,3.619689082184665
34,0.5573394494667164,3.6052593721559982
35,0.5412844036200128,3.5919415030109576
36,0.5471226021684737,3.5827387950140004
37,0.5429524603836531,3.567974324818946
38,0.5431609673734702,3.5684278922045203
39,0.5452460383155925,3.552570292311375
40,0.5627606339112633,3.528821874599441
41,0.5475396164960917,3.5257502902637827
42,0.5567139284226972,3.5093082910383413
43,0.5496246871896542,3.5073162948617944
44,0.5502502085070893,3.4907190121641944
45,0.5840283569641368,3.4653612231094706
46,0.5667222686068429,3.4650181081515736
47,0.55525437879801,3.4614246724743563
48,0.5677648040530481,3.4455023203619923
49,0.5744370307844813,3.4342193259508833
50,0.560884070157806,3.419373778923041
51,0.5613010841871521,3.413529945076059
52,0.566305254279225,3.402996810502664
53,0.5681818182066741,3.388358985512728
54,0.5648457049030975,3.3735189209191176
55,0.5765221017514596,3.360574744759847
56,0.5823603002004966,3.3490993032065703
57,0.567556297063231,3.3368751159601158
58,0.5767306089401245,3.3255582088425917
59,0.5929941618512132,3.31094312270151
60,0.5875729774315224,3.295231013819016
61,0.5840283571132727,3.2925037611912846
62,0.5919516262558722,3.2750956063672243
63,0.5938281901087534,3.2628664946536206
64,0.5944537113764765,3.256761157979957
65,0.5963302751796459,3.2478323163739633
66,0.597789824903757,3.224100779254204
67,0.5946622185651415,3.2134995448579384
68,0.5938281901087534,3.2004153042460004
69,0.5944537115753243,3.198229186827188
70,0.6088407005341079,3.176555436287849
71,0.5977898247049092,3.1645073500944236
72,0.6061301083242625,3.153633509406057
73,0.6073811510585565,3.1382747915409523
74,0.6142618849537987,3.117360355856023
75,0.6088407006335318,3.113285198124177
76,0.6188490408176776,3.0996964091156998
77,0.6155129275389569,3.0846419938909104
78,0.6248957463062436,3.069161233750853
79,0.6198915761644588,3.0615018422251645
80,0.6278148457544659,3.041869703385112
81,0.6230191826522101,3.037963168038439
82,0.6265638030698838,3.023801332120601
83,0.6321934944793918,3.012141409667956
84,0.6396997498412049,2.9886391355754736
85,0.6269808172980779,2.9835354663413
86,0.6353211007682953,2.966721507089152
87,0.6455379484393777,2.9568427456131174
88,0.6399082568310219,2.942803813577991
89,0.6451209341117597,2.9255805472914034
90,0.6417848205844793,2.92446295831281
91,0.6542952459389414,2.8999317312757604
92,0.6549207673558004,2.892458914119666
93,0.6536697248700661,2.8791700085567573
94,0.6486655544797215,2.867140236648547
95,0.6538782319593072,2.8553453070407513
96,0.6695162636026728,2.834203364751655
97,0.6678482068390326,2.819839716753033
98,0.6661801502742402,2.81278221302971
99,0.6601334444874023,2.803383921065661
100,0.6613844870725605,2.794059367056585
101,0.6728523770802413,2.776651414261946
102,0.6859883237521384,2.75905841564118
103,0.6720183485741412,2.7525499996490734
104,0.6763969974979149,2.743492806922206
105,0.6803586320940707,2.7293845899309885
106,0.6795246038365305,2.7141745072588312
107,0.6782735614005082,2.7055586641087346
108,0.6724353629017592,2.693351144090705
109,0.6855713093748085,2.6797869000661563
110,0.6866138448707256,2.6661593786769355
111,0.6859883237521384,2.6576536536912703
112,0.6855713093250965,2.648799409062988
113,0.7003753126612099,2.63564780953529
114,0.6876563802672188,2.628189038196338
115,0.6889074227032411,2.615249797242
116,0.6976647205507884,2.598860717197574
117,0.6993327772150048,2.586359910312745
118,0.7018348623853211,2.58117081425009
119,0.706630525388153,2.564506164881664
120,0.7055879899419477,2.554243869439476
121,0.7080900751122641,2.5415774942736906
122,0.7114261883412728,2.5272575180365506
123,0.7062135112593828,2.5247485172360813
124,0.7170558800490525,2.506593126570612
125,0.7160133445531354,2.4959532781080767
126,0.7180984152964098,2.487092280805459
127,0.7153878230865643,2.4811588029646696
128,0.7199749790001552,2.464728020349078
129,0.7245621350628819,2.460159439957072
130,0.7324854045534651,2.4393308373467937
131,0.7391576313594662,2.43005876047995
132,0.7329024186325233,2.419347493622679
133,0.7278982485901624,2.4175797238560692
134,0.7372810676557209,2.4002383679922072
135,0.7354045038525515,2.392674260978603
136,0.7406171809841534,2.3777682393466164
137,0.7339449542278643,2.376723085471846
138,0.7376980816353551,2.3668934310645833
139,0.7452043369474562,2.3493271347281333
140,0.7435362803329518,2.342209277896706
141,0.7531276061894796,2.329203122252718
142,0.7499999998508641,2.3185019912672002
143,0.7454128441858331,2.319426453242807
144,0.7529190993487984,2.298182699658455
145,0.7616763970969218,2.286683845758637
146,0.750417014327618,2.2802629818808944
147,0.756463719865896,2.2714716344201835
148,0.7533361133284326,2.2609493933288727
149,0.7552126771813139,2.2535033251863403
150,0.7591743120757414,2.244050716140849
151,0.7612593827195919,2.235518553736212
152,0.7652210175643075,2.222780592944644
153,0.7618849041364509,2.2163218843429857
154,0.7704336945964855,2.2035559424765414
155,0.7739783154118548,2.1976137127450746
156,0.7852376980320228,2.1785022846552806
157,0.7750208507089241,2.1750252845388736
158,0.7735613010842368,2.1675921601986667
159,0.786697247855558,2.156801140636479
160,0.7704336947456214,2.155583840593683
161,0.7762718930952344,2.1399500067776893
162,0.7743953292920651,2.1409960491046793
163,0.7827356130605543,2.1277361578301055
164,0.7869057546962391,2.109220515498526
165,0.7873227688747212,2.103955586221041
166,0.7846121767145877,2.0984731583519713
167,0.7883653044700623,2.0890682641419893
168,0.7908673894912427,2.0759342645385845
169,0.7992076729614601,2.0664659715673146
170,0.7964970809007507,2.0559361672978085
171,0.7908673894912427,2.0561132472788324
172,0.7900333609851427,2.0519482019645556
173,0.8027522935282697,2.0363120865682647
174,0.8025437865384526,2.027400236014429
175,0.8027522937271175,2.0198833489040218
176,0.8050458716590569,2.0137934402389464
177,0.8035863220343697,2.001386913883378
178,0.8150542118929146,1.9880063092340718
179,0.8083819848880657,1.9891628797497722
180,0.810467055730764,1.984120914297764
181,0.811301084336288,1.974636420098019
182,0.8067139284226972,1.9650461908377042
183,0.8131776481891693,1.952789997438076
184,0.8160967472894078,1.948647255893545
185,0.8135946623179393,1.9410475907075195
186,0.8119266056537231,1.9305297549910303
187,0.8194328607172644,1.9198982301008911
188,0.8267306089898365,1.915930645678618
189,0.828815679633687,1.902537733838397
190,0.8252710593154373,1.9030543559784687
191,0.8206839032029987,1.900082164649868
192,0.8223519600163508,1.8938238179315816
193,0.8283986654552049,1.8771412703670791
194,0.8248540450375312,1.8776012140079972
195,0.8350708925097658,1.8598445090181734
196,0.8371559633524642,1.855506250418853
197,0.8338198497754719,1.847028115374332
198,0.8363219349955001,1.8402937166486013
199,0.8377814844213395,1.8318367315591426
200,0.8359049206678821,1.828561600791702
201,0.829232694011017,1.8276631619355597
202,0.8363219349955001,1.8195704025860326
203,0.8459132611005877,1.801242747736335
204,0.8469557965965049,1.7973629179549675
205,0.8498748957961674,1.7854457021853245
206,0.841117597898908,1.7882717144896927
207,0.8552960801661462,1.7760666045076754
208,0.8519599667382897,1.7714413111164133
209,0.8490408672900673,1.7665956960905582
210,0.8515429524106717,1.7623478548043563
211,0.8515429525598076,1.7512545886886826
212,0.853836530491747,1.7401290638830584
213,0.859466221702407,1.731305499192175
214,0.8557130942452044,1.7247956921598928
215,0.8511259381327657,1.7251592888446328
216,0.8511259382321896,1.7253926144330276
217,0.8507089241034195,1.718049620766755
218,0.8623853210512055,1.7066017873492014
219,0.8625938283392943,1.6959223857613979
220,0.8573811510585565,1.6939993148251709
221,0.8667639700246911,1.6803855645447796
222,0.8646788992317047,1.680978605307769
223,0.8709341116106639,1.669369621412072
224,0.865095913111915,1.6666815773062749
225,0.8705170975316058,1.657960393709178
226,0.8678065055703202,1.6611378022886694
227,0.8671809840540373,1.6507374645770838
228,0.8650959132113389,1.642934831009993
229,0.8719766473551409,1.641376656825787
230,0.865721434479062,1.636655650504735
231,0.8761467888416898,1.6253355394511346
232,0.8746872393661385,1.6206381806142138
233,0.8821934946782396,1.6081842029959683
234,0.8792743951803053,1.611529645072708
235,0.8811509589834746,1.596597283854894
236,0.8792743954288651,1.597620384905913
237,0.8826105086081618,1.5839321895675722
238,0.8771893243873189,1.5899323409949868
239,0.8863636363139245,1.5776754082790307
240,0.8830275230849157,1.5769285742097143
241,0.890325271059216,1.5630206018810575
242,0.8865721434031655,1.5608726458513706
243,0.88990825678131,1.5487299619663548
244,0.8855296079569602,1.553036677230886
245,0.8849040867886611,1.5440715357499684
246,0.8859466220360184,1.5410790258491904
247,0.8832360300747328,1.5367729694670296
248,0.8926188489911554,1.5257582818596835
249,0.8976230190335163,1.516928379589364
250,0.8994995830355335,1.510602022828014
251,0.896997498064065,1.508638130813166
252,0.8990825688073395,1.5023853345350786
253,0.9020016682058498,1.4941704520789458
254,0.8992910759960044,1.4882138816389667
255,0.9001251042535446,1.491276524482517
256,0.8907422852874101,1.4961784577946349
257,0.8978315261724693,1.4835290257586748
258,0.8990825689067634,1.468092899207178
259,0.9003336113924976,1.4701412405144483
260,0.9028356962645422,1.462550663570248
261,0.9059633026031577,1.4548399312183995
262,0.9057547956630525,1.4524650634379064
263,0.9007506256206916,1.4515137931920767
264,0.9049207672563765,1.4442698103472826
265,0.9045037531773183,1.4441659438600134
266,0.9072143452380278,1.4361716759413654
267,0.9057547956133406,1.4288126637877974
268,0.9147206005501289,1.419144846977444
269,0.9099249374975852,1.4201909537311392
270,0.9070058383476346,1.4143618087752647
271,0.9136780650542119,1.4077543774876027
272,0.9122185153798127,1.4069180242015085
273,0.9153461216687162,1.3946930441486527
274,0.914303586172799,1.3916451135608332
275,0.9134695580146828,1.3840769894228466
276,0.9157631360460461,1.3871889982350774
277,0.9176396997497915,1.3778327938116421
278,0.9174311928096863,1.3741955607010983
279,0.92097581322736,1.3685587140497713
280,0.9134695578158349,1.368143956098485
281,0.9245204335456098,1.3554745170849378
282,0.9182652211169385,1.3560908851870106
283,0.9220183486238532,1.3464835088783944
284,0.9132610509751538,1.3522448512889427
285,0.9174311927599744,1.3449308548100896
286,0.9218098413854763,1.3369074151156046
287,0.9209758130285122,1.3312361858803794
288,0.921392827405842,1.3377679002792067
289,0.9238949122778867,1.3212133590333952
290,0.9178482067893206,1.3275765048353945
291,0.921601334594507,1.321037281046717
292,0.9182652209678026,1.31389019845226
293,0.9241034195659755,1.306118009287283
294,0.9218098413854763,1.30384022787872
295,0.9282735613507962,1.295576699084297
296,0.9236864051886456,1.3009234400368215
297,0.9213928272069942,1.2966321484062253
298,0.9253544619025739,1.2903239223935188
299,0.9253544620517098,1.2903193015670458
300,0.9314011674905639,1.2754324100930259
301,0.9270225188650619,1.2785365534783204
302,0.9320266888577109,1.2666544762126997
303,0.9336947456710631,1.2654790859405352
304,0.9355713093748085,1.2577390458009161
305,0.9243119267049286,1.2627591353043404
306,0.9286905754298543,1.2621243812324008
307,0.9305671392827356,1.2577025992756987
308,0.9318181819673177,1.2473557613808677
309,0.9372393661384487,1.2420717542424016
310,0.9378648875055957,1.2396121178198298
311,0.9368223520593906,1.2335342939343426
312,0.9349457882562212,1.2331066811651463
313,0.9378648875055957,1.2244465254663526
314,0.9351542952460383,1.2255224852486388
315,0.938907422802665,1.2211155518578727
316,0.9364053376323487,1.2183541405489287
317,0.9376563801677948,1.2112983776391597
318,0.9424520434688984,1.2063516616025898
319,0.9414095078735574,1.2054322278927125
320,0.9422435362802335,1.1986180215800575
321,0.9416180148633745,1.1972685197276607
322,0.9384904085247591,1.197681995309125
323,0.9430775646371977,1.1837323067882242
324,0.9441201001828268,1.1866184870733432
325,0.9414095080226933,1.1809003860180929
326,0.9426605503095797,1.1802130734751481
327,0.9468306922932482,1.1749309252658617
328,0.9424520434688984,1.1768796326618973
329,0.9476647206999244,1.1618928056244457
330,0.9409924938442112,1.163107893186574
331,0.944954128291231,1.1640259490796583
332,0.9449541285397909,1.15943354422893
333,0.9462051709261012,1.1521209985440328
334,0.944537114112749,1.1531956019850946
335,0.9487072558975697,1.147686236197
336,0.9499582987312877,1.142983746290008
337,0.9505838199492989,1.1378049208185292
338,0.945371142618849,1.1375528548139646
339,0.9455796495589542,1.13254202147938
340,0.9445371142618849,1.1342776617077215
341,0.9468306920944004,1.1291876231957914
342,0.9474562133621235,1.12469379806439
343,0.946205171075237,1.1240003798980331
344,0.9474562134615474,1.1172064885782937
345,0.9528773977818144,1.1146136722135185
346,0.9484987489574646,1.1145111928888913
347,0.9491242700760517,1.1109035382974735
348,0.9474562135112594,1.1108433873182142
349,0.9497497914431988,1.1029217113943475
350,0.9518348623853211,1.1022940555943161
351,0.9453711424697131,1.1026652328564388
352,0.9526688908417091,1.0945929882424985
353,0.9528773978315263,1.094136134249852
354,0.9539199332777314,1.0834388847247673
355,0.9530859049207673,1.082942850098598
356,0.9522518765638032,1.0822672266280084
357,0.957256046805012,1.0731710555456
358,0.9528773979309502,1.0733273619905523
359,0.9551709757634657,1.0676176628537533
360,0.9543369475556375,1.0679645354395813
361,0.9566305255372888,1.0639320212269545
362,0.9530859049704793,1.066840869272819
363,0.9530859050201912,1.0595586182576004
364,0.9543369473070776,1.0582772645481036
365,0.9595496246375274,1.0485257325916115
366,0.957256046705588,1.047110206291415
367,0.9564220182989119,1.0483172240110117
368,0.9545454546448785,1.0489449064566554
369,0.9589241032703804,1.0383275424171428
370,0.9568390326265298,1.040539300570993
371,0.9576730607349342,1.035384958838303
372,0.957256046705588,1.0338511816952207
373,0.9603836531436274,1.0281509743619701
374,0.9620517098575557,1.0217363310417003
375,0.957256046805012,1.0242473794779647
376,0.9578815679733111,1.0231916009634112
377,0.9618432026688908,1.0190045724221326
378,0.9618432026688908,1.0104784691602215
379,0.9580900751619761,1.0164702154379075
380,0.9551709756640417,1.0154997827213341
381,0.957464553894253,1.0127439291105358
382,0.9645537946798883,1.0040938677242937
383,0.9626772310258549,1.0005511484909695
384,0.9624687240360378,0.9968661235410835
385,0.9557964971803247,1.0046525225229717
386,0.9616346954305138,0.9962006857039234
387,0.9662218515429525,0.9880312590722345
388,0.963094245055201,0.9889169197166036
389,0.9622602166982369,0.9888225995669074
390,0.963719766571484,0.9828191539264899
391,0.9597581318759043,0.9850483713694868
392,0.9560050042695657,0.9864339430795499
393,0.963928273660725,0.97482478926836
394,0.9578815680727351,0.9793118920497242
395,0.9597581316273445,0.9742000733841649
396,0.9703919933277732,0.9608553208044114
397,0.9560050041701418,0.9735973414726512
398,0.9605921601334445,0.9666767775067894
399,0.9618432026688908,0.9640537312470246
400,0.9605921602328684,0.9634405257206743
401,0.9605921602328684,0.9593284659031732
402,0.9645537948290241,0.9539171092901954
403,0.9645537949284481,0.9475979065278652
404,0.9655963302752294,0.9436272332527122
405,0.964345287839207,0.9465052286121028
406,0.9645537949284481,0.9470189630836124
407,0.9676814011676397,0.9402565448059451
408,0.9714345287739783,0.9334791556709106
409,0.9628857381150959,0.9451124696954277
410,0.9670558799993405,0.9376009191643506
411,0.9666388658208585,0.9300596206957743
412,0.9655963302752294,0.9307222187867057
413,0.9687239366138448,0.9220092709706762
414,0.9674728941778226,0.9263506981608667
415,0.9670558798999166,0.9283573708005305
416,0.9672643870885815,0.9187142894703513
417,0.969557964970809,0.9168327838505577
418,0.9676814012670636,0.9171378688577615
419,0.9664303587316174,0.9173369544361709
420,0.9668473728106756,0.9102568682081208
421,0.9660133445531354,0.9121214705670845
422,0.9735195996663887,0.9055071989131829
423,0.9691409506431911,0.9084573659029874
424,0.9678899083563046,0.9017042137862644
425,0.963928273660725,0.9045827691012168
426,0.9666388655722986,0.8978300746825459
427,0.9703919933774852,0.8939882058019535
428,0.9672643870885815,0.8944091700433789
429,0.9649708090075062,0.895418936357188
430,0.9708090075062552,0.8874094303296545
431,0.9697664720600501,0.8872318668003576
432,0.9716430359626432,0.8852903717154756
433,0.9660133444537115,0.8860486741857393
434,0.9651793159476114,0.8862362260913929
435,0.9712260215356013,0.8748987130168282
436,0.969140950742615,0.8755514190731891
437,0.968306922286227,0.8784879269552192
438,0.9685154295246038,0.8708708625818115
439,0.9676814012670636,0.8695479743275869
440,0.9733110925771477,0.8650734928670379
441,0.9699749791492911,0.8672441478268716
442,0.9689324438025099,0.8659548904619384
443,0.9710175146949201,0.859876163558626
444,0.9693494579809919,0.8610303737005659
445,0.969349457881568,0.8573470840462055
446,0.9685154296240278,0.8587155073160326
447,0.9710175145954962,0.8520276652861875
448,0.9703919934271971,0.8547283496530579
449,0.968515429375468,0.8547799825370063
450,0.9699749791492911,0.849063857532323
451,0.9743536280233528,0.8439143282160151
452,0.9703919933277732,0.8444750292088411
453,0.9726855712597126,0.8393985692215921
454,0.9724770643196075,0.8367588189465489
455,0.9680984154455456,0.841700530330572
456,0.9699749791492911,0.8384508794799659
457,0.9697664719109141,0.8354323912999151
458,0.9703919934271971,0.8337465066826274
459,0.9718515430518843,0.8291708667443334
460,0.9720600498925656,0.8284681922102889
461,0.9724770643196075,0.8265928307406797
462,0.9741451210335357,0.8222585638132167
463,0.9739366139442946,0.8212432126585297
464,0.9774812343619683,0.815232435249109
465,0.9741451210335357,0.8182951363550811
466,0.9726855714088485,0.8195610882541953
467,0.9724770643196075,0.8167290701977504
468,0.9731025854879066,0.8154975242471576
469,0.9739366138448707,0.8111201852336339
470,0.9751876563803169,0.8094961592015671
471,0.9718515430518843,0.8083722161888778
472,0.9712260217841612,0.809874542262576
473,0.9724770642201835,0.8039469621497656
474,0.9714345288734022,0.8028295700305497
475,0.9772727271235914,0.7989012594517317
476,0.9747706422018348,0.7984546383188803
477,0.9751876562311811,0.7923691076870458
478,0.9764386990151871,0.7896625081930089
479,0.9753961634695579,0.7903459177502401
480,0.9733110925771477,0.7908768820404708
481,0.9741451209341118,0.7875797384176978
482,0.9710175144463603,0.7908375041498752
483,0.9728940783986656,0.7895586869933389
484,0.9735195997658126,0.7849931195440444
485,0.97581317764804,0.7837153753208259
486,0.9749791493904998,0.7847756928856717
487,0.9747706422018348,0.7802827751964604
488,0.9770642202829102,0.7782041146120894
489,0.9749791492910759,0.7734502423197355
490,0.975604670558799,0.7745003750962551
491,0.9745621352120177,0.7745427507674127
492,0.9726855713094246,0.7749547168948036
493,0.9743536280233528,0.7723764758790106
494,0.9762301917768101,0.7664933862837282
495,0.9726855712597126,0.7686865947662144
496,0.9762301918265222,0.7625083442128032
497,0.9743536280233528,0.7655039381941127
498,0.9783152627189324,0.7562264994942615
499,0.9745621352120177,0.7632019867789656
