epoch,categorical_accuracy,loss
0,0.5097998330949047,3.765590206397584
1,0.5083402835696413,3.667743339451081
2,0.5123019182155091,3.550974668513943
3,0.5204336946710534,3.467205196345618
4,0.5150125104253545,3.458141026047491
5,0.5106338614518688,3.3890214443604485
6,0.5070892410341952,3.31787230393805
7,0.5108423686405338,3.2079019679736853
8,0.5093828189909906,3.1858909307071026
9,0.5039616346955796,3.1435721453474996
10,0.5183486237040751,3.0499553376182704
11,0.5047956629531198,3.0376446531453265
12,0.5227272727769847,2.934552773721423
13,0.5177231025854879,2.9427698062199967
14,0.5198081734778982,2.8373760131123267
15,0.5177231027346239,2.856277327223357
16,0.5095913259559517,2.8092312094964416
17,0.5248123435202592,2.7411548282028337
18,0.5156380316185096,2.7613565569822742
19,0.5206422019839982,2.715966876095986
20,0.5235613012333727,2.685744851106798
21,0.5083402835696413,2.693657749985734
22,0.5214762300924026,2.670842056377815
23,0.5150125104253545,2.660595699585508
24,0.5177231027346239,2.6218738919799778
25,0.518348623902923,2.575637808434659
26,0.5248123435699711,2.5512746726601594
27,0.5123019182155091,2.5797531664421203
28,0.5341951626355296,2.5131654993905137
29,0.5114678900573928,2.538257316711846
30,0.5277314429187695,2.484649415012197
31,0.5214762301918265,2.5015422572087407
32,0.5218932445194445,2.4875829001085474
33,0.5223102585985027,2.474406700714913
34,0.5141784822175263,2.4659442509881053
35,0.5168890742533797,2.4477595994629593
36,0.5298165139106038,2.4131209746910396
37,0.5198081734033303,2.405989627623379
38,0.5168890740793879,2.405055455111582
39,0.5208507088246795,2.380216633110269
40,0.530442034954623,2.3697923746975986
41,0.5241868224016719,2.3767191435119526
42,0.5346121769631476,2.33686009857235
43,0.5266889074477084,2.341416296907223
44,0.5214762301669705,2.3405348162933426
45,0.5254378648128383,2.315636180061614
46,0.5218932443454526,2.330225699140789
47,0.518140116714258,2.3241236995318415
48,0.5298165137863239,2.310503771744538
49,0.5377397832023392,2.272488275103215
50,0.5350291908930698,2.3024156061781755
51,0.5148040034852494,2.2801977329397323
52,0.5341951625609617,2.2697725576395986
53,0.5204336947953333,2.2663908082311406
54,0.5346121766648758,2.2436014734972907
55,0.5281484570972516,2.2671076121978504
56,0.5333611342785655,2.21961315479549
57,0.5287739784643987,2.23433062789637
58,0.5314845704256842,2.2400255418002755
59,0.5281484570475397,2.2345553923886055
60,0.5273144287402874,2.218058005286019
61,0.5187656378825571,2.224929212927321
62,0.530025020751285,2.2061861853881912
63,0.542952460433365,2.1889553682519756
64,0.5319015846041663,2.190137960793477
65,0.5375312760633861,2.1814996516137843
66,0.5281484569729716,2.175903339600742
67,0.5191826522101751,2.1869499711218827
68,0.5414929107589658,2.16983672158732
69,0.5360717265878349,2.168944558468931
70,0.536697247731278,2.158049573293818
71,0.5379482901921563,2.1624910175253493
72,0.5300250209998448,2.1550189388901915
73,0.5296080065230909,2.1587213960859155
74,0.5248123436445391,2.1579790047748175
75,0.5293994995332738,2.145762452490634
76,0.5298165138608918,2.1345206366865908
77,0.5283569640622127,2.1383062301823457
78,0.5406588823522896,2.115847802738829
79,0.5369057547210951,2.123933310107055
80,0.5285654711763097,2.1192877833499226
81,0.5371142619097601,2.111234578617023
82,0.5250208508580599,2.121180290376474
83,0.5348206839529647,2.1082002953552426
84,0.5237698081734778,2.1057974805028565
85,0.5229357797668018,2.1067798813747505
86,0.5339866556954245,2.084107576160256
87,0.5325271059464574,2.0911272995863683
88,0.5277314428939135,2.086400211603071
89,0.5333611343282775,2.076977624010304
90,0.5268974145369494,2.085251785696696
91,0.5329441200255155,2.0782448990927627
92,0.5273144287402874,2.076837106383374
93,0.5408673894912427,2.0671634823208156
94,0.5442035028693872,2.053566598216129
95,0.5233527938955719,2.069501703634572
96,0.535863219250034,2.0557833992510264
97,0.5337781484570475,2.048660994570289
98,0.5467055880894156,2.0323314111962527
99,0.5335696412932386,2.039269453093248
100,0.536071726339275,2.035573354256561
101,0.5435779815519522,2.031928180952287
102,0.536905754795663,2.0341085190570185
103,0.5275229357301046,2.0406033093975027
104,0.542743953344124,2.015833844434628
105,0.5423269391656419,2.0227515594078365
106,0.5285654713751575,2.0188219974794617
107,0.5302335280890859,2.027116440652906
108,0.5356547121856489,2.02013565521622
109,0.5454545454545454,2.004248119772624
110,0.5391993327027464,2.0021916847610792
111,0.5398248539456136,1.999439126357523
112,0.542535446205171,2.001124046065591
113,0.5437864885914813,1.9933798996183254
114,0.5352376981065907,1.9910601012601368
115,0.5350291910422057,1.989883328199983
116,0.5350291910422057,1.9821245686226432
117,0.548165137515255,1.9779217330687637
118,0.5371142617854802,1.97387364658343
119,0.5354462053201117,1.975649319657492
120,0.5348206838038287,1.968317924886072
121,0.5377397830532032,1.9642205001713338
122,0.531484570624532,1.974523390303859
123,0.5371142618849041,1.9651491860730932
124,0.5341951627846655,1.9648048462124046
125,0.5446205169981574,1.9488786915324945
126,0.5400333612834145,1.957599056870665
127,0.5348206839032527,1.9524575305840093
128,0.5489991658970751,1.9381444907566225
129,0.5400333612088465,1.9475872252164432
130,0.548373644554784,1.9367981156873344
131,0.5408673893918188,1.9364429377236896
132,0.5483736448033438,1.9253190355165686
133,0.5519182651215936,1.9284709018901351
134,0.5410758965804837,1.9281788943110156
135,0.5481651377638148,1.9264032879504092
136,0.5354462050964078,1.92104108438977
137,0.5581734777491126,1.907717462576261
138,0.5452460382658805,1.914892861801351
139,0.5431609674728941,1.9099620099461407
140,0.5510842368640534,1.8994637134176577
141,0.5577564636700545,1.897816832409589
142,0.5364887405177571,1.9067524260933744
143,0.5492076729117482,1.8928885790981582
144,0.5500417013184242,1.8968250856884725
145,0.5506672227104273,1.8885902628687843
146,0.5569224354125143,1.8780027173577596
147,0.5521267723599705,1.8769466621464148
148,0.5502502086562251,1.8847971559067982
149,0.5442035028693872,1.8773400038853598
150,0.554420350142774,1.8682914306164982
151,0.5540033360637159,1.8691319052232516
152,0.5531693078061757,1.8621586232109801
153,0.5679733110428652,1.857255745968091
154,0.5540033361631398,1.8586414797888684
155,0.5460800667719805,1.8571420988507625
156,0.5594245204336947,1.8520888436128935
157,0.5508757297996684,1.8506621552865836
158,0.5512927439035824,1.8456515842323207
159,0.5475396164463797,1.8479171817356392
160,0.5515012509431115,1.8404639882778904
161,0.5592160133444537,1.8358131518853118
162,0.5700583818358516,1.8297942146049926
163,0.5627606340106872,1.8257407463024415
164,0.5562969142442151,1.8238003477640605
165,0.5533778147462808,1.8254025050060663
166,0.5621351124944043,1.8197644494592
167,0.5625521267225982,1.81586526790393
168,0.5635946622682274,1.8127786940192063
169,0.5623436196085013,1.808798462177337
170,0.5677648040779041,1.8104334696816642
171,0.5550458714602091,1.804897664585543
172,0.5635946621688035,1.7996544333872346
173,0.5685988324100122,1.794107677143151
174,0.5600500417014178,1.7911184488285374
175,0.5531693076818958,1.7977808935628323
176,0.579232693911593,1.7820414633826478
177,0.5663052543289369,1.7849019248849456
178,0.5690158466879182,1.7778006160726538
179,0.5625521267225982,1.771698373272779
180,0.5681818181321062,1.7734552780919715
181,0.5719349457384448,1.7715224499897324
182,0.5573394494667164,1.7703164844735648
183,0.561092577197335,1.7679681832637262
184,0.5675562967649592,1.7626068075067107
185,0.5740200166805671,1.7536746677107569
186,0.5744370308590492,1.752767710113048
187,0.5763135948113544,1.7477577705995753
188,0.5723519600163508,1.7502742508632925
189,0.5592160134935896,1.7497782513337696
190,0.566930775646372,1.7429712965052957
191,0.5773561301084237,1.7382098278271545
192,0.5577564636451985,1.7474690495778165
193,0.5702668891239405,1.733175565641656
194,0.554003335964292,1.738957709625823
195,0.5654712259222608,1.7330867040147375
196,0.5642201835359505,1.7308425442987527
197,0.5642201833868146,1.7256853701772046
198,0.5725604670558799,1.7172765103452299
199,0.5748540449629633,1.7202296627870295
200,0.5627606339609752,1.714380564443065
201,0.5713094244955778,1.710392619690565
202,0.5752710592657253,1.7081382387970963
203,0.5829858215676436,1.7038572789033917
204,0.5688073393501174,1.7036952726835008
205,0.5854879064894001,1.693316668843706
206,0.5821517932603913,1.6954168389497746
207,0.5773561301084237,1.6926015824253506
208,0.5638031692331885,1.6908497392783273
209,0.5840283568647129,1.6823079152540727
210,0.57944120090141,1.6812053470436585
211,0.5879899916597164,1.6714503261026887
212,0.5842368640533778,1.676176079518602
213,0.5638031693574684,1.6778763258228508
214,0.5865304418858933,1.664883308553815
215,0.5736030025269411,1.667829020804818
216,0.5886155129771515,1.6592452762721477
217,0.5769391158802296,1.6646583305984064
218,0.5813177648040033,1.6564047939087372
219,0.5771476230191827,1.6538376501940806
220,0.5836113428353666,1.6490745817849395
221,0.5884070059376224,1.6484062887411302
222,0.5786071727930058,1.6454538173532367
223,0.5815262718435324,1.6437326472833615
224,0.585070892460054,1.643746652833813
225,0.5809007506752333,1.6401480217592432
226,0.5800667221194212,1.6366300920927097
227,0.5896580483239328,1.6325821195471972
228,0.5773561301084237,1.62688437315501
229,0.5919516262558722,1.629121121016018
230,0.5790241868223519,1.6226976105727386
231,0.5802752294075101,1.6230084489443781
232,0.5829858214433636,1.6208038423536617
233,0.5844453711923309,1.6109203490940505
234,0.5796497079906512,1.61245162025703
235,0.5758965804340245,1.6120521324291341
236,0.5986238531115853,1.5974074522587933
237,0.5802752292086623,1.6049218600347104
238,0.5765221017763156,1.6062520480931453
239,0.5969557964970809,1.5943945416616738
240,0.5842368639042419,1.5989071543361864
241,0.5946622184160056,1.589079129785374
242,0.5942452044363714,1.5870305207294657
243,0.5902835695419438,1.5864768045161346
244,0.5879899916100044,1.5838703774133258
245,0.5959132610757317,1.5804677783100678
246,0.5917431193157671,1.5795233583728705
247,0.597372810576139,1.574227933688796
248,0.5913261051372849,1.5685863084252225
249,0.5852793996487189,1.5713127645678675
250,0.5921601334942491,1.5653145554863084
251,0.5871559633276082,1.5676637294393863
252,0.5890325272550575,1.5601669052822378
253,0.5840283571132727,1.559846998056439
254,0.59111759794862,1.5575547138783612
255,0.5938281902081773,1.553061827607111
256,0.5977898248540451,1.5464638540205904
257,0.5888240198675446,1.5516072466932207
258,0.59758131766538,1.5408242656550277
259,0.6015429524106717,1.542811957769736
260,0.59195162645472,1.5433400067018408
261,0.5952877399322886,1.5320952245849087
262,0.5957047540113467,1.532368168520669
263,0.5967472893332719,1.5250412159109235
264,0.6109257714265183,1.5226934816163216
265,0.5859049206181702,1.5274436267044667
266,0.5971643035863219,1.527341593594428
267,0.5996663885577904,1.5200004739697721
268,0.5942452043866594,1.5154547191242858
269,0.5990408674392033,1.5137871095197613
270,0.6044620516600462,1.51513218203617
271,0.5921601332954012,1.5119173745496557
272,0.6057130941457805,1.5042900903906993
273,0.6048790657888162,1.503209242430998
274,0.603211009025176,1.5003863129643622
275,0.6000834026865606,1.5004873661521676
276,0.603836530442035,1.4970482876143723
277,0.5884070059873344,1.4991762312975796
278,0.5975813179139399,1.49294437071599
279,0.6023769808173478,1.4866363864028524
280,0.604253544719941,1.4863052285642202
281,0.5957047539616347,1.4819906846596063
282,0.6013344454705666,1.4810073323007222
283,0.5948707256046706,1.4814250794324009
284,0.5963302753287817,1.4767032822934263
285,0.6044620518091821,1.4752596683359027
286,0.5967472894078398,1.473066390306379
287,0.5973728107252749,1.4696377411397723
288,0.6148874061718098,1.4655361290868865
289,0.5990408673397792,1.467766596437793
290,0.6032110091246,1.463292720120981
291,0.5961217681898288,1.4651231780660658
292,0.6017514594750567,1.4570495494710494
293,0.5984153461714801,1.4559334729292475
294,0.6052960801661462,1.4516184984196019
295,0.6009174312175165,1.4502523489252939
296,0.6009174312423725,1.4463973676691064
297,0.5988323604493861,1.4476996312248795
298,0.6080066723759916,1.4442602231961872
299,0.6088407004843959,1.4375299382348972
300,0.6121768139371084,1.4403095345779495
301,0.603628023352794,1.4325058807225104
302,0.6198915761644588,1.4306509408282677
303,0.6063386155626393,1.4344061756253341
304,0.6023769809664837,1.4273949370372285
305,0.610300250307931,1.4230508572663536
306,0.6052960799672984,1.423908443427066
307,0.6067556296914095,1.421629831928129
308,0.6073811509094207,1.4222245929239192
309,0.6103002502085071,1.4190689653431603
310,0.6228106756126811,1.4117229381534235
311,0.6182235196493784,1.4121367392488278
312,0.6134278564476987,1.4118837456190159
313,0.6113427857541361,1.405124987931526
314,0.6207256047699827,1.3992820931435426
315,0.5984153461217682,1.408584675359368
316,0.6203085904423647,1.3986361126187843
317,0.6269808172732219,1.395914537097336
318,0.6146788990328569,1.3945347907843442
319,0.6105087573474601,1.3976032075730833
320,0.6161384486575441,1.3960671777820666
321,0.6080066722765677,1.3927417801657351
322,0.6103002501090832,1.38353398951816
323,0.6111342787146071,1.3870405232140777
324,0.6205170974321819,1.3779406415312563
325,0.6142618848543748,1.3765332199713904
326,0.6057130941457805,1.3831218631193973
327,0.6132193493584577,1.3776624580539198
328,0.6123853212500533,1.3762712682456748
329,0.6190575478572066,1.3680956639082258
330,0.6159299416180151,1.366845209664161
331,0.622393661533623,1.3635812571289343
332,0.6100917431689781,1.3664431075835048
333,0.6107172642875652,1.3644789869930467
334,0.6242702250882325,1.3567750355519286
335,0.6059216014338693,1.3598040572000205
336,0.614887406022674,1.3563907437765965
337,0.61530442030058,1.3591192656501916
338,0.6117597997586264,1.3506054630669282
339,0.6228106755629691,1.3512660862506678
340,0.6230191827516341,1.3458942478154479
341,0.6107172644367012,1.349393999506972
342,0.6196830691249297,1.3431066107610745
343,0.6232276898408752,1.3411358640629416
344,0.6148874061220979,1.3406575955978723
345,0.6092577147125899,1.3418533526628191
346,0.6125938282398704,1.3396868550648184
347,0.628440367121613,1.3306415254021804
348,0.6113427855552883,1.3341630312479764
349,0.6265638030698838,1.330205051773682
350,0.6125938281404465,1.3285938453634547
351,0.6242702250882325,1.3252875252104084
352,0.6267723103082607,1.3246019223613277
353,0.6084236863556258,1.3257706104665126
354,0.6244787321774735,1.32067553374646
355,0.6150959134101868,1.325747448767693
356,0.6207256045214229,1.3174529882944852
357,0.6219766473054289,1.3191359732129158
358,0.6203085903926528,1.3122057913739646
359,0.6175979981828074,1.3096410583912879
360,0.6244787324260334,1.306366325418983
361,0.6248957464553795,1.3084327066014267
362,0.6236447037707974,1.3057442338790766
363,0.6248957466045154,1.3020500105753652
364,0.627606338615513,1.2981200357394183
365,0.6148874062215218,1.3046384143073724
366,0.6205170975316058,1.297337649463116
367,0.6253127606338615,1.2929973140967896
368,0.621351125863714,1.2908078450973677
369,0.6267723102585487,1.2923186674428244
370,0.6236447038702213,1.2877493207906066
371,0.6253127605344376,1.2877587860479665
372,0.6140533776657098,1.285758228576412
373,0.6261467890156817,1.2854315372583167
374,0.6330275230352037,1.2794851429567822
375,0.6269808174969257,1.2838825257844584
376,0.6248957464056675,1.2785721351147892
377,0.6205170976310297,1.2823396183432292
378,0.6240617180984154,1.2770594682566219
379,0.6376146790482184,1.2699321648595332
380,0.633653044153791,1.271067257022937
381,0.6223936612850631,1.2731254863381087
382,0.6280233526945711,1.2689635499106335
383,0.6296914094333553,1.2683026784653462
384,0.6324020016183447,1.2616296967831724
385,0.6328190157968269,1.2623316715716122
386,0.6238532110588862,1.26204317574505
387,0.6330275228363559,1.2528491621717401
388,0.6269808174472138,1.2596539364346273
389,0.6242702252373683,1.2576709413051208
390,0.6286488739622942,1.2517595888675501
391,0.6248957466045154,1.2533453516009652
392,0.6261467890405377,1.2532218950206384
393,0.6324020016929127,1.2494679056076927
394,0.6313594663212755,1.2463722757939202
395,0.6257297747129197,1.2473946702390835
396,0.6263552962292026,1.2427022191660915
397,0.6355296078575363,1.2399634609031518
398,0.6309424520930814,1.2401145743369262
399,0.6246872394158504,1.241493312292441
400,0.6338615512927439,1.2327412492141214
401,0.6367806506415423,1.2349356149414163
402,0.6334445372136858,1.2316578496387345
403,0.6346955795999961,1.230262533140938
404,0.6278148458538898,1.2322750625459227
405,0.6449124269728068,1.223949876002613
406,0.6409507922772272,1.2226904680372974
407,0.6307339448547045,1.225856069826503
408,0.6313594660727156,1.2222494445710106
409,0.6367806504675505,1.2222111334494494
410,0.6328190157471149,1.221515324933018
411,0.634278565520938,1.2160759168033106
412,0.6194745621351125,1.2208518908359887
413,0.6305254380140233,1.2171461751204515
414,0.6332360299753089,1.2117367964968073
415,0.6351125936790543,1.2077265827729367
416,0.6313594660727156,1.2107564744798216
417,0.6282318597838121,1.2098048757373343
418,0.6301084237858293,1.2094384606825102
419,0.62823185998266,1.2093219040233558
420,0.6321934945291037,1.203994692316445
421,0.6355296081060962,1.1990885609283957
422,0.6321934944296798,1.1995569844361242
423,0.639491242602828,1.1978181193926813
424,0.6253127605344376,1.1983494019886172
425,0.6259382820507206,1.1975046765118265
426,0.6267723104076847,1.1936996979351537
427,0.6344870725107551,1.1924225913175848
428,0.6461634696573889,1.190538737752022
429,0.6309424519936575,1.18943424181107
430,0.6428273562792444,1.18129192380929
431,0.6336530442532149,1.184217328623596
432,0.6298999166468763,1.183992594952778
433,0.6357381151456252,1.1820869679447013
434,0.6407422850885622,1.1798556071703785
435,0.6434528774475435,1.1797481221492534
436,0.6328190157968269,1.181842508964284
437,0.6334445372633978,1.1786923708768564
438,0.6384487071069108,1.1708091052002068
439,0.6409507923269391,1.1716397069114959
440,0.6419933276985763,1.1709238269907718
441,0.6480400334605582,1.1692802863284089
442,0.6405337782478809,1.1668727995456507
443,0.6459549625681479,1.166013894327687
444,0.6311509589834746,1.1704210161267965
445,0.6413678066545571,1.1592448806643387
446,0.6367806505421184,1.1618806984744736
447,0.6403252710095041,1.158892878002679
448,0.6369891574822236,1.1585329639802284
449,0.6286488739622942,1.166304760718962
450,0.6447039198338538,1.1513605281847332
451,0.6476230190335163,1.153136965530529
452,0.6376146789487945,1.158703181125205
453,0.6278148458538898,1.1567989971560175
454,0.6294829024186822,1.1595066806691403
455,0.6384487071069108,1.1507105611581618
456,0.6417848206341913,1.1502115561427226
457,0.6515846538782318,1.1435894801081767
458,0.6363636363636364,1.1465034091144526
459,0.6538782320090192,1.1416147760394417
460,0.640950792476075,1.1439555635842011
461,0.6403252709100801,1.1419251537800232
462,0.6413678064557092,1.1422771100107088
463,0.6426188489911554,1.1395552229940942
464,0.6380316930278527,1.13515571398572
465,0.6436613844870726,1.137134166038265
466,0.6430358631696375,1.135576156201812
467,0.6511676397991737,1.1302373094097389
468,0.6413678066545571,1.1317776317294186
469,0.6505421182828908,1.131775201609773
470,0.6434528773232636,1.1274354400189346
471,0.6392827355135869,1.1256192895747703
472,0.640116763870551,1.1293804349255026
473,0.6442869056553717,1.1252489094937017
474,0.6555462886235235,1.1191063798199703
475,0.6474145122425471,1.1207072205897468
476,0.6419933276737203,1.1224576164226516
477,0.6399082570298699,1.1170488585025893
478,0.6426188489414435,1.116042105628611
479,0.6399082568310219,1.1179545863257336
480,0.6455379483896658,1.1187526398245944
481,0.6392827354638749,1.1111643866164371
482,0.6565888240697286,1.1090381556098117
483,0.6424103419516264,1.1126644386163447
484,0.6457464553794829,1.1084551847010875
485,0.6415763134952382,1.1093049921325289
486,0.6415763134952382,1.1103884131834842
487,0.6369891575319355,1.1129784689434774
488,0.6503336111936497,1.1038541918103153
489,0.6501251043529686,1.0993145194224658
490,0.6472060049047462,1.1046748106632758
491,0.6376146788990825,1.105492396291044
492,0.6455379483399538,1.1018812963622524
493,0.6484570474899044,1.1022245325179176
494,0.6476230190335163,1.094039810111465
495,0.6426188489911554,1.1018231776080796
496,0.6405337780490331,1.099719198770181
497,0.6392827354638749,1.096485771021314
498,0.6394912426525399,1.0930066750982188
499,0.6428273562295324,1.0933255953426855
