epoch,categorical_accuracy,loss
0,0.41743119268540646,5.593164068942671
1,0.4299416180647245,4.959298282588294
2,0.4380733943959889,4.435379688296346
3,0.45016680559682487,4.244611775507223
4,0.4612176813514557,3.983378011052861
5,0.47372810670591775,3.8424697930460874
6,0.4885321101414551,3.6509888148287915
7,0.4728940783489536,3.7480064547986562
8,0.4927022517771399,3.57749037348896
9,0.49645537940833445,3.4888919071916544
10,0.49812343634596656,3.4686226632020394
11,0.48999165986556625,3.4536481126335086
12,0.4872810675562969,3.3631720091523083
13,0.49624687254279726,3.3150765082555775
14,0.5064637197167601,3.1933346329578467
15,0.5068807340940901,3.16224856094284
16,0.512510425354462,3.1622056497744064
17,0.4970809007506255,3.154956808082256
18,0.48582151783218575,3.117978477398488
19,0.4991659715933239,3.0852762964787934
20,0.4981234360974068,3.0391003139024977
21,0.5054211844694028,2.951606196498155
22,0.5004170141039141,2.9517910911999117
23,0.5150125104750665,2.873419173863453
24,0.512718932468559,2.8367961576523832
25,0.4947873228186861,2.897682991695961
26,0.5004170142033381,2.811855417574516
27,0.5168890743776596,2.75570984698018
28,0.5050041701666408,2.790183659092996
29,0.5137614679147643,2.7287920638856735
30,0.5016680566642163,2.749874193932833
31,0.5043786488243498,2.7151912429911382
32,0.5150125103259305,2.6712156511327443
33,0.5123019184143569,2.6635605899168113
34,0.5083402836193534,2.658047147747673
35,0.511467889808833,2.6155390164770616
36,0.5164720600500416,2.567342144931924
37,0.511467889858545,2.5910500161741257
38,0.5143869891576314,2.542012805039928
39,0.5139699750288612,2.5134123463348312
40,0.505629691409508,2.549182396714542
41,0.5158465389314545,2.519021930448009
42,0.5068807338952421,2.523657102203051
43,0.5237698080989099,2.454117928076228
44,0.5110508757297748,2.4671299364091555
45,0.5112593827693038,2.4630417447969055
46,0.5148040034852494,2.450966554447648
47,0.5210592160630564,2.4195549595445467
48,0.5102168472982427,2.4111072959454485
49,0.5268974145618054,2.3650739403741374
50,0.5166805670647148,2.4010560098939187
51,0.51897414527007,2.391665480950159
52,0.5170975812183409,2.3608420090043016
53,0.5223102584990788,2.309713785204915
54,0.5102168474473786,2.3567151076799635
55,0.5166805671889947,2.3039202501219047
56,0.5239783154118548,2.3054769216128643
57,0.511467889808833,2.318097770164369
58,0.512301918290077,2.3067941432997423
59,0.5173060885561417,2.2958712575831344
60,0.5133444536120023,2.278009824100587
61,0.511884904012171,2.2729357802142096
62,0.5160550458964156,2.274180351246189
63,0.5195996664383692,2.260338424940324
64,0.5202251876066684,2.2606097572142128
65,0.5175145954465349,2.235513702743346
66,0.524186822277392,2.227811734809589
67,0.5221017515092616,2.202155460209723
68,0.5421184320764009,2.1657231458531907
69,0.518140116788826,2.2325192020772593
70,0.536905754820519,2.1833533831096075
71,0.5277314428690576,2.1733764132626163
72,0.5260633862048413,2.1799251420782246
73,0.518557131091588,2.1819641464844257
74,0.5181401166645461,2.175884251001977
75,0.5304420349794791,2.1478755694811698
76,0.5268974144126695,2.1612620266205673
77,0.5097998332191845,2.1765199508937427
78,0.5281484569481157,2.1334892898126876
79,0.5329441200006595,2.130434928087516
80,0.5362802335776519,2.1264100975548854
81,0.5373227690238571,2.125101185123358
82,0.536280233552796,2.1059789802751707
83,0.5350291908930698,2.103821504304964
84,0.5314845704256842,2.104451096385991
85,0.5298165138111799,2.104156767357579
86,0.5275229359289524,2.087087257789313
87,0.5329441201000834,2.090959681780563
88,0.5252293576987412,2.0911782837788992
89,0.536280233428516,2.0788671590568026
90,0.518765638180829,2.092416411543807
91,0.5358632192997459,2.0703754154615743
92,0.5218932443951646,2.0838941290937334
93,0.536905754944799,2.0646963326308607
94,0.5383653045694862,2.0613770335788426
95,0.5229357798165137,2.0523543258425194
96,0.5287739783649746,2.055892820851419
97,0.5381567972316853,2.044670408422297
98,0.5225187655386078,2.055573405774063
99,0.5200166804925713,2.0593963896263827
100,0.5391993327027464,2.0349910823974735
101,0.5352376981065907,2.029777048029832
102,0.5358632193494579,2.02929974338032
103,0.5291909924191769,2.027680438990589
104,0.536280233478228,2.021358126496354
105,0.5404503752133367,2.0126177435422363
106,0.5381567974305332,2.002879430692926
107,0.530233527840526,2.0065969866051883
108,0.5435779816762322,1.992265654962395
109,0.54920767321002,1.9808154394469528
110,0.5375312759888182,1.9902152168044853
111,0.5323185987826483,1.993636454215539
112,0.5446205170478694,1.9801540997149647
113,0.5517097581566325,1.9798542584251424
114,0.5350291909427818,1.9788713927463852
115,0.5485821519422969,1.9746406664939797
116,0.5275229357798165,1.9749049610451324
117,0.548165137515255,1.9642396221765386
118,0.5462885738115096,1.9675536066219148
119,0.5417014177984949,1.9656078059838353
120,0.5260633863042652,1.9591997694829983
121,0.5410758967296196,1.9519702447663754
122,0.5358632193991698,1.9487011037934712
123,0.5433694744627112,1.9508201206993123
124,0.5387823185242644,1.9446390168283063
125,0.5423269391407859,1.9433011229183397
126,0.548165137540111,1.9426023518671285
127,0.5291909923446089,1.9523591917688594
128,0.5500417014427041,1.922843783969577
129,0.5429524602842292,1.9255386513406978
130,0.5402418682732316,1.9247185101202868
131,0.5337781486061834,1.9357504776063017
132,0.5479566306745738,1.9099348742729232
133,0.5462885738612215,1.9157628723737894
134,0.5512927438538705,1.9101172624974574
135,0.555045871609345,1.9042164997024473
136,0.5527522935282697,1.898852681696067
137,0.542326939016506,1.9080975548837262
138,0.554211843103245,1.894598985235327
139,0.5400333610597107,1.9000373372840722
140,0.5527522936276936,1.8948667150820366
141,0.5442035029190992,1.897264446587837
142,0.5554628856884032,1.8907796421878234
143,0.5479566305751499,1.8880667835598295
144,0.5489991658970751,1.8872251981889536
145,0.5581734777988246,1.8773297578518942
146,0.5587989991908276,1.8747787681393469
147,0.5592160132947418,1.8689942749666113
148,0.5515012508933995,1.8688339163006296
149,0.5408673895160987,1.8747478565441955
150,0.5540033362625637,1.86334568863615
151,0.5600500418505537,1.850756293241932
152,0.5552543785494501,1.8605297250087505
153,0.5521267723102585,1.8551400103501423
154,0.5523352794492116,1.8523277531473512
155,0.5610925771476231,1.8531511605432174
156,0.5523352793994996,1.8506556984978582
157,0.5519182652210175,1.8499723733515416
158,0.5623436198322052,1.841301812043878
159,0.5517097580323526,1.8480336983269507
160,0.5458715594838917,1.8452847474211946
161,0.5504587154969064,1.8403136634747121
162,0.5602585487658029,1.8293702656075395
163,0.5585904922258665,1.8286641373845116
164,0.555045871559633,1.8371271593954486
165,0.5446205172467172,1.8335614046322692
166,0.5577564636700545,1.823887511826834
167,0.5627606340106872,1.8167707199250986
168,0.5665137616170258,1.8129815966810556
169,0.5677648039287682,1.8098970437865143
170,0.5627606337621274,1.8114085146742527
171,0.5656797330363579,1.808344030400134
172,0.56693077559666,1.8010611497331799
173,0.5560884070555502,1.806034796530252
174,0.5700583818855636,1.789978400879447
175,0.5615095911769692,1.796189956012818
176,0.5617180983159222,1.8008568685585702
177,0.5650542117934907,1.7928416470471176
178,0.5713094244210097,1.7875044962284066
179,0.5688073394743972,1.7870780212666413
180,0.5506672227104273,1.7913975029612104
181,0.5640116762975735,1.780946051408292
182,0.5675562968643831,1.7769822241168305
183,0.5579649708587194,1.772599258852363
184,0.5671392825864772,1.769580559893585
185,0.567347789874566,1.765702425190764
186,0.5729774811597941,1.7636779141088046
187,0.5721434529022538,1.7677919334725005
188,0.5750625520273484,1.7626343841250485
189,0.5631776480897454,1.7682088178033328
190,0.5694328608664003,1.760726556865447
191,0.5671392828847489,1.7539232670018035
192,0.5685988322608764,1.7533423212590666
193,0.5738115094919022,1.7490556862475575
194,0.5604670559047559,1.7499983276895328
195,0.5800667223182691,1.741803715684396
196,0.5654712259719727,1.7409732234388515
197,0.5763135947119304,1.7425606115546397
198,0.5829858216670675,1.734117311174617
199,0.5800667222685572,1.730212226522476
200,0.5640116762478616,1.7383970589912165
201,0.5677648040530481,1.734441269627206
202,0.5758965804837365,1.728708166495475
203,0.5744370307099134,1.7240326254441403
204,0.5648457046545378,1.7285712306155474
205,0.5746455377991544,1.7257589440826977
206,0.5831943287563085,1.7112077241942125
207,0.5871559631536164,1.7098879386625059
208,0.5775646371479528,1.7082843837189217
209,0.5854879066882479,1.6976621069442839
210,0.5694328608664003,1.7075814715616895
211,0.5773561299592878,1.7080647286223412
212,0.5754795662555424,1.701330930417135
213,0.5821517931112555,1.6982837688733976
214,0.5811092577644743,1.6985483454902337
215,0.5746455378737223,1.6932120495184548
216,0.5871559633276082,1.691258815251558
217,0.5725604670061679,1.6858943621251263
218,0.5725604671055918,1.685561255875779
219,0.5804837363476153,1.6818555616358104
220,0.5829858214682196,1.6794925803835934
221,0.5804837363724713,1.676763822079898
222,0.5738115095913261,1.6776078723687942
223,0.5729774810852261,1.677446031888591
224,0.5836113426862308,1.6698445607663395
225,0.5946622186645654,1.6679535793999616
226,0.5802752293826542,1.6701230251162722
227,0.5861134279559711,1.6589670306548563
228,0.5990408674889152,1.6608135838425089
229,0.5929941619506371,1.6563774683358174
230,0.5840283570138487,1.657943246163757
231,0.5821517932603913,1.6602010553931077
232,0.5756880735436313,1.6593014735594902
233,0.5998748956967435,1.6420488300872307
234,0.5861134277571232,1.644904472710591
235,0.5900750624527028,1.645754131702108
236,0.584653878132436,1.6379397750596785
237,0.5946622183662936,1.6321022474735951
238,0.5865304419604612,1.641755498976783
239,0.5890325271059216,1.6378882035700055
240,0.5831943287065966,1.632417773882283
241,0.5829858216670675,1.6329922127266343
242,0.5859049207175941,1.6268291652351743
243,0.5988323601511143,1.6188697274075239
244,0.5923686404343542,1.6204007560755433
245,0.5925771477721551,1.617202780065783
246,0.5965387824677347,1.6165082444739003
247,0.5871559633524642,1.6157752333132798
248,0.585070892460054,1.6144363611712866
249,0.5877814845704754,1.610338156177562
250,0.5898665553883178,1.6072978551831218
251,0.6007089240537076,1.605445757222434
252,0.5879899916597164,1.6031195347859921
253,0.5957047540610586,1.6007178544600473
254,0.5942452043866594,1.5926676868298733
255,0.5863219349457881,1.5993387234817453
256,0.6017514594750567,1.590661142944196
257,0.5879899915602925,1.592577831759067
258,0.5900750626018387,1.587390240576985
259,0.5909090909090909,1.5891283805217218
260,0.5944537114261885,1.5809752884459953
261,0.6007089240039956,1.5806927318071902
262,0.6002919100243613,1.5767892859596526
263,0.6032110092737358,1.5750670430061715
264,0.5975813176156681,1.5740177583654689
265,0.6055045871062513,1.5667525650164402
266,0.5932026689404543,1.571125999900875
267,0.5942452043866594,1.5708763687883047
268,0.6048790657888162,1.5582463697555962
269,0.5904920767803208,1.5636145947275806
270,0.610508757446884,1.5573882064389823
271,0.5954962468723937,1.5595822181176702
272,0.596330275080222,1.5549099961353203
273,0.5900750624775588,1.5544314191578028
274,0.6046705588487111,1.5514526606799166
275,0.5994578816176853,1.5471068411891513
276,0.5996663888063503,1.54609632810222
277,0.5892410341454507,1.5446869257194384
278,0.6125938282895824,1.5367403735311156
279,0.5998748958955913,1.535161719012002
280,0.5840283569641368,1.5413346607750709
281,0.5950792326441996,1.5352117697132737
282,0.6071726439196036,1.5249789785205374
283,0.5977898248043331,1.5298480553066263
284,0.6030025020353589,1.5278026809087886
285,0.6094662219509669,1.5185258268216335
286,0.6128023353788234,1.5200244146550665
287,0.6036280232782261,1.516039745821567
288,0.5961217680406928,1.5149746032632123
289,0.6123853209517816,1.5046598381355865
290,0.6063386155377835,1.5149463680607762
291,0.5890325270562097,1.5154613306166431
292,0.6015429524106717,1.5093262596265589
293,0.6073811511082685,1.5020634560310613
294,0.5948707256543825,1.5053318685248458
295,0.6002919099746494,1.5026368830380985
296,0.6146788989334329,1.4949544907809298
297,0.6117597998331943,1.4923468492148417
298,0.6063386155626393,1.489531732778732
299,0.6011259382073336,1.4915284151032728
300,0.597581317814516,1.4928027326808162
301,0.6107172645361251,1.4855761641358414
302,0.6042535445210931,1.4836276240702766
303,0.6201000832536998,1.4766087112474482
304,0.6138448706261808,1.4750948361897092
305,0.6067556296168416,1.4808011555095033
306,0.6090492078221967,1.4762809298454074
307,0.6048790659379522,1.4723003157185355
308,0.609883235980313,1.4695089386342663
309,0.6011259381327657,1.4720958819281966
310,0.5996663886572143,1.4688000183884953
311,0.603419516263553,1.46844278075876
312,0.6044620516600462,1.4646567478092438
313,0.6048790657391043,1.461247173719748
314,0.6096747287916481,1.4604186256096898
315,0.6065471226021685,1.455435604528152
316,0.6080066721771438,1.456212384189736
317,0.6194745621351125,1.4500314012182265
318,0.609049207573637,1.4496905869300212
319,0.6100917430446982,1.4510275266685517
320,0.6073811508597087,1.4437963748793488
321,0.6075896579986617,1.4437061889257106
322,0.6136363635369397,1.4405591244295899
323,0.6063386156620634,1.4419230762573956
324,0.6071726438698916,1.438867493904661
325,0.6184320266391955,1.4363500204953281
326,0.609257714762302,1.430561986935944
327,0.6134278564476987,1.4316276870636864
328,0.6155129272903971,1.4276508805749812
329,0.6077981652370386,1.429079765573554
330,0.6103002502582191,1.4240609604284304
331,0.6086321936437147,1.4215507352222891
332,0.6125938281155905,1.419244982084699
333,0.6144703921424637,1.4178827717664144
334,0.6013344455202785,1.4204034823194158
335,0.6105087571486122,1.413377399738875
336,0.6050875729774813,1.4144012493526468
337,0.6125938280410226,1.4104805129880802
338,0.6134278565471226,1.4095485270073058
339,0.6109257714265183,1.406125959005825
340,0.6084236862562019,1.4039658689817058
341,0.6084236863556258,1.4039650920831332
342,0.6207256047202707,1.3979056200651052
343,0.6146788991074248,1.3965377345295922
344,0.6138448705764687,1.3959540313636392
345,0.609257714762302,1.3924079234645803
346,0.6084236864550497,1.397231278666066
347,0.6080066723759916,1.392919894155609
348,0.6117597998829063,1.3883745222910928
349,0.6184320265894835,1.383185954666615
350,0.615721434503918,1.3817683282347895
351,0.6157214345784859,1.3831415650643737
352,0.6132193494578816,1.3806816659637846
353,0.6109257713270942,1.3805360901445225
354,0.6311509591823224,1.3696392437534795
355,0.6175979984810792,1.3718624375480926
356,0.6186405339272844,1.3739723436428768
357,0.6144703920927517,1.3700497660465893
358,0.6148874061220979,1.3663234890650668
359,0.615512927340109,1.364937239930071
360,0.6182235197488023,1.361931038459606
361,0.610300250357643,1.3637978982885646
362,0.6132193494081696,1.3595693017961186
363,0.621142618774473,1.3582639666375167
364,0.6178065053217604,1.3536178679939506
365,0.6071726438201797,1.355571924596155
366,0.6203085903429408,1.3518613827437336
367,0.6257297747129197,1.3478783034005695
368,0.6296914096570592,1.3439800128825412
369,0.6261467890405377,1.3437348098134478
370,0.6317764804500455,1.3409353138706503
371,0.6173894911929902,1.3436571806047837
372,0.6123853211506294,1.3416799875574374
373,0.6236447038702213,1.3442774055598674
374,0.6086321934448669,1.3428958625570748
375,0.6115512926445293,1.3379637295251294
376,0.6309424518942336,1.3275101640206561
377,0.6238532111085983,1.3330823491273869
378,0.6244787322271854,1.3283384914095944
379,0.6217681402658999,1.3272963929315524
380,0.6278148458538898,1.3242300787600405
381,0.6207256045711349,1.3201865743258479
382,0.6201000833531237,1.3236660848964343
383,0.616346955846209,1.3236994680710092
384,0.6286488740617181,1.3134868561575272
385,0.6213511260874178,1.3165608067826693
386,0.6205170976807417,1.3181988178838582
387,0.634904086888085,1.3090710986943122
388,0.6284403668233411,1.3070411837230234
389,0.6198915761644588,1.3121349734997532
390,0.621768140042196,1.3045591835780777
391,0.6196830693237776,1.3057209223483979
392,0.6230191825030743,1.3032307097870077
393,0.6248957464553795,1.305308363256701
394,0.6242702250882325,1.2995808888118003
395,0.6313594663709874,1.2969480035104186
396,0.6276063387646488,1.296630163109233
397,0.621976647255717,1.297462028200374
398,0.621768140166476,1.293937220784204
399,0.6307339451032643,1.2899687850942603
400,0.6265638031195958,1.291853425202517
401,0.6305254379145994,1.2897571548011721
402,0.6357381149964894,1.2829621466524508
403,0.6188490408673895,1.2883975444186022
404,0.6311509590331866,1.2835910466435156
405,0.6288573811509591,1.2796212423832045
406,0.6290658881407762,1.274565056326789
407,0.6290658882899122,1.2810742592592852
408,0.6286488741114301,1.2758879749053116
409,0.6209341116106639,1.2773967495155494
410,0.6386572143949997,1.2707719886372544
411,0.6244787323017534,1.2717171328777666
412,0.6255212677231026,1.2729544220018427
413,0.6359466222845782,1.269504185315467
414,0.6209341118095117,1.267400171281498
415,0.6351125937784782,1.2650165496218493
416,0.6330275229854918,1.2628696266067734
417,0.6324020017177687,1.2614529559371668
418,0.6286488741114301,1.2560925216253247
419,0.621559632878387,1.2608092560978905
420,0.6376146790482184,1.2549785303015626
421,0.6271893245861667,1.2606195464941539
422,0.6301084235869814,1.2497095303101973
423,0.6228106755132572,1.2549892903567355
424,0.6363636364133484,1.2489816733854229
425,0.6340700585311209,1.243283195531398
426,0.6286488739622942,1.2496292448918753
427,0.6349040867886611,1.242728920555592
428,0.6317764802511977,1.2442613142147176
429,0.6311509591823224,1.2463002340111562
430,0.6388657213848168,1.2396369559054976
431,0.6409507923766511,1.2355784156901126
432,0.6290658883396241,1.236380172133744
433,0.6442869059039316,1.2332290028213362
434,0.6298999167463002,1.2378775006637064
435,0.6353211008677192,1.231833940948219
436,0.6196830693237776,1.2341087159760502
437,0.6361551291252594,1.2276798123812258
438,0.6417848207336152,1.2279682250893842
439,0.6311509589834746,1.2237656834326356
440,0.6374061717352736,1.2278857674570856
441,0.6361551291749714,1.220892535138866
442,0.6363636362642124,1.2236012650888297
443,0.6371976647206005,1.2189959743999261
444,0.6376146788493706,1.21406929765372
445,0.6351125939276141,1.2169419489272741
446,0.6376146789239385,1.2134056767391304
447,0.6294829023192583,1.2192566136303695
448,0.6351125937784782,1.2140730806347526
449,0.6436613843876486,1.2066753665241627
450,0.6424103418024905,1.2133176111001784
451,0.6319849874398626,1.2081340464877526
452,0.6301084235869814,1.2098720757736574
453,0.6288573810515352,1.2066522099953876
454,0.6390742284740578,1.2052085305174953
455,0.6315679732116687,1.2061599881774292
456,0.6355296079569602,1.2021629056699878
457,0.6363636364133484,1.2012974777452343
458,0.6298999164977404,1.2021322963235774
459,0.633653044104079,1.2043715451934915
460,0.6303169307259344,1.200609741258661
461,0.6326105089064337,1.197498463510572
462,0.6332360301741567,1.1937704158883178
463,0.6403252709100801,1.1891693044842233
464,0.6269808172980779,1.196699423428075
465,0.6371976646708886,1.1878752595091782
466,0.6384487074051826,1.1889888335507148
467,0.6419933278228562,1.1853567999139043
468,0.6351125937287663,1.1864261311029174
469,0.6459549625681479,1.1820195247174503
470,0.6442869057547956,1.1823226570387102
471,0.6422018348126733,1.1814532642865598
472,0.6276063385409449,1.1826321861960671
473,0.6349040867389492,1.1809883930963512
474,0.6388657213351049,1.1727633306242407
475,0.6388657215836646,1.1759041144114122
476,0.6442869057547956,1.173416981108493
477,0.6451209340620478,1.1673273100666048
478,0.640950792476075,1.1718059329811585
479,0.6380316930278527,1.1733548888770415
480,0.6503336111936497,1.165109122863305
481,0.6363636364133484,1.164210498482113
482,0.6434528772486956,1.1654780094975525
483,0.6394912426525399,1.166527884616963
484,0.6401167640693989,1.1617731412715768
485,0.634278565520938,1.1627346399528369
486,0.6430358631199256,1.155278463677827
487,0.6422018349618093,1.1614661868956806
488,0.6449124270722307,1.1546697480366368
489,0.6411592992670443,1.1552982537124035
490,0.6311509591823224,1.1587864732225306
491,0.6417848205844793,1.1523738102280567
492,0.6430358633187734,1.1494768710808518
493,0.6455379484393777,1.15226906851195
494,0.6426188489414435,1.147459861931948
495,0.6430358633187734,1.1528763761114735
496,0.6467889908256881,1.146378894862381
497,0.6374061719589774,1.1442342105758896
498,0.6430358633684854,1.1481336413869467
499,0.6419933278228562,1.140407239923485
