epoch,categorical_accuracy,loss
0,0.5471226020939057,5.459346888958165
1,0.5168890743776596,4.8647125843070365
2,0.5016680567139282,4.645621213841379
3,0.5031276062889035,4.521862354946693
4,0.5035446205419536,4.361300458104735
5,0.4960383652298524,4.283482573050275
6,0.512093411200836,4.147030633921619
7,0.5050041701666408,4.112297822078931
8,0.5123019181657971,4.040612152559346
9,0.5120934113251159,3.9685671114742607
10,0.5054211843699788,3.9191707039595247
11,0.5154295245292686,3.8951273835431146
12,0.5254378648128383,3.8470298864127597
13,0.5198081734778982,3.827904235133536
14,0.5223102585985027,3.771706972249455
15,0.5398248540698936,3.735912674759904
16,0.5369057548453751,3.731960176129059
17,0.5216847372810676,3.732079934039844
18,0.5250208507089241,3.682916642229591
19,0.5266889075222763,3.6720432026173495
20,0.5406588824020017,3.6315043929022885
21,0.5296080066225148,3.6395874743266736
22,0.5344036698241945,3.6208041286945742
23,0.5312760633861552,3.6045564622855166
24,0.5354462051958317,3.5903515809769426
25,0.530442034929767,3.572387021019421
26,0.5429524602842292,3.5544011972664395
27,0.5283569640870687,3.558988015586083
28,0.548582151693737,3.525417063413211
29,0.5552543785494501,3.510963426220904
30,0.5310675561974901,3.5126847695866856
31,0.5417014177984949,3.501701286974502
32,0.5431609674728941,3.4803188053939222
33,0.5341951625858177,3.4800725490277364
34,0.5464970809504626,3.4636649693718944
35,0.5460800666228446,3.4517808855325605
36,0.5558798999165971,3.4314439718279868
37,0.5517097581317765,3.432164914812815
38,0.5692243536777353,3.4143310847930652
39,0.5646371976150086,3.403152156810745
40,0.554837364470392,3.3942388138043276
41,0.5604670558798999,3.3779318569301067
42,0.56734778984971,3.374589325687704
43,0.5590075062552127,3.3617592132320198
44,0.560675562969141,3.350926484536687
45,0.5523352793994996,3.350176490874366
46,0.5556713928273561,3.3285273803682305
47,0.5665137614678899,3.31963393725983
48,0.5681818181321062,3.3078216615570297
49,0.5656797330115019,3.297615490126749
50,0.5683903254201951,3.285560381024753
51,0.5694328608664003,3.279310405005804
52,0.5752710590668775,3.2669471383989603
53,0.5677648038542003,3.2520502393100537
54,0.5804837364967511,3.24071707717571
55,0.5756880735436313,3.2349170206784206
56,0.5698498748957465,3.2254755397554833
57,0.5781901585648117,3.2109699090189294
58,0.5752710592657253,3.196935058336043
59,0.5731859884727389,3.1904345264625706
60,0.5861134279062591,3.1749552656353464
61,0.5744370309087612,3.164615300817227
62,0.5809007505260974,3.1564371261723942
63,0.5827773144038346,3.147025871515473
64,0.5917431193157671,3.124734041390566
65,0.5865304420350292,3.1216180211211166
66,0.5927856546625483,3.1014017933502704
67,0.5990408673894912,3.0964803618128047
68,0.5892410340957387,3.0880262070243014
69,0.6013344452965746,3.066811547267427
70,0.6059216011853095,3.0585122020966415
71,0.6044620516103342,3.049390802192529
72,0.603836530491747,3.0340866360493357
73,0.6073811510585565,3.0208613279961467
74,0.5979983319432861,3.0129945258282937
75,0.6073811510088446,3.00189409482668
76,0.6140533778645577,2.9824633789221577
77,0.6119683068230114,2.9745243317490324
78,0.6246872393661385,2.963654595876953
79,0.6105087572480361,2.952295432198137
80,0.6169724770642202,2.9424772990356396
81,0.6319849875392866,2.9228304166213186
82,0.6288573811509591,2.9089916957428894
83,0.6159299416180151,2.905589766060938
84,0.6186405338278604,2.8866125427751963
85,0.6292743951803053,2.8786312380465398
86,0.6324020016183447,2.8620549851004733
87,0.6267723101591248,2.8524332501870377
88,0.628648874161142,2.8414540091984666
89,0.6253127605592936,2.8319533179460517
90,0.6313594661472836,2.8183262298463085
91,0.634695579798844,2.8116234748735343
92,0.6430358632193495,2.791725597747472
93,0.6324020018171926,2.785358926671261
94,0.6542952461377892,2.7630426989086874
95,0.6432443703085905,2.759668489214378
96,0.6436613844373607,2.7507550358474004
97,0.6549207672563765,2.728871087017807
98,0.6424103418024905,2.728483506696636
99,0.6492910758965805,2.707316944060274
100,0.6605504586161725,2.693724120031107
101,0.6630525436870648,2.6830531544641616
102,0.6520016682058498,2.6781343719778308
103,0.6584653877237621,2.666530772782645
104,0.659299416279574,2.658327492800626
105,0.658048373495568,2.648994218318834
106,0.6747289407342747,2.6276517733620843
107,0.6622185155289485,2.6220641649196903
108,0.6674311925114146,2.6062294436654416
109,0.671392827505266,2.5961592929178323
110,0.6703502920093488,2.585250278429949
111,0.6776480400333611,2.5763829863996084
112,0.6695162636026728,2.5692623874562495
113,0.6716013343956592,2.561251515045675
114,0.6788990824693835,2.550311231334772
115,0.6784820684400372,2.5354197653658295
116,0.6809841535109297,2.5199470832210666
117,0.6759799834685688,2.5194320191533692
118,0.6853628022358554,2.4993647467205182
119,0.6916180151616463,2.487541179044531
120,0.6788990826682313,2.483478336954634
121,0.6861968305928197,2.469493279365622
122,0.6966221852537192,2.4586983092930836
123,0.6947456215002619,2.4451426690175593
124,0.6978732277394534,2.4424887819027683
125,0.6947456213014139,2.4295315734538763
126,0.6895329441201001,2.429566772308222
127,0.6939115928947379,2.4110790852012984
128,0.695996663985996,2.4050927402776314
129,0.6907839868046822,2.3968744729338733
130,0.7037114263376263,2.380074680796059
131,0.7053794828527067,2.373537800727634
132,0.7068390325271059,2.3544757636613505
133,0.7095496245878155,2.3496149616305084
134,0.7049624687736485,2.3431574445252026
135,0.6984987488083286,2.3345252861073855
136,0.7120517097581318,2.325031275546382
137,0.7089241034195163,2.3172840918969673
138,0.7222685570315185,2.3030520634814238
139,0.7160133445531354,2.2901402048710686
140,0.7072560465564521,2.286417527035736
141,0.7233110924280117,2.2717329580849466
142,0.7176814012173517,2.2692085704373954
143,0.7178899082568807,2.2557001189453785
144,0.7218515428033245,2.2553253905588235
145,0.7253961633204221,2.2401803245735326
146,0.7278982485404504,2.2324645594818775
147,0.7304003336610547,2.2202747715225413
148,0.7208090074068313,2.2168206842468616
149,0.7253961636186939,2.21029312119472
150,0.7358215178321857,2.192494601185268
151,0.7345704754955874,2.1867256146654475
152,0.738115095962973,2.1764861883174587
153,0.7335279399499584,2.172953827168367
154,0.7335279398505343,2.15997527936183
155,0.7416597162812227,2.1523216697352443
156,0.7308173479389607,2.14709135648904
157,0.7487489574645538,2.1356915890723096
158,0.7462468724930853,2.129792837225665
159,0.7360300250705627,2.125217633012735
160,0.7452043370965921,2.1115808616189584
161,0.7466638867212794,2.1017254818668953
162,0.7456213511259383,2.094872018513429
163,0.7591743117774696,2.0814217421489523
164,0.756672226955137,2.078560901940913
165,0.7541701416356847,2.0667776602123857
166,0.7564637199156079,2.060735990446344
167,0.7581317764804003,2.0526278263534277
168,0.7537531274572027,2.0460011471898683
169,0.7612593829681518,2.0378175436008763
170,0.7547956631519677,2.036183486688724
171,0.7731442869554668,2.0186800566984275
172,0.7612593828190158,2.0149417569778483
173,0.7652210175643075,2.007025053741735
174,0.7673060884070059,2.0013426310624354
175,0.7687656379819812,1.9894219843718883
176,0.7760633862545532,1.984144938399734
177,0.7623019181657971,1.978087732253023
178,0.7654295246038365,1.9715105704807858
179,0.7629274393838082,1.968292154999352
180,0.7729357797668018,1.9525434582108154
181,0.7693911592994161,1.9480702868096524
182,0.7848206838535408,1.9370178366025554
183,0.768557130942452,1.9359201403634563
184,0.7806505422675679,1.9206848113709831
185,0.7746038364310182,1.9199309094534802
186,0.7779399501074344,1.9089953310793892
187,0.7823185988820722,1.9043417978127666
188,0.7850291909924938,1.89853674854409
189,0.7841951627349535,1.893505827002569
190,0.7891993326281785,1.8864711987365774
191,0.7787739782158388,1.8801170015852087
192,0.786280233378804,1.8708493132905428
193,0.7891993329264503,1.8615557411693353
194,0.7864887406668929,1.859985060548663
195,0.7962885738612215,1.8470444363092162
196,0.798582151842873,1.8344072930707447
197,0.7923269391656419,1.8409323254856496
198,0.7875312760136742,1.833971127556999
199,0.7894078400156913,1.8237182339397044
200,0.8029608008163586,1.811186570739428
201,0.7975396162972438,1.810282800474
202,0.8017097580323526,1.8015774813565342
203,0.7977481234361968,1.8006005718670257
204,0.7971226020193378,1.7916468576752613
205,0.8054628856386912,1.7873293714189251
206,0.8037948289744749,1.7754929332160472
207,0.7975396164960917,1.7805599222787725
208,0.8008757296256764,1.767843144053315
209,0.8102585487906588,1.7561960135826575
210,0.8138031693077564,1.7507907642335867
211,0.8054628857381151,1.7518810095441053
212,0.8142201836353744,1.7395617673554153
213,0.8138031692580445,1.733356008537617
214,0.8169307754972361,1.728702079862033
215,0.8135946621190915,1.721748927317628
216,0.8154712259719727,1.7110872943765227
217,0.8127606340106872,1.7114972158508364
218,0.8150542118432027,1.702415344514282
219,0.8150542117934907,1.6988670328838613
220,0.8192243536777353,1.693189482871844
221,0.8202668890245166,1.6889969185056837
222,0.816930775646372,1.6929231209989584
223,0.8219349456390209,1.6803810763498264
224,0.8190158464890703,1.6736065873113446
225,0.8275646370982408,1.6641453573164888
226,0.822768974045697,1.6626777576346314
227,0.8313177647045794,1.643180007035778
228,0.8325688073891615,1.6443037785919037
229,0.8363219347966523,1.636980514908155
230,0.8306922434865682,1.6408086369890686
231,0.8336113429347906,1.62793309605052
232,0.8319432861214384,1.6227242717949721
233,0.8329858216670675,1.6199527628924868
234,0.8400750626515507,1.603415888085576
235,0.84153461232595,1.607023160889111
236,0.8381984988980934,1.6022186365795692
237,0.8390325271556336,1.5967816945609696
238,0.8402835695916558,1.587209632239608
239,0.8388240201161045,1.5848944370104334
240,0.84758131766538,1.5762530288863321
241,0.8434111760794073,1.5773428687460727
242,0.8429941619506371,1.5689988673180715
243,0.8452877398825765,1.5667076435956089
244,0.8425771477721551,1.5583615544639695
245,0.8550875730271932,1.5520524228981278
246,0.8509174313417964,1.5473840342053182
247,0.8486238533104331,1.539895479235677
248,0.8454962469221057,1.5424218332896737
249,0.848206839181663,1.5316056573858252
250,0.853002501985647,1.5255227554232205
251,0.8625938282895824,1.5178470996342868
252,0.8527939950952538,1.5194405448546104
253,0.8538365303426111,1.515983917595845
254,0.8575896578992378,1.508211309359012
255,0.8530025021347829,1.5041550507239245
256,0.8544620515606223,1.4933340647898683
257,0.8617597996840585,1.4902658514224856
258,0.8594662217521191,1.4821279743892934
259,0.8619683068230114,1.4784099640102562
260,0.8609257713768063,1.479756116071674
261,0.860508757397172,1.4773377045877185
262,0.8573811508099968,1.4703683745771572
263,0.8682235197488023,1.4606540811568922
264,0.8590492076730609,1.465242571687579
265,0.866346955846209,1.4546708974170128
266,0.8723936612353512,1.4440888760982702
267,0.8619683069721473,1.4475806485224605
268,0.866763970124115,1.4359695075252237
269,0.8684320265397716,1.4293595009589812
270,0.8623853212003414,1.435998011371113
271,0.8711426188490409,1.4287398061322807
272,0.8705170976807417,1.4200691128890648
273,0.8773978316256958,1.4102851325417678
274,0.8709341116603759,1.4150597342259692
275,0.8765638032190197,1.4063811387689638
276,0.8794829025181061,1.396858563116931
277,0.8711426188987529,1.3975712356217411
278,0.8761467888416898,1.3945874748277705
279,0.8784403669724771,1.3884540179851554
280,0.8773978314765599,1.3814878949928124
281,0.877606338466377,1.3804192102581785
282,0.8780233526448591,1.3808747044794751
283,0.8788573811012471,1.3736483498947933
284,0.8807339449044165,1.3666496614896824
285,0.8821934947279516,1.3598576885546318
286,0.890742285386834,1.3462687892850187
287,0.8809424519439455,1.3538129293888783
288,0.8863636363139245,1.350742011491809
289,0.88427856557065,1.3450753823034558
290,0.8813594660727156,1.3412878398998664
291,0.8855296079569602,1.336535409155043
292,0.8876146789985065,1.3309522312417241
293,0.8926188490905793,1.3230311010557976
294,0.8871976647703125,1.3238323274704693
295,0.8911592995156041,1.3222008616453016
296,0.8830275227866439,1.3269010650007997
297,0.8913678064557092,1.3135002524381483
298,0.8882402002165176,1.3081124742593837
299,0.8951209340620478,1.297565459111415
300,0.8917848206839033,1.2991084319735886
301,0.8865721434031655,1.2972283691441246
302,0.8949124268733829,1.2904385189099348
303,0.8978315263713171,1.2826187062800378
304,0.9038782319593072,1.27847729522651
305,0.8969974978155052,1.2769267513316507
306,0.8961634696076769,1.273693954477318
307,0.8982485404006634,1.2698773807839019
308,0.8992910758965805,1.2670548534870545
309,0.8932443704080144,1.26854926561494
310,0.9042952460880773,1.2562050004120764
311,0.9076313596153578,1.2510425178481699
312,0.8965804835873111,1.2541047051312826
313,0.9022101752453789,1.2486129610413208
314,0.9101334446365382,1.242999910711745
315,0.9045037532270302,1.2378271784356876
316,0.9055462885240996,1.2376056963250077
317,0.9047122603162713,1.239570587749179
318,0.9067973309601218,1.228649249367161
319,0.9072143454368756,1.223494968481915
320,0.9070058382979227,1.2165097288532591
321,0.9076313595656458,1.2154369497418502
322,0.9134695578158349,1.209576270598188
323,0.9032527106915841,1.2129392031334756
324,0.9074228523769808,1.21225313010864
325,0.9099249373981613,1.2044266652225752
326,0.9138865720937409,1.1917900171152644
327,0.9122185153798127,1.1964697607166077
328,0.9099249375472972,1.1968246746103002
329,0.9076313595656458,1.1889475969794991
330,0.9163886573137692,1.178161125962589
331,0.9120100083899956,1.1820542824278284
332,0.9122185155289485,1.177316926140105
333,0.9130525438859126,1.177869790886918
334,0.9197247707416257,1.1648532340087128
335,0.9182652210672265,1.161211221192259
336,0.9190992492253428,1.1608619578586608
337,0.9195162636523847,1.1588976313612478
338,0.9197247704930659,1.1532697990797678
339,0.9180567139779855,1.154129659363983
340,0.9190992493247667,1.150578345727483
341,0.927439533043544,1.1350217797141755
342,0.9220183487232771,1.1459358604477285
343,0.9168056714922513,1.1421612014961402
344,0.9176396997000795,1.1354596579045033
345,0.9253544621014217,1.1319699855125178
346,0.9282735614005082,1.1213150240163987
347,0.9234778983479643,1.1236830095731785
348,0.9230608841197704,1.1216058919984564
349,0.9249374477240918,1.1160545743834087
350,0.9303586320443586,1.112289255514455
351,0.9259799834188568,1.1149320930515954
352,0.9243119264563687,1.1102155023460292
353,0.9274395328944082,1.1058682429979403
354,0.9165971642538744,1.106459219421915
355,0.9295246036873945,1.0996978420133487
356,0.9307756464216886,1.0931915477278633
357,0.9309841534612177,1.082648197147029
358,0.9291075896083364,1.0913904699511683
359,0.9234778980994045,1.095727166898853
360,0.9274395328944082,1.0884174538016618
361,0.933694745720775,1.0764701480762078
362,0.9341117598992571,1.0760804015064955
363,0.9353628022855675,1.0705884234720315
364,0.9311926606498826,1.0687947082360454
365,0.9286905755789903,1.0699319772863507
366,0.9336947457704871,1.0690386615463652
367,0.9318181819176058,1.0646355634336178
368,0.9343202669884981,1.0580485549641212
369,0.9366138448210136,1.060158137384308
370,0.9345287739286033,1.0552729054030228
371,0.9366138449204375,1.0481914483675667
372,0.9303586320443586,1.0536290035335296
373,0.9284820683903253,1.0527819160424838
374,0.9370308589000718,1.045464965678733
375,0.933277731542293,1.0449410761466515
376,0.9368223520096786,1.0394673529418932
377,0.9347372811669802,1.038864255249749
378,0.9299416178658766,1.041536779280401
379,0.9416180151119343,1.0287988469240763
380,0.9409924937944993,1.0258518130307996
381,0.9484987488083286,1.0131106297108807
382,0.9405754794171693,1.022098302045795
383,0.938490408624183,1.0192849395471975
384,0.9416180148633745,1.0132306567125264
385,0.9412010006848924,1.0119003067422252
386,0.9401584652386873,1.011577899601183
387,0.9443286072720678,1.004750204344806
388,0.9424520433197626,1.0053714477986073
389,0.9445371142121729,0.9993096247029563
390,0.9364053378809085,1.004998612741911
391,0.9434945787659678,0.9998754800807644
392,0.9409924938442112,0.9992986771342554
393,0.9445371143613088,0.9903815068534456
394,0.945788156896755,0.9900586265042188
395,0.9416180151119343,0.9896073882732916
396,0.9482902417190876,0.9797931927457464
397,0.9378648872570359,0.9903418051888289
398,0.9447456213511259,0.9775898066831689
399,0.9459966638865721,0.9744160395050367
400,0.9416180148633745,0.9831301131976258
401,0.9466221851045833,0.975694437540005
402,0.9462051709758131,0.9720207018291483
403,0.9526688907422852,0.9650508042073827
404,0.9437030857557849,0.9643435894796707
405,0.9499582986815758,0.9587645170786064
406,0.9474562133621235,0.9612162380142943
407,0.9472477064220184,0.9607026219566829
408,0.9455796495589542,0.9558759983924153
409,0.9484987488083286,0.954636745993747
410,0.9512093409684621,0.9524617683798
411,0.9512093412170219,0.9437053944291026
412,0.9505838199492989,0.9464362508759486
413,0.9434945786665438,0.9507257347309759
414,0.9522518766632271,0.9413379504344581
415,0.9497497914929107,0.9405220990085522
416,0.9497497915923346,0.9396144352026837
417,0.9476647206999244,0.9351360527946115
418,0.9495412843539578,0.9300435488178295
419,0.9491242701754757,0.9310179795693914
420,0.9476647204513645,0.9326598171495815
421,0.9535029191986732,0.920094332215784
422,0.9487072561461295,0.925588337404714
423,0.9545454546448785,0.920688245423741
424,0.95767306088407,0.9143391524482708
425,0.9537114260393545,0.9155228510312581
426,0.9530859047716315,0.9133982081727449
427,0.9535029190992493,0.9138806398656589
428,0.9537114261884904,0.9127085853159875
429,0.9530859049207673,0.9109425608867203
430,0.957464553894253,0.9017353302444191
431,0.9543369475556375,0.9023230179734186
432,0.9514178483559749,0.9055785259870412
433,0.9585070893404581,0.8954189673277415
434,0.9535029190992493,0.8986056807440852
435,0.9493327772647168,0.8963588801794394
436,0.9562135113588067,0.889232664231562
437,0.957047539566635,0.8937932974701628
438,0.9520433694745621,0.8934778171444655
439,0.9562135112593828,0.8901430711933133
440,0.9541284403172605,0.8811479574248033
441,0.9543369473070776,0.8819876936597562
442,0.9562135112096709,0.8794545967246812
443,0.9570475397157708,0.8789592377338139
444,0.9549624685748007,0.8770977581810017
445,0.9570475396163469,0.8734593529617717
446,0.9543369474065015,0.8788866186460125
447,0.9580900751619761,0.8669853442106971
448,0.9605921599843087,0.8632612635534539
449,0.957464553894253,0.86258329074516
450,0.9564220184480478,0.8673291543406979
451,0.9599666388657214,0.8582889284065508
452,0.9589241034195163,0.8611464068430279
453,0.9553794827532828,0.865006889473706
454,0.9587155963302753,0.8553979420681811
455,0.9585070893404581,0.8512990920617244
456,0.9601751460543864,0.8500092520725737
457,0.9570475394672111,0.853448518223321
458,0.9612176815005916,0.8475514276510879
459,0.9566305255372888,0.8494380894454944
460,0.9570475396163469,0.8479595415983924
461,0.9553794830018426,0.8466855890558003
462,0.9580900750625522,0.8434054335024677
463,0.9591326106081812,0.8418258381347242
464,0.9593411175979983,0.8405238818983121
465,0.9614261884904087,0.8346038862404175
466,0.9647623018685533,0.831043061561839
467,0.9580900750625522,0.8411408551441222
468,0.957673060983494,0.837555964406676
469,0.9620517097084198,0.8271682662104844
470,0.9605921600837326,0.8280711265481244
471,0.9649708088583704,0.8216771801577895
472,0.9599666389651453,0.825235313132368
473,0.9620517096089959,0.8194433565533489
474,0.9578815678241752,0.8240192213885679
475,0.9612176812520318,0.8222999318228651
476,0.9614261885898326,0.8185815017754282
477,0.9641367806505421,0.8155767420016298
478,0.9649708090075062,0.8084522966447724
479,0.9645537949284481,0.8077533950996558
480,0.9593411175979983,0.8161492068336048
481,0.9660133445531354,0.8043160629431539
482,0.963511259382819,0.8053066799101778
483,0.963094245204337,0.8059880590319534
484,0.963094245055201,0.8030500044118771
485,0.9612176815005916,0.806523021009189
486,0.96371976647206,0.7996780699844456
487,0.9616346955796498,0.8014770582678717
488,0.963719766571484,0.7958902711168342
489,0.9643452877397831,0.7968303966860258
490,0.96288573796596,0.7937130704335713
491,0.963302752144442,0.795007156271851
492,0.9666388658208585,0.7881406937866433
493,0.9608006673221094,0.7912546329641461
494,0.9620517097581318,0.7894287140196418
495,0.9614261885898326,0.7874274568521946
496,0.9647623019182652,0.7842609415062275
497,0.963094245204337,0.7838763500671768
498,0.9658048373644704,0.778708885867363
499,0.9658048372153345,0.7806833018055551
