epoch,categorical_accuracy,loss
0,0.6011259382321896,7.6082643667194025
1,0.5644286904263437,5.999052055683406
2,0.54795663045087,5.246748989875163
3,0.531484570624532,4.879125141321967
4,0.5256463719766472,4.713452802090171
5,0.5170975812680528,4.549067756551022
6,0.5145954961723045,4.462718052104476
7,0.517931609600161,4.357312119732906
8,0.524603836555298,4.262044297744077
9,0.5262718931449464,4.1972855600940875
10,0.5152210174151716,4.14255146109332
11,0.5268974144126695,4.079778582578505
12,0.5337781486061834,4.005764790432368
13,0.5191826521604632,3.9743687901723574
14,0.5450375312263515,3.8821163455877232
15,0.5394078397174196,3.85120365796634
16,0.5344036697247706,3.8377433894971094
17,0.5331526271147565,3.76993655442595
18,0.525229357847877,3.785495029676945
19,0.5410758964810598,3.71951541510893
20,0.5414929107838218,3.7036395303600522
21,0.5364887407663169,3.6663383212658243
22,0.5389908257129293,3.6618635885112973
23,0.5389908255886494,3.630334632609465
24,0.5283569640373568,3.616916146051695
25,0.5352376981314467,3.6004933233157708
26,0.5396163469557965,3.5742484811348554
27,0.5412844035703008,3.550529341781209
28,0.5437864886411933,3.5259117598927348
29,0.5421184321758248,3.5092448022983986
30,0.5525437866378765,3.4884195578307087
31,0.5400333610348547,3.4950403393657132
32,0.5515012510673915,3.4771122502922713
33,0.5406588823025777,3.4745955021804926
34,0.5508757298245243,3.4370331483845713
35,0.5625521266231743,3.4147097901367367
36,0.5646371978138565,3.4084724870893335
37,0.5442035028445313,3.3957804331091466
38,0.5617180984153461,3.3837481835566527
39,0.5554628856884032,3.3823958779494894
40,0.5540033361631398,3.370840916740984
41,0.5623436196085013,3.34591705824953
42,0.566305254304081,3.32669849113388
43,0.5752710591165894,3.321226115023921
44,0.5642201833868146,3.3221189548215637
45,0.5798582153284519,3.3006545485209386
46,0.5638031692331885,3.288904062800849
47,0.5696413677070815,3.278992668602047
48,0.5542118433518047,3.282826874035413
49,0.5723519600412068,3.262222367987422
50,0.5558799000657331,3.2632079985461897
51,0.5692243536280234,3.23759418412782
52,0.5690158464393584,3.23225450615171
53,0.5700583819849875,3.222942190631615
54,0.5625521266728863,3.2165394036147474
55,0.5706839032527106,3.2146268179259567
56,0.5744370308093373,3.195461452554125
57,0.574020016829703,3.186655730183071
58,0.5758965805831604,3.17484893253985
59,0.5758965803843126,3.1651938824578063
60,0.5733944952637081,3.15346051574847
61,0.5821517931112555,3.142754778054677
62,0.5761050876724014,3.139425838460914
63,0.5900750624029909,3.1248942129407156
64,0.5806922436357042,3.1146129778368064
65,0.5963302752790698,3.099292111058748
66,0.5888240198675446,3.0881493278500236
67,0.5942452042375236,3.079316960661684
68,0.5896580482742207,3.07057164647959
69,0.5888240200166805,3.0657876557961816
70,0.5898665553634618,3.057899373088706
71,0.5957047538622108,3.0443708753466505
72,0.6000834029848323,3.0241345277520595
73,0.5875729774315224,3.025029030912016
74,0.6088407006335318,3.0066409934253073
75,0.5938281900838974,3.006384991724557
76,0.6140533777154218,2.9879866624693756
77,0.6055045870565394,2.9815787696361142
78,0.609674728891072,2.970179849907793
79,0.6119683069721473,2.9569781085070814
80,0.6080066720777199,2.9495321010131454
81,0.6073811509591326,2.940143488962716
82,0.6186405339272844,2.9314720394016804
83,0.6103002502085071,2.921790077449681
84,0.6161384485581202,2.906189069437722
85,0.6161384486078321,2.899258395848024
86,0.6165554627366022,2.8858333061495056
87,0.621768139967628,2.877552506921687
88,0.627397831426848,2.865676874911616
89,0.6276063387646488,2.853025475375547
90,0.6257297749117675,2.849399724535588
91,0.6244787323763213,2.8430038665711033
92,0.6234361968306923,2.8286592397618233
93,0.6353211008677192,2.8101327779195624
94,0.6363636364133484,2.8101480675300428
95,0.633861551243032,2.7962106395702344
96,0.6321934946782396,2.786386069106101
97,0.6311509591823224,2.776318886560435
98,0.6378231860131796,2.762243950734842
99,0.6303169309247822,2.7525261983561258
100,0.639491242627684,2.746486537152275
101,0.6457464553297709,2.733538227343778
102,0.6376146789985065,2.724901624676384
103,0.6490825688570514,2.709089394108865
104,0.6555462886235235,2.69972275673498
105,0.6551292744947533,2.6924641120423867
106,0.6563803167816398,2.679353817191295
107,0.6551292744450414,2.6753365740962978
108,0.6599249374975852,2.6651397594518715
109,0.6540867387999884,2.652755326485017
110,0.6659716431849991,2.6387359167358295
111,0.6732693910598755,2.627451099287579
112,0.6613844870228485,2.6289041551378394
113,0.664929107689082,2.6144894372432606
114,0.6576313595159338,2.610167767228038
115,0.6605504586658844,2.6043078098026684
116,0.6778565470728902,2.584162060075049
117,0.6682652210672265,2.5748463818388645
118,0.6730608840203465,2.563329923739525
119,0.6776480400333611,2.559201225228266
120,0.6811926605504587,2.549371986214174
121,0.6832777313434452,2.5354775919130783
122,0.6768140115769731,2.5389092567068423
123,0.6909924937447873,2.5165090425696546
124,0.6851542953951743,2.512652260746133
125,0.6909924936453634,2.497320876308438
126,0.6945371143613088,2.4933359177536127
127,0.7020433694248501,2.474762099499102
128,0.6939115930438737,2.4733082945889686
129,0.6857798163646256,2.4663089614196854
130,0.6932860716270147,2.4475312117639434
131,0.6974562136106833,2.4428058121977894
132,0.6920350290418567,2.43821511057837
133,0.7012093409684621,2.4178431568988867
134,0.7118432026688908,2.4117322520875653
135,0.7095496247866633,2.4057677871888634
136,0.7051709758628896,2.3981684990183725
137,0.7126772311749908,2.3896511823958013
138,0.7168473729100995,2.3729839470110106
139,0.7185154294251799,2.366959078298001
140,0.7178899083563046,2.35958271985058
141,0.7120517099072676,2.352351015264338
142,0.7122602168473728,2.3484673867929566
143,0.7256046705090871,2.338313621317376
144,0.7145537947793122,2.3261646031339134
145,0.718723936464709,2.3184448801745368
146,0.7201834860893962,2.307887558145658
147,0.7237281067059177,2.2969567556993677
148,0.7212260217841612,2.2939073822715064
149,0.7270642201337743,2.2814252955203655
150,0.7212260216847373,2.2749403795667047
151,0.7337364469397754,2.2593581423946376
152,0.7447873226695502,2.2559615137976743
153,0.7278982486895863,2.25328037697042
154,0.7345704752470276,2.241367223563047
155,0.7295663053538026,2.2338807151355375
156,0.7464553794331904,2.2204467733270232
157,0.7402001668056714,2.2159412495785697
158,0.7468723938105204,2.2041559060282068
159,0.7387406170318482,2.2066601829990136
160,0.7458298583643153,2.186575578589356
161,0.7535446205668096,2.1777167012037286
162,0.7412427021524526,2.1773935380431393
163,0.7510425353964932,2.173401782470907
164,0.7414512094405415,2.158505170717152
165,0.7525020849217565,2.1501119262084454
166,0.7485404505244486,2.1496136582225835
167,0.7552126771316019,2.14141168069402
168,0.7535446203679617,2.128068742004407
169,0.7543786487746378,2.1212234908685375
170,0.7600083404327055,2.1138351096820593
171,0.7595913262542234,2.1056472129678605
172,0.7695996664383692,2.092706508493304
173,0.762718932493415,2.090329000410982
174,0.7645954962468724,2.0817244764762286
175,0.7708507088246795,2.0679579550669134
176,0.7789824854542157,2.0617583899621272
177,0.7587572977481234,2.0602290797372773
178,0.7721017515589735,2.0510232273591766
179,0.7718932442708847,2.0423717983968066
180,0.7698081736270341,2.0355489849547133
181,0.7639699751282851,2.040734625041634
182,0.7708507087749675,2.028213769122896
183,0.7729357799159376,2.0197203274664033
184,0.7793994994835619,2.004933881898837
185,0.7783569640870687,2.0019464725449843
186,0.7777314428193456,1.9944333672225227
187,0.7746038363813061,1.996011102467999
188,0.7898248540450375,1.973481177687148
189,0.7929524603339411,1.966340392306012
190,0.7835696413678065,1.9678239669274846
191,0.7806505422675679,1.9637418703997105
192,0.792118431877553,1.9449663194047102
193,0.7835696413678065,1.950758443264488
194,0.7939949958298582,1.937446535279892
195,0.78106755644605,1.9336334865624154
196,0.7858632194488818,1.9296329524538933
197,0.8040033362625637,1.9108439123163232
198,0.7956630524940745,1.9153619776973136
199,0.7937864887406172,1.9034979132635579
200,0.7994161802495491,1.9023583506026598
201,0.7996246872890781,1.891756053066333
202,0.7952460385144403,1.8777935536728987
203,0.8081734779479605,1.8784846118134793
204,0.8062969140950792,1.8671041384053488
205,0.8058798998171732,1.8670520324126396
206,0.8023352793994996,1.8603643470251927
207,0.8108840699092461,1.8456235695521568
208,0.8094245205828307,1.8411772423132546
209,0.8131776480400333,1.836642087649265
210,0.8165137614678899,1.8330607586249001
211,0.8071309424023314,1.8254352319827172
212,0.8129691410005043,1.8143450598402555
213,0.8127606338615513,1.8157911847490784
214,0.8156797330115019,1.8061397380884534
215,0.8204753960640456,1.795194080017128
216,0.8152627189324437,1.7919767648603042
217,0.8240200166805671,1.7829551721633325
218,0.8252710593651492,1.7758630876047996
219,0.8256880735436313,1.7689418613761538
220,0.8233944952637081,1.764761282465078
221,0.8238115094421902,1.754520556447504
222,0.8211009172820568,1.7570724734870269
223,0.8302752293577982,1.749625913892019
224,0.8300667221691332,1.7372385723775778
225,0.8306922435859923,1.7327281518018276
226,0.8323603003993444,1.7291987428474267
227,0.8340283571132727,1.724474724379055
228,0.8386155130765754,1.7153580957298182
229,0.8354879067379599,1.7123492971075087
230,0.8296497080403631,1.7111027767699991
231,0.8336113427856547,1.7038783675138904
232,0.835279399549295,1.6999880728669918
233,0.8423686404840662,1.689591194014434
234,0.8379899915105805,1.6844212247293326
235,0.8363219349457881,1.6811610127211214
236,0.8377814845207634,1.6764712335667677
237,0.8452877398328645,1.6661873575644854
238,0.8521684737778187,1.6545342154260274
239,0.8452877396837287,1.6507003910845772
240,0.8444537115256124,1.651413666297238
241,0.8415346122762379,1.6454548631935342
242,0.8490408674392033,1.6366077875275726
243,0.8517514594999127,1.6321334341747549
244,0.8492493744290203,1.6278816979561774
245,0.8471643037354578,1.6209359610448588
246,0.853419516213841,1.6128275141902921
247,0.8442452042872355,1.6184551945520103
248,0.8519599667382897,1.6070773390753255
249,0.8515429524106717,1.5999369306103004
250,0.8519599664897298,1.5926554648452644
251,0.8648874062215218,1.580199487811829
252,0.8594662219012549,1.582957623997164
253,0.8573811508099968,1.5819852795573053
254,0.8619683068230114,1.568623267878484
255,0.8592577147125899,1.5669811911340352
256,0.8634278563979867,1.5626013201410518
257,0.8590492076233489,1.5634376482728922
258,0.8563386154632154,1.55390757058838
259,0.8650959132113389,1.5430252308443848
260,0.8692660549961596,1.5367764475148753
261,0.8653044204994278,1.5325020236507667
262,0.8646788989334329,1.530791668120377
263,0.8688490409171015,1.524212124747371
264,0.8732276896917393,1.5223064361958827
265,0.8640533779639816,1.5176650867350803
266,0.8738532108600384,1.509761991353707
267,0.8688490410165254,1.5048134280205567
268,0.8684320267883313,1.5037653622177862
269,0.871768140067052,1.4951597876703868
270,0.8751042534949085,1.4885797196373132
271,0.8757297746632078,1.4820204192742992
272,0.876980817198654,1.4818677745131874
273,0.8824020018171926,1.4723268864649948
274,0.8792743952797293,1.4668459623828345
275,0.8732276895923153,1.4722140209191634
276,0.8807339449044165,1.4658445443979793
277,0.8788573811012471,1.457268815919496
278,0.8805254378151754,1.453727928671467
279,0.87823185998266,1.4478168582995798
280,0.8853211009174312,1.4385321017003636
281,0.8838615513921679,1.4352485738862446
282,0.8790658880910642,1.4346031473516125
283,0.8819849873404387,1.4306511162120765
284,0.8855296080066722,1.4245513624902364
285,0.8890742284243459,1.4213680984379353
286,0.8888657212853929,1.4128486657759067
287,0.8871976648697364,1.4134064532002377
288,0.8832360301741567,1.4108243915217433
289,0.8826105088070098,1.4042363898569192
290,0.8930358633187734,1.389818304971022
291,0.8890742285237698,1.3940852140763882
292,0.8976230192323642,1.3775501879579928
293,0.8932443702588785,1.3819319616266843
294,0.8880316932267005,1.3778403276597788
295,0.8886572142955758,1.3771697497546822
296,0.8924103420013383,1.3717897747634749
297,0.896371976597494,1.362482757246226
298,0.8886572144944236,1.3689593079688651
299,0.8984570476390403,1.3576468212391755
300,0.8940783987152666,1.3578887612149555
301,0.8934528773481195,1.3517069507380939
302,0.8942869057547956,1.3475262213986152
303,0.8990825689067634,1.3406661081751552
304,0.8980400332617103,1.3404171210313658
305,0.8961634697071008,1.3371587117778152
306,0.9040867388994123,1.3213974281188545
307,0.8942869059039316,1.3257837336296037
308,0.8986655545791454,1.317488110691831
309,0.9011676395506139,1.3139638810281062
310,0.9032527104430242,1.3127915632535856
311,0.9024186820860601,1.3131828272312855
312,0.9078398666051748,1.2979127302877698
313,0.9072143451386039,1.2938107496703835
314,0.9045037529784704,1.2916594663195256
315,0.9059633026031577,1.2930743324448408
316,0.9067973309601218,1.2865675977113546
317,0.9038782319095952,1.289044231847488
318,0.9086738947632911,1.2791934032257246
319,0.9067973312086817,1.2713835384569334
320,0.9067973309601218,1.2749822948056524
321,0.9042952461875012,1.274018723831463
322,0.908882402001668,1.2683930552135019
323,0.9095079233688151,1.2642412043492728
324,0.9136780650044999,1.2585263175701877
325,0.9078398665057509,1.2553380261469722
326,0.9065888241194406,1.2563344700521384
327,0.9111759798838955,1.2488307288729021
328,0.9088824018525322,1.2501371734036915
329,0.9159716429861513,1.2414354878330947
330,0.9134695579649708,1.2352679712360755
331,0.9178482066898966,1.2293889023444373
332,0.9188907423846616,1.2254570072347468
333,0.9126355295582947,1.2294550079221622
334,0.9163886570652094,1.2210054359801916
335,0.9172226856707334,1.2176037598292564
336,0.9161801499759684,1.2169029277200198
337,0.9090909089417732,1.2195564298653623
338,0.9151376145297632,1.2100739234482079
339,0.9199332777314428,1.2003114382558508
340,0.9176396996006556,1.2007722665708795
341,0.926605504636868,1.1914142238984413
342,0.92055879909859,1.191598040148852
343,0.9243119266552166,1.1843769840641356
344,0.9157631358969103,1.1922512376576886
345,0.9247289408834106,1.1787593872771849
346,0.9234778980994045,1.176977875433533
347,0.9230608841694823,1.1781423620823723
348,0.9238949122778867,1.1730831846582384
349,0.9188907421361018,1.1756092208539375
350,0.9241034193671277,1.163139658534994
351,0.9243119264563687,1.1622676128541758
352,0.9274395329938321,1.1555262222401395
353,0.9222268555639583,1.1566811290952541
354,0.9236864054372054,1.1530842948099094
355,0.9259799832697209,1.149075620963834
356,0.9243119264563687,1.1452879068551212
357,0.9297331108760595,1.14104116211542
358,0.9236864051886456,1.1425489608798054
359,0.9282735613010842,1.137133222803461
360,0.9322351960960878,1.125546759719944
361,0.9253544621511337,1.1335838546943824
362,0.9301501249551176,1.123564242421835
363,0.9284820685394611,1.1244658264545127
364,0.9297331110251954,1.1208681098812316
365,0.9278565470728902,1.1197825105514398
366,0.9255629690912388,1.1164825401075489
367,0.9278565471723141,1.115551004218896
368,0.9280650540627073,1.115318088356508
369,0.9322351960960878,1.1037635863871251
370,0.933069224303916,1.100271830069611
371,0.9349457881070854,1.1018867512560566
372,0.932026688758287,1.0973178049839964
373,0.933277731542293,1.0947730995596598
374,0.9343202668393623,1.0941917643733976
375,0.9361968307916675,1.0878424396904633
376,0.9370308590989196,1.0783815146287945
377,0.9391159297924822,1.080125507361895
378,0.932026688758287,1.082216199086645
379,0.9412010008837404,1.0714382238443738
380,0.9386989158625598,1.068185480859898
381,0.9380733945451248,1.0734042702763154
382,0.9407839865064104,1.06333145526571
383,0.938907422802665,1.057617634211708
384,0.9345287739783152,1.0600226187924726
385,0.939532944219524,1.055467369061296
386,0.9382819016840778,1.059870566697395
387,0.932026688758287,1.0638229293163066
388,0.9405754794668814,1.0489000557262367
389,0.9434945788156798,1.0417735357896998
390,0.9372393662378726,1.0460731979207858
391,0.9403669724273522,1.0372705167288379
392,0.9399499581494463,1.0393792072666794
393,0.938281901435518,1.0397862187020475
394,0.9399499583980061,1.0348076209910617
395,0.9399499583980061,1.0345451833308985
396,0.9378648875055957,1.0308055340796336
397,0.9430775644880618,1.023887061496095
398,0.9361968307916675,1.0270761434886733
399,0.9478732277891654,1.017818563376197
400,0.9466221851542952,1.0152895075266712
401,0.95079232678998,1.006630312511581
402,0.9430775646371977,1.0161171205049757
403,0.9412010009334523,1.0114111752187938
404,0.9414095078735574,1.0084414378715814
405,0.9439115929941618,1.0112602475089167
406,0.9432860715773028,1.0034481452046284
407,0.9416180151119343,1.0010788825474948
408,0.945996663985996,0.9915215701138208
409,0.9439115929941618,0.9948483915802238
410,0.9386989157631359,1.0001465409770423
411,0.9478732277891654,0.9915509739948174
412,0.94474562120199,0.9870393586417254
413,0.9457881566481953,0.9851510744476637
414,0.9491242702251876,0.9793667163423343
415,0.945788156896755,0.9836286867132179
416,0.944745621400838,0.9802778043579916
417,0.9476647206005004,0.9751289512238173
418,0.9434945787659678,0.9800757771238274
419,0.9437030860043447,0.9765699020120081
420,0.9484987489574646,0.9698106853339551
421,0.9470391994322013,0.9682121225155026
422,0.9491242703246116,0.9622715756334396
423,0.9535029189501135,0.959429752936057
424,0.9487072561461295,0.9593363558878195
425,0.9443286071229319,0.9634884577974665
426,0.9505838199492989,0.9497761358013742
427,0.9466221851542952,0.9546256480463551
428,0.951000833978645,0.948058407638747
429,0.950583819700739,0.9493088785860317
430,0.951000834028357,0.9489710782844887
431,0.9497497913437749,0.9414545052045579
432,0.9510008341277809,0.9399302115631263
433,0.9555879900910836,0.9339962833319434
434,0.9528773978315263,0.933156043216524
435,0.9480817347292705,0.9334279278897563
436,0.9491242700760517,0.9371288208985349
437,0.9532944121094322,0.9289372861633906
438,0.9512093409684621,0.9285438332684941
439,0.9478732277891654,0.9336089465496836
440,0.9530859049207673,0.9197073716536673
441,0.9512093412170219,0.920843766171103
442,0.950166805522257,0.9209696343782249
443,0.9557964970809008,0.9144228001849865
444,0.950583819700739,0.9167623992161118
445,0.9526688908417091,0.9177413065797394
446,0.9547539617341195,0.9096527347174955
447,0.9464136779159183,0.9166669609946345
448,0.9520433693254262,0.9099721784289426
449,0.9543369474562136,0.9011317972743184
450,0.9503753128600578,0.9059692498939648
451,0.9543369475059255,0.9000002178577108
452,0.9539199332280195,0.8948831418039801
453,0.9553794829024187,0.8953134049665341
454,0.9526688905931493,0.8950191846084754
455,0.9582985822015051,0.8882254965609565
456,0.9482902418682235,0.8955843709129607
457,0.9553794830018426,0.8845856245405183
458,0.9566305255372888,0.8843096797420543
459,0.9532944118608725,0.8881219305327974
460,0.9539199332777314,0.8847661631817217
461,0.9562135113588067,0.8806459483650946
462,0.9585070893404581,0.8734104766062243
463,0.9535029189501135,0.8795350194971595
464,0.9547539614855597,0.8778461242239112
465,0.95767306088407,0.8667024545514455
466,0.9551709758131777,0.8724764643160873
467,0.9549624688233606,0.8697042351866683
468,0.9564220183486238,0.8710634071594283
469,0.9582985821517932,0.8660866949735233
470,0.9512093409684621,0.8681501881394216
471,0.957673060983494,0.8628051059259982
472,0.9530859050201912,0.8604361719643702
473,0.9535029189501135,0.8592592540932656
474,0.9535029190495374,0.8613945861674032
475,0.9564220181994879,0.8535904665605738
476,0.9557964970809008,0.8577992730681552
477,0.9562135111102469,0.8544804748144619
478,0.9560050041701418,0.8513426611182886
479,0.9610091743119266,0.8425859821349805
480,0.9628857381150959,0.8397659659882801
481,0.9526688907422852,0.8501422120890486
482,0.9641367805014063,0.836452625312837
483,0.9610091744113506,0.8353196471009879
484,0.957464553894253,0.8387099809205164
485,0.9612176812520318,0.8329724580472067
486,0.9580900750625522,0.8373958954620202
487,0.957673060983494,0.8326446002875894
488,0.962677230876719,0.8286597539823785
489,0.9564220182989119,0.8311440727430348
490,0.9578815680727351,0.8294094050795561
491,0.9574645537451171,0.8257250350847952
492,0.9633027523930019,0.8178120660622782
493,0.9597581318759043,0.8224063533559454
494,0.9591326104590453,0.8178903665315916
495,0.9603836530442035,0.8184307350826024
496,0.9585070890918983,0.8177296343299127
497,0.9562135113588067,0.8139975215615184
498,0.95767306088407,0.814869578079545
499,0.963094245055201,0.808371948340816
