epoch,categorical_accuracy,loss
0,0.5373227688747212,5.362721369204867
1,0.5212677231522974,4.877335624758455
2,0.5189741450463662,4.6824355582777315
3,0.5072977480240123,4.595325420656435
4,0.5035446205419536,4.522453014208338
5,0.5145954962468724,4.377353831268133
6,0.5246038365055861,4.2752204860022305
7,0.5260633863042652,4.202480007152541
8,0.5168890742036678,4.17733190097443
9,0.530025020751285,4.073874711393813
10,0.5250208507089241,4.066106546909437
11,0.5273144287154314,4.022458461844195
12,0.524186822327104,3.99694062193997
13,0.5323185987329364,3.9530021132182043
14,0.5348206840026767,3.9103277813304556
15,0.53106755632177,3.901354835071198
16,0.5339866556954245,3.889093279937986
17,0.5348206840523886,3.8500632283287906
18,0.5381567973311092,3.824620845021557
19,0.5414929107589658,3.802692289646712
20,0.5381567973808212,3.791314657774441
21,0.5464970809007507,3.7752564587724318
22,0.5498331943286072,3.7486456727066866
23,0.5504587154969064,3.734403635284322
24,0.548582151842873,3.7113355619893458
25,0.5537948291733227,3.6904917178897683
26,0.5429524603836531,3.6909719151790386
27,0.5525437865135966,3.670600161938194
28,0.5475396163469558,3.661066100237467
29,0.5529608006175107,3.644138339760902
30,0.561718098564482,3.6227684028950007
31,0.55525437879801,3.6127305486184342
32,0.5531693076570398,3.602036874626357
33,0.5702668892233644,3.590804997436994
34,0.5487906587829781,3.584465740719271
35,0.5523352795486355,3.5764018898710197
36,0.554837364495248,3.5563699459413174
37,0.5523352794492116,3.5419764005710324
38,0.5669307754972361,3.5295759571702208
39,0.5604670559296119,3.5197256504246552
40,0.5752710593651492,3.506650287971783
41,0.5769391158305177,3.4847262492271343
42,0.5754795664543902,3.4795220367504816
43,0.5567139281741373,3.479979697021472
44,0.579232693812169,3.455588067940019
45,0.5740200166805671,3.4508849377429316
46,0.5738115094421902,3.4355285545505017
47,0.5602585488403709,3.435837417368694
48,0.572768974145121,3.413526800893763
49,0.5706839033024226,3.3953267279220083
50,0.57944120102569,3.3877954276230455
51,0.579441201050546,3.3779923810473673
52,0.5859049206927381,3.3611633837272765
53,0.5884070058879105,3.341954140388737
54,0.5917431191666311,3.326611885933005
55,0.5871559632530403,3.318950954330673
56,0.5884070058879105,3.3072319199782396
57,0.5840283568150009,3.296410591031632
58,0.5898665554628857,3.276902374970704
59,0.5888240200166805,3.27192832868829
60,0.5938281903076013,3.2598900677662677
61,0.5859049208170181,3.24755906303094
62,0.5894495411849797,3.230109506890215
63,0.5957047539119227,3.219799008540455
64,0.5984153460223443,3.2017474377324326
65,0.6067556296914095,3.185934291669386
66,0.609883236129449,3.17532439466513
67,0.6098832360797369,3.163357315508896
68,0.6111342784660473,3.15014081721111
69,0.6175979982573754,3.134001000510145
70,0.6211426188987529,3.1186847553539514
71,0.6226021684240162,3.1060730760747735
72,0.6238532108600384,3.0986638474802457
73,0.6253127606835736,3.084145196384942
74,0.6240617179989915,3.0718226818565135
75,0.6290658882402002,3.057677819591646
76,0.621976647255717,3.039985854194202
77,0.6390742285734817,3.0300924066109296
78,0.6426188488917315,3.011433704183736
79,0.6324020016680567,3.009637902039503
80,0.6413678065054211,2.995488995408097
81,0.6388657213848168,2.97876124107609
82,0.6444954126949008,2.9680502917788445
83,0.6551292745444653,2.9529688783841297
84,0.6430358632193495,2.942018605352343
85,0.6482485405000873,2.93389400051871
86,0.6528356965628139,2.9184505380721166
87,0.6430358633684854,2.9070115528870266
88,0.6595079233191031,2.888359662589677
89,0.6609674727946545,2.878490734935503
90,0.6513761466398549,2.873499693524549
91,0.6505421184320267,2.8609507964788823
92,0.6551292742461936,2.847169049686944
93,0.6682652209678026,2.8288973320315938
94,0.6674311925859825,2.814357359872648
95,0.6693077564637198,2.805300767865153
96,0.6795246038862424,2.787975957534828
97,0.6732693910598755,2.7838533785663313
98,0.6663886572143453,2.7774727803851484
99,0.6797331108760595,2.7543152120334096
100,0.6743119267546405,2.744731636818893
101,0.6891159298670501,2.732061612993802
102,0.6751459550618927,2.7276586247444947
103,0.6682652209678026,2.717062188348142
104,0.6864053377317726,2.698448648444805
105,0.6889074228523769,2.6869406745869284
106,0.6932860717761506,2.6720131358273136
107,0.6939115928450259,2.6650571719719234
108,0.6968306922932482,2.647073114385597
109,0.6951626354301841,2.6392353813880876
110,0.6947456215002619,2.634705496987668
111,0.7012093409684621,2.6177062194878307
112,0.6878648874558838,2.61581454702573
113,0.7010008341277809,2.592403208841574
114,0.7053794829024187,2.5832208805625094
115,0.6980817347789825,2.5716436137946275
116,0.7114261884406967,2.5572688840050017
117,0.7024603836033323,2.551269211701496
118,0.7108006671729736,2.5453803533310686
119,0.7133027524427139,2.5335696451459158
120,0.707256046805012,2.522242863641569
121,0.7176814012670636,2.506125121239924
122,0.7166388656717225,2.496290220231986
123,0.725813177747464,2.480516184360609
124,0.7145537947296002,2.479534088322478
125,0.7180984151969859,2.4666152620832555
126,0.7189324438522218,2.4570309640567833
127,0.7274812344116802,2.449680981584347
128,0.73185988323603,2.4333379000201636
129,0.73185988323603,2.423575478856816
130,0.7299833192837248,2.4171465823210907
131,0.7364470392490448,2.4049218454591625
132,0.7312343621174429,2.397044430582398
133,0.7408256879739705,2.3849078865226256
134,0.7424937446878989,2.367429562267211
135,0.7333194327115814,2.364705928073912
136,0.7383236030025021,2.352151899560478
137,0.7424937448370348,2.3501871107418006
138,0.7474979148296836,2.3315571352677904
139,0.7504170141287702,2.3258698783982683
140,0.7460383654038443,2.3202727401723853
141,0.7483319433854957,2.307734104471469
142,0.7545871558638788,2.296574697780848
143,0.7572977481234362,2.2843098861163016
144,0.7464553795326144,2.283145277772574
145,0.7550041701417848,2.27095490718902
146,0.755421184171131,2.2547257930860605
147,0.7604253545117636,2.24299076957639
148,0.7633444538108501,2.2380121645080338
149,0.7737698083226138,2.22761932863008
150,0.7648040033361134,2.2180704012625014
151,0.7687656378825571,2.2162710252257565
152,0.7614678900076808,2.2027424626592995
153,0.7660550459212716,2.1953168444279534
154,0.7648040031869775,2.1886504227365426
155,0.7762718931946584,2.176262699831914
156,0.780025020751285,2.164639985988894
157,0.7848206840026767,2.148997595948513
158,0.7710592159139206,2.152899435503071
159,0.7754378648376942,2.1363928300127375
160,0.7856547123099288,2.126793807302543
161,0.7821100917928312,2.1235114267411284
162,0.7785654711265978,2.11983930438235
163,0.7877397831526272,2.1021928874724503
164,0.7852376980320228,2.100648703229139
165,0.7850291910422057,2.0922690851674464
166,0.7869057546465271,2.0833228966710564
167,0.7904503754618966,2.0757964049109425
168,0.7973311091582909,2.0632488150910797
169,0.7975396161978199,2.049600070371938
170,0.7935779817010881,2.052304584946207
171,0.7889908257377853,2.044061791011947
172,0.7952460383653044,2.032653982585624
173,0.7973311092080028,2.0236896431575326
174,0.8040033362625637,2.0136434374698706
175,0.8048373643709681,2.0121949693379153
176,0.7973311093074267,2.0008069989679256
177,0.8037948288750509,1.9920431933271776
178,0.8037948291733227,1.990350303498778
179,0.8040033361134279,1.9782692760701375
180,0.8098415346121768,1.9688397534595519
181,0.8037948288750509,1.9628485563499316
182,0.8156797332103497,1.9523641296582386
183,0.8133861551292744,1.9413432032988407
184,0.8165137614678899,1.9401920613296038
185,0.8094245205828307,1.9329110782677377
186,0.8146371976647206,1.9292377848939364
187,0.8150542119923385,1.9227651765288862
188,0.8248540449878193,1.908895539481805
189,0.8213094245701457,1.9005389498908685
190,0.8223519599169269,1.8859286694053414
191,0.8188073393501174,1.8946936316446428
192,0.8140116762975735,1.8886697634346192
193,0.8317347788333496,1.8682744978267616
194,0.8242285238195202,1.8631987605520444
195,0.8327773143292666,1.8526607905953403
196,0.8288156797828229,1.8517693281173706
197,0.8288156798822468,1.847243833183944
198,0.8283986655546288,1.8461123944521944
199,0.8377814847196113,1.829702974260599
200,0.8331943286568846,1.8245673747337092
201,0.8411175980480439,1.8100280888981377
202,0.8386155127783036,1.809750327773647
203,0.8367389490745583,1.800165377029088
204,0.8381984986495336,1.7992439349558673
205,0.840909090809667,1.7923778256741636
206,0.8411175980977559,1.7842026625801066
207,0.8423686406829141,1.7750514861044036
208,0.847998331992998,1.771708755218754
209,0.8444537114261885,1.7640974532573594
210,0.8494578815182613,1.7604704515649638
211,0.8484153461714801,1.752251754908685
212,0.8517514594004888,1.7432665223375372
213,0.8461217682892527,1.738617537715616
214,0.8498748958458793,1.730903481025314
215,0.8511259381824776,1.7304929389468424
216,0.8571726439693155,1.715861620358172
217,0.8515429524106717,1.7080426111730365
218,0.8555045871062513,1.704645442902992
219,0.847581317764804,1.7065169835110523
220,0.853628023352794,1.6920051049748692
221,0.8586321935442908,1.6887907243152773
222,0.8580066722765677,1.6790503027838801
223,0.8582151793658087,1.6788412751109527
224,0.8571726439196036,1.6717056253733886
225,0.8617597999823302,1.6660401438354353
226,0.8636363635866516,1.6570450404567256
227,0.8590492077227728,1.6525819407988827
228,0.8748957464056675,1.63701213837863
229,0.8742702253367922,1.6321658515452941
230,0.8736447038702213,1.6288203727811252
231,0.8688490410165254,1.622402385933584
232,0.872393661434199,1.619226238745466
233,0.8730191825527862,1.6177303025481897
234,0.8696830692740656,1.6078063621433503
235,0.8703085906412126,1.6026883310233682
236,0.8701000833034118,1.5965362957261622
237,0.8796914095576353,1.5892109358877415
238,0.873019182801346,1.5919698459889313
239,0.87823185998266,1.5808201063862435
240,0.8759382818518727,1.5760007962472644
241,0.8748957463062436,1.5695492293657711
242,0.8819849873901507,1.5612183565691773
243,0.8721851543946699,1.5673159631318705
244,0.8790658881407762,1.558431776987701
245,0.8855296080066722,1.54603486263921
246,0.8838615511436081,1.5451311945815798
247,0.8834445371142619,1.5365916372240336
248,0.8798999165474524,1.5395972425486268
249,0.890116763870551,1.521554723593272
250,0.8815679733608045,1.5219561464096527
251,0.8890742285237698,1.5135909335826019
252,0.8917848207336152,1.5059280365680634
253,0.8944954129434606,1.5008822157544033
254,0.8792743951803053,1.5081675693927157
255,0.8922018348126733,1.4956968094131369
256,0.8896997497417809,1.4899626559670316
257,0.8942869058542195,1.48913081642784
258,0.8986655547282814,1.4771231525236612
259,0.8949124270722307,1.4740113964470551
260,0.8978315262221813,1.4665082824339561
261,0.8928273559809725,1.471390168302948
262,0.9003336113924976,1.4572011128975213
263,0.9022101751956669,1.4535881962947192
264,0.8974145121928351,1.4508601840681787
265,0.8988740615689625,1.439443181612971
266,0.8951209341117597,1.444256228839884
267,0.9032527105424482,1.4323744525304927
268,0.9082568808333689,1.4297301035508003
269,0.9057547957624764,1.4244589057935089
270,0.9042952459886533,1.4184569590682283
271,0.9070058380493629,1.4107938449118314
272,0.9059633027025816,1.4131875211144607
273,0.907839866406327,1.4038134107398827
274,0.9092994160310143,1.3978739121837154
275,0.9128440367966716,1.3923837922830398
276,0.914095079083558,1.3836319188061508
277,0.9122185155289485,1.385192078287349
278,0.9051292744450414,1.386154561364919
279,0.9138865722925887,1.373390043547394
280,0.9057547956630525,1.3796339536130777
281,0.9057547955139167,1.3737344835279781
282,0.9155546288076691,1.3577762868028567
283,0.9126355294588708,1.361582203543713
284,0.9197247705924899,1.3519277984246898
285,0.9184737281067556,1.3464642854607831
286,0.9149291074405221,1.3465127876343779
287,0.919933277582307,1.34311700056154
288,0.9176396997000795,1.338283659121312
289,0.9222268558125182,1.3278965492662138
290,0.9243119264563687,1.320545236799894
291,0.9182652210175146,1.322606548654526
292,0.9161801500753923,1.3240694872432197
293,0.9182652210672265,1.3208752133828388
294,0.9176396998492155,1.3121108263109604
295,0.9224353627526233,1.3055198552511054
296,0.9230608840700584,1.3015253084515213
297,0.9165971641544505,1.3023372752354283
298,0.932860717214675,1.286208122347274
299,0.9222268558125182,1.2936085450639319
300,0.9236864053377815,1.2879603752203044
301,0.9301501252036775,1.276385629843234
302,0.9257714760810559,1.2793716153470152
303,0.9226438699412883,1.274379920820279
304,0.9288990824196715,1.268179663426683
305,0.9311926605007468,1.263228080389995
306,0.9282735613010842,1.2620985452287687
307,0.9278565469734663,1.2571065851407215
308,0.9278565471723141,1.2548614404318827
309,0.9366138449204375,1.2389892184605094
310,0.9253544620019978,1.2496631106701963
311,0.9274395327949843,1.24444886482786
312,0.9336947456213511,1.2391949253742451
313,0.9309841535109297,1.2362463215771469
314,0.9309841535606416,1.233297363035474
315,0.9305671393821595,1.2321859372467474
316,0.9376563804660667,1.21604517810637
317,0.9343202669884981,1.2193956883178343
318,0.9305671392330237,1.216733854149062
319,0.9351542953454622,1.2128154869572731
320,0.9339032526608801,1.2079567813793752
321,0.9311926605007468,1.2077702635819958
322,0.9416180151119343,1.198809816501258
323,0.9403669725764882,1.1945679526810253
324,0.9374478733271137,1.191207417554911
325,0.9370308589000718,1.1883114959121843
326,0.9359883234538666,1.189026387658489
327,0.9347372809184205,1.1836666699943192
328,0.9384904087733188,1.1828793295231137
329,0.9368223520593906,1.1791071354895457
330,0.9428690576473806,1.1690018073631585
331,0.9424520434688984,1.1674874777392212
332,0.9453711425691371,1.1614756110909583
333,0.9439115928450259,1.1596593739491288
334,0.9439115928450259,1.155513456406645
335,0.9443286072223558,1.149577923274418
336,0.9401584654872471,1.1550502699548946
337,0.9451626356290319,1.1496618751489291
338,0.9418265220520395,1.1469567414618613
339,0.939532944169812,1.145651889503549
340,0.9495412842545339,1.136992716013739
341,0.9489157629868107,1.1279816928756943
342,0.9434945786665438,1.1343505623143748
343,0.9522518766632271,1.1206629430382724
344,0.9426605505581396,1.1285654725980718
345,0.9445371143613088,1.123905589423446
346,0.9422435361310977,1.1283384468080204
347,0.9484987490568885,1.1120488957825851
348,0.9487072560467056,1.1130071966920523
349,0.9457881566481953,1.1090072119007317
350,0.946205171075237,1.1094326172598805
351,0.9476647206999244,1.1090846049775671
352,0.9495412842545339,1.100000531003314
353,0.951000834028357,1.0932129128363055
354,0.950792326939116,1.0940895814314995
355,0.9472477062728825,1.0917958167317114
356,0.9495412844036697,1.0862493986284067
357,0.9530859047716315,1.082360514807045
358,0.9514178482068391,1.0802717345073085
359,0.9489157632850825,1.0856008167759987
360,0.9482902418682235,1.0765844734635723
361,0.9487072561461295,1.0733460280376241
362,0.9535029191489613,1.0657197213153027
363,0.9514178482068391,1.0695701438849723
364,0.9543369473070776,1.065545973129527
365,0.9510008338792211,1.0666414016082548
366,0.9532944120100083,1.0590766231848658
367,0.9537114261884904,1.0501503811168909
368,0.9549624685748007,1.0497549746412351
369,0.95079232678998,1.0546324003528216
370,0.9539199331285956,1.052507704551067
371,0.9557964969317648,1.046761210507607
372,0.9532944120100083,1.046283519446999
373,0.9553794830018426,1.0414236138720032
374,0.9562135113588067,1.0315585650435282
375,0.9560050041701418,1.0287701410487655
376,0.9557964971803247,1.0335661086368004
377,0.9543369474065015,1.0290430261255603
378,0.9560050041204298,1.0233178032349308
379,0.9597581316273445,1.0195015353695167
380,0.9560050042695657,1.0195219470024903
381,0.9557964969317648,1.0200427938641061
382,0.9570475394672111,1.0101504233402445
383,0.9614261884904087,1.009960326281461
384,0.9585070891913222,1.0063542858375123
385,0.9591326103596214,1.0022655497798332
386,0.9562135112593828,1.00143405723015
387,0.9580900751619761,0.9988166533280055
388,0.9610091743119266,0.9931856949593844
389,0.9580900749134162,0.9966798393402226
390,0.9543369474562136,0.9956235000250039
391,0.9601751458058265,0.99005796841724
392,0.9582985821517932,0.9877502263536843
393,0.9582985821517932,0.9881990368511401
394,0.9608006673221094,0.98036587750345
395,0.9595496247866633,0.9793486494735641
396,0.9580900750625522,0.9806975656693134
397,0.9599666388160095,0.9748253899877324
398,0.9605921600837326,0.969372887627297
399,0.9599666388160095,0.9706616638301312
400,0.9591326103596214,0.9657112210864719
401,0.9618432026688908,0.9624990178109011
402,0.9608006671729736,0.9648746090993173
403,0.9628857382145198,0.9564142086985113
404,0.9612176813514557,0.9580124550008893
405,0.9620517097084198,0.9518655571865976
406,0.9608006672723975,0.9523619925409084
407,0.9624687240360378,0.9502821866923118
408,0.9603836530442035,0.9458415815987321
409,0.9651793160967473,0.9414316108566806
410,0.9628857381150959,0.9422122568165491
411,0.9653878232854123,0.9395464187467765
412,0.957256046705588,0.9441793282097632
413,0.9624687239366139,0.9390430656246984
414,0.9597581318759043,0.9346073763483858
415,0.9614261885898326,0.934401659840241
416,0.9618432027186027,0.9327331126183644
417,0.9653878231859884,0.9233357258097543
418,0.9670558799993405,0.9200460615508054
419,0.9666388655722986,0.9180213617125186
420,0.9662218516423764,0.9184764071342049
421,0.9651793160967473,0.914566746744342
422,0.9649708088583704,0.9158299348073964
423,0.9645537946798883,0.9118616413930936
424,0.9633027524427139,0.9099353478290917
425,0.9633027523930019,0.9077583499706418
426,0.9668473728106756,0.9045559591407871
427,0.9666388658208585,0.9031184472771263
428,0.9641367806505421,0.9046792162270025
429,0.964345287839207,0.9065847655849918
430,0.9655963302752294,0.8956850846177643
431,0.9641367806505421,0.8970230468816813
432,0.9670558799993405,0.8923936837707787
433,0.9699749791492911,0.8873312492187665
434,0.9670558799993405,0.8853047834126725
435,0.9664303587316174,0.8842496889844549
436,0.9685154296240278,0.8861151355519903
437,0.9660133445531354,0.8830689344931086
438,0.969974979248715,0.8786843246077378
439,0.9680984153461217,0.8785307783201598
440,0.96893244355395,0.8754751151357719
441,0.9624687237874779,0.8812639844029818
442,0.969557965070233,0.8693580726368214
443,0.9651793159476114,0.8720500758531394
444,0.9710175145954962,0.8624913288316098
445,0.9710175146949201,0.8650404341624517
446,0.9674728941778226,0.8641716481945334
447,0.9668473729100995,0.8569351385492797
448,0.9645537946798883,0.8627198894785483
449,0.9662218515429525,0.8605056491069142
450,0.969557964970809,0.854208102864559
451,0.969557965070233,0.852777537054773
452,0.968306922286227,0.8535582576322993
453,0.9691409508917509,0.8501243567446851
454,0.9699749791492911,0.8479243908652273
455,0.9683069224353628,0.8451376618992994
456,0.9693494577324321,0.8428252451712137
457,0.9674728941778226,0.8423104837499528
458,0.9706005002678783,0.8369417324276941
459,0.9699749791492911,0.8333192893721045
460,0.9697664720600501,0.8334721849797864
461,0.9708090075062552,0.8320654674904658
462,0.9678899082568807,0.8340618004890359
463,0.9658048374638943,0.8366174773935281
464,0.9720600500417014,0.8267367532891567
465,0.9708090075062552,0.8243251769019724
466,0.969557964970809,0.8309253981155192
467,0.9710175146949201,0.822724771758136
468,0.9699749790001552,0.8155603764751138
469,0.970183486337956,0.8229645119297991
470,0.9687239366138448,0.8165472702148857
471,0.9747706422018348,0.8103901449096909
472,0.9745621349634579,0.8027925733430272
473,0.9678899083563046,0.8110901126770103
474,0.9683069224353628,0.8115346406876196
475,0.9703919933277732,0.8081493184306007
476,0.9666388658208585,0.80946762756669
477,0.9737281067556297,0.8062500781173801
478,0.9735195997658126,0.79898332043227
479,0.9703919934271971,0.8017529136842245
480,0.9726855711602886,0.796354405874009
481,0.9676814011179278,0.8002075309848865
482,0.9703919934271971,0.7970303468052002
483,0.9710175146949201,0.7909547432548707
484,0.9770642201834863,0.7847266185273718
485,0.970183486337956,0.7915169388876049
486,0.969557964970809,0.7880828959729097
487,0.9680984151969859,0.7912304564452947
488,0.9722685570812305,0.7829554852989935
489,0.9720600500417014,0.7833129658710967
490,0.9731025854879066,0.7788397750325556
491,0.970183486337956,0.7864989359444434
492,0.9728940782495297,0.7787811438971703
493,0.968723936464709,0.7795140938126514
494,0.9739366139442946,0.7725512269539471
495,0.9728940784980895,0.7722225847395388
496,0.9739366136957348,0.7711411565417942
497,0.9726855713094246,0.7710974707615386
498,0.9756046704096631,0.762342424865958
499,0.9716430358632193,0.764714391406523
