epoch,categorical_accuracy,loss
0,0.43994995844771806,4.808969599490767
1,0.4597581318013364,4.312913684471137
2,0.4793577980657137,4.077053103474799
3,0.4793577981651376,3.952010244603352
4,0.4962468722942375,3.8309182766778354
5,0.4983319432860717,3.7171497557737907
6,0.493744787273057,3.6693076144863506
7,0.4966638865224315,3.61858924057605
8,0.5025020849963244,3.585378155696382
9,0.49520433692260024,3.5370403388025764
10,0.5004170141287702,3.503183949282012
11,0.5037531275566266,3.451866836325142
12,0.506255212726943,3.421620651321475
13,0.5010425353964932,3.384804321190434
14,0.5100083401841458,3.3755317165813814
15,0.5037531275069147,3.3478501946653694
16,0.5014595497738231,3.3422436901089347
17,0.5029190992493745,3.314915046182844
18,0.5050041701914968,3.312408900837584
19,0.5112593827195919,3.2824339793064476
20,0.5183486237786431,3.2530847335478184
21,0.5208507089241035,3.2338404281622575
22,0.5208507089241035,3.2279983986607186
23,0.5129274395578001,3.2163255308149656
24,0.5208507088743914,3.199580924723723
25,0.5154295245541246,3.189826861334603
26,0.5271059216013344,3.1699818300146974
27,0.5275229359289524,3.156406021197703
28,0.5237698081734778,3.1517667668973335
29,0.5162635531099365,3.1506055079468895
30,0.5102168474225226,3.145595577182722
31,0.5314845705251081,3.124402457619827
32,0.5214762302415384,3.114299664803601
33,0.530442035078903,3.101937864500846
34,0.5271059216510464,3.0903761418686995
35,0.5325271058470334,3.0890886642417876
36,0.5214762301918265,3.0766042708555195
37,0.5346121768637236,3.073171292870516
38,0.5262718932692263,3.0564151380935045
39,0.5385738114101674,3.0495040327235996
40,0.5350291909924938,3.0352322241979603
41,0.5333611342039976,3.028154463247024
42,0.5293994994835619,3.024284384865081
43,0.5431609674231821,3.0175786841601706
44,0.536071726339275,3.0081398262392987
45,0.5510842368889094,2.9944885087271746
46,0.5379482903910041,2.9911458788562357
47,0.5398248539456136,2.9828362832773316
48,0.5435779816513762,2.983012277151367
49,0.5556713927279322,2.960375013502565
50,0.5517097581566325,2.959166902616881
51,0.5458715595833156,2.946030622327994
52,0.5508757297002443,2.9432506819781508
53,0.5725604670558799,2.931328827585152
54,0.5690158464642143,2.9221385032361105
55,0.5556713928770681,2.918076642261534
56,0.5575479564813896,2.9020640856032576
57,0.5535863218603778,2.903473606499361
58,0.5654712259719727,2.887088865911692
59,0.5650542118929146,2.881279077999188
60,0.5685988324100122,2.8645952648675075
61,0.5579649708587194,2.8618825223666615
62,0.5733944952637081,2.854520176131095
63,0.5658882402250228,2.843966113815117
64,0.5660967474385438,2.8352150753997982
65,0.566930775546948,2.825713495894011
66,0.566930775646372,2.8255677157585772
67,0.5711009174809046,2.814427404825244
68,0.5836113429347906,2.8002046492817603
69,0.5896580484233567,2.7901504578642093
70,0.5879899917094283,2.7771573128354263
71,0.5877814844710515,2.767749144297227
72,0.5881984986743896,2.763545147869565
73,0.5957047538870668,2.749215728546601
74,0.5754795662058304,2.7529951273351037
75,0.5869474561140874,2.7346224627761266
76,0.5804837364718952,2.7335559198317476
77,0.5869474561389433,2.720142893039554
78,0.5957047539119227,2.705348800678269
79,0.5873644702428574,2.7016790551479106
80,0.6017514595496247,2.689863334207161
81,0.6069641367060826,2.676771290407666
82,0.597789824953469,2.671304969214916
83,0.5946622186645654,2.6676501933488375
84,0.5969557965467929,2.6505346920611563
85,0.6182235196493784,2.6406754246346646
86,0.5973728107252749,2.6423896206131174
87,0.6023769809664837,2.6340262798392047
88,0.6042535444713812,2.6157650895870357
89,0.616346955895921,2.608166455029447
90,0.6082151793160967,2.6001386936750883
91,0.6113427855552883,2.5872460085715323
92,0.6180150124110014,2.582049024413286
93,0.6063386156620634,2.579825557600567
94,0.6298999167463002,2.558441866826176
95,0.6217681402658999,2.554361070365683
96,0.6307339449541285,2.5437452297990175
97,0.6123853212003414,2.5432484062439804
98,0.6123853209517816,2.5344439817528808
99,0.628231859883236,2.5159783884323668
100,0.6121768141608123,2.5156459525985655
101,0.6301084238355412,2.497557880880437
102,0.6178065054708963,2.494561430212853
103,0.6251042533954846,2.487609442519187
104,0.6290658883396241,2.4783793141983073
105,0.6207256046208468,2.4703829634477934
106,0.6230191827019221,2.4615374001191994
107,0.6228106756126811,2.4531701611319217
108,0.6294829023192583,2.4419499964789613
109,0.633444537039694,2.4351845588954517
110,0.6276063387149369,2.423308025905746
111,0.6359466222845782,2.4161814847919123
112,0.6334445371142619,2.4059319740737646
113,0.6474145119442752,2.3928290230716835
114,0.6447039197841419,2.390136790534076
115,0.6434528772486956,2.382126209236762
116,0.6361551292743953,2.3759678402376534
117,0.646580483736447,2.369161059599901
118,0.6378231861374595,2.3602913955134883
119,0.6438698914768897,2.348391176363744
120,0.6557547956133406,2.3362156943145447
121,0.6536697248203541,2.3334780075432757
122,0.6453294412507128,2.32181111686522
123,0.652418682185484,2.31432740364202
124,0.646997498014353,2.3090285497272482
125,0.6438698915763136,2.3019733981752117
126,0.6532527104927363,2.2919296428896767
127,0.658465387823186,2.284557882997769
128,0.6503336113427857,2.276903932347111
129,0.6505421183823147,2.2733026378049366
130,0.6674311927599744,2.2569599970864496
131,0.6588824019519561,2.2520416204485922
132,0.6595079233191031,2.2456496340518597
133,0.6636780650044999,2.23645009608742
134,0.6545037529784704,2.230634661293507
135,0.6718098414351883,2.21923609452013
136,0.6774395329938321,2.2127810307996683
137,0.6630525439356246,2.210540298226478
138,0.6695162636523847,2.199294486972468
139,0.6607589657551254,2.1934044371056896
140,0.6768140117758209,2.1846287932566946
141,0.671601334594507,2.1767914428424597
142,0.6728523770802413,2.167211485068136
143,0.6690992494241907,2.1704688893446233
144,0.6726438697424404,2.155370252544031
145,0.6686822352954206,2.1516591152417055
146,0.6791075896083364,2.1376228028282314
147,0.6695162635032489,2.139395462263615
148,0.6701417849698198,2.127120106691515
149,0.6736864053377815,2.126698999627617
150,0.6816096748283648,2.1148838157749257
151,0.671392827505266,2.106466444857027
152,0.6772310257057432,2.100377396208928
153,0.6782735613010842,2.0948966855899407
154,0.6859883236030025,2.086429071187774
155,0.6934945788653917,2.0759101838643996
156,0.6868223519102546,2.0783186634945015
157,0.6791075897574723,2.0684356198298923
158,0.6939115928947379,2.0605564330198844
159,0.6949541285397909,2.054119256061748
160,0.683069224453052,2.0549389116956953
161,0.6874478731779777,2.041465799046915
162,0.6878648875553077,2.0361701137727257
163,0.7003753127109219,2.025802122940114
164,0.6934945787162559,2.0212266659915596
165,0.6907839865561224,2.024035987106336
166,0.6957881568221871,2.011265711549722
167,0.6997497914431988,2.0039021332528413
168,0.694537114112749,1.9995786149467996
169,0.6970391991836414,1.9891495489895195
170,0.7055879899916597,1.984520450346265
171,0.7055879900910836,1.9736874954614965
172,0.6976647206005004,1.9792572257914476
173,0.7049624688233606,1.967331524786102
174,0.7047539616346956,1.9626127667383317
175,0.7120517099072676,1.9530527007092626
176,0.7032944121094322,1.954152626331097
177,0.7057964972300367,1.9432127025348132
178,0.718932443703086,1.933689633938946
179,0.7032944121094322,1.9295551115716867
180,0.707256046705588,1.926229361000411
181,0.6987072558975697,1.9273346070948991
182,0.7085070893404581,1.9183046298786637
183,0.7203919931786372,1.9044979755037321
184,0.7116346957287856,1.9027431485452087
185,0.7178899083065927,1.8992976936526453
186,0.7070475397654828,1.8942560322390087
187,0.7103836528950677,1.8900258633571432
188,0.7218515430518843,1.878832092575474
189,0.7228940783489536,1.8722751857441002
190,0.7145537948290241,1.8711617052604796
191,0.7235195997161006,1.8627079043217358
192,0.7139282734618771,1.8604447581153596
193,0.7183069223359388,1.8616316257863368
194,0.7158048373644704,1.8512631244118558
195,0.7274812345111042,1.8407292549962098
196,0.7289407840363675,1.836262354858723
197,0.719349457831856,1.8309517394909767
198,0.7329024185330993,1.8222929316823735
199,0.7281067556296914,1.8112545413111925
200,0.7256046704096631,1.8169289882029962
201,0.7239366139442946,1.8149896817370392
202,0.7341534613668173,1.8029393857473925
203,0.7226855712100005,1.802164905164717
204,0.7299833193334367,1.7956327605585538
205,0.7395746453888123,1.7831332884399567
206,0.7322768973150882,1.7876327976373159
207,0.738532110141455,1.7734708759166282
208,0.7339449539793045,1.7746293216670326
209,0.738532110191167,1.7670722903561056
210,0.7364470390501969,1.7639525608781779
211,0.7485404502261769,1.7535395284212063
212,0.7322768974145121,1.7532702578018864
213,0.7416597164800706,1.7462878812840823
214,0.7408256881728185,1.7449341208065818
215,0.7429107591149408,1.734895004243827
216,0.7406171809841534,1.7308293756989264
217,0.7324854044540412,1.7320271150781474
218,0.7462468723439494,1.7240532158413362
219,0.7387406172306962,1.7209459387132582
220,0.7454128440864092,1.7170594074608785
221,0.7464553796320383,1.7084510384051377
222,0.7608423687896697,1.6981587904110067
223,0.7535446206165215,1.6964137207179193
224,0.7535446206165215,1.6892717534845525
225,0.7466638866218555,1.6928102717586515
226,0.7558381986478848,1.6839459607559408
227,0.7635529606515313,1.6692793062073277
228,0.7583402834702174,1.6772130712854356
229,0.7570892408850592,1.671325114093491
230,0.749374478632853,1.6649138947344502
231,0.7581317764804003,1.6605527672397782
232,0.755838198449037,1.6582304333725804
233,0.7602168475219465,1.6471000198924213
234,0.7645954961971604,1.6507255264477894
235,0.761467889808833,1.6432211270821502
236,0.7581317763312645,1.6418691779097683
237,0.7648040033361134,1.6345792657837857
238,0.7698081734281863,1.627884868982934
239,0.7606338617004287,1.6257911219608794
240,0.7583402834702174,1.6253009402224976
241,0.7658465386331827,1.617256471074751
242,0.7625104252053262,1.6137362329834595
243,0.7702251878055162,1.6099915080909633
244,0.76814011676397,1.6031126077220876
245,0.7768974145618054,1.6028897307931234
246,0.7712677229534496,1.5941411594831516
247,0.7812760634855791,1.5844880556244965
248,0.7733527939949958,1.5845203204787304
249,0.7752293579473011,1.57782019099362
250,0.7691826522598871,1.583677947372074
251,0.7844036697744826,1.570292127241782
252,0.7798165139106038,1.5681014906077508
253,0.7741868225010958,1.5679553542363833
254,0.7781484571469636,1.558981333303889
255,0.7791909926428807,1.556783662128687
256,0.7825271058221774,1.5559418544459085
257,0.7831526271893244,1.5481657549378471
258,0.7819015845047423,1.542188730907997
259,0.7906588824517137,1.5363539559727812
260,0.7837781486061834,1.5368684851397465
261,0.7852376980817348,1.5293625970996352
262,0.7854462052206878,1.5262013300942618
263,0.7887823187479682,1.5208787523377827
264,0.7854462053201117,1.5238076917721493
265,0.798582151693737,1.5075998347038224
266,0.7825271059216014,1.5143328243936471
267,0.7871142619346161,1.5093640211326464
268,0.7856547122105049,1.5030542711499733
269,0.7985821518925849,1.4977298439095874
270,0.7881567974802451,1.4960506926783927
271,0.8031693076570398,1.4868668256151965
272,0.7989991659219311,1.4797818403228111
273,0.7937864885914813,1.484602510581124
274,0.7925354463045949,1.4865314020923617
275,0.7894078398665555,1.483917578147589
276,0.8042118431529569,1.4684339920812293
277,0.7969140952283685,1.4705100722666877
278,0.7985821519422969,1.461726975798905
279,0.798999166021355,1.4641409900608016
280,0.7964970809007507,1.4578588661101581
281,0.8077564638689023,1.451788245786519
282,0.7942035030682352,1.4565056105073637
283,0.8004587154969064,1.453084979979966
284,0.8044203503913339,1.44332336782912
285,0.7994161800009892,1.43973544053578
286,0.8002502084076654,1.4348421036153163
287,0.798165137564967,1.4342705184365432
288,0.8052543785494501,1.4338986448092297
289,0.8140116765461334,1.4171312014394446
290,0.8121351125441162,1.4227634070812414
291,0.8121351124944043,1.4193786029720228
292,0.8085904920767306,1.4146078398468298
293,0.8081734780473845,1.4131638913277889
294,0.8142201835359505,1.409358116763149
295,0.8144286904263437,1.4007290838359294
296,0.8085904919275947,1.4045076205195537
297,0.8073394496904203,1.4019542053602854
298,0.8192243536280234,1.3903906458710709
299,0.8221434530265337,1.3833177510254377
300,0.8227689742942568,1.3846593845676043
301,0.817139282785325,1.382599503224447
302,0.8067139281244254,1.3881756215417653
303,0.817973311241713,1.3743889956199895
304,0.8215179314605389,1.3690848194429335
305,0.8129691410999282,1.372823560904025
306,0.8204753960143336,1.3674535200534212
307,0.8244370307596253,1.3622413483930689
308,0.8213094245701457,1.3600664826807527
309,0.8334028357461256,1.3432939367755639
310,0.8240200165811432,1.3524836803894424
311,0.8238115095913261,1.3504199251917823
312,0.8215179317588106,1.3551763230507528
313,0.8246455380974261,1.345115841777251
314,0.8304837365961751,1.3360275051015134
315,0.8231859884727389,1.3409907893402762
316,0.8342368639539539,1.3320251160407683
317,0.8373644702428574,1.320043629363142
318,0.835696413827201,1.3283118228299902
319,0.8279816514258588,1.326744077700789
320,0.8290241869217759,1.3247203084207555
321,0.8331943286071727,1.317365168729755
322,0.8379899916100044,1.3124065337527087
323,0.8315262719926683,1.3125949764967562
324,0.834862385271389,1.3123915862599644
325,0.8348623854702368,1.3099476467877054
326,0.8365304421841651,1.3007041683189067
327,0.8321517931609674,1.3015367270907927
328,0.8379899915602925,1.2918764370694769
329,0.8311092576153384,1.2965240187203517
330,0.842160133593673,1.2842462227879414
331,0.8342368640533778,1.295104780328383
332,0.8381984986992455,1.2816816836819238
333,0.8444537115753243,1.2785608169931089
334,0.8379899916100044,1.2827009813700048
335,0.8448707256543825,1.2718045402308917
336,0.8438281900093295,1.2684357111607123
337,0.8384070058879105,1.2716439594518552
338,0.8436196830692243,1.263288651833045
339,0.8381984988483814,1.2640159742547832
340,0.8494578817171092,1.2535716906699466
341,0.8388240201658165,1.2616475852357039
342,0.8425771477721551,1.2634672102478766
343,0.8559216011853095,1.2420256962072262
344,0.8471643036360339,1.250756103958658
345,0.8550875730271932,1.240572506432935
346,0.8465387822688869,1.2479081394475535
347,0.8569641367309386,1.2382151294092618
348,0.8500834028854084,1.2393082079040298
349,0.8519599666885777,1.2276933787761877
350,0.8527939950952538,1.2284270311217194
351,0.8534195164126889,1.2248561184440085
352,0.8494578815679733,1.2301445815640752
353,0.8546705586995752,1.2243503923710433
354,0.8552960799672984,1.2194133690737803
355,0.8650959133604748,1.211604702959864
356,0.8552960801661462,1.217230668159402
357,0.8615512925948174,1.2068481643166116
358,0.8555045870068274,1.212090651028548
359,0.8544620516600462,1.2126863589378274
360,0.8607172642875652,1.1967384332015776
361,0.8621768138625405,1.1966128668455007
362,0.8686405337284365,1.1919407576098853
363,0.8630108425177764,1.1921573506483343
364,0.8580066720777199,1.2001456406038935
365,0.8644703918441918,1.1884265570366155
366,0.8680150126595613,1.189753037278507
367,0.8678065054708963,1.1860538956719304
368,0.8665554628857381,1.1820526385526045
369,0.8646788991819927,1.1825306770501285
370,0.8663469556473612,1.175435113747782
371,0.8701000833034118,1.1693824532630546
372,0.86613844880668,1.1699510671577422
373,0.86530442030058,1.1710093897317626
374,0.8667639699252672,1.1655030375823465
375,0.8671809840540373,1.163764213402138
376,0.8707256046208468,1.1590766787429567
377,0.865304420201156,1.1611033590561752
378,0.8744787324260334,1.1516510305850083
379,0.8648874062215218,1.1567825681473236
380,0.8673894911432783,1.1536561143308803
381,0.8713511258885699,1.1521316719015406
382,0.8721851543946699,1.1447807728399129
383,0.8788573811012471,1.1381123149464585
384,0.8698915763633066,1.144032951888688
385,0.8680150124607134,1.1469118620973513
386,0.8801084237361173,1.134749073302179
387,0.8796914093587874,1.1297801157352425
388,0.8780233526448591,1.1331832741975187
389,0.877814845655042,1.1233170155786891
390,0.8817764804997575,1.120181937531892
391,0.8824020017177687,1.1216040790031312
392,0.8757297749117675,1.1267642123784694
393,0.8807339448547045,1.1197822510549882
394,0.8767723102088368,1.1199730988638514
395,0.8853211008180073,1.1084110578762878
396,0.8801084238355412,1.1125109881734332
397,0.8859466220360184,1.1067380121690815
398,0.8805254378151754,1.1124609620298715
399,0.8867806504924065,1.104640991514777
400,0.8876146788493706,1.098956564250243
401,0.8803169309247822,1.1056405074204674
402,0.8819849875889986,1.1008318161049717
403,0.8884487071069108,1.0990931167515046
404,0.8798999167463002,1.1002404054469919
405,0.8763552962292026,1.0986832897299226
406,0.8940783986655546,1.0854823475484554
407,0.8880316929284288,1.0842740295130178
408,0.8901167641191109,1.0797774456658893
409,0.8824020016183447,1.0876530147374324
410,0.8867806505918304,1.0828510429383915
411,0.8867806504924065,1.0732136176366225
412,0.8924103419019144,1.0711575444287513
413,0.8963719764980701,1.0693832533472871
414,0.8888657214842407,1.065362284141744
415,0.8871976648697364,1.0815637436780063
416,0.8859466222845782,1.0732406985769678
417,0.8878231861374595,1.067142004763911
418,0.8930358631199256,1.072226905246095
419,0.8907422852874101,1.0594174388650062
420,0.8926188489414435,1.0548214728480285
421,0.8965804836370231,1.0517619125439388
422,0.8865721435523013,1.0584965885630044
423,0.8901167639202631,1.0548214036489747
424,0.9032527105424482,1.0469616882198547
425,0.8894912428513878,1.049901760250852
426,0.8990825688570514,1.0457283814217868
427,0.8963719764980701,1.0428934789280577
428,0.8994995828366856,1.0434461878278636
429,0.8951209339626239,1.0379021814010658
430,0.8988740617678104,1.0378758372417383
431,0.8936613843379366,1.0408214047315023
432,0.9011676395506139,1.0301260001665358
433,0.8942869056056598,1.0364912823898977
434,0.902001668007002,1.0300162990854818
435,0.8990825688570514,1.0240287288613277
436,0.8990825689564753,1.0263061590051532
437,0.902418682284908,1.0254515337884376
438,0.9022101751459549,1.0220552268775926
439,0.8978315263216052,1.023237225211989
440,0.9042952459886533,1.0188147337661375
441,0.8986655547779933,1.0185062330498906
442,0.8976230191329403,1.018953707836587
443,0.902418682284908,1.018050737337235
444,0.9003336113427857,1.0105984787626798
445,0.9080483735949919,1.0079048505119725
446,0.9107589658545493,0.9989951001891899
447,0.9065888240697286,1.0021771648906488
448,0.9038782318598833,0.9987221012719976
449,0.902627189423861,0.9968412703926908
450,0.9042952461875012,0.9978654523806536
451,0.9095079231202553,0.992536667140948
452,0.9092994160310143,0.9904181040556258
453,0.9105504587653083,0.9952468727905617
454,0.9057547956630525,0.9986995637068856
455,0.9065888241691525,0.990226041982331
456,0.9015846538285199,0.995673744752071
457,0.9067973311589697,0.9920947354370798
458,0.9118015013504664,0.9803687369356163
459,0.9101334443879784,0.9818467151333233
460,0.9132610508260178,0.9763723063508702
461,0.9107589656557015,0.9809326414668232
462,0.9130525436373529,0.9805422777727905
463,0.9113844869731366,0.971315666275088
464,0.9103419514772194,0.9767648602048987
465,0.9165971644030102,0.9676752597019014
466,0.9145120932620401,0.9707683836349952
467,0.9103419517754912,0.9735398396936629
468,0.9134695579152589,0.9711314548145641
469,0.913678064905076,0.9656671646538131
470,0.914929107539946,0.9598929995392839
471,0.9165971641544505,0.962771457418787
472,0.9130525437367768,0.9650747597068424
473,0.9195162636523847,0.951827198291839
474,0.9134695580643948,0.953510739636282
475,0.9128440365481119,0.9631534140243244
476,0.9216013342962353,0.9491143485125748
477,0.9113844870725605,0.9628294118749191
478,0.9155546288076691,0.952119647810318
479,0.9176396997000795,0.9465735248966551
480,0.9172226854221736,0.9464314752464199
481,0.9186822352457086,0.9458356902338844
482,0.9230608841197704,0.9350117858098486
483,0.9143035864213589,0.9466159229879085
484,0.9132610509254417,0.9450076859727117
485,0.9224353626531994,0.9350774897646168
486,0.9203502919596369,0.9361877557732246
487,0.9224353629017592,0.939310499983494
488,0.920767306038695,0.9306796765307569
489,0.920558798949454,0.9294701536264491
490,0.9209758131279361,0.9327995298403914
491,0.9261884904583858,0.9203422583571268
492,0.920767306138119,0.9243670177519371
493,0.9238949124767345,0.9271542062552598
494,0.9251459550618927,0.9191029068825144
495,0.921184320316601,0.9229561458337894
496,0.9255629689918149,0.9151956061207324
497,0.9188907423846616,0.9222223152211549
498,0.9243119265557926,0.9210807839167725
499,0.9218098414849002,0.9129986870875451
