epoch,categorical_accuracy,loss
0,0.553794828924763,5.0161005633388385
1,0.523978315262719,4.552797531862871
2,0.5258548790161762,4.345073161073483
3,0.5123019181906531,4.251929594140137
4,0.4956213511259383,4.164356549448327
5,0.5043786487746378,4.100630504474529
6,0.5014595495501193,3.9894560184749195
7,0.49291075889123687,3.9608484342557575
8,0.4983319431866478,3.8507360439682325
9,0.5085487905594585,3.8051283349585194
10,0.5160550459212716,3.701626431653657
11,0.5112593828190158,3.6852263233083002
12,0.5012510425105903,3.657300745675323
13,0.5129274395329442,3.584677768608647
14,0.5004170141784821,3.5826117216894486
15,0.5170975813674767,3.4825856759212135
16,0.5064637199156079,3.486306340223158
17,0.5104253544123397,3.467265276037921
18,0.5231442869554668,3.4324299829815508
19,0.5083402835944973,3.4013429075802635
20,0.500000000049712,3.35641047753723
21,0.5150125103507865,3.3071018573738717
22,0.5160550458715596,3.32470081506718
23,0.5225187655883198,3.280708622196697
24,0.5158465389314545,3.2510436173773885
25,0.5195996664383692,3.2521333700423445
26,0.5137614678650523,3.2061176393507322
27,0.5221017513849817,3.194176612047477
28,0.5248123435451151,3.18320297479033
29,0.5264804003584673,3.142124648289048
30,0.5333611343034215,3.1283204664877795
31,0.5250208506095002,3.146220483612875
32,0.5352376980320228,3.104176755345196
33,0.5331526272141804,3.0795386475856548
34,0.5396163471049323,3.0607426892329097
35,0.5341951626603856,3.0460470229809835
36,0.524395329441201,3.0517081943922384
37,0.525020850758636,3.0424659546461577
38,0.5354462050218399,3.0125092195410645
39,0.5394078399162674,3.006490883576661
40,0.5298165138111799,3.006424750359084
41,0.5333611342039976,2.987622100974839
42,0.5233527941441317,2.99442577879065
43,0.5410758965307718,2.958862251992818
44,0.5339866555462885,2.953017479385109
45,0.5360717264386989,2.9427189918435346
46,0.5281484570723955,2.93780303259906
47,0.5419099248877359,2.9196566396002175
48,0.5312760634358671,2.9238407621789317
49,0.5519182652707295,2.8957000315636767
50,0.5414929108086778,2.8971526676461137
51,0.5377397831526272,2.885595865703007
52,0.5454545454794014,2.8777042516974034
53,0.5414929106595419,2.874005661694779
54,0.5498331942788952,2.8533220044566354
55,0.5469140950046647,2.859972424065699
56,0.5579649707095836,2.8410581178323144
57,0.5425354462300269,2.8458872018405255
58,0.5537948291733227,2.8279576033130103
59,0.5519182652458735,2.818878110196811
60,0.5550458714104971,2.814225071365382
61,0.5504587154969064,2.8035171087629305
62,0.5506672225861474,2.808862667465528
63,0.5708924103419516,2.7899131953865415
64,0.5629691408016564,2.781244166996998
65,0.5489991661207789,2.7756067131637434
66,0.5738115095416142,2.763256880916885
67,0.5587989990665477,2.763930071583383
68,0.5587989991908276,2.7622766349592043
69,0.5577564638689023,2.7470133032174386
70,0.555462885837539,2.744134672091741
71,0.5579649706598716,2.739103239312383
72,0.5777731442123378,2.7188999917330197
73,0.5711009173317687,2.718074389156249
74,0.548373644654208,2.7219466608300418
75,0.5598415345376089,2.7184868334133094
76,0.572560466956456,2.7000557922939143
77,0.5744370307596253,2.6913472973773436
78,0.57339449556198,2.6929293124252203
79,0.5562969140205113,2.690268844838337
80,0.5633861551292744,2.68898176371405
81,0.5692243536280234,2.6644225671352992
82,0.5794412009511221,2.660624881303738
83,0.5706839032527106,2.662774309702373
84,0.5752710593651492,2.652687649412688
85,0.5752710593651492,2.6444003126639144
86,0.57944120090141,2.638096930883247
87,0.5813177648040033,2.62779071392667
88,0.5998748958955913,2.6161767603259367
89,0.5877814847196113,2.6250233725769703
90,0.5856964135786411,2.6136569700408123
91,0.5904920767803208,2.6030836109323636
92,0.5850708924103419,2.5999259417806693
93,0.5952877398080086,2.5888650908482083
94,0.5925771474738832,2.5828155648022317
95,0.5879899917591404,2.579471485926968
96,0.5907005839689857,2.571839791123722
97,0.6050875729526253,2.5636922456106612
98,0.585279399400159,2.5619688632589663
99,0.5896580485227806,2.553793667951557
100,0.5902835696910798,2.5463456071546617
101,0.5959132609514518,2.536127861784934
102,0.5886155128777276,2.5349569770074867
103,0.6009174312920845,2.526949960853379
104,0.6044620518091821,2.5180552922456436
105,0.6005004170638905,2.515893317939243
106,0.5994578815679733,2.503643839830553
107,0.6092577148120139,2.491788978870955
108,0.6057130941954924,2.4951621533633275
109,0.6165554628360261,2.482608324493141
110,0.6050875729029133,2.4747263550062395
111,0.6161384487072561,2.471907603134206
112,0.6065471225524565,2.473426846487508
113,0.6180150126098493,2.456643414159334
114,0.6025854880557248,2.454235426876523
115,0.6244787323266093,2.437367281782518
116,0.6328190158465388,2.4294242325974467
117,0.6201000834525476,2.433527131792503
118,0.616346955846209,2.420853172967193
119,0.6103002501587951,2.4231328321954826
120,0.6113427855801443,2.408453430505073
121,0.6188490407182536,2.4039957455737677
122,0.6119683068230114,2.4006745505074445
123,0.6201000833531237,2.3890375987602535
124,0.6142618850532227,2.3914966827834814
125,0.6265638031693077,2.370276861731662
126,0.6257297748123436,2.367142917316491
127,0.6161384486078321,2.3716622800803164
128,0.6192660548967357,2.36137161700302
129,0.6161384486326881,2.35577050003039
130,0.6205170976310297,2.340466582447017
131,0.6332360300747328,2.3340750462418303
132,0.615304420275724,2.3325702981018246
133,0.633653044104079,2.326376931084704
134,0.6290658880910642,2.3163426910667644
135,0.616763970124115,2.3174027939256376
136,0.6273978315759838,2.303968599182651
137,0.6430358633684854,2.2973471604554825
138,0.6349040866892371,2.2947230885881895
139,0.6315679733110926,2.2856108144087233
140,0.6282318597838121,2.2837436700284828
141,0.6313594662715635,2.278039723460728
142,0.640533778148457,2.267300764056819
143,0.6365721434528774,2.2643459487498254
144,0.6509591327596447,2.2510876778864284
145,0.6267723102088368,2.2535200534610573
146,0.639491242553116,2.239855815610655
147,0.6457464555286188,2.231862338211658
148,0.6382402002662296,2.2334556494085267
149,0.6424103421007622,2.2229924611591914
150,0.6430358633187734,2.215342205101694
151,0.645954962468724,2.2162988879861585
152,0.634904086888085,2.2116427047735856
153,0.6555462886235235,2.1976362249073733
154,0.6492910759960044,2.190999024703763
155,0.6465804835873111,2.1849279664177215
156,0.6515846538285199,2.1731626066791705
157,0.6538782318101712,2.1738064235404098
158,0.6511676395506139,2.165736548795215
159,0.6455379482405299,2.1682840976444653
160,0.6542952459886533,2.1562802368049527
161,0.6572143451386039,2.1516089791352795
162,0.6570058381487868,2.150083328506368
163,0.658882402150804,2.133955715893705
164,0.653252710741296,2.136411388681967
165,0.6576313596153578,2.1327998966252038
166,0.6561718099906705,2.126802053721971
167,0.6567973309601218,2.116021277608227
168,0.6615929940623776,2.1079674880637835
169,0.6690992492750548,2.105009597674124
170,0.6595079233191031,2.0991130563196685
171,0.6607589658545493,2.0956227504978386
172,0.6647206004009931,2.089472060406377
173,0.665137614828035,2.080738343428929
174,0.6632610509254417,2.082762063593542
175,0.6653461217184281,2.0671792539384986
176,0.6653461217184281,2.064501573484674
177,0.6684737282558916,2.0589168360076218
178,0.6705587990488779,2.058649465180716
179,0.6749374477240918,2.0461861313731595
180,0.676605504537444,2.042931563661335
181,0.6724353628023353,2.0343910470617326
182,0.6578398665554629,2.037758371649035
183,0.6816096748780767,2.020843777684394
184,0.677648040132785,2.0189168011774314
185,0.6732693911592994,2.0124419858994536
186,0.6741034195659755,2.010487441324611
187,0.6866138450198614,1.9963195994061367
188,0.6786905754795663,2.0003433470133447
189,0.6805671391833117,1.988361654031068
190,0.6718098415843241,1.9883856332928465
191,0.6926605503592916,1.9747798724210293
192,0.677439533093256,1.9765194445674472
193,0.6782735613507962,1.9760985023484219
194,0.6918265221017514,1.9631023304575776
195,0.6811926604510348,1.9612452342571867
196,0.6918265222508874,1.952207722795119
197,0.6930775647366216,1.9489369187581729
198,0.6793160966975774,1.9462781753810472
199,0.6853628024844153,1.939491127708537
200,0.6982902419179354,1.9333465626281534
201,0.6957881566481953,1.927463778960297
202,0.6914095080724053,1.9215577684709486
203,0.6932860718258627,1.9169900330829064
204,0.6987072561461295,1.9069068061002996
205,0.6905754794171693,1.9051125130124447
206,0.6849457881567973,1.9066899431258864
207,0.6909924936453634,1.8989959917434363
208,0.7049624686245127,1.8852903370662368
209,0.6939115930935857,1.8901761161773973
210,0.7097581316770565,1.8778066804152513
211,0.69557964970809,1.881426058082008
212,0.6987072559472817,1.8702382496538712
213,0.69516263557932,1.8650197946995473
214,0.7005838199990108,1.8620096105053785
215,0.7114261884904087,1.8466218182998861
216,0.6966221851542952,1.8573466998721482
217,0.7091326105087573,1.8396520341208222
218,0.7097581316273445,1.840302360465469
219,0.7118432026688908,1.8328431764177922
220,0.7045454545951665,1.8370568452028555
221,0.706839032427682,1.8282846212387085
222,0.7145537948787362,1.8176073686991063
223,0.7060050041701418,1.8138679230183339
224,0.7124687238869019,1.8025556251941073
225,0.7145537947296002,1.8055058162942144
226,0.7239366138448707,1.794719526129429
227,0.7126772310755668,1.7978196539811238
228,0.7089241034195163,1.7921318542569553
229,0.7193494577324321,1.7849699566024257
230,0.7155963304243652,1.7829889605898377
231,0.7153878230865643,1.7764988609708479
232,0.7153878231859884,1.7751112194037417
233,0.7216430358135074,1.7680109817848493
234,0.7185154295743158,1.7638506136704128
235,0.7212260215853133,1.7611178784096013
236,0.7291492912250325,1.7558660858168613
237,0.7245621352120177,1.7534380564598167
238,0.7276897413517854,1.74684254282012
239,0.7197664719606262,1.744224082041622
240,0.7331109258709002,1.7371837439588749
241,0.7312343619683069,1.7293422992672893
242,0.7264386990151871,1.7265391082342114
243,0.7281067556794034,1.7189348928127017
244,0.7158048374141823,1.7258713756430835
245,0.73790658882402,1.717142110471431
246,0.7247706423509708,1.7118082465083526
247,0.7239366137454468,1.707819163848998
248,0.726855713243381,1.6998740147311455
249,0.7383236028533662,1.695259635203873
250,0.7356130109417925,1.6961169089746038
251,0.7406171808847295,1.6777731526186308
252,0.7362385321100917,1.6903017071309538
253,0.7402001668056714,1.6754982522172268
254,0.7316513762959249,1.674643637141752
255,0.7310258548790659,1.6717390799343437
256,0.7343619684063464,1.6660225639947759
257,0.7427022519262758,1.660377051752741
258,0.7443703085407801,1.654621811187496
259,0.7429107590155168,1.6523515638259174
260,0.743327772995151,1.6445950753893626
261,0.7512510425354462,1.6440240527511736
262,0.7504170142281941,1.635840265426763
263,0.7466638866218555,1.6376850023381009
264,0.7491659716927478,1.6340297207025014
265,0.7466638865721434,1.623219104783549
266,0.7406171810338654,1.6279300898686362
267,0.7597998330949047,1.6175286150455872
268,0.7535446203679617,1.615182661532958
269,0.7500000001491359,1.6146242501240555
270,0.7504170140293461,1.6064985963679832
271,0.7529190992493745,1.6069091787131455
272,0.7479149291075896,1.6020665387494848
273,0.7466638867212794,1.599658596605137
274,0.756672226955137,1.5885411625210697
275,0.761884903987315,1.5867391282861882
276,0.7591743119266054,1.5865969796097208
277,0.7683486239526349,1.5744896826891226
278,0.7637614678899083,1.5735005528057884
279,0.7645954962965844,1.5694949206359392
280,0.7673060885064298,1.563944279401873
281,0.7652210174151716,1.5589194537402193
282,0.7581317766295362,1.5606632332089942
283,0.7610508756303509,1.5550954222579714
284,0.7591743120757414,1.5546322659316711
285,0.762718932443703,1.5478869983809902
286,0.7716847372313556,1.5385744963416066
287,0.7683486237537871,1.538024888324976
288,0.7668890741788118,1.5351894184188906
289,0.7668890742285238,1.533046623485301
290,0.7693911591502803,1.52470645256297
291,0.7654295247529724,1.5285337540982067
292,0.7681401168633939,1.5152268081630043
293,0.767514595396823,1.5212877689549285
294,0.7670975812183409,1.5122126867812906
295,0.7731442868063308,1.511859430582748
296,0.7712677230031616,1.5073219360760393
297,0.7773144285414396,1.4999422365869455
298,0.7760633861054174,1.4989299340681597
299,0.786697247756134,1.4917476896050574
300,0.7698081736270341,1.4971601779108947
301,0.7779399500080105,1.4841431496638473
302,0.7750208507089241,1.4877556344685303
303,0.7810675561974901,1.4790249728878107
304,0.7852376980817348,1.4739628917878622
305,0.7771059216510464,1.474205435962852
306,0.7783569642362046,1.4746699572802584
307,0.7852376979325989,1.4635538147130143
308,0.7791909926428807,1.4633675830576995
309,0.781693077713773,1.4581656442074302
310,0.7848206840026767,1.4527838221184903
311,0.7804420351286149,1.456204105059836
312,0.7835696414175185,1.4588979456800535
313,0.7854462053201117,1.4453800671094652
314,0.7921184321758248,1.4456188730441897
315,0.7831526271893244,1.4481384979873224
316,0.7885738115593033,1.434104385427677
317,0.7746038365304421,1.4397715128293327
318,0.7873227690238571,1.4288280838424707
319,0.7912844037691487,1.4288704177555787
320,0.7958715595833156,1.4241118260082153
321,0.7917014179476307,1.4160459087330466
322,0.7981651376643909,1.4153345716904362
323,0.793369474611847,1.405907712348607
324,0.7939949958298582,1.4092473794859186
325,0.7900333609851427,1.4077075457354205
326,0.7962885738612215,1.405837300422293
327,0.7923269391656419,1.4014010349843182
328,0.7923269392650658,1.4018686865646706
329,0.7979566304757258,1.3873520678933011
330,0.786071726289563,1.3968425542737564
331,0.792326939066218,1.3877911160049883
332,0.7902418682235196,1.3892729716861716
333,0.7977481235853328,1.3841797462396566
334,0.7962885738612215,1.3844562687408537
335,0.8087989991659716,1.366923862342739
336,0.798165137515255,1.3726062982454212
337,0.8085904919275947,1.365760596818582
338,0.7956630525934985,1.3678765919329823
339,0.8077564638689023,1.3613962931271093
340,0.7985821518925849,1.3617327252062685
341,0.8108840699092461,1.3498801968314431
342,0.8015012509431115,1.356676446983872
343,0.8056713927776442,1.353572445973642
344,0.8094245204336947,1.3461873693402555
345,0.8110925772967589,1.3389824850545315
346,0.8104670559296119,1.3392719975901803
347,0.8083819848880657,1.3374542176872617
348,0.8146371976150086,1.325423898549752
349,0.8142201836353744,1.326947421009487
350,0.811092577048199,1.32761121084533
351,0.8085904921264426,1.323035909892918
352,0.8085904921264426,1.32173289469225
353,0.7977481234361968,1.3293665121554135
354,0.8037948291236108,1.3225948725072814
355,0.8217264387983397,1.3096913794262197
356,0.8138031694568924,1.3107336429479821
357,0.8233944953134201,1.300615117985373
358,0.8140116763472856,1.307094369061894
359,0.8092160133941657,1.3094344991162183
360,0.8148457048036736,1.2968613429304159
361,0.8154712258725488,1.3013857710450962
362,0.8131776479406094,1.2967254330060003
363,0.8173477899739899,1.287979618920397
364,0.8148457046545378,1.2919824805430713
365,0.8231859882241791,1.27864961439217
366,0.8200583818358516,1.2894994668706046
367,0.8087989993151076,1.2918898343443372
368,0.824020016829703,1.271104898524344
369,0.8156797329617899,1.2749933843517225
370,0.8296497080403631,1.2597332130977767
371,0.8256880732950714,1.2674572748179431
372,0.8271476229197587,1.2600451863935533
373,0.8352793994498711,1.2525248903349302
374,0.8252710593651492,1.2585626213226446
375,0.8221434529768218,1.2643713244206713
376,0.8208924104910875,1.2568271009001362
377,0.8265221018508835,1.2514516129107949
378,0.834862385171965,1.2391790953947168
379,0.8319432859723025,1.2399192842669642
380,0.8361134279559711,1.2321266928148629
381,0.8271476229694706,1.2394735047576624
382,0.836321935094924,1.2361245704154555
383,0.8277731442371938,1.2365294745606716
384,0.8363219348960762,1.2285098303746342
385,0.8392410343442985,1.2238809611023815
386,0.835487906588824,1.2292292239369702
387,0.8304837365961751,1.2275451047903703
388,0.8359049206678821,1.2219505745535397
389,0.8384070057884865,1.2078535873955543
390,0.8244370308093373,1.2226990909751403
391,0.8384070057387746,1.208846841085146
392,0.8375729774812344,1.214220332940287
393,0.8457047539119227,1.2042479194930635
394,0.8413261049881491,1.2019814269755462
395,0.8400750624029909,1.2035937783517272
396,0.8396580485227806,1.2037871896077237
397,0.8388240199669686,1.1973915305905187
398,0.8438281900093295,1.1913583387028088
399,0.8454962469221057,1.193396446702876
400,0.8419516264050081,1.1894367087175688
401,0.8440366970985705,1.190581237007122
402,0.8398665553634618,1.1845987710085781
403,0.8432026688410303,1.1871203557961776
404,0.8429941619506371,1.1854243337163535
405,0.8540450374318521,1.1714163728313112
406,0.8450792326441996,1.1732596222612637
407,0.8484153460720562,1.1760135763779196
408,0.8486238532607211,1.166502651321182
409,0.8459132612000116,1.1709377394804266
410,0.8432026689404543,1.1645916750075123
411,0.8486238530618733,1.1574119102765958
412,0.8479983317941502,1.1641433616794081
413,0.8530025021844948,1.1547891796380902
414,0.8507089241531315,1.1539039200201344
415,0.8505004171633144,1.1557787469867074
416,0.8494578814188374,1.1528399693558273
417,0.8473728106755629,1.1471626418545606
418,0.8519599666388658,1.1458261534012388
419,0.8479983319432861,1.1436664608739833
420,0.8598832360797369,1.1324472355782935
421,0.8515429523609597,1.14349067917061
422,0.8450792327436235,1.1489175797701876
423,0.8650959133107629,1.1274019003510973
424,0.8707256046208468,1.120932331276099
425,0.8628023353291114,1.1223042384100717
426,0.8555045871062513,1.125984588098884
427,0.8507089241531315,1.1334726543004956
428,0.8661384485581202,1.115370245701676
429,0.859257714613166,1.118332853060747
430,0.8586321936437147,1.1249378030751525
431,0.8638448707753167,1.1124096214025592
432,0.8659299414688791,1.1080086744259157
433,0.8690575478074947,1.1046920027506162
434,0.8678065054708963,1.0991061315425144
435,0.8609257715259422,1.1075774768275752
436,0.854045037580988,1.1131821727633378
437,0.8705170976310297,1.0944166510576403
438,0.86009174321869,1.103534722248647
439,0.8607172642378532,1.101244159297609
440,0.8703085904423647,1.0927861785769364
441,0.8605087571983242,1.0998354001876411
442,0.8696830691746417,1.0916255172637226
443,0.865721434628198,1.0885400820812452
444,0.8665554627863142,1.0859748780279979
445,0.8703085903926528,1.0793453793012668
446,0.8680150123612894,1.0818565212954472
447,0.8690575479566305,1.0802484067208176
448,0.8675979983816553,1.0813565477915263
449,0.8726021683743042,1.07311002595709
450,0.8719766471562931,1.0816426410388709
451,0.8748957465050915,1.0689309116101842
452,0.8761467888416898,1.0669261302621889
453,0.8730191826522101,1.0738211502324948
454,0.8692660551452955,1.0692161380300131
455,0.8788573812006711,1.054615667703452
456,0.8705170976807417,1.063870456091457
457,0.8753127606835736,1.0626103348091704
458,0.8723936612850631,1.0601504802505008
459,0.8748957463062436,1.057073628335719
460,0.8744787322271854,1.0522905213321816
461,0.8821934946782396,1.0478197622537813
462,0.8811509589834746,1.0404349191672013
463,0.8763552961794906,1.048660665079392
464,0.8786488739125822,1.0457280392046269
465,0.8767723101094129,1.0427702142359119
466,0.8801084235372695,1.0447963663098014
467,0.8830275227866439,1.0407809871648928
468,0.8773978315759838,1.042163511034446
469,0.8780233528437069,1.0382661878118125
470,0.8807339450038404,1.030668392690447
471,0.8771893245364548,1.0405387898302754
472,0.8876146790482184,1.0240325623497155
473,0.8867806504924065,1.0212178184550638
474,0.8771893243873189,1.0316060334071206
475,0.8798999166468763,1.0265619541029816
476,0.8874061716607057,1.016328808613078
477,0.8874061717601296,1.0126122994856401
478,0.8796914093587874,1.0209894256854275
479,0.8838615513921679,1.016253122247389
480,0.8944954126949008,1.0031342456696728
481,0.8796914095576353,1.0159833587339464
482,0.8861551293241073,1.007207513949193
483,0.8886572144447117,1.0053646300015995
484,0.8967889908754,0.996608411897909
485,0.8884487074051826,1.0048232267457708
486,0.8901167639202631,0.9994601975191226
487,0.8746872394655624,1.0176977878615099
488,0.8922018349618093,0.9929728568147081
489,0.8888657212853929,0.997571626238469
490,0.8882402000176698,1.0011139991782525
491,0.8909507921778033,0.9893853414347015
492,0.8853211010665671,0.9955885565410165
493,0.8907422852874101,0.9891782105217585
494,0.8874061717601296,0.9888719264619842
495,0.8959549625184359,0.9842647515902229
496,0.8880316930278527,0.9918904483964585
497,0.8924103420510503,0.9855074781094918
498,0.8874061717104176,0.9826410998892446
499,0.8890742284740578,0.9851349658822894
