epoch,acc,loss,val_acc,val_loss
0,0.5766423356421175,0.7060932828437797,0.6083333333333333,0.7027588268121083
1,0.6342544316996872,0.6773957584647615,0.615625,0.6994435767332713
2,0.6626694471545215,0.6469023799498461,0.6114583333333333,0.6960353116194408
3,0.6895203336187647,0.6203716031826325,0.609375,0.6952358742554983
4,0.7114181440863545,0.5952616086592888,0.603125,0.6940478364626567
5,0.7343587069864442,0.5712019819785705,0.596875,0.6955547948678334
6,0.7484358705121856,0.545197159518042,0.6010416666666667,0.6972052454948425
7,0.7559958290506826,0.5230045828568177,0.596875,0.7002928058306376
8,0.7781543273622475,0.49279970132645773,0.596875,0.7052603781223297
9,0.7789363919507724,0.47077348772378114,0.5979166666666667,0.7099491556485494
10,0.7755474451311686,0.4504285888888167,0.5833333333333334,0.7184356828530629
11,0.7831074036696656,0.43048668181187666,0.5822916666666667,0.7278656144936879
12,0.7898852971224144,0.411333367026511,0.5708333333333333,0.7376001179218292
13,0.7909280499278318,0.3994094717925234,0.565625,0.7467746019363404
14,0.8026590196879987,0.380371188377812,0.5625,0.7574735124905904
15,0.7818039625230497,0.3618865440734609,0.5604166666666667,0.7656732459863027
16,0.7969238791028203,0.35479394418728366,0.5625,0.7758642822504044
17,0.8133472365184422,0.334767018667227,0.559375,0.783772752682368
18,0.834462982397507,0.3245842513376779,0.5666666666666667,0.7940410653750102
19,0.8386339938056357,0.3232757835119683,0.56875,0.8073085407416026
20,0.8639207505956059,0.3175806948551918,0.5635416666666667,0.8165817846854527
21,0.878519290990203,0.2973656845167357,0.5739583333333333,0.8302302052577336
22,0.8832116786456581,0.29363300445430346,0.5739583333333333,0.8435671627521515
23,0.8863399376212867,0.28586577613982717,0.5697916666666667,0.8547802199920018
24,0.8819082378098068,0.277491080732987,0.5802083333333333,0.8684839655955633
25,0.8837330552037491,0.27939305484792115,0.56875,0.8834941148757934
26,0.8787799792070956,0.2836265284898259,0.5708333333333333,0.8984312593936921
27,0.8957247130565027,0.26460336339859075,0.5708333333333333,0.9091322640577952
28,0.8842544318861459,0.2696873683626137,0.5760416666666667,0.9211260894934337
29,0.9004171009605694,0.25773367942995523,0.5697916666666667,0.9385738184054693
30,0.8954640249639159,0.25565676869702164,0.5729166666666666,0.9581245660781861
31,0.9056308656091859,0.24676843357347225,0.5572916666666666,0.9794995566209157
32,0.9001564127436769,0.2529876382868034,0.5572916666666666,0.9924022912979126
33,0.9006777893017678,0.24886900798744901,0.55625,1.0084410578012466
34,0.9051094892375536,0.24409529764100335,0.5541666666666667,1.0223386446634928
35,0.9111053178531658,0.23998197102074328,0.5583333333333333,1.036833159128825
36,0.9082377477781118,0.24295148408823142,0.5583333333333333,1.0508204042911529
37,0.9165797705943691,0.23813425786055167,0.5572916666666666,1.0689144114653268
38,0.9111053181017775,0.2349197423557544,0.559375,1.0886748909950257
39,0.917361835182894,0.22963736859675618,0.5583333333333333,1.1029626280069351
40,0.9126694471545215,0.2303821640603858,0.565625,1.1115773230791093
41,0.9124087591862405,0.2293589144976221,0.565625,1.1287829726934433
42,0.912669447403133,0.23179996071132802,0.5708333333333333,1.144744947552681
43,0.9131908237126125,0.23068994359813466,0.5635416666666667,1.1547919909159343
44,0.9165797707808279,0.22676500429450783,0.5614583333333333,1.1688355882962544
45,0.9160583942848898,0.22960158629387586,0.5645833333333333,1.1830447047948838
46,0.9217935347457623,0.22176935628631442,0.5552083333333333,1.2051844696203868
47,0.9165797706565221,0.21947837422861172,0.5604166666666667,1.219317466020584
48,0.9277893640450566,0.21135679072272168,0.5520833333333334,1.233141188820203
49,0.9152763294477533,0.22119424356161244,0.546875,1.260138393441836
50,0.9168404586869559,0.22102669692511853,0.5541666666666667,1.279711475968361
51,0.9251824816896719,0.2105170041322708,0.5541666666666667,1.2922256290912628
52,0.9215328465288697,0.21290231178338884,0.5614583333333333,1.3108108550310136
53,0.927789363734292,0.2042584002359816,0.5708333333333333,1.3263830025990804
54,0.9184045881126173,0.20961237146409387,0.56875,1.3424904108047486
55,0.9163190821910178,0.22067298863677462,0.5666666666666667,1.3629448930422465
56,0.9202294057551713,0.21562222151301327,0.5677083333333334,1.3880084166924158
57,0.9251824818139778,0.20587732545775095,0.5614583333333333,1.403301935394605
58,0.9324817519491233,0.2016317770895048,0.565625,1.4150748113791147
59,0.9314389987707884,0.20038026294693334,0.5583333333333333,1.445513782898585
60,0.9272679874869656,0.2038363226387374,0.5614583333333333,1.4623397370179494
61,0.9290928051295196,0.2033063678364187,0.5677083333333334,1.480071740349134
62,0.9301355576863254,0.196536220695602,0.5635416666666667,1.504969698190689
63,0.9251824815653661,0.2036624180388028,0.5645833333333333,1.5254712631305059
64,0.9277893640450566,0.2011777144682917,0.5489583333333333,1.5483432153860728
65,0.9270072993943789,0.20037326090838042,0.559375,1.5550032615661622
66,0.9327424400417101,0.19551703600335296,0.553125,1.577618988355001
67,0.927007299270073,0.20270587906350185,0.5614583333333333,1.5888788402080536
68,0.9335245047545409,0.1929931937094401,0.5583333333333333,1.5918629666169484
69,0.9330031284450615,0.1940425596160113,0.5614583333333333,1.6068321605523428
70,0.9309176223370031,0.19443419491784789,0.559375,1.625538061062495
71,0.9238790404809031,0.20616993668554223,0.5583333333333333,1.6516798615455628
72,0.9233576640471179,0.20259245280739663,0.55625,1.6714134454727172
73,0.9207507818781919,0.20608812752369174,0.5510416666666667,1.6917420427004497
74,0.9244004171011471,0.19911218335904468,0.559375,1.7140770534674326
75,0.9319603754531852,0.1935088553070649,0.5552083333333333,1.7327301800251007
76,0.9244004170389941,0.20168231073397913,0.559375,1.735635554790497
77,0.9296141812525403,0.19094232911859738,0.565625,1.748316580057144
78,0.9369134516362975,0.19046362221427457,0.55625,1.7629066507021587
79,0.9384775806268885,0.1837118257913152,0.5635416666666667,1.764325217405955
80,0.9324817519491233,0.18768090850307498,0.5614583333333333,1.7761402944723765
81,0.9340458810640202,0.18637732908176308,0.56875,1.7854142328103384
82,0.928310740292383,0.19811679371579222,0.5625,1.8190126955509185
83,0.9345672574978053,0.1883213583756786,0.56875,1.8328795890013376
84,0.9371741397910371,0.18775682595710932,0.5677083333333334,1.853269914786021
85,0.9387382690923928,0.18341370012389732,0.5625,1.8700519959131876
86,0.9366527634194048,0.18513247984479939,0.5635416666666667,1.903744069735209
87,0.9392596452775663,0.18085204378718256,0.5583333333333333,1.920329612493515
88,0.9306569341201106,0.19049358271582906,0.5645833333333333,1.942007158199946
89,0.9356100104275287,0.19142113713017345,0.5677083333333334,1.9449191729227702
90,0.9337851928471276,0.1863437136159326,0.571875,1.9584098180135092
91,0.9314389990194001,0.19062361776890918,0.5645833333333333,1.9776908338069916
92,0.935349322210636,0.18642013878158534,0.55625,2.0181760867436727
93,0.9449947860492034,0.17611527197428117,0.5583333333333333,2.026310231288274
94,0.9434306570586124,0.17698643708502537,0.5572916666666666,2.031006222963333
95,0.9340458810640202,0.18628856581679473,0.565625,2.0470760385195415
96,0.9384775807511944,0.1830274403343857,0.5708333333333333,2.0644641478856403
97,0.9376955162869752,0.18135437671565163,0.575,2.070733173688253
98,0.9358706987687271,0.18679383133729383,0.575,2.0813927869002025
99,0.9345672575599583,0.18728292649524428,0.575,2.1061202347278596
100,0.9426485922836287,0.18037696401816836,0.571875,2.1203679839769998
101,0.9387382689680869,0.17719758211074707,0.565625,2.1274429341157277
102,0.9442127213985256,0.17257180176014944,0.5708333333333333,2.1430485347906747
103,0.9361313869234668,0.1802105237657012,0.5708333333333333,2.16136204401652
104,0.9397810217113515,0.17608583256275984,0.5729166666666666,2.162054216861725
105,0.9371741396667314,0.17920693926070355,0.5697916666666667,2.149676448106766
106,0.9400417101768558,0.17476040392150718,0.565625,2.177115430434545
107,0.9421272156633849,0.1769586752272746,0.5677083333333334,2.1890996158123017
108,0.9431699688417198,0.1755860836805467,0.5625,2.185794456799825
109,0.9410844629201203,0.17155060178296286,0.5635416666666667,2.1828853607177736
110,0.9418665278194097,0.17372211733127907,0.5645833333333333,2.2121458570162456
111,0.9343065693430657,0.18314301176725015,0.5604166666666667,2.216665583848953
112,0.943691345275505,0.17418125419410352,0.5625,2.237715941667557
113,0.9369134516362975,0.17771956925906776,0.55625,2.238650639851888
114,0.9447340981430754,0.16622712490332386,0.55625,2.260419470071793
115,0.9457768506998812,0.16992231959533394,0.55625,2.27682065765063
116,0.9408237748896864,0.17214429836887263,0.5572916666666666,2.2915330986181894
117,0.9481230448383733,0.1672491410570423,0.5572916666666666,2.3110308786233267
118,0.9403023983315955,0.17531330564969275,0.5666666666666667,2.340860295295715
119,0.9476016685288939,0.16564426873349297,0.5614583333333333,2.3586084306240083
120,0.9444734096154183,0.16865230552906538,0.55625,2.3848527371883392
121,0.9473409803120013,0.16721513099789745,0.5677083333333334,2.3861867904663088
122,0.9533368091762252,0.1592932202085091,0.55,2.400356674194336
123,0.9476016683424352,0.16495437081029193,0.5552083333333333,2.40080903172493
124,0.9455161627937532,0.16769351577143476,0.5552083333333333,2.3924379527568815
125,0.9457768506998812,0.1716422248122839,0.5520833333333334,2.4392935315767925
126,0.9408237748896864,0.17380483260492835,0.5572916666666666,2.439029767115911
127,0.9444734099261828,0.16944646844650085,0.559375,2.4466365973154702
128,0.9426485922836287,0.16787042085768905,0.5625,2.440173141161601
129,0.9465589155370178,0.16243756188776992,0.5479166666666667,2.4696653445561725
130,0.9489051093025923,0.16280573430909107,0.5520833333333334,2.486047609647115
131,0.9520333681539151,0.16100243414529794,0.5520833333333334,2.4994243760903676
132,0.943169968717414,0.17063198775457017,0.5489583333333333,2.5060418784618377
133,0.9436913449647404,0.1705499491707749,0.55625,2.528316915035248
134,0.9512513032546257,0.16464503488587887,0.5510416666666667,2.5548546373844148
135,0.9535974973931178,0.15614471687110795,0.5572916666666666,2.575619407494863
136,0.9543795619816428,0.15121827744592342,0.553125,2.5799261848131816
137,0.945776850824187,0.1700161462406918,0.5604166666666667,2.5802481889724733
138,0.9465589156613236,0.16495998067018014,0.5583333333333333,2.594370053211848
139,0.9473409802498485,0.16187238873480755,0.5583333333333333,2.632822414239248
140,0.9533368093005311,0.1553376346935321,0.5552083333333333,2.6418535788853963
141,0.9473409801255426,0.1620104685814214,0.55625,2.6573270042737325
142,0.9496871741397289,0.16365736043537124,0.5604166666666667,2.6663517316182452
143,0.948905109613357,0.16589383822909484,0.5510416666666667,2.687605462471644
144,0.9515119914715183,0.15931708789095517,0.5666666666666667,2.6775622169176736
145,0.9499478624809273,0.16081663136437488,0.5552083333333333,2.709735691547394
146,0.9460375391032325,0.16475421448196434,0.55,2.7135420640309653
147,0.9452554744525548,0.168624406340566,0.553125,2.7375046849250793
148,0.9462982275065839,0.1628969359882681,0.5614583333333333,2.7385838588078815
149,0.9496871739532702,0.15775005556681854,0.5541666666666667,2.7482529242833453
150,0.9543795621681015,0.15061112271079927,0.5489583333333333,2.759886042277018
151,0.95020855069782,0.15708808409782346,0.546875,2.7505115191141765
152,0.9538581857343162,0.15832125798753455,0.55625,2.7696388483047487
153,0.9517726798748697,0.15594104790090893,0.5520833333333334,2.780760451157888
154,0.9530761209593326,0.15542615576413177,0.5489583333333333,2.780077926317851
155,0.9470802919708029,0.1611403368871826,0.55,2.796860174338023
156,0.9504692386039479,0.15434414483956427,0.5552083333333333,2.8007381637891133
157,0.9504692387904067,0.15775050875479288,0.5520833333333334,2.8082332293192547
158,0.9483837328688072,0.159403604328073,0.5583333333333333,2.8107571760813395
159,0.9538581857343162,0.15006472846265878,0.565625,2.789267134666443
160,0.9530761210836385,0.15123222112593487,0.559375,2.7979063153266908
161,0.9517726799991755,0.15495166193394766,0.5541666666666667,2.792197068532308
162,0.9533368091762252,0.15504924102265843,0.5541666666666667,2.7934558033943175
163,0.9509906153484977,0.15860288236698095,0.5604166666666667,2.8052787621816
164,0.9470802920951088,0.1615734512726383,0.55625,2.8229955156644184
165,0.951772679688411,0.15586013318164754,0.55625,2.8480970581372578
166,0.9554223147249072,0.15118921693410564,0.55,2.856692830721537
167,0.9551616265080146,0.1530747401204671,0.5447916666666667,2.8622854312260944
168,0.9512513032546257,0.15725118282316125,0.5416666666666666,2.884920763969421
169,0.9562043795620438,0.15094518113776467,0.54375,2.888144814968109
170,0.9520333682160681,0.15212153306967027,0.546875,2.8803624947865805
171,0.949687174077576,0.15845900491206316,0.540625,2.8834818601608276
172,0.948905109613357,0.158498170291296,0.5447916666666667,2.900464717547099
173,0.9541188739512089,0.15066787802514245,0.5427083333333333,2.884481696287791
174,0.9543795621059485,0.15137009715760463,0.5427083333333333,2.8900984128316245
175,0.9525547446498532,0.15364163727096522,0.540625,2.8860681136449178
176,0.9595933265059534,0.1453306746588509,0.5416666666666666,2.8619569142659507
177,0.9515119917822829,0.1534022039678472,0.5447916666666667,2.8759436587492626
178,0.9509906150377331,0.15226400538704069,0.540625,2.875181806087494
179,0.9575078205843539,0.1510792841379287,0.5489583333333333,2.865252498785655
180,0.9530761210836385,0.15185292581012774,0.5458333333333333,2.8781106511751813
181,0.9541188739512089,0.15224798416817897,0.55,2.8738152662913006
182,0.9564650679032423,0.14589955874478855,0.5510416666666667,2.8719650149345397
183,0.9530761210836385,0.15350587380131292,0.559375,2.842792336146037
184,0.9525547443390887,0.15099511833956641,0.5572916666666666,2.8410311301549274
185,0.9585505733276184,0.14448472538941595,0.5541666666666667,2.8596628189086912
186,0.9543795621681015,0.14770690976361414,0.5552083333333333,2.901902985572815
187,0.955943691469457,0.14859742081575522,0.559375,2.9255447586377463
188,0.9507299270072993,0.15494225357539712,0.559375,2.946921730041504
189,0.9564650675924776,0.1475862791379127,0.5625,2.9720061659812926
190,0.9622002086748793,0.14039686030870432,0.571875,2.9717143177986145
191,0.9567257561201348,0.1443130788359329,0.571875,2.9856743574142457
192,0.9504692387282537,0.15559739620270396,0.5697916666666667,2.96965704758962
193,0.9595933265059534,0.14198597035020186,0.5645833333333333,2.98497865597407
194,0.956725755995829,0.14506295845456366,0.5635416666666667,2.9860188364982605
195,0.9517726798748697,0.15187749674891407,0.559375,2.997396206855774
196,0.9491657978302496,0.15822943404891818,0.5625,3.009117023150126
197,0.9535974972066591,0.1534304414196979,0.5604166666666667,3.0143542925516766
198,0.9564650677789364,0.14976830335335886,0.5583333333333333,3.032390534877777
199,0.9595933263816475,0.1444675414992945,0.559375,3.05002818107605
200,0.9546402502606882,0.14942186095822715,0.55625,3.0634250243504844
201,0.954640250384994,0.14723239108780253,0.5520833333333334,3.05240284204483
202,0.9543795620437956,0.15056732032016867,0.559375,3.048044995466868
203,0.9569864440262629,0.1441688825210267,0.5552083333333333,3.062239742279053
204,0.959332638164755,0.14296682562768398,0.5625,3.0935200651486716
205,0.9580291972045978,0.14658751738829706,0.559375,3.0920923550923667
206,0.9590719500721682,0.14598511417354607,0.5541666666666667,3.0870924313863117
207,0.9577685086769406,0.1426164663558956,0.5572916666666666,3.1081253131230673
208,0.9598540145985401,0.14161981928926565,0.5552083333333333,3.12375648021698
209,0.959332638164755,0.14497037289413595,0.5541666666666667,3.1277437686920164
210,0.957507820460048,0.14407092300209687,0.55625,3.147164197762807
211,0.9551616266944735,0.15163417067281645,0.5552083333333333,3.156811555226644
212,0.9577685089877052,0.14226948352563618,0.55,3.155398595333099
213,0.9520333679053035,0.15227635520218064,0.5520833333333334,3.170355006059011
214,0.952294056246502,0.1506221432382546,0.5489583333333333,3.1506052136421205
215,0.9562043795620438,0.14843815822266937,0.5479166666666667,3.125095705191294
216,0.9517726799991755,0.15485335011676155,0.5583333333333333,3.1288401007652284
217,0.960114702628974,0.1399972426381673,0.5541666666666667,3.1482216358184814
218,0.9577685089877052,0.1447258674626057,0.5510416666666667,3.1484589695930483
219,0.9533368089897665,0.15186647870369077,0.546875,3.15723983446757
220,0.954118873826903,0.14719691397903858,0.5416666666666666,3.1713571707407633
221,0.9569864443370274,0.1483939950965244,0.5416666666666666,3.159923712412516
222,0.9504692389147125,0.15780387978857077,0.546875,3.1499091068903606
223,0.9538581854235517,0.1497138007558548,0.55,3.1334273258845013
224,0.9614181440242016,0.14126854010773152,0.553125,3.128570520877838
225,0.9525547445877004,0.15291787999389816,0.5479166666666667,3.130212970574697
226,0.9611574556208502,0.13760183406634424,0.5552083333333333,3.113912510871887
227,0.9603753910323254,0.14143201473389477,0.559375,3.097922698656718
228,0.9635036497593423,0.13719545662154495,0.565625,3.0916061997413635
229,0.9577685089877052,0.14424568492379253,0.565625,3.104137853781382
230,0.9562043795620438,0.1481532102705167,0.559375,3.1121171871821085
231,0.9619395203336809,0.1400554442508253,0.5604166666666667,3.121299691994985
232,0.9564650679032423,0.1421795319435619,0.5604166666666667,3.147993803024292
233,0.9582898854214904,0.14042623953289732,0.5645833333333333,3.1556294639905293
234,0.9533368091762252,0.15058235526551048,0.5614583333333333,3.1532676657040914
235,0.9608967674039576,0.13783228995591185,0.5635416666666667,3.164261062939962
236,0.9627215849843587,0.13312148852069883,0.5604166666666667,3.178555603822072
237,0.9575078206465067,0.14024153108610476,0.5604166666666667,3.1761276642481486
238,0.9593326379782963,0.14084202958595268,0.5583333333333333,3.1767428437868754
239,0.9650677789363921,0.13442096176311544,0.5666666666666667,3.1939794778823853
240,0.957507820460048,0.14164532601398272,0.5625,3.204648160934448
241,0.9629822733255571,0.13349594843959411,0.5625,3.222089346249898
242,0.956725755995829,0.14866533702991055,0.5604166666666667,3.244815099239349
243,0.9554223148492131,0.14973410838152496,0.5572916666666666,3.22060079574585
244,0.9585505735140771,0.1429919372463251,0.5479166666666667,3.242371916770935
245,0.9533368089897665,0.14906362062698858,0.5572916666666666,3.2591430942217507
246,0.9582898854214904,0.14624810989507173,0.5489583333333333,3.2898035883903503
247,0.9598540144120814,0.142058409913613,0.5520833333333334,3.299116329352061
248,0.9608967672796518,0.1371233489702342,0.5552083333333333,3.312225365638733
249,0.9666319082377477,0.13082319459216563,0.5510416666666667,3.2994428515434264
