epoch,acc,loss,val_acc,val_loss
0,0.4749739313647695,0.7139884857489991,0.5145833333333333,0.7082467138767242
1,0.6384254431078158,0.6792687209977597,0.534375,0.7043254832426707
2,0.7090719500100152,0.6511106591155059,0.55,0.7011579076449076
3,0.7361835245046924,0.6168705980770283,0.559375,0.6999562601248424
4,0.7659019812304484,0.5892897129556062,0.5541666666666667,0.700212303797404
5,0.7841501562264714,0.5589586023991001,0.5572916666666666,0.6993381321430207
6,0.8016162671311928,0.5326013619758041,0.5458333333333333,0.7013679146766663
7,0.8193430656312778,0.4965741360896074,0.5479166666666667,0.706540846824646
8,0.8300312825238741,0.4753091521133844,0.5375,0.7120271742343902
9,0.8370698643178214,0.45486197534393097,0.5385416666666667,0.7178996880849202
10,0.8485401457989428,0.4284241586084535,0.5458333333333333,0.7265762289365133
11,0.84436913451512,0.41437694713147016,0.5479166666666667,0.7360156536102295
12,0.8639207509685234,0.3906428489496114,0.54375,0.7484256168206532
13,0.8660062567036642,0.3762564793368947,0.546875,0.7580145080884297
14,0.8678310742219123,0.36436066283175295,0.553125,0.7756502528985342
15,0.8837330554523607,0.34062325006605315,0.5510416666666667,0.7886234482129415
16,0.8829509905530712,0.33291532896358106,0.5583333333333333,0.7987190763155619
17,0.8850364964125179,0.32132156328438966,0.5604166666666667,0.8081396301587422
18,0.902502606820016,0.3020061681802628,0.5572916666666666,0.8245045522848765
19,0.9095411888004219,0.2958174135314536,0.5552083333333333,0.8361615339914957
20,0.9199687172275142,0.2752936403184539,0.553125,0.8573722938696543
21,0.922575599520746,0.27282886258379885,0.5479166666666667,0.88226850827535
22,0.9233576643578825,0.2657318281182656,0.553125,0.9071905970573425
23,0.9275286755173995,0.2561783000935603,0.55,0.9242599904537201
24,0.9220542229626549,0.2505022494337979,0.5510416666666667,0.9344188650449117
25,0.9296141812525403,0.24590239239559433,0.5510416666666667,0.9598119219144186
26,0.9267466109910275,0.24013835844332285,0.54375,0.9839746554692587
27,0.9306569341822635,0.23516506655870065,0.5458333333333333,1.0112168133258819
28,0.9392596452775663,0.22338058629361632,0.540625,1.0375310798486075
29,0.9343065694673716,0.22825067376133298,0.54375,1.0560784677664439
30,0.9374348277593181,0.21382208636207303,0.5395833333333333,1.0805210530757905
31,0.9395203334944588,0.20977224330335265,0.5447916666666667,1.1064347664515177
32,0.9376955161626694,0.21004469862073752,0.5416666666666666,1.1244274139404298
33,0.9439520333680917,0.20621127313599225,0.5458333333333333,1.143541560570399
34,0.9452554743904018,0.19874637955420954,0.5395833333333333,1.165268176794052
35,0.944473409801877,0.19641334682361178,0.5416666666666666,1.1911089897155762
36,0.9515119914715183,0.1869887636898705,0.5395833333333333,1.2149622996648153
37,0.9494264860471421,0.18723042579649388,0.5427083333333333,1.2363222459952037
38,0.9489051093025923,0.19401205159389687,0.540625,1.2561280250549316
39,0.9473409803120013,0.18770093543064606,0.553125,1.2758895774682364
40,0.9470802917843442,0.1894843084844484,0.5385416666666667,1.2939278086026509
41,0.9507299271316051,0.18296672796929592,0.540625,1.3174033522605897
42,0.9517726798748697,0.1780789606855858,0.5364583333333334,1.3484606782595316
43,0.9546402502606882,0.17588217220073946,0.5354166666666667,1.3705584049224853
44,0.9572471322431554,0.17290892841234198,0.5447916666666667,1.401720138390859
45,0.9538581854235517,0.1775184314274564,0.5354166666666667,1.4335103929042816
46,0.9588112617309698,0.16971423760507104,0.5354166666666667,1.4574327925841013
47,0.9614181438998958,0.16184670526274053,0.528125,1.4878170430660247
48,0.9572471324296142,0.17056772535486192,0.528125,1.5011238972345988
49,0.9572471324296142,0.17385444445176218,0.5291666666666667,1.5395290931065877
50,0.9619395203336809,0.16618617060783633,0.525,1.5603945215543111
51,0.956725755995829,0.17191756970411295,0.53125,1.5777275323867799
52,0.9551616266944735,0.17542489555133148,0.5354166666666667,1.5994296888510386
53,0.9624608965810074,0.15953627940387746,0.5322916666666667,1.6203772564729055
54,0.9575078207708126,0.16447798868134322,0.5354166666666667,1.6579906821250916
55,0.9611574556830031,0.16083192398016097,0.534375,1.6680403729279836
56,0.9616788321167883,0.1598257229462406,0.5354166666666667,1.6980236609776815
57,0.9590719499478624,0.16805155555075724,0.5427083333333333,1.7144521792729697
58,0.9627215849843587,0.15993997045987837,0.546875,1.745026457309723
59,0.9603753911566312,0.16646775404405048,0.5375,1.7656268239021302
60,0.958029197080292,0.16732778801845932,0.5291666666666667,1.7849498093128204
61,0.9655891551837186,0.15195751134247923,0.53125,1.8091113885243735
62,0.9642857140992556,0.15213079946319552,0.5322916666666667,1.8091794987519583
63,0.9650677790606979,0.15210112456982028,0.53125,1.8515270749727886
64,0.9622002083641148,0.15771588185905042,0.5375,1.862211964527766
65,0.969499478747872,0.14538756580061907,0.5354166666666667,1.8803503215312958
66,0.9674139730127312,0.14628219407156684,0.5447916666666667,1.903452475865682
67,0.9632429612316852,0.15104978013399123,0.53125,1.9374275068442026
68,0.9640250260688217,0.15663010601393249,0.528125,1.9436989426612854
69,0.9655891554944831,0.14985581735251965,0.5447916666666667,1.9660515546798707
70,0.9663712200208551,0.15002394797002686,0.5395833333333333,1.9998356580734253
71,0.9619395203336809,0.15404157828426956,0.5364583333333334,2.0208146552244823
72,0.9640250260688217,0.15099127739823276,0.5291666666666667,2.038565484682719
73,0.9661105319282682,0.1478009354303726,0.528125,2.0762215236822765
74,0.9640250261931275,0.15024690710715133,0.5177083333333333,2.1114716231822968
75,0.9681960375391032,0.14125772368267753,0.5239583333333333,2.1230780363082884
76,0.9635036494485778,0.14812598061263252,0.5208333333333334,2.127988523244858
77,0.9679353494465165,0.14308009491660423,0.525,2.139729591210683
78,0.9627215847978999,0.15018654436774248,0.5177083333333333,2.1832388003667194
79,0.9661105318039624,0.1449926403099603,0.5197916666666667,2.202182392279307
80,0.9668925965789461,0.14564279915145342,0.5229166666666667,2.220768900712331
81,0.9663712200208551,0.14473634733351354,0.5333333333333333,2.2305423974990846
82,0.9655891553701773,0.14440655260035093,0.5302083333333333,2.244301911195119
83,0.9663712201451609,0.14510791942213078,0.521875,2.244839612642924
84,0.9629822733255571,0.15006247096004527,0.51875,2.2571072061856587
85,0.9718456726999054,0.1323254415775116,0.528125,2.27891499598821
86,0.9692387905309795,0.1374878909776805,0.5260416666666666,2.2998104810714723
87,0.9687174140971943,0.13788304020329237,0.5229166666666667,2.308141088485718
88,0.9611574558073089,0.14700836308370419,0.53125,2.311599242687225
89,0.9687174140971943,0.1373039874188967,0.534375,2.3183915893236797
90,0.9702815433985499,0.1346235810793602,0.5302083333333333,2.334109377861023
91,0.9663712201451609,0.14221964269969709,0.5291666666666667,2.3446247498194377
92,0.9681960375391032,0.1372770584490426,0.5291666666666667,2.3793702284495035
93,0.9692387904066736,0.13768122046875134,0.528125,2.406327247619629
94,0.9692387902202149,0.1330508148148112,0.5354166666666667,2.4368669390678406
95,0.9697601669647646,0.13305652169539856,0.5364583333333334,2.4610396146774294
96,0.9713242962661203,0.13229080399146792,0.534375,2.4589974959691365
97,0.9668925964546402,0.14348094503281636,0.528125,2.4971627672513326
98,0.9653284671532847,0.14236974100872674,0.53125,2.5220081647237143
99,0.9674139728884255,0.13871673090583464,0.5302083333333333,2.5067522247632343
100,0.9726277372262774,0.1295297362446412,0.53125,2.5351492087046306
101,0.9708029195215705,0.13479637619539148,0.534375,2.5462566375732423
102,0.9663712200208551,0.139859823337188,0.5291666666666667,2.5834903637568156
103,0.9666319082377477,0.14169174179481392,0.528125,2.5805963476498923
104,0.9668925964546402,0.139472362217304,0.528125,2.5917741616566974
105,0.9692387904066736,0.13460197902602125,0.5260416666666666,2.6159421523412068
106,0.9708029195215705,0.13070572990384166,0.5208333333333334,2.6311131596565245
107,0.9708029195215705,0.13237918110037994,0.53125,2.6626078804334004
108,0.9676746612296239,0.14162352591038246,0.5354166666666667,2.678525519371033
109,0.9718456725755996,0.1274708940631033,0.5270833333333333,2.7125948150952657
110,0.968978102189781,0.13476481802209947,0.5364583333333334,2.732165471712748
111,0.9726277373505832,0.1291665562406198,0.5354166666666667,2.739315370718638
112,0.9674139728884255,0.13376549301946747,0.528125,2.7449352900187174
113,0.9640250260688217,0.1441801478221966,0.5208333333333334,2.765174400806427
114,0.969499478747872,0.13012598630534222,0.528125,2.766120747725169
115,0.9663712200208551,0.13837861605338186,0.528125,2.7719160437583925
116,0.97288842544317,0.12371424824869545,0.5270833333333333,2.7901577313741046
117,0.9713242962661203,0.12686415865815345,0.525,2.796328874429067
118,0.9752346195195092,0.11883009928234924,0.53125,2.817490788300832
119,0.9676746611053181,0.13487691218586983,0.5375,2.8195860385894775
120,0.9708029197080292,0.12630489801869527,0.5322916666666667,2.8425013780593873
121,0.9705422314911366,0.1287871982913942,0.5270833333333333,2.8673640966415403
122,0.9739311783107404,0.12149521560875293,0.5239583333333333,2.8579499681790668
123,0.9687174139107355,0.13180469282600754,0.521875,2.891711946328481
124,0.9663712201451609,0.13696571694331572,0.5229166666666667,2.8934971849123636
125,0.9718456726999054,0.12689899113242892,0.5197916666666667,2.9066478610038757
126,0.9710636079249217,0.12806064369811504,0.51875,2.9283614913622538
127,0.9721063607924921,0.12431182945389942,0.5177083333333333,2.94273757537206
128,0.9713242961418144,0.12693092725759253,0.5166666666666667,2.9490265329678853
129,0.9713242961418144,0.12696094071342998,0.5135416666666667,2.972659663359324
130,0.9692387904688265,0.1301036789718087,0.5229166666666667,2.987181278069814
131,0.9726277373505832,0.12134154088119273,0.528125,2.9964926997820536
132,0.9694994786235662,0.13070507204632067,0.5166666666666667,3.045698336760203
133,0.9655891553701773,0.13952434962232743,0.5104166666666666,3.0661476969718935
134,0.9658498435870698,0.13542292659424393,0.515625,3.087477453549703
135,0.9694994786235662,0.13096620036799916,0.51875,3.094944437344869
136,0.971584984358707,0.12645379935582562,0.51875,3.0925645510355633
137,0.9697601668404588,0.12918871668350956,0.5270833333333333,3.1200764775276184
138,0.9723670490093848,0.12293320396241107,0.528125,3.13349001010259
139,0.9679353493222106,0.13447088082791991,0.5208333333333334,3.1362921833992004
140,0.9754953076120959,0.1145802098904213,0.528125,3.1441181898117065
141,0.9739311783107404,0.12103981342908612,0.5197916666666667,3.176912291844686
142,0.9705422316154424,0.12767710220515419,0.5291666666666667,3.1667434692382814
143,0.9684567258803016,0.13256332095677462,0.525,3.1536962946256
144,0.9697601669647646,0.12524703853570382,0.525,3.1483161250750222
145,0.971584984358707,0.12294077259469952,0.5135416666666667,3.193002728621165
146,0.9702815430877852,0.12651713389798425,0.521875,3.2180368343989056
147,0.9723670491336907,0.12489028343381176,0.5270833333333333,3.2195074280103047
148,0.9747132427749594,0.12108895815015461,0.5229166666666667,3.2269378662109376
149,0.969499478747872,0.131419964872759,0.5166666666666667,3.224175985654195
150,0.9679353493222106,0.1361980930638885,0.5166666666666667,3.2173802216847736
151,0.9694994784371075,0.1293847382814469,0.5125,3.2307796359062193
152,0.9718456725755996,0.12585810441387832,0.5208333333333334,3.246467693646749
153,0.9687174139728885,0.13224911013845358,0.5197916666666667,3.2243815422058106
154,0.9731491134736038,0.1215506466542593,0.5229166666666667,3.2120189905166625
155,0.9718456723891409,0.1228143959553821,0.5302083333333333,3.205601382255554
156,0.9713242961418144,0.12807496428116769,0.53125,3.1893628517786663
157,0.9684567255695371,0.13151314229985098,0.5260416666666666,3.205742335319519
158,0.973409802001261,0.12026205042044985,0.5291666666666667,3.24008131424586
159,0.9702815433985499,0.12916981622312565,0.521875,3.259972147146861
160,0.9702815430877852,0.12762253174443688,0.5208333333333334,3.255406153202057
161,0.9718456725755996,0.12339707770859736,0.5229166666666667,3.259033203125
162,0.9721063606060334,0.12444421555749816,0.521875,3.2764411211013793
163,0.97732012525465,0.11584048288582015,0.5166666666666667,3.2922598640124003
164,0.9739311783107404,0.11858967131506788,0.5229166666666667,3.2946131547292072
165,0.9723670491336907,0.12515286576076642,0.525,3.3111766378084817
166,0.9741918665276329,0.12014042945798172,0.528125,3.314155610402425
167,0.9752346195195092,0.11838478984251012,0.5322916666666667,3.322074329853058
168,0.9734098018769551,0.12429661265689962,0.528125,3.342482654253642
169,0.9757559958289885,0.11758216289848059,0.5270833333333333,3.3650613903999327
170,0.9791449426485923,0.10955741062247591,0.5322916666666667,3.375462547938029
171,0.9739311784350462,0.12071001009162946,0.5229166666666667,3.413926621278127
172,0.973409802001261,0.12106475633364151,0.5114583333333333,3.428812305132548
173,0.9749739311161578,0.114010885715236,0.5260416666666666,3.4246211528778074
174,0.9708029195215705,0.12661004386554794,0.5197916666666667,3.4295719703038534
175,0.9687174137864297,0.12870999934526628,0.515625,3.4228464007377624
176,0.9734098018769551,0.12170354045375917,0.5166666666666667,3.4181449731191
177,0.9708029197080292,0.1240951434104112,0.5208333333333334,3.417049177487691
178,0.9726277370398186,0.12195396993592832,0.5177083333333333,3.4014251629511514
179,0.971584984358707,0.12338389814428294,0.5197916666666667,3.4282447973887127
180,0.9705422313046779,0.127384316545209,0.525,3.463993946711222
181,0.9721063606060334,0.12196358175981281,0.5229166666666667,3.4855353315671285
182,0.9731491134736038,0.1216151382428389,0.5270833333333333,3.4939135392506917
183,0.9749739313026166,0.11757981110601157,0.534375,3.493749479452769
184,0.9760166840458812,0.11481913763396559,0.5354166666666667,3.4748156587282817
185,0.9734098018769551,0.12115692535300697,0.5260416666666666,3.4973042726516725
186,0.9739311783107404,0.12003245525551538,0.5208333333333334,3.5233871579170226
187,0.9734098016904964,0.1213850342319954,0.5302083333333333,3.5401686708132427
188,0.9762773722627737,0.11562783864634626,0.528125,3.573780616124471
189,0.9757559958289885,0.11726103526490572,0.5302083333333333,3.565467278162638
190,0.9775808133472367,0.11173149454674457,0.5375,3.587032945950826
191,0.9713242961418144,0.12308531124785745,0.5395833333333333,3.5767540613810223
192,0.973409802001261,0.11926521997941547,0.5364583333333334,3.5828065872192383
193,0.9731491137843684,0.12223326174757901,0.5385416666666667,3.589471451441447
194,0.9749739313026166,0.11766665937753862,0.5302083333333333,3.5980817556381224
195,0.9762773722627737,0.11342412279190435,0.5302083333333333,3.5838586568832396
196,0.9754953076120959,0.11568485257896567,0.534375,3.581952611605326
197,0.9741918664654801,0.1171336374454379,0.5322916666666667,3.5992645502090452
198,0.9754953077364018,0.11617094792650937,0.5291666666666667,3.601456348101298
199,0.972888425381017,0.12176585082465839,0.5239583333333333,3.5973615964253742
200,0.9770594369134515,0.11149095106827206,0.5291666666666667,3.620496980349223
201,0.9762773723870796,0.1128373653069527,0.525,3.631974935531616
202,0.9754953077364018,0.11767025682706157,0.525,3.6089097897211713
203,0.9728884255674758,0.1197822745636929,0.5239583333333333,3.610061200459798
204,0.974973930991852,0.1130393783448262,0.5239583333333333,3.6772231101989745
205,0.9765380606039722,0.11469383056084233,0.521875,3.7025734980901084
206,0.9757559959532943,0.11404769800067321,0.521875,3.723452663421631
207,0.9757559959532943,0.11741927347696611,0.5145833333333333,3.7450332641601562
208,0.9767987488208647,0.11351349045511828,0.525,3.764381011327108
209,0.9736704902181536,0.1194455451773901,0.5270833333333333,3.794632832209269
210,0.9741918665276329,0.11786490825623491,0.521875,3.8164662679036456
211,0.9731491136600625,0.12072171017574194,0.51875,3.813508176803589
212,0.9708029197080292,0.12611736642727017,0.5177083333333333,3.787696536382039
213,0.9765380604796663,0.11227454553524321,0.509375,3.7914665778477987
214,0.9765380606039722,0.11780146006747257,0.5166666666666667,3.8129167954126992
215,0.9744525547445255,0.1189366602906967,0.5104166666666666,3.832166234652201
216,0.9765380606039722,0.11800567683015054,0.5145833333333333,3.84944478670756
217,0.9744525548688314,0.11980955218808867,0.5125,3.833845082918803
218,0.9749739311783108,0.118866311939777,0.5166666666666667,3.7885483503341675
219,0.9788842545560055,0.1073866443353102,0.521875,3.7891284942626955
220,0.9749739313026166,0.1134817569173787,0.5125,3.8022578159968057
221,0.9783628781222203,0.10762457462557912,0.5114583333333333,3.7835182984670004
222,0.9781021899053277,0.11099812354236002,0.5260416666666666,3.791122587521871
223,0.9781021897810219,0.11021178130281854,0.51875,3.8001211404800417
224,0.9762773720763149,0.11081767012292328,0.5135416666666667,3.8240763505299884
225,0.9765380606039722,0.11181918625662549,0.5114583333333333,3.8711864789326986
226,0.9726277372262774,0.12238862974582797,0.5114583333333333,3.86970218817393
227,0.9762773723870796,0.11601084901934744,0.51875,3.8830812215805053
228,0.9747132429614181,0.11711520463911908,0.51875,3.859588925043742
229,0.9739311783107404,0.12020849331638488,0.5114583333333333,3.873904275894165
230,0.9739311783107404,0.11980251156811421,0.5197916666666667,3.8654218753178915
231,0.9778415016884351,0.11164393677639389,0.521875,3.8998536348342894
232,0.9757559958289885,0.1158294977466804,0.5135416666666667,3.9240562200546263
233,0.9736704900938478,0.11932668007514027,0.5166666666666667,3.956791377067566
234,0.9752346193952033,0.11745250660137538,0.528125,3.9600622336069744
235,0.9783628781222203,0.11054162583211913,0.5239583333333333,3.961939970652262
236,0.9791449426485923,0.11166799807293697,0.521875,3.966938328742981
237,0.9700208550573514,0.128614332204504,0.5083333333333333,3.9658559719721476
238,0.9765380604796663,0.11387621952420852,0.5197916666666667,3.961163870493571
239,0.9757559958289885,0.11730592457016267,0.5239583333333333,3.9300153811772662
240,0.9762773722627737,0.11670249625185856,0.5229166666666667,3.9287564754486084
241,0.9773201251303442,0.11827562732293782,0.5239583333333333,3.9450116872787477
242,0.9749739313026166,0.11804390105887921,0.5229166666666667,3.925291832288106
243,0.9757559958289885,0.1145872562168102,0.525,3.929874849319458
244,0.9791449426485923,0.11346867369008139,0.5270833333333333,3.9248684008916217
245,0.9773201249438853,0.11384084609427467,0.525,3.9337258259455363
246,0.9778415016884351,0.11180571725395846,0.525,3.9106905937194822
247,0.9752346193952033,0.11929310719182519,0.5260416666666666,3.8964792092641196
248,0.9760166841701869,0.1167125411494805,0.521875,3.8803457339604694
249,0.97732012525465,0.11443958408951883,0.525,3.880628561973572
