epoch,acc,loss,val_acc,val_loss
0,0.5573514076542183,0.7073867920790027,0.5854166666666667,0.7009462138017019
1,0.6175703859428668,0.680607792110463,0.5885416666666666,0.6987402439117432
2,0.6611053181017775,0.6556188441168156,0.578125,0.696381950378418
3,0.6874348279457768,0.627935380209723,0.5833333333333334,0.6962332129478455
4,0.6892596455261779,0.5989291575951919,0.5875,0.6963350514570872
5,0.7127215851086646,0.5668167499854493,0.5770833333333333,0.6981617887814839
6,0.7265380602932076,0.5382517442588886,0.5875,0.6992616494496663
7,0.7390510950148168,0.5077372937306871,0.5802083333333333,0.7043922364711761
8,0.7395724713242962,0.4888967536350982,0.56875,0.7162437637646993
9,0.7565172055466207,0.4594568067907168,0.5614583333333333,0.7258280456066132
10,0.7575599582898853,0.4404669741209406,0.5541666666666667,0.7333268096049627
11,0.7632950988750636,0.4199711609868735,0.5552083333333333,0.7435816198587417
12,0.7708550575378664,0.4058985801508827,0.5625,0.757671257853508
13,0.7640771635257415,0.39313815498376914,0.5583333333333333,0.7700883785883585
14,0.7831074034210539,0.3661778557412443,0.55625,0.7834515531857809
15,0.7825860270494216,0.3572421405810136,0.559375,0.7992137203613917
16,0.791970802981861,0.34138920148047963,0.5645833333333333,0.812909159064293
17,0.7922314910122948,0.3339131375050271,0.56875,0.827159462372462
18,0.7948383731190678,0.3241327593454604,0.5583333333333333,0.8420216997464498
19,0.8070907194994786,0.31496721941189176,0.565625,0.8523864974578221
20,0.8117831074656983,0.30566657214144843,0.5666666666666667,0.8677098910013835
21,0.8198644422515217,0.2937161312113216,0.5708333333333333,0.8847638895114263
22,0.8271637123866673,0.291265855150004,0.56875,0.902721964319547
23,0.8550573513455635,0.2851411586508885,0.565625,0.9185421923796336
24,0.8641814390611101,0.28024804094909256,0.5645833333333333,0.9431023061275482
25,0.8826903025847903,0.267675244615523,0.5666666666666667,0.9640369355678559
26,0.8680917620658875,0.26217373030899216,0.5552083333333333,0.9846107403437296
27,0.8905109489672624,0.25672176377740963,0.5572916666666666,1.0032269755999248
28,0.8980709071328419,0.2520303246531173,0.5635416666666667,1.0258943458398184
29,0.8863399376212867,0.253660275366806,0.559375,1.0411828875541687
30,0.9092805003349177,0.23617552411941592,0.5510416666666667,1.059395565589269
31,0.8965067778314862,0.24947723943635247,0.559375,1.074385040005048
32,0.9051094889267891,0.2352604155620022,0.553125,1.099610800544421
33,0.9178832116166792,0.2280338226319354,0.5614583333333333,1.119317348798116
34,0.9160583942848898,0.22524155065712517,0.5625,1.1334895690282185
35,0.9139728882389845,0.21938502373673,0.559375,1.1467602729797364
36,0.9103232532024881,0.22050310965002018,0.5583333333333333,1.1706999093294144
37,0.9204900936612993,0.20984545082817238,0.5572916666666666,1.1950280785560607
38,0.9215328468396343,0.21124390857653524,0.5760416666666667,1.208940264582634
39,0.9194473410423406,0.20998937635836934,0.565625,1.2286375125249227
40,0.9264859226498291,0.20268807759871696,0.5708333333333333,1.254095024863879
41,0.9254431700930232,0.20427301288334745,0.5625,1.2885695427656174
42,0.9251824818761306,0.20112735743132323,0.5552083333333333,1.3199903517961502
43,0.9233576643578825,0.19367462621926018,0.559375,1.3428056865930558
44,0.928832116912627,0.1964970191589113,0.5625,1.3668873270352682
45,0.9257038581234571,0.19512321517974668,0.553125,1.39867851237456
46,0.9257038579991512,0.19327655818402706,0.5541666666666667,1.4242611408233643
47,0.927789363734292,0.19001282692514943,0.5510416666666667,1.4501364320516585
48,0.9327424401660159,0.18562237413384494,0.5552083333333333,1.475480881333351
49,0.9306569342444164,0.1905514601000407,0.5541666666666667,1.5021110306183496
50,0.9337851929092805,0.18703878643738964,0.5520833333333334,1.5205238898595175
51,0.9283107404788418,0.1839232968246104,0.5552083333333333,1.5482965807120006
52,0.9283107404788418,0.18478441114874403,0.559375,1.575644420584043
53,0.932742440103863,0.18325824788514217,0.5645833333333333,1.5965053419272104
54,0.9335245048166937,0.17759767437316826,0.5572916666666666,1.6232281923294067
55,0.9283107401680772,0.1802258054114979,0.5604166666666667,1.638111029068629
56,0.9241397286977957,0.18488838268022467,0.5625,1.666669602195422
57,0.9296141815633048,0.17664404011431525,0.5697916666666667,1.683767886956533
58,0.9316996872362926,0.17674330714410239,0.56875,1.7111872464418412
59,0.9345672573734995,0.1762806203709653,0.5708333333333333,1.7285465747117996
60,0.9345672575599583,0.1717927555035998,0.56875,1.7569114406903585
61,0.9395203334944588,0.16788470532212937,0.5697916666666667,1.7718902120987574
62,0.934827945652545,0.17011465214589092,0.5677083333333334,1.7909918278455734
63,0.9345672574978053,0.17251361224400238,0.5583333333333333,1.8138551274935404
64,0.9387382689680869,0.16446873289265895,0.565625,1.82696067293485
65,0.9449947862356621,0.1634923568747091,0.5645833333333333,1.8598018417755762
66,0.9363920750160536,0.1691688729898773,0.5677083333333334,1.8662748297055562
67,0.9361313869234668,0.1679447271994182,0.5625,1.885463970899582
68,0.9442127215849844,0.1599096593381963,0.5604166666666667,1.9105670601129532
69,0.9371741398531901,0.16650555317792207,0.5583333333333333,1.927821413675944
70,0.929092804818755,0.17520519189839567,0.5645833333333333,1.9317952384551367
71,0.9376955159762107,0.16263222650889933,0.5510416666666667,1.9600762476523717
72,0.9429092804383684,0.15932779913773998,0.5583333333333333,1.9853197008371353
73,0.9434306568721537,0.15676581222521252,0.5645833333333333,2.006573815147082
74,0.9387382689680869,0.16262367529342023,0.5572916666666666,2.022359737753868
75,0.9434306568721537,0.15624471389464217,0.5614583333333333,2.050656179587046
76,0.9455161626072944,0.15269391967432341,0.5635416666666667,2.0836132685343425
77,0.9395203338052235,0.15800201942575115,0.559375,2.1075148860613506
78,0.9361313869856197,0.16287044367371312,0.565625,2.112447954217593
79,0.9418665274464922,0.1546731788560173,0.5552083333333333,2.1249596734841663
80,0.9530761209593326,0.13937273270395178,0.553125,2.146336029966672
81,0.9460375391032325,0.1529643582073317,0.546875,2.160368831952413
82,0.9416058393539055,0.155147226560352,0.55625,2.1824115802844366
83,0.9423879038802775,0.1571892676127218,0.5572916666666666,2.2119219879309338
84,0.9478623567457866,0.14954711506152923,0.5541666666666667,2.2316089868545532
85,0.9397810217113515,0.1550247443138745,0.5604166666666667,2.2380750169356665
86,0.944473409801877,0.14887994335142737,0.5604166666666667,2.266137762864431
87,0.9389989570606737,0.1544096199824738,0.5635416666666667,2.285943827033043
88,0.9426485922836287,0.15786788260663265,0.5645833333333333,2.3135773867368696
89,0.9481230448383733,0.15056251953584185,0.5645833333333333,2.330164290467898
90,0.9387382690923928,0.15674044389172814,0.5604166666666667,2.3221879939238232
91,0.9447340979566167,0.14932741333533378,0.5572916666666666,2.352658471465111
92,0.9509906153484977,0.14263927779617847,0.56875,2.3663260807593662
93,0.9410844627958145,0.15533848374118644,0.5635416666666667,2.3923620969057082
94,0.9473409800012368,0.14824589580390699,0.571875,2.402336784203847
95,0.9478623566214807,0.14741027498145795,0.5635416666666667,2.4295028656721116
96,0.9455161626694474,0.1457578029805975,0.5697916666666667,2.437560472885768
97,0.9436913449647404,0.15117717962381863,0.565625,2.450404931108157
98,0.9476016685288939,0.14726166741007685,0.56875,2.4649804045756656
99,0.945776850824187,0.14890594325175002,0.5697916666666667,2.4762427190939587
100,0.9473409803120013,0.14464930461270967,0.5677083333333334,2.492998226483663
101,0.9457768507620341,0.14871674707709065,0.571875,2.509223633011182
102,0.9530761209593326,0.13914011004725635,0.5729166666666666,2.532408936818441
103,0.9507299271316051,0.14342871969478346,0.5697916666666667,2.5428162733713786
104,0.9460375392275384,0.14662337167202122,0.58125,2.541688007116318
105,0.9486444212100056,0.14617030101908882,0.578125,2.536694476008415
106,0.9533368091762252,0.14101457687500743,0.58125,2.540928143262863
107,0.9543795618573369,0.13659299195309998,0.5802083333333333,2.552183973789215
108,0.9496871739532702,0.1479162511350713,0.5760416666666667,2.5685871660709383
109,0.9483837328688072,0.1459700292883377,0.5833333333333334,2.577174718181292
110,0.9515119917822829,0.14302140468104166,0.5791666666666667,2.578650876879692
111,0.9486444213964643,0.1409911340232686,0.5791666666666667,2.599506718913714
112,0.9462982271336664,0.14539511125763963,0.578125,2.594927286108335
113,0.9533368093005311,0.14125275506994397,0.571875,2.6191467384497327
114,0.9509906150377331,0.14222634637318513,0.5791666666666667,2.620820481578509
115,0.9476016682181294,0.14447802302113913,0.5739583333333333,2.6224246601263683
116,0.9585505735140771,0.13641226356917055,0.5729166666666666,2.632237046957016
117,0.9504692387282537,0.14215125148189453,0.571875,2.6608709802230197
118,0.9491657978302496,0.1423779352800192,0.5760416666666667,2.642989887793859
119,0.9530761209593326,0.14114707570845442,0.5770833333333333,2.661197866996129
120,0.9551616268187793,0.1321876106222429,0.571875,2.670830300450325
121,0.9499478621701627,0.14445547371077214,0.5802083333333333,2.690251370271047
122,0.9499478623566214,0.14521610830853207,0.5770833333333333,2.7094800541798274
123,0.9549009384775808,0.13696890271524195,0.5770833333333333,2.7140143662691116
124,0.9486444212721585,0.14152979553211967,0.5739583333333333,2.721777643760045
125,0.9538581857343162,0.13491040965439258,0.5708333333333333,2.724738336602847
126,0.9554223147870602,0.13101688403407027,0.5697916666666667,2.737240820626418
127,0.9486444210856998,0.14055355971560612,0.56875,2.7674625823895136
128,0.9543795618573369,0.13797180997877848,0.5854166666666667,2.778284193078677
129,0.9494264859228363,0.14097987572207069,0.5770833333333333,2.796353553235531
130,0.9569864442127216,0.13407195708301692,0.5677083333333334,2.827777131398519
131,0.958029197018139,0.1302186847665387,0.5697916666666667,2.8450518851478894
132,0.9538581856100105,0.1349436865694145,0.5760416666666667,2.8553581058979036
133,0.9509906153484977,0.13990129260064663,0.575,2.859154461324215
134,0.9499478624809273,0.1381569869264696,0.5677083333333334,2.893765938282013
135,0.9522940563708078,0.13772772031916816,0.56875,2.895785054564476
136,0.9533368093005311,0.13718611166673605,0.571875,2.8906705488761264
137,0.9525547443390887,0.13680119610491584,0.5729166666666666,2.896018381913503
138,0.956725755995829,0.13738230407642,0.575,2.877943502863248
139,0.9473409803120013,0.14272165941744577,0.5739583333333333,2.892365430792173
140,0.9517726798748697,0.1368058327977799,0.5697916666666667,2.9135616958141326
141,0.9515119914715183,0.14037585317529155,0.5697916666666667,2.933432243267695
142,0.9530761210836385,0.14068586178069567,0.5697916666666667,2.94912929435571
143,0.9504692386039479,0.13946634574528158,0.5677083333333334,2.965041943391164
144,0.9530761210836385,0.13325939538021406,0.5645833333333333,2.964340748389562
145,0.9538581856100105,0.13354084107391653,0.565625,2.967398730913798
146,0.9577685086769406,0.12931887182378918,0.5677083333333334,2.9603337993224463
147,0.9564650678410893,0.13033636487686348,0.5666666666666667,2.971811756491661
148,0.9525547443390887,0.13705465192901703,0.5572916666666666,2.993625203768412
149,0.9543795620437956,0.13037684491453877,0.5572916666666666,3.009609508514404
150,0.952294056246502,0.1387901967770116,0.5625,3.0241390258073806
151,0.9580291972045978,0.1276477400186288,0.55625,3.043950745463371
152,0.9556830029417999,0.13140331987171153,0.5604166666666667,3.042619949579239
153,0.9528154328667459,0.13493321525230148,0.5625,3.042843164006869
154,0.9603753911566312,0.12685729689095887,0.5625,3.063525782028834
155,0.957507820460048,0.1311181154533273,0.5635416666666667,3.0789087007443112
156,0.9588112617309698,0.12841455847397834,0.559375,3.0941528966029486
157,0.9509906150377331,0.13843636671557044,0.5552083333333333,3.1074338515599567
158,0.9533368093005311,0.1338767840665871,0.55625,3.10920722981294
159,0.958811261544511,0.12682490097407378,0.559375,3.1354747772216798
160,0.9562043796863496,0.13296377898909625,0.565625,3.139090824127197
161,0.9507299269451464,0.13342227063474865,0.5645833333333333,3.1475402255853018
162,0.9577685089877052,0.12981318008849965,0.5583333333333333,3.1520286361376444
163,0.9556830032525644,0.1289658639521743,0.5614583333333333,3.1514576454957326
164,0.9559436911586925,0.13347242011205993,0.5572916666666666,3.1601527551809947
165,0.9538581856100105,0.13160814362751927,0.5541666666666667,3.160432979464531
166,0.9538581857343162,0.13614679726930307,0.5552083333333333,3.151320700844129
167,0.9559436913451512,0.13060180250869927,0.553125,3.1630276530981063
168,0.9590719500721682,0.12879256105460266,0.5552083333333333,3.173783455292384
169,0.958550573638383,0.12817406886654428,0.553125,3.1712251245975493
170,0.9588112618552755,0.12997168978448953,0.5520833333333334,3.1772316992282867
171,0.9530761210836385,0.13652384525108635,0.5583333333333333,3.1913658221562704
172,0.9556830032525644,0.13260218414076924,0.546875,3.191681572794914
173,0.9598540145985401,0.12580699552864427,0.55,3.204554496208827
174,0.956204379375585,0.1307015680825499,0.5458333333333333,3.2102853417396546
175,0.9582898852971846,0.12809427198298406,0.5479166666666667,3.2145219216744105
176,0.9556830032525644,0.12761047957183422,0.5479166666666667,3.227080660065015
177,0.9481230447762203,0.141182436000816,0.5458333333333333,3.2155687302350997
178,0.9585505735140771,0.12650601682374574,0.55,3.2335752417643864
179,0.9520333682160681,0.1335350550454774,0.5447916666666667,3.236900560061137
180,0.9593326379782963,0.1260688519173295,0.55,3.23317986925443
181,0.9619395204579867,0.12375406020469536,0.553125,3.2288887232542036
182,0.9598540144120814,0.12589261237225022,0.5520833333333334,3.2226061671972275
183,0.9608967675904163,0.12385066018300957,0.5572916666666666,3.20713295340538
184,0.9575078206465067,0.12997865787978216,0.5625,3.1993591795365015
185,0.9614181438998958,0.12714991866920738,0.5583333333333333,3.207735156019529
186,0.9530761209593326,0.1331392428891129,0.565625,3.2107178628444673
187,0.9543795619816428,0.13032963603144518,0.5625,3.2205967515707017
188,0.9541188739512089,0.13329889555388869,0.5541666666666667,3.2367994209130604
189,0.9608967675904163,0.1244558464809553,0.5604166666666667,3.2319550186395647
190,0.9525547446498532,0.1343456171569536,0.5552083333333333,3.2511182804902394
191,0.95724713255392,0.128336241132773,0.5552083333333333,3.2728804290294646
192,0.9577685086769406,0.12886337306626272,0.5552083333333333,3.286793636282285
193,0.9556830032525644,0.1322478620768588,0.5583333333333333,3.2651393989721935
194,0.9577685089877052,0.12889438789100915,0.5635416666666667,3.2694521844387054
195,0.9603753910323254,0.12087368603496657,0.565625,3.2815217832724253
196,0.9595933263194947,0.12857386269397855,0.5677083333333334,3.3021832297245663
197,0.9593326379782963,0.12458523761430547,0.5635416666666667,3.32739428182443
198,0.9564650679032423,0.12753947787724892,0.559375,3.3334565261999765
199,0.9522940563086548,0.13327737579877733,0.5604166666666667,3.3273506999015807
200,0.955943691469457,0.12984444116309238,0.5583333333333333,3.351676884293556
201,0.9530761210836385,0.13265240265443004,0.5604166666666667,3.361664406458537
202,0.9569864443370274,0.12790320206111117,0.5572916666666666,3.3965406437714893
203,0.9582898854214904,0.12945992397037612,0.5572916666666666,3.374751989046733
204,0.9598540147228459,0.127139216426826,0.5635416666666667,3.372406941652298
205,0.9595933261951888,0.12543155450269006,0.571875,3.357301976283391
206,0.9603753911566312,0.12296795545143926,0.5614583333333333,3.3675731559594473
207,0.9569864440262629,0.12768839834193865,0.559375,3.366623188058535
208,0.9619395203336809,0.12348802669733235,0.5583333333333333,3.386372035741806
209,0.9590719497614036,0.12438149745571228,0.56875,3.3844916621843972
210,0.9577685086769406,0.12726961725757566,0.571875,3.3896718760331472
211,0.9619395201472222,0.12039657846108716,0.56875,3.411338684956233
212,0.9549009386018866,0.13435438800529345,0.5739583333333333,3.406525941689809
213,0.9590719497614036,0.1298394015950381,0.5739583333333333,3.405253291130066
214,0.9572471324296142,0.12874951094730802,0.5666666666666667,3.424804342786471
215,0.9590719497614036,0.12661210933119463,0.5635416666666667,3.435375200708707
216,0.9569864442127216,0.12891193745003254,0.5635416666666667,3.437442898750305
217,0.9650677790606979,0.11943177026584822,0.5614583333333333,3.4457266956567763
218,0.9569864443370274,0.12817968281298658,0.5635416666666667,3.426489685972532
219,0.9640250261931275,0.1203452857586092,0.55625,3.443821507692337
220,0.9601147028154328,0.12468615393382541,0.5552083333333333,3.485102677345276
221,0.9601147028154328,0.1255344666688236,0.559375,3.4743598838647207
222,0.958811261544511,0.12765282341225676,0.5583333333333333,3.467490440607071
223,0.9588112617309698,0.1286802518106725,0.5635416666666667,3.4764767557382585
224,0.9582898851107258,0.12758775874273123,0.5645833333333333,3.476239949464798
225,0.9564650675924776,0.12898363361020532,0.5635416666666667,3.4655399044354755
226,0.9588112617309698,0.1271737135628217,0.5635416666666667,3.483113900820414
227,0.9564650679032423,0.1275549767552501,0.5635416666666667,3.484158682823181
228,0.9577685089877052,0.12918513732048467,0.5614583333333333,3.4655133207639057
229,0.9590719500721682,0.12558719737220234,0.5635416666666667,3.471408752600352
230,0.958029197080292,0.1306020384489309,0.5604166666666667,3.509537609418233
231,0.9590719497614036,0.1263159365083428,0.5635416666666667,3.50672767162323
232,0.9588112618552755,0.12311322945126403,0.5625,3.5269746661186216
233,0.963764337851929,0.12404758999817563,0.559375,3.5454546292622884
234,0.9590719497614036,0.12559226351062747,0.553125,3.564488490422567
235,0.9582898854214904,0.1285158154924669,0.5583333333333333,3.562565016746521
236,0.9564650675924776,0.1305126141644121,0.559375,3.547653402884801
237,0.9580291972045978,0.12874272837846445,0.5614583333333333,3.5633916676044466
238,0.9538581857343162,0.13020658376505279,0.5635416666666667,3.5808885018030803
239,0.9601147028154328,0.12863714331071494,0.5614583333333333,3.5629821101824444
240,0.9671532846715328,0.11553109789945037,0.5645833333333333,3.5414690891901652
241,0.9619395203958339,0.12135875332280915,0.5645833333333333,3.5507778763771056
242,0.9580291972045978,0.1296855657982006,0.5635416666666667,3.5690621038277945
243,0.9572471322431554,0.12589461128766394,0.5697916666666667,3.572427906592687
244,0.9601147028154328,0.1234939113974074,0.5677083333333334,3.5475186030069987
245,0.9611574554965444,0.12465689700326034,0.5625,3.5629506319761277
246,0.9642857142857143,0.12136750146979709,0.565625,3.576259603103002
247,0.958550573638383,0.12682122156816428,0.5645833333333333,3.5737077474594114
248,0.9601147029397386,0.12765514030197986,0.5645833333333333,3.56903488834699
249,0.9515119917822829,0.13641580196565584,0.571875,3.562170640627543
