epoch,acc,loss,val_acc,val_loss
0,0.4316996871430633,0.7582494151604685,0.4010416666666667,0.7449463466803233
1,0.5487486964656861,0.7011532230347364,0.4322916666666667,0.7428772687911988
2,0.6616266944112569,0.6653891159794502,0.43333333333333335,0.7381941378116608
3,0.7301876955161627,0.6427210244943501,0.4552083333333333,0.7356721818447113
4,0.7911887383311832,0.6125218396514996,0.4666666666666667,0.7377494156360627
5,0.8287278413772583,0.587907663786374,0.46458333333333335,0.7442228019237518
6,0.8456725755995829,0.5632588631542432,0.478125,0.7500689248243968
7,0.8693952032746562,0.5432151162587068,0.475,0.7572314500808716
8,0.8936392075699736,0.5141296287274087,0.48125,0.7668349345525106
9,0.9035453598118922,0.4938677585410873,0.48125,0.7834834416707357
10,0.9236183523883164,0.4678105517398329,0.47708333333333336,0.796033243338267
11,0.9230969761409898,0.4496610247927239,0.48125,0.8068184137344361
12,0.9324817519491233,0.43177144756158026,0.4822916666666667,0.8251045028368632
13,0.9350886340558964,0.41441688786830844,0.478125,0.8452296833197276
14,0.9465589156613236,0.39120773435011896,0.4864583333333333,0.863613893588384
15,0.9509906150377331,0.3761499048025193,0.48854166666666665,0.8870330472787221
16,0.9392596455883309,0.3733089526763673,0.4791666666666667,0.9087056676546733
17,0.9541188739512089,0.3463422946313375,0.4875,0.9276110847791036
18,0.9499478624809273,0.3366255727251827,0.48125,0.9555429339408874
19,0.9538581857964692,0.32032161056063096,0.4791666666666667,0.9804886778195699
20,0.9635036494485778,0.2999049302994646,0.4864583333333333,1.0030679742495219
21,0.9598540144120814,0.2946582234875378,0.4875,1.0336223165194194
22,0.9588112617309698,0.28721641257358665,0.48854166666666665,1.0490399797757466
23,0.9608967672796518,0.27464696336090877,0.4979166666666667,1.0672174433867136
24,0.9564650677789364,0.27389864289474686,0.4947916666666667,1.0951088527838388
25,0.9588112617309698,0.26398676164580337,0.49583333333333335,1.119399352868398
26,0.9661105316175037,0.2486757431276399,0.49375,1.1528336346149444
27,0.9658498437113757,0.24071208967966135,0.49375,1.1863005300362905
28,0.9632429615424497,0.23922526656151813,0.5010416666666667,1.2198647260665894
29,0.9640250261931275,0.2310612917692246,0.4947916666666667,1.2480813801288604
30,0.9674139727019667,0.22084787804963565,0.48541666666666666,1.2859849433104198
31,0.9676746611053181,0.21485183186774706,0.490625,1.3140620867411295
32,0.9674139727019667,0.20865685445362386,0.4947916666666667,1.3482741991678873
33,0.9674139730127312,0.20595706152468454,0.496875,1.3732946316401164
34,0.9747132429614181,0.18931708782445153,0.4947916666666667,1.4041146477063497
35,0.9679353494465165,0.19451951466275455,0.49270833333333336,1.4414755304654439
36,0.9674139730127312,0.1910674718982609,0.49375,1.4872371474901835
37,0.9687174140971943,0.19017971607703985,0.490625,1.5190043807029725
38,0.9700208551816573,0.1863673145691471,0.4947916666666667,1.5534112254778545
39,0.9713242961418144,0.1799047448525712,0.49895833333333334,1.5776924769083658
40,0.9731491137843684,0.17181352473896414,0.4895833333333333,1.6019713918368021
41,0.9739311783107404,0.16733038868285072,0.48854166666666665,1.6231245120366415
42,0.9681960375391032,0.17552497507509027,0.48125,1.6627459883689881
43,0.9741918665276329,0.16075626144630445,0.49583333333333335,1.6922118067741394
44,0.9708029196458763,0.1686702332730338,0.4822916666666667,1.722994335492452
45,0.9739311784350462,0.15625844600613348,0.4864583333333333,1.7544536431630453
46,0.9692387905309795,0.16651971316561337,0.4895833333333333,1.7959043661753336
47,0.9736704900938478,0.15181665951473497,0.4875,1.8423654675483703
48,0.9728884255674758,0.1557399698604011,0.49166666666666664,1.8868421077728272
49,0.9681960376634091,0.16306740485279353,0.49270833333333336,1.9198382099469502
50,0.9775808134715426,0.1427697188165563,0.49166666666666664,1.9423189322153727
51,0.9744525548688314,0.15029168504992416,0.48854166666666665,1.9835219264030457
52,0.9718456725755996,0.1490855397301123,0.49166666666666664,2.0177005370457968
53,0.9734098018769551,0.14471283442378666,0.4979166666666667,2.0526487310727437
54,0.9754953077364018,0.14410807008974494,0.4947916666666667,2.0767017364501954
55,0.97288842544317,0.14585336467117163,0.48020833333333335,2.111099898815155
56,0.9752346193952033,0.13938481817497825,0.48854166666666665,2.1357269207636516
57,0.9754953076120959,0.13600994031235375,0.4822916666666667,2.1549604137738547
58,0.9762773723870796,0.13310744539602457,0.4947916666666667,2.1745977878570555
59,0.9781021897810219,0.1369892535993404,0.4875,2.2075336575508118
60,0.9760166840458812,0.13648707262697757,0.49270833333333336,2.2313031355539956
61,0.9767987486965589,0.13293209506880505,0.49375,2.2604845563570657
62,0.9760166841701869,0.13208738028443767,0.4875,2.3041523853937784
63,0.9752346195195092,0.1369275467021622,0.49166666666666664,2.343159274260203
64,0.9775808133472367,0.12370046190878646,0.484375,2.368776226043701
65,0.9809697602911462,0.12064956816940785,0.4864583333333333,2.4051031907399496
66,0.9752346193330504,0.13704436593247157,0.4875,2.4300639510154722
67,0.9767987486965589,0.12875334129933894,0.490625,2.4693618178367616
68,0.9783628779979145,0.12291281138924538,0.4895833333333333,2.5053410092989603
69,0.9739311784350462,0.13527116333294711,0.49166666666666664,2.5198241074879966
70,0.9731491137843684,0.13798726698902278,0.49375,2.5613340775171918
71,0.9749739311783108,0.13196029281777807,0.4895833333333333,2.5876260002454123
72,0.9754953077364018,0.1311822668479307,0.4864583333333333,2.6152719457944236
73,0.9799270072992701,0.11753626913609172,0.484375,2.6292550563812256
74,0.9778415015641293,0.12132560557319673,0.475,2.647172669569651
75,0.9788842544316997,0.11896546264261598,0.48125,2.683050839106242
76,0.9783628778114557,0.11564600545373027,0.48333333333333334,2.7101616660753884
77,0.9770594369134515,0.12191078875202208,0.49375,2.7448527812957764
78,0.980187695329704,0.11277030983296872,0.4875,2.7775893290837605
79,0.97732012525465,0.12163155532914978,0.4864583333333333,2.8059707125027975
80,0.97732012525465,0.12276107260065855,0.490625,2.7942279100418093
81,0.9801876955161627,0.11786430674809982,0.49375,2.8107524712880454
82,0.97732012525465,0.12316493863265134,0.4864583333333333,2.836336974302928
83,0.9760166841701869,0.12268425493935226,0.4864583333333333,2.9054742018381754
84,0.9817518248175182,0.1093036425770945,0.49166666666666664,2.9025449991226195
85,0.978623566339113,0.12013557805010623,0.49375,2.93161457379659
86,0.9804483837330553,0.11858572725428033,0.49270833333333336,2.9590803503990175
87,0.9770594370377573,0.11898544816857706,0.4947916666666667,2.9809942762056987
88,0.9767987486965589,0.12196834120856709,0.496875,3.0164954622586566
89,0.9731491136600625,0.12985942110310505,0.4875,3.0644877195358275
90,0.9812304481972743,0.11420666487796215,0.4875,3.074951728185018
91,0.9812304483837331,0.11026015038659351,0.4875,3.10682057539622
92,0.9796663190823774,0.11181788830954788,0.48854166666666665,3.117147914568583
93,0.9794056309897907,0.11448046961280675,0.48854166666666665,3.139684847990672
94,0.9765380606039722,0.12333995925808351,0.4822916666666667,3.166550366083781
95,0.9814911367249315,0.11570224563695095,0.48020833333333335,3.162048657735189
96,0.9794056309897907,0.11498648496160169,0.490625,3.152369729677836
97,0.9812304485080389,0.10844173508466098,0.4864583333333333,3.175939702987671
98,0.9830552659019812,0.10024294932688488,0.4895833333333333,3.2070054531097414
99,0.9827945776850886,0.10559180016484698,0.490625,3.2375681241353353
100,0.9749739311783108,0.12341075926646201,0.490625,3.2211775461832683
101,0.9825338892817373,0.10371171943338373,0.4791666666666667,3.246844760576884
102,0.9833159542431796,0.10224772292083446,0.48020833333333335,3.2586212476094563
103,0.9804483837330553,0.11073101450212308,0.4864583333333333,3.258994952837626
104,0.9799270072992701,0.10902605801665373,0.4791666666666667,3.2897830804189048
105,0.9812304485080389,0.10407557423159526,0.48125,3.3094230969746907
106,0.9801876955161627,0.1070813490495443,0.47604166666666664,3.3165649731953937
107,0.9791449427107451,0.11606672486995383,0.48125,3.332031424840291
108,0.9830552659019812,0.10042573548115331,0.4791666666666667,3.336441977818807
109,0.9794056309897907,0.11163720004532458,0.478125,3.375488543510437
110,0.9799270072992701,0.10689766734170342,0.48020833333333335,3.383398906389872
111,0.9822732012513035,0.10151849040709149,0.48541666666666666,3.42000633875529
112,0.9801876955161627,0.11332515314827372,0.4864583333333333,3.448885913689931
113,0.9827945776850886,0.10361513629462472,0.49270833333333336,3.470731671651204
114,0.9794056308654849,0.11368679604080348,0.49166666666666664,3.4861510038375854
115,0.9825338894681961,0.09727479626615924,0.48333333333333334,3.4805249055226644
116,0.9783628779979145,0.11862108864597161,0.48333333333333334,3.5177119890848796
117,0.9749739313026166,0.12597084272268294,0.48125,3.532929213841756
118,0.9827945776229358,0.097944606643275,0.478125,3.5665640672047934
119,0.9809697602911462,0.10683282835329412,0.4739583333333333,3.5521319548288983
120,0.9830552657155225,0.10591068288954257,0.478125,3.560448082288106
121,0.9830552659019812,0.10086155566265487,0.49375,3.554427186648051
122,0.9804483837330553,0.10755828501922744,0.4947916666666667,3.545428919792175
123,0.9796663192066833,0.11027470942707082,0.48854166666666665,3.5814297835032147
124,0.983837330552659,0.09925629750546748,0.49895833333333334,3.58874990940094
125,0.9794056309897907,0.11158411877620207,0.49270833333333336,3.585319232940674
126,0.9846193950168781,0.09838198440788436,0.49270833333333336,3.6183805068333945
127,0.9825338894681961,0.10040484026183177,0.49270833333333336,3.618858349323273
128,0.9830552659019812,0.09768138344985228,0.4864583333333333,3.689649780591329
129,0.9812304483837331,0.1080067433665455,0.48541666666666666,3.6901188691457114
130,0.9807090720742537,0.11169814866917971,0.48541666666666666,3.6948989709218343
131,0.9820125131587166,0.10462777008913357,0.48854166666666665,3.7027752081553142
132,0.9804483838573611,0.10809602777204623,0.49583333333333335,3.70770263671875
133,0.9854014598540146,0.09352070689434429,0.496875,3.70482181708018
134,0.9833159542431796,0.0961849976940871,0.490625,3.730178427696228
135,0.9809697602911462,0.10687018624808915,0.49583333333333335,3.7443309386571246
136,0.9817518248175182,0.10390422341721647,0.4895833333333333,3.75418328444163
137,0.983837330552659,0.09657511283663937,0.4979166666666667,3.7504756848017373
138,0.9864442128458908,0.08919612796077887,0.49583333333333335,3.757285801569621
139,0.9812304485080389,0.10163775007157927,0.49375,3.7931403319040933
140,0.9830552659019812,0.10228519522360642,0.49583333333333335,3.8039758761723834
141,0.9778415013776706,0.11224881690908398,0.496875,3.8548271735509236
142,0.9822732013756093,0.10105412144979173,0.49375,3.8408687353134154
143,0.9814911366006257,0.10536946649192147,0.4864583333333333,3.834756922721863
144,0.9848800834202294,0.0937285792311737,0.48854166666666665,3.821114746729533
145,0.9822732010648447,0.10541486211812534,0.49270833333333336,3.8262267748514813
146,0.9820125130344108,0.10076791556926912,0.490625,3.8153544902801513
147,0.986965589279676,0.08896491697545593,0.490625,3.8228599866231283
148,0.9827945776850886,0.10422341085822788,0.484375,3.836356027921041
149,0.9840980188938574,0.0961604056349636,0.4895833333333333,3.8314196745554607
150,0.9822732013756093,0.1007981002874618,0.49270833333333336,3.8507850488026936
151,0.9796663190823774,0.11195248060464486,0.49583333333333335,3.876909073193868
152,0.9820125131587166,0.10310000656667914,0.49375,3.8977635939915976
153,0.9825338894681961,0.10330550385031138,0.4895833333333333,3.899599536259969
154,0.9848800832337706,0.10043684070749254,0.49375,3.901197409629822
155,0.983055266026287,0.1010848074778526,0.49583333333333335,3.937525677680969
156,0.9838373306769649,0.09921362638722123,0.4895833333333333,3.962309169769287
157,0.9783628779979145,0.1179340663905002,0.490625,3.9597450812657673
158,0.986444212721585,0.08700280303642449,0.490625,3.9616963545481365
159,0.9833159541188738,0.0990970256049827,0.49166666666666664,3.9661070903142295
160,0.9817518248175182,0.10319678476070587,0.484375,4.004018545150757
161,0.9840980187695516,0.09316071057235735,0.4895833333333333,4.017482606569926
162,0.9848800834202294,0.09451231847170495,0.496875,4.049962774912516
163,0.9827945778093945,0.10122943635373469,0.4979166666666667,4.065925327936808
164,0.9840980187695516,0.09317495360022665,0.49166666666666664,4.095861379305521
165,0.9840980185830929,0.09768724562726504,0.490625,4.06923246383667
166,0.9840980187695516,0.10248730536763934,0.4895833333333333,4.076082865397136
167,0.9791449426485923,0.11300918243133984,0.4864583333333333,4.117220600446065
168,0.9794056308654849,0.10801656946648647,0.4864583333333333,4.116463136672974
169,0.9822732012513035,0.10613745166623928,0.48541666666666666,4.118386920293172
170,0.985662148195213,0.09068262278722897,0.49375,4.107525459925333
171,0.9822732012513035,0.10129090043113055,0.50625,4.084408561388652
172,0.9843587069864442,0.09627993491102434,0.4979166666666667,4.09219213326772
173,0.9835766422736135,0.09892990740794956,0.4895833333333333,4.040287351608276
174,0.9809697602911462,0.10421467102419224,0.49166666666666664,4.070120509465536
175,0.9794056308654849,0.09934815755881159,0.48541666666666666,4.059597150484721
176,0.9843587069864442,0.09620807383586269,0.490625,4.05802522500356
177,0.9840980188938574,0.09824528129493607,0.49270833333333336,4.053447683652242
178,0.9827945776850886,0.09917164268020669,0.490625,4.05182466506958
179,0.9880083420229405,0.0863768008185067,0.490625,4.059717520078023
180,0.9859228364121057,0.09137029703454007,0.4895833333333333,4.054453682899475
181,0.983837330552659,0.09654091278768928,0.48854166666666665,4.080185850461324
182,0.9817518249418241,0.1059060784462719,0.49166666666666664,4.085917520523071
183,0.9835766424600723,0.09800119792053921,0.49166666666666664,4.071863492329915
184,0.985140771637122,0.09558997518840373,0.48854166666666665,4.0979184865951535
185,0.9820125131587166,0.10183469790332136,0.484375,4.126581970850626
186,0.9833159542431796,0.09769209431595051,0.4864583333333333,4.1316030343373615
187,0.9856621480709072,0.09097350160353375,0.48541666666666666,4.129059982299805
188,0.9840980187695516,0.09321919747077635,0.484375,4.177604873975118
189,0.985140771637122,0.09335243510426147,0.48125,4.208154098192851
190,0.9788842544316997,0.1133410144360334,0.490625,4.1878060579299925
191,0.9833159542431796,0.09709251623084075,0.4947916666666667,4.176467164357503
192,0.9843587069864442,0.09923404398858858,0.49166666666666664,4.216566260655721
193,0.9843587069864442,0.09390570986258474,0.4864583333333333,4.244559939702352
194,0.9799270074235759,0.10979705728877946,0.48854166666666665,4.220921432971954
195,0.9833159541188738,0.09598388193064487,0.4864583333333333,4.194086821873983
196,0.9856621480709072,0.09066710785823769,0.49270833333333336,4.213102142016093
197,0.986444212721585,0.09141865454233476,0.490625,4.212934517860413
198,0.9814911367249315,0.10646397991026281,0.4864583333333333,4.2251389503479
199,0.9833159542431796,0.09733861351504192,0.48854166666666665,4.2394056955973305
200,0.9843587069864442,0.09373157130354264,0.4864583333333333,4.25029509862264
201,0.9840980187695516,0.09469300671650545,0.4875,4.255345956484477
202,0.9827945776850886,0.10042965673959044,0.4864583333333333,4.283369374275208
203,0.9872262774965685,0.08509890113620242,0.4822916666666667,4.296065203348795
204,0.9851407717614278,0.0907113179020638,0.484375,4.326086688041687
205,0.9835766424600723,0.09683561635837813,0.48125,4.315733043352763
206,0.9833159541188738,0.10246589329633649,0.4875,4.318042739232381
207,0.9846193953276426,0.09596372739925624,0.48854166666666665,4.330258989334107
208,0.9788842544316997,0.1168774982896848,0.484375,4.3567551930745445
209,0.9814911366006257,0.10715712874164422,0.490625,4.383924214045207
210,0.9817518249418241,0.10292145797868217,0.48020833333333335,4.380544487635294
211,0.9812304485080389,0.09933206122815298,0.478125,4.434062743186951
212,0.9827945776850886,0.0994178122870927,0.48125,4.395663857460022
213,0.983837330552659,0.09089952170833308,0.47708333333333336,4.350990629196167
214,0.983837330552659,0.09694943810513047,0.47708333333333336,4.353649377822876
215,0.983837330552659,0.09302015543154929,0.471875,4.380804594357809
216,0.9827945778093945,0.10418777257918814,0.47604166666666664,4.368301876386007
217,0.983055266026287,0.09638420297405892,0.46979166666666666,4.38459038734436
218,0.9827945776850886,0.0993167801417325,0.4791666666666667,4.408015418052673
219,0.9848800835445353,0.09270473029678133,0.471875,4.4332319895426435
220,0.9830552659019812,0.09921810094255476,0.478125,4.438922675450643
221,0.9848800835445353,0.09803058050098956,0.47291666666666665,4.449758275349935
222,0.987747653806048,0.08403826578363885,0.47604166666666664,4.422917970021566
223,0.9833159542431796,0.10060166611847962,0.471875,4.43224393526713
224,0.9809697601668405,0.1131645364995669,0.47291666666666665,4.447131037712097
225,0.9835766423357665,0.09433578316032949,0.4739583333333333,4.4541590213775635
226,0.98435870711075,0.09862309080530132,0.47604166666666664,4.473390690485636
227,0.9861835245046924,0.08889599786576066,0.4791666666666667,4.487340386708578
228,0.9861835246289982,0.09159762061922593,0.47291666666666665,4.499203213055929
229,0.9856621480709072,0.08688634771919723,0.47291666666666665,4.528584376970927
230,0.9817518248175182,0.10286152283190064,0.47604166666666664,4.5281991243362425
231,0.983055266026287,0.09419241755796796,0.47604166666666664,4.512768999735514
232,0.985140771637122,0.09334665825891544,0.46875,4.535631799697876
233,0.9882690302398331,0.08248921114722184,0.46979166666666666,4.5405455509821575
234,0.9874869655891554,0.083006728327871,0.46979166666666666,4.560688710212707
235,0.985140771637122,0.09265871121469454,0.471875,4.601649928092956
236,0.9827945776850886,0.10066701344392098,0.471875,4.591488567988078
237,0.9869655891553701,0.08668571200544195,0.4739583333333333,4.539296269416809
238,0.9843587069864442,0.09246720260589911,0.47604166666666664,4.546628387769063
239,0.9864442128458908,0.08912119673364975,0.46979166666666666,4.54515000184377
240,0.9825338894681961,0.10185405289185184,0.47708333333333336,4.535618297259012
241,0.9851407717614278,0.09401154689047955,0.475,4.547312498092651
242,0.9880083420229405,0.08058773575115627,0.475,4.559865101178487
243,0.9843587069864442,0.09580173687203336,0.4708333333333333,4.545116488138834
244,0.9867049010627834,0.08639865209337817,0.4739583333333333,4.571462766329447
245,0.983837330552659,0.09632976284800282,0.46770833333333334,4.566783150037129
246,0.9833159541188738,0.101225935353881,0.46979166666666666,4.570781556765239
247,0.9867049010627834,0.08588700897688661,0.4666666666666667,4.582858427365621
248,0.9822732013756093,0.09881654498288728,0.4708333333333333,4.597351360321045
249,0.9843587069864442,0.09276952315219003,0.475,4.621068731943766
