epoch,acc,loss,val_acc,val_loss
0,0.513034410720324,0.7094065399065504,0.5583333333333333,0.7050998210906982
1,0.6084462982273201,0.6926441004303623,0.578125,0.7005645136038462
2,0.6483315953497345,0.6756195898970921,0.5822916666666667,0.6972581227620442
3,0.6715328467774814,0.657014213090644,0.58125,0.6935577591260275
4,0.6999478622323156,0.6341174284658542,0.56875,0.6923351049423218
5,0.7038581857964692,0.6114872679720332,0.565625,0.6912665128707886
6,0.7354014598540146,0.5823079716798785,0.5604166666666667,0.6920390804608663
7,0.7427007299891603,0.5582784172516545,0.5552083333333333,0.6949267228444417
8,0.758602710970997,0.5266277912510822,0.55625,0.6996340155601501
9,0.7833680917622523,0.4992997252282311,0.553125,0.7063796798388163
10,0.7930135557251256,0.4796885583895463,0.559375,0.7143648962179819
11,0.8008342022319034,0.4577985049164208,0.5510416666666667,0.7236121396223704
12,0.8055265900116643,0.4306478193641579,0.5510416666666667,0.7343249022960663
13,0.8180396244846618,0.41735575339592784,0.5541666666666667,0.7428516785303751
14,0.8154327425021947,0.4013526276515348,0.5520833333333334,0.754339748620987
15,0.8347236705522467,0.37845147771681187,0.55,0.7702507058779399
16,0.8430656932441982,0.3596080675550248,0.553125,0.7865534782409668
17,0.842544316810413,0.3464993063644025,0.5427083333333333,0.8014618277549743
18,0.8344629821488955,0.3464044888151326,0.5375,0.8190253456433614
19,0.8441084461117686,0.32837243982599473,0.5385416666666667,0.8376260538895924
20,0.845151198979339,0.32131236915916545,0.5416666666666666,0.8581028898557027
21,0.8561001041509809,0.308433091056235,0.5395833333333333,0.8793425699075063
22,0.8568821689881174,0.2955435318357629,0.528125,0.8995617945988973
23,0.8615745569543372,0.28736457663730985,0.534375,0.9150444289048513
24,0.8652241920529864,0.2808634184759277,0.534375,0.9319946885108947
25,0.8717413971023839,0.26641146656867737,0.5333333333333333,0.9481726884841919
26,0.8696558916780076,0.2672927416899903,0.5375,0.9702615241209666
27,0.8803441085084511,0.2532171645552324,0.5375,0.9927690386772156
28,0.8623566214185562,0.25970138032941054,0.53125,1.015990424156189
29,0.8720020853192764,0.2521069426171101,0.5302083333333333,1.0353869338830313
30,0.8746089678611199,0.24512363828881814,0.5333333333333333,1.0580318450927735
31,0.8800834203537115,0.2399178279546304,0.53125,1.0802417516708374
32,0.8753910323874918,0.2362945864328627,0.5239583333333333,1.1082986036936442
33,0.8772158500300458,0.23601128880373504,0.5322916666666667,1.1290690461794535
34,0.8847758079470136,0.23195994528043506,0.5322916666666667,1.1551303704579672
35,0.8774765382469384,0.22968442776901754,0.5416666666666666,1.1740131636460622
36,0.8873826904267041,0.22017729484376122,0.540625,1.1890367845694223
37,0.8819082376855009,0.227642546014567,0.5364583333333334,1.2177246113618214
38,0.8949426484058249,0.21811519956315273,0.5333333333333333,1.2525007208188375
39,0.8952033366848704,0.2110540043947222,0.5427083333333333,1.2814413050810496
40,0.8978102187916435,0.20519649917191832,0.5333333333333333,1.3000471333662669
41,0.8897288844408905,0.2107890185213437,0.5322916666666667,1.3215094645818075
42,0.8907716370598492,0.2035261904111868,0.5395833333333333,1.340742258230845
43,0.89285714279499,0.2113429221855836,0.5416666666666666,1.3577551245689392
44,0.8959854012733953,0.20409670731633497,0.5385416666666667,1.3916903972625732
45,0.8970281541409657,0.19430456131044097,0.5333333333333333,1.4144246359666188
46,0.901981230261925,0.19332984834132527,0.5427083333333333,1.4395467162132263
47,0.8959854013355482,0.1980366884916244,0.534375,1.4631016969680786
48,0.9092805003349177,0.18556301803857367,0.5333333333333333,1.4896497488021851
49,0.8957247130565027,0.19435630550722632,0.534375,1.5041249910990397
50,0.903284671346388,0.18987957890824306,0.5322916666666667,1.5231529374917347
51,0.9009384777051191,0.18873163254405212,0.5364583333333334,1.5409459034601847
52,0.8988529717835196,0.1887150670987349,0.5447916666666667,1.56326997478803
53,0.906412930073405,0.18253026344853224,0.5333333333333333,1.5875016272068023
54,0.9040667362456775,0.18236142437326275,0.528125,1.623508910338084
55,0.9071949945997769,0.18186080959218634,0.521875,1.6487829327583312
56,0.9079770594990664,0.18412644430855143,0.528125,1.6793489853541057
57,0.9048488007720494,0.17866237733485926,0.5197916666666667,1.7099876205126445
58,0.9058915537639256,0.17454888179851646,0.5177083333333333,1.743516711393992
59,0.9017205422936441,0.181622596537234,0.51875,1.7576199094454448
60,0.9074556831274341,0.17616683006970305,0.5229166666666667,1.7873467803001404
61,0.9040667362456775,0.1810025814551631,0.5270833333333333,1.813887083530426
62,0.9051094891132478,0.17930913288476444,0.528125,1.8280232747395833
63,0.9066736183524504,0.16934752529554994,0.528125,1.8573153932889304
64,0.9100625651720542,0.1695998755125358,0.528125,1.8872224728266398
65,0.908237747653806,0.17144860638785286,0.5270833333333333,1.8977389732996623
66,0.907716371095715,0.1712584237920604,0.53125,1.9268901069959006
67,0.9061522419808182,0.1760253273533333,0.5260416666666666,1.9493619322776794
68,0.9066736183524504,0.17232744212381781,0.5270833333333333,1.9602861603101094
69,0.9090198121180251,0.1721526869690207,0.5270833333333333,1.98308314482371
70,0.9121480708450421,0.16704411672601113,0.5375,2.005137499173482
71,0.9105839417922982,0.16555136064605494,0.5385416666666667,2.018736930688222
72,0.9163190821910178,0.1652365446681151,0.5416666666666666,2.049649198849996
73,0.9121480708450421,0.16478129427363403,0.5385416666666667,2.0760879158973693
74,0.9134515120538109,0.15947613028403493,0.5427083333333333,2.0892276644706724
75,0.9108446298227321,0.16664977506875245,0.5375,2.1095623056093853
76,0.9111053178531658,0.16541954548689572,0.5416666666666666,2.1442795793215432
77,0.9071949945997769,0.167795981345572,0.5427083333333333,2.1571395993232727
78,0.9084984360571574,0.16889308189450764,0.5427083333333333,2.179989194869995
79,0.9103232535132526,0.1653782632570943,0.5364583333333334,2.197111690044403
80,0.9116266946598686,0.16533878914879807,0.540625,2.2302608768145245
81,0.9144942649835341,0.16471222553468223,0.5364583333333334,2.2547866622606914
82,0.912669447403133,0.16059487494052513,0.5375,2.2840638240178426
83,0.9207507822511094,0.15654006603487589,0.5375,2.305390163262685
84,0.9150156412308607,0.16650759556929934,0.5333333333333333,2.3178077340126038
85,0.9207507821268036,0.16192550459979596,0.5364583333333334,2.3511576771736147
86,0.91423357651803,0.1648755885575188,0.53125,2.37824760278066
87,0.9178832115545262,0.1621498491642249,0.53125,2.3959454814592998
88,0.91996871735182,0.16295753722394718,0.53125,2.41452841758728
89,0.9220542232734195,0.15738233954211595,0.521875,2.4445812662442523
90,0.9189259643599438,0.1599540031117866,0.5208333333333334,2.4717042962710063
91,0.9194473410423406,0.15550537915498297,0.51875,2.4881179014841717
92,0.9236183522640105,0.15040033204214914,0.515625,2.5072547713915507
93,0.9176225232754808,0.16104265960463643,0.521875,2.5180933435757953
94,0.9197080290106215,0.15512084371261725,0.521875,2.5207516590754193
95,0.912669447403133,0.16254911333229297,0.525,2.5445282022158304
96,0.9283107404788418,0.15079510833473722,0.5239583333333333,2.575895309448242
97,0.9176225235862453,0.15925630941847194,0.5270833333333333,2.6049576004346213
98,0.9223149113660063,0.15447437147900261,0.525,2.6186197797457376
99,0.9262252344329365,0.149161557615487,0.5270833333333333,2.6384116848309835
100,0.9249217935349322,0.15306665720000506,0.5270833333333333,2.651956828435262
101,0.9251824818761306,0.15027371737270834,0.53125,2.653818925221761
102,0.9246611054423455,0.15214429665997825,0.53125,2.675529404481252
103,0.9215328465288697,0.15677239191917483,0.5333333333333333,2.6960684259732566
104,0.912930135371414,0.1616934947319896,0.540625,2.701302127043406
105,0.9264859226498291,0.1557819807865075,0.5416666666666666,2.7201457103093465
106,0.921793534994374,0.15075877866667925,0.5364583333333334,2.7355000654856365
107,0.9230969758302253,0.1496777548935416,0.5385416666666667,2.743978214263916
108,0.9181439000200305,0.15661465291932178,0.5364583333333334,2.7579946319262185
109,0.9217935348700681,0.1506782019815803,0.5333333333333333,2.7753260374069213
110,0.9202294058173243,0.156623672332704,0.5260416666666666,2.791583319505056
111,0.9254431697822587,0.1505889543900276,0.5375,2.8031192143758137
112,0.921272158436283,0.1500004411396319,0.5395833333333333,2.809937087694804
113,0.9264859228984407,0.15179739247646273,0.54375,2.8218499779701234
114,0.9285714286335814,0.15048656844931177,0.540625,2.840281025568644
115,0.9270072992079201,0.14725413890526368,0.534375,2.8379587451616923
116,0.9277893639829037,0.14773613909051614,0.5395833333333333,2.85698025226593
117,0.9249217936592381,0.1520105155497572,0.5291666666666667,2.880705487728119
118,0.9259645465268085,0.14969078860827356,0.5364583333333334,2.9092803756395975
119,0.9257038581234571,0.15223272469543442,0.5427083333333333,2.90484273036321
120,0.9228362879240973,0.15416576681470223,0.5395833333333333,2.9321550607681273
121,0.9228362879240973,0.15273264316187413,0.5416666666666666,2.9534533500671385
122,0.9309176227099207,0.14380946932545047,0.540625,2.9577260255813598
123,0.9358706984579626,0.1367713840711353,0.540625,2.980121858914693
124,0.9254431697822587,0.145527991290448,0.54375,2.993549903233846
125,0.9285714283849699,0.14649600716651542,0.5458333333333333,3.017391526699066
126,0.9238790407295148,0.14923786551412874,0.540625,3.0181180238723755
127,0.9257038581234571,0.14596710454311312,0.5447916666666667,3.0345216313997905
128,0.9363920748917477,0.14308271964971167,0.5510416666666667,3.046613848209381
129,0.9311783108646604,0.14705320270547528,0.5479166666666667,3.060014625390371
130,0.9366527634194048,0.1432882544193203,0.540625,3.068606706460317
131,0.9319603753910324,0.13748699829868033,0.5447916666666667,3.0675467093785604
132,0.9345672574978053,0.1437044288959195,0.5479166666666667,3.0910409331321715
133,0.9311783105538958,0.1428565617740092,0.5427083333333333,3.1103953957557677
134,0.9337851929714334,0.1382790239871605,0.534375,3.1291828711827594
135,0.9280500521997963,0.14593997321113927,0.54375,3.1574358105659486
136,0.9322210636700778,0.13999793267535965,0.5427083333333333,3.1563163876533507
137,0.9387382688437811,0.13324961030508106,0.5395833333333333,3.149016253153483
138,0.930396245903218,0.14481169953398462,0.5375,3.1483882188797
139,0.9285714283849699,0.14357917508007464,0.5302083333333333,3.15003525018692
140,0.9303962460896767,0.1420003288465322,0.5291666666666667,3.1647085110346476
141,0.9303962460275238,0.1377715274023438,0.5239583333333333,3.1711469014485676
142,0.9306569341201106,0.13854922898059344,0.5333333333333333,3.2054202874501545
143,0.9316996872984455,0.13941626459344583,0.5260416666666666,3.218663199742635
144,0.9306569343065694,0.13480873020585313,0.5354166666666667,3.2080907185872394
145,0.9371741396667314,0.1362672228913859,0.5375,3.233916393915812
146,0.9322210637322308,0.13859764115964535,0.5333333333333333,3.2393051624298095
147,0.930917622461309,0.14200895396959545,0.5427083333333333,3.2180774728457133
148,0.9298748697801974,0.1449070216250743,0.534375,3.2327589909235637
149,0.930396245903218,0.14113402083842425,0.534375,3.238509726524353
150,0.9327424398552514,0.14301475629257088,0.53125,3.275506071249644
151,0.9262252345572423,0.14593102202611868,0.528125,3.2616780122121174
152,0.9343065693430657,0.14362353659832192,0.5260416666666666,3.2853494842847186
153,0.9327424399795572,0.1409402151705699,0.5375,3.282240883509318
154,0.9303962460896767,0.13863627154213048,0.5291666666666667,3.29107258717219
155,0.9330031280721439,0.14170455261365714,0.53125,3.3083954731623333
156,0.9374348279457768,0.13595806109613123,0.5239583333333333,3.3151031096776324
157,0.9379562045038679,0.13272115186524963,0.5291666666666667,3.330479876200358
158,0.9296141815633048,0.14344608648539336,0.5354166666666667,3.344388755162557
159,0.9314389990815529,0.13962092761016365,0.53125,3.368993393580119
160,0.934827945714698,0.1339975633387521,0.5302083333333333,3.3678197304407758
161,0.9350886341180493,0.13718470622619325,0.534375,3.3933539549509684
162,0.9413451510127071,0.13118587165480486,0.5427083333333333,3.4083130518595377
163,0.9345672575599583,0.1390972801710443,0.5395833333333333,3.407718467712402
164,0.9324817516383588,0.14006802301399401,0.5354166666666667,3.441384522120158
165,0.9327424399795572,0.1379460530031212,0.5354166666666667,3.4442733764648437
166,0.9400417102390086,0.13915361667574383,0.5395833333333333,3.4507938981056214
167,0.9350886338072847,0.1405680791336006,0.5364583333333334,3.470232113202413
168,0.9413451511370129,0.13173770551823227,0.5354166666666667,3.469263712565104
169,0.9337851929714334,0.14136341739372119,0.5322916666666667,3.4852307438850403
170,0.9358706986444213,0.136442275393494,0.534375,3.507711124420166
171,0.9332638165998012,0.13292363317871742,0.5395833333333333,3.50631476243337
172,0.9358706987687271,0.13559960611203414,0.534375,3.5097942908604938
173,0.9379562043174091,0.13537777621567063,0.5322916666666667,3.4987085103988647
174,0.9337851930335863,0.13734929757707434,0.5375,3.5038682301839192
175,0.9382168925964547,0.13169493914676036,0.5395833333333333,3.537472295761108
176,0.9366527634194048,0.13610088410355128,0.540625,3.553721825281779
177,0.9296141812525403,0.1412393676196696,0.534375,3.5574150403340656
178,0.9366527634194048,0.13411340073170577,0.5354166666666667,3.5518571217854817
179,0.9363920750160536,0.13206595532028967,0.5354166666666667,3.5768174727757773
180,0.9348279459011567,0.13300137159660289,0.53125,3.5597939133644103
181,0.9371741398531901,0.13255724023417711,0.5364583333333334,3.5830752849578857
182,0.9311783107403545,0.13724184522601438,0.5395833333333333,3.5545809864997864
183,0.9350886339315906,0.13715792392167855,0.5427083333333333,3.5743423899014792
184,0.9376955162869752,0.13262488947825835,0.55,3.570878247419993
185,0.9410844627958145,0.1315789393948564,0.5520833333333334,3.545984200636546
186,0.931699686987681,0.13507340448336508,0.5427083333333333,3.5633679310480755
187,0.93013555799709,0.1377650691862524,0.5447916666666667,3.5978709777196247
188,0.9335245048166937,0.13843060537349194,0.54375,3.606768083572388
189,0.9379562045038679,0.13302981306539463,0.5364583333333334,3.647006392478943
190,0.930396245903218,0.13833072972683016,0.5364583333333334,3.6212162494659426
191,0.9296141812525403,0.1430667640643274,0.5447916666666667,3.635908309618632
192,0.9369134516362975,0.13364817083223768,0.540625,3.631195243199666
193,0.9361313869856197,0.13533534992940732,0.5395833333333333,3.6392725467681886
194,0.9311783108646604,0.1356683066726601,0.5447916666666667,3.639198096593221
195,0.9353493221484832,0.13635479086258365,0.534375,3.6525232950846354
196,0.9332638162890365,0.1360123828985768,0.5291666666666667,3.676402449607849
197,0.9371741396667314,0.13182465205351676,0.528125,3.677064029375712
198,0.935349322210636,0.13667875475505595,0.540625,3.6813470045725505
199,0.9343065693430657,0.13427155973764604,0.5395833333333333,3.7148997942606607
200,0.941084463106579,0.13086313743443384,0.53125,3.7314045270284018
201,0.9332638165998012,0.12999939581338507,0.534375,3.7244094133377077
202,0.9366527631086403,0.13461013767592478,0.5416666666666666,3.728766409556071
203,0.9371741398531901,0.13355171515745218,0.5416666666666666,3.727084271113078
204,0.9379562045038679,0.13008657857635844,0.5395833333333333,3.7451169729232787
205,0.9366527631086403,0.1361955107656833,0.5364583333333334,3.7478077888488768
206,0.93587069883088,0.13237474673855915,0.5354166666666667,3.7526002804438274
207,0.9410844629822732,0.1287578866118808,0.540625,3.7579922993977863
208,0.9343065692809128,0.1299411193142345,0.5364583333333334,3.7466164271036786
209,0.936131386799161,0.1307384836195159,0.540625,3.749012525876363
210,0.9384775809376531,0.13164342348624072,0.5385416666666667,3.761828398704529
211,0.9403023982694425,0.13181132998033906,0.5385416666666667,3.77183419863383
212,0.9366527631086403,0.13590396222842,0.5385416666666667,3.771633954842885
213,0.9434306570586124,0.12793981551160652,0.5333333333333333,3.761556017398834
214,0.9371741396667314,0.13205884286708455,0.5364583333333334,3.7477314869562783
215,0.9345672576221112,0.13776253227521282,0.5364583333333334,3.770994261900584
216,0.9400417102390086,0.1333200874756847,0.54375,3.802642591794332
217,0.9408237748896864,0.13148634827174285,0.5364583333333334,3.8309951702753704
218,0.9332638162890365,0.1398820449851601,0.5291666666666667,3.8793992519378664
219,0.9376955161626694,0.1325695189017107,0.5208333333333334,3.884328019618988
220,0.9421272157876907,0.1303086657780179,0.5364583333333334,3.8640795985857648
221,0.937434827883624,0.1338298162591097,0.534375,3.8465091705322267
222,0.9337851927228218,0.1390751725348243,0.5270833333333333,3.8579667925834658
223,0.9374348280700827,0.1290762949194973,0.5291666666666667,3.8683109203974406
224,0.9395203334944588,0.13072887000873515,0.5333333333333333,3.8848644375801085
225,0.9350886341180493,0.13073470697537204,0.5291666666666667,3.920005679130554
226,0.9309176223370031,0.13765286423491238,0.5291666666666667,3.9067068179448445
227,0.9403023982694425,0.13202494740237533,0.54375,3.9070664445559182
228,0.9395203336809176,0.12854854258338652,0.540625,3.928419808546702
229,0.9345672575599583,0.13715452639477346,0.54375,3.9283072272936503
230,0.9421272158498436,0.13105190260582472,0.5395833333333333,3.9077831904093423
231,0.9371741398531901,0.13438133520925877,0.5416666666666666,3.9096014857292176
232,0.9389989573714382,0.12855717107824538,0.5427083333333333,3.9255937616030376
233,0.937434827883624,0.1327284269804005,0.5416666666666666,3.921774176756541
234,0.9374348280700827,0.1352257590907955,0.5395833333333333,3.923446301619212
235,0.9379562041931033,0.12897309654696268,0.5427083333333333,3.9395332892735797
236,0.9376955161626694,0.13564037961246322,0.534375,3.9337482253710427
237,0.9348279455903922,0.13038725476630414,0.5322916666666667,3.9202152291933694
238,0.9374348277593181,0.12927761672373483,0.5416666666666666,3.9217181324958803
239,0.9374348279457768,0.1334627858665116,0.5427083333333333,3.930161881446838
240,0.9369134516362975,0.13474293594657444,0.5385416666666667,3.9235403617223104
241,0.9345672576842641,0.1357931917119573,0.5354166666666667,3.931060878435771
242,0.9392596455883309,0.12991767715394684,0.534375,3.9414639234542848
243,0.9340458809397143,0.1346837279850052,0.534375,3.971917819976807
244,0.9436913449647404,0.12810618877100124,0.546875,3.9577278812726338
245,0.9319603755153382,0.14108002785597157,0.5427083333333333,3.9648578921953836
246,0.9369134514498387,0.13634589706024114,0.5322916666666667,3.9843515396118163
247,0.9397810218356573,0.12898390122511588,0.534375,3.9810407241185506
248,0.9405630866727939,0.1307925718435406,0.5333333333333333,3.9855721950531007
249,0.9350886338072847,0.13187233960727954,0.53125,4.014254641532898
