epoch,acc,loss,val_acc,val_loss
0,0.4611574555897738,0.7144222496945617,0.47291666666666665,0.7094368120034535
1,0.5755995830853117,0.6966108199329396,0.50625,0.7045725206534068
2,0.656152242105124,0.6801181047129308,0.55625,0.6987179080645244
3,0.695255474266096,0.6628144096284017,0.5510416666666667,0.6948161244392395
4,0.7304483837330553,0.6427537898947723,0.5635416666666667,0.6910989264647166
5,0.7489572470081238,0.619007844248703,0.5645833333333333,0.6884433368841807
6,0.7807612094690205,0.5901198903636714,0.56875,0.6899023095766703
7,0.7747653806047967,0.5719542555565381,0.5645833333333333,0.6910633067289988
8,0.8034410845872881,0.5428688367663633,0.56875,0.6933863083521525
9,0.818300313012319,0.517323812553358,0.5791666666666667,0.6973806858062744
10,0.8282064648813202,0.501253781838263,0.5604166666666667,0.6996811389923095
11,0.8438477581434877,0.4734243822669585,0.5635416666666667,0.7058691283067068
12,0.8334202295920896,0.4638749335555513,0.559375,0.7098854204018911
13,0.8511470283407861,0.4476082958009121,0.5708333333333333,0.7183390220006307
14,0.8649635037739408,0.4179361843590443,0.5677083333333334,0.7329950153827667
15,0.8652241916800689,0.40015757568685556,0.56875,0.7482106884320577
16,0.8774765382469384,0.37959659892028513,0.5604166666666667,0.7497246662775675
17,0.8722627737226277,0.37313066371663145,0.5614583333333333,0.7563969473044078
18,0.8761730968517109,0.36674592890257135,0.5635416666666667,0.7695058306058248
19,0.8803441083841453,0.3511503983650267,0.5666666666666667,0.7764664351940155
20,0.87721584990574,0.3407752366583091,0.565625,0.7916166027386983
21,0.8954640250260688,0.32344375157629734,0.5677083333333334,0.8086530645688375
22,0.898592283566627,0.31610482511604915,0.5677083333333334,0.823565661907196
23,0.89989572465109,0.3133621453865974,0.5697916666666667,0.840754916270574
24,0.9045881125551568,0.30082212738125613,0.5645833333333333,0.8464374760786693
25,0.9053701773301404,0.28779542315615353,0.5635416666666667,0.8664006769657135
26,0.9087591241497441,0.28818060595996686,0.5729166666666666,0.8795667866865794
27,0.9142335766423357,0.2784472993255532,0.559375,0.8958713809649149
28,0.9144942649213813,0.26511834510548643,0.559375,0.9107627888520559
29,0.9134515121159638,0.2719534200162659,0.5729166666666666,0.9245793263117472
30,0.9191866529497539,0.25499268141851933,0.56875,0.9417056938012441
31,0.9178832116166792,0.2562338223173919,0.56875,0.9580449124177297
32,0.9160583942227368,0.2520687188856047,0.571875,0.9685600658257802
33,0.9160583939741253,0.25586045649178457,0.5645833333333333,0.9845347265402477
34,0.9189259644842496,0.24897245007709864,0.5614583333333333,1.0042142570018768
35,0.922575599520746,0.2391482545325107,0.5645833333333333,1.029036565621694
36,0.9157977060058443,0.23921220099341758,0.5572916666666666,1.047537612915039
37,0.9210114700950846,0.23895936635661796,0.5604166666666667,1.0724037210146586
38,0.9155370176646458,0.2428483944366821,0.5552083333333333,1.0938821812470754
39,0.9165797707186749,0.2325782590352457,0.55,1.1134201129277548
40,0.9207507818781919,0.23050881709371293,0.5520833333333334,1.1274372160434722
41,0.9228362878619444,0.2198791593095682,0.5520833333333334,1.149741820494334
42,0.9168404589355675,0.22802109716458166,0.553125,1.1611877222855886
43,0.9197080290106215,0.2242358975166822,0.5520833333333334,1.1802737653255462
44,0.9223149114903121,0.22130262326522962,0.553125,1.1855681518713632
45,0.929092804818755,0.20714766167811233,0.559375,1.2088823974132539
46,0.922575599520746,0.21156964066503442,0.5552083333333333,1.227623744805654
47,0.9197080291349273,0.21793022120956088,0.5541666666666667,1.2379828453063966
48,0.9322210636079249,0.20258570114408966,0.55,1.2504861454168956
49,0.9178832118031379,0.2154957271249998,0.5541666666666667,1.2742449899514516
50,0.9244004169146883,0.20670709797065623,0.5447916666666667,1.3038378735383351
51,0.9210114700950846,0.20996822430766784,0.5427083333333333,1.3266486704349518
52,0.9249217936592381,0.1995071242014733,0.54375,1.3480624298254649
53,0.93013555799709,0.19417564554588637,0.5385416666666667,1.3721700131893158
54,0.9262252344329365,0.2013379291119491,0.54375,1.3865396857261658
55,0.9228362876133327,0.20509773791147098,0.5572916666666666,1.4113118171691894
56,0.9285714285092757,0.19676014094208527,0.559375,1.4265825748443604
57,0.9327424399795572,0.1868197838382502,0.5510416666666667,1.457591970761617
58,0.9340458809397143,0.18263080313692998,0.553125,1.4722196141878763
59,0.9337851927228218,0.1808021278494466,0.5572916666666666,1.4862882574399312
60,0.9262252346193952,0.19324219360465925,0.5541666666666667,1.5135041991869609
61,0.9296141815633048,0.1829698912107907,0.5489583333333333,1.548234764734904
62,0.928832116912627,0.18772962077193514,0.54375,1.5703291177749634
63,0.9298748697801974,0.17763643072407237,0.5479166666666667,1.6190069675445558
64,0.9361313866748551,0.17158028135334488,0.553125,1.6193763613700867
65,0.9327424402281689,0.18139021640897915,0.5458333333333333,1.647556440035502
66,0.9324817519491233,0.17967905042007395,0.5427083333333333,1.6647656520207723
67,0.9298748695937387,0.17558701280446196,0.553125,1.6807453950246176
68,0.9330031283207556,0.1741834567846173,0.5552083333333333,1.7055241545041402
69,0.9371741398531901,0.17064045730111993,0.553125,1.7314589063326518
70,0.9400417102390086,0.16855520507217822,0.565625,1.7528762618700664
71,0.9379562045038679,0.1630675847233274,0.5541666666666667,1.776435951391856
72,0.9366527634194048,0.1622640117614436,0.55625,1.7951170285542806
73,0.9392596455883309,0.1632029187474186,0.5572916666666666,1.8209350466728211
74,0.9452554744525548,0.1505056605426686,0.5625,1.8311447342236837
75,0.9369134513255329,0.15884916776474622,0.5645833333333333,1.858442449569702
76,0.9361313866748551,0.16296430514801033,0.5614583333333333,1.8779115517934164
77,0.9361313866748551,0.16341334169612065,0.5635416666666667,1.904064961274465
78,0.9358706985822683,0.1577718321144643,0.5614583333333333,1.9335781574249267
79,0.9324817518869705,0.1638492859503773,0.5635416666666667,1.9340368549029032
80,0.936131386799161,0.16187984908895026,0.5625,1.9429463148117065
81,0.9350886338072847,0.1599957700100134,0.5541666666666667,1.9811045130093892
82,0.9340458812504789,0.15668889642445463,0.5552083333333333,1.9969847718874614
83,0.9348279457768509,0.1596032718237299,0.5625,2.000836662451426
84,0.9345672576842641,0.16007198926306118,0.559375,2.011985743045807
85,0.9371741398531901,0.15274099845582925,0.5677083333333334,2.0437464197476705
86,0.9426485924079346,0.15077953035938355,0.5645833333333333,2.0525068322817486
87,0.9379562043795621,0.14670547189208463,0.5625,2.0741846203804015
88,0.9290928051295196,0.16139614369188035,0.5635416666666667,2.0906891345977785
89,0.9366527631086403,0.14812027520817686,0.5635416666666667,2.1140254139900208
90,0.9330031281964498,0.15797648587428242,0.553125,2.1329731663068134
91,0.939781022022116,0.14925860311365974,0.5489583333333333,2.149714239438375
92,0.9361313869856197,0.14896453251990338,0.5520833333333334,2.180737566947937
93,0.9337851930335863,0.15286692820792402,0.55625,2.203809412320455
94,0.9343065692809128,0.1518824844154004,0.5572916666666666,2.2286603887875875
95,0.9345672576842641,0.15087949292689593,0.559375,2.2492488026618958
96,0.9330031281964498,0.14706834886568804,0.55625,2.2653026302655537
97,0.9322210637322308,0.15016169636291807,0.553125,2.28563000758489
98,0.9306569342444164,0.1555599291207768,0.5583333333333333,2.297722788651784
99,0.9418665274464922,0.14270846340591642,0.55625,2.32598428328832
100,0.9400417102390086,0.14394589995225354,0.55625,2.3510767141977946
101,0.9324817518248175,0.15685207392861125,0.5520833333333334,2.3713090300559996
102,0.9397810217113515,0.14207504951512603,0.55625,2.395934458573659
103,0.9332638162890365,0.14639690422042195,0.553125,2.4158541361490884
104,0.9400417102390086,0.1395138865560138,0.5520833333333334,2.425860532124837
105,0.9384775808755002,0.1429897697178241,0.5572916666666666,2.4386600414911905
106,0.9332638164133424,0.15188091561369155,0.5541666666666667,2.4541207750638327
107,0.9311783108646604,0.14757377983724487,0.546875,2.4861745675404867
108,0.9358706985822683,0.1415550029439399,0.5552083333333333,2.4859957377115887
109,0.9311783105538958,0.14837567264270485,0.5479166666666667,2.513870286941528
110,0.9452554745768605,0.13431378975277525,0.546875,2.5371957699457806
111,0.932221063545772,0.1466308654255862,0.5447916666666667,2.571252433458964
112,0.9431699685309552,0.13458219383444106,0.5458333333333333,2.5750099301338194
113,0.9316996872362926,0.148932062143827,0.5520833333333334,2.5756815036137897
114,0.9376955159762107,0.13719377867931867,0.5510416666666667,2.591548804442088
115,0.9353493220241773,0.1438433317248093,0.5572916666666666,2.61847501595815
116,0.9429092805005214,0.13318566467546944,0.5583333333333333,2.641005043188731
117,0.9392596455261779,0.1422955880759282,0.5583333333333333,2.6613481362660725
118,0.9405630867349467,0.1328272093883769,0.5604166666666667,2.6637303709983824
119,0.9270072990836142,0.152646496456905,0.5645833333333333,2.6625206073125205
120,0.9384775809376531,0.14043406222299193,0.559375,2.664024909337362
121,0.9348279457768509,0.14193871224976928,0.5614583333333333,2.6629767457644147
122,0.943169968717414,0.13388553852986493,0.5572916666666666,2.6709344228108725
123,0.9421272156633849,0.133412056347128,0.5604166666666667,2.6791493773460386
124,0.9416058395403643,0.13601580252861206,0.55625,2.6943145036697387
125,0.9389989570606737,0.13800974117205464,0.5583333333333333,2.697424566745758
126,0.9416058394160584,0.13501165895815065,0.5520833333333334,2.717286757628123
127,0.9416058395403643,0.13327316054928665,0.5625,2.716632302602132
128,0.9447340979566167,0.1341394379315461,0.559375,2.7364542881647744
129,0.9382168925343017,0.13926540983295044,0.5520833333333334,2.75260192155838
130,0.9426485924079346,0.13517399216158174,0.5552083333333333,2.7586867531140644
131,0.9361313869234668,0.1424141484269012,0.5645833333333333,2.7582595348358154
132,0.9423879038802775,0.13489567649252596,0.5541666666666667,2.7649616758028666
133,0.9405630864863351,0.13522070800114475,0.55625,2.8025931835174562
134,0.9460375392275384,0.12756293420063194,0.5572916666666666,2.8054967562357587
135,0.9478623567457866,0.12768502246755503,0.5572916666666666,2.825946319103241
136,0.9436913451511991,0.13436429591012325,0.5614583333333333,2.8459002653757732
137,0.9413451513234716,0.14008314772368224,0.5572916666666666,2.8540210207303365
138,0.9389989571849795,0.13898655282754968,0.5541666666666667,2.8542832851409914
139,0.9416058393539055,0.13187994532155045,0.565625,2.875553337732951
140,0.9442127213985256,0.12504264145188337,0.5677083333333334,2.8876091718673704
141,0.9416058392295996,0.13351285647177472,0.5614583333333333,2.893852154413859
142,0.9379562045038679,0.13833868455402049,0.5614583333333333,2.909270683924357
143,0.9374348277593181,0.1368902610135153,0.5572916666666666,2.92554292678833
144,0.939781022022116,0.13801310987554577,0.5583333333333333,2.938301356633504
145,0.944473409801877,0.1296688818447564,0.55625,2.947815163930257
146,0.9476016683424352,0.1256753945717349,0.5541666666666667,2.9773353417714437
147,0.9439520334923975,0.13282084415304524,0.5583333333333333,2.9823442578315733
148,0.9410844627958145,0.13083701963780198,0.5541666666666667,3.004134889443715
149,0.9410844629822732,0.1350824496630148,0.5583333333333333,3.010673797130585
150,0.941084463106579,0.13321464149838816,0.5510416666666667,3.032819469769796
151,0.9405630864863351,0.13472219955125617,0.5510416666666667,3.0326996286710104
152,0.9408237745789219,0.13128781357510122,0.5552083333333333,3.037296402454376
153,0.9395203334944588,0.13370433639311566,0.5541666666666667,3.04073805809021
154,0.9478623564350219,0.12772528519533474,0.5583333333333333,3.0258220712343853
155,0.9423879040045833,0.13062943300626573,0.5520833333333334,3.031321410338084
156,0.9465589155991706,0.12846987180963423,0.55625,3.045526158809662
157,0.9423879040667362,0.13036474146578186,0.5541666666666667,3.057694395383199
158,0.9426485924079346,0.13059633434191734,0.5614583333333333,3.0703556974728903
159,0.9468196038782162,0.12020770896991426,0.5666666666666667,3.0462374488512673
160,0.948905109613357,0.12251942735301317,0.5604166666666667,3.066692141691844
161,0.946558915350559,0.12586389859600286,0.5625,3.0808149337768556
162,0.948905109613357,0.12549680435682362,0.565625,3.100248936812083
163,0.9476016684045881,0.12836912332240558,0.5677083333333334,3.088654339313507
164,0.9473409801876955,0.12378946145971202,0.56875,3.0863413254419965
165,0.9416058392295996,0.12728238801886566,0.5729166666666666,3.1105968753496804
166,0.9410844629822732,0.1322275667730039,0.5666666666666667,3.1233760714530945
167,0.9486444212100056,0.12263149535817573,0.5614583333333333,3.1493606011072797
168,0.9397810217113515,0.1339293243178983,0.5697916666666667,3.1679370999336243
169,0.9447340978323108,0.1255562344451393,0.565625,3.1781426588694255
170,0.9397810217113515,0.13356682526120553,0.5614583333333333,3.1797144134839375
171,0.9371741396667314,0.1345466071190128,0.5625,3.2010236779848733
172,0.9426485924079346,0.129749399855562,0.5625,3.2140470504760743
173,0.9436913449647404,0.12504862166544942,0.5635416666666667,3.2432936509450276
174,0.939781022022116,0.1291721601804429,0.559375,3.258422104517619
175,0.9403023981451367,0.12899695386541027,0.5708333333333333,3.2397685925165813
176,0.9426485922836287,0.12618179755660242,0.56875,3.254741915067037
177,0.9426485922214759,0.12675066965091217,0.5666666666666667,3.2653037627538044
178,0.9452554745768605,0.12473884354635871,0.5697916666666667,3.264692505200704
179,0.9460375392275384,0.12379998385875143,0.56875,3.2533989906311036
180,0.9478623566214807,0.12089628793058356,0.5635416666666667,3.265873010953267
181,0.94708029190865,0.1262809830922653,0.565625,3.2365657250086466
182,0.9478623564350219,0.12072236467700556,0.5677083333333334,3.2659015973409016
183,0.9504692389147125,0.12107720626158809,0.559375,3.2740103244781493
184,0.9429092806248272,0.1293348707919076,0.5614583333333333,3.30751690864563
185,0.9468196035674515,0.12242670172322405,0.553125,3.3226322174072265
186,0.9413451511370129,0.1297573462921089,0.5635416666666667,3.295738124847412
187,0.9447340980809225,0.13151824994865374,0.5614583333333333,3.2897242943445844
188,0.946558915350559,0.12488265903482099,0.5666666666666667,3.314115889867147
189,0.9447340980187695,0.12667131844259277,0.5666666666666667,3.3206300258636476
190,0.9473409801876955,0.1275719082113103,0.5677083333333334,3.320743775367737
191,0.9421272159741494,0.13022367927373016,0.5708333333333333,3.3133996725082397
192,0.946558915350559,0.12594236313084742,0.5739583333333333,3.304427981376648
193,0.9413451511370129,0.1252574372310211,0.5625,3.32426723241806
194,0.9418665277572568,0.12636457719258398,0.5614583333333333,3.343083890279134
195,0.9426485922836287,0.12705330758300204,0.5625,3.3486234029134114
196,0.939781022022116,0.12859658666957283,0.5614583333333333,3.3555699745814005
197,0.9439520334923975,0.12643339780933294,0.5604166666666667,3.3845877329508465
198,0.9460375392275384,0.13016753503130177,0.5604166666666667,3.4136051019032796
199,0.945776850824187,0.12276931495499935,0.5583333333333333,3.394062320391337
200,0.945255474266096,0.12216123306154583,0.5645833333333333,3.3912043730417887
201,0.9481230448383733,0.12106201701386753,0.5645833333333333,3.3825644413630167
202,0.9473409803120013,0.12283146299025563,0.5583333333333333,3.3984210014343263
203,0.9405630866727939,0.12591897857077303,0.5572916666666666,3.416135859489441
204,0.9436913449647404,0.12160861934996496,0.5614583333333333,3.450771721204122
205,0.9460375391032325,0.12444296908857179,0.5479166666666667,3.4349595228830974
206,0.9397810218356573,0.1298246354765887,0.553125,3.443888195355733
207,0.9481230449626792,0.12168263813346718,0.559375,3.4273436148961385
208,0.9473409803120013,0.12509661487170629,0.5583333333333333,3.426233728726705
209,0.9384775809376531,0.12844060470929858,0.559375,3.448375670115153
210,0.9436913449647404,0.12285912948989769,0.55625,3.4333820104599
211,0.94708029190865,0.11867052680260198,0.5572916666666666,3.4499221881230673
212,0.9478623566214807,0.12079344034909704,0.5583333333333333,3.4426512320836387
213,0.9410844629201203,0.1295160179466351,0.553125,3.440120061238607
214,0.9455161624829886,0.12475000899887184,0.5520833333333334,3.4498732646306354
215,0.9395203334944588,0.12885687988915706,0.5510416666666667,3.4640478134155273
216,0.95020855069782,0.11695453483413233,0.5489583333333333,3.482503406206767
217,0.95020855069782,0.12035631391533473,0.559375,3.4737090746561687
218,0.944994786359968,0.12280843760410365,0.5604166666666667,3.484466274579366
219,0.9496871741397289,0.11885251471533889,0.5583333333333333,3.493319829305013
220,0.9434306569964594,0.1231649444827944,0.5583333333333333,3.4967984199523925
221,0.9486444212721585,0.11837431207703226,0.5583333333333333,3.5147801717122396
222,0.9494264859228363,0.12035691630914885,0.5645833333333333,3.504881262779236
223,0.9504692387904067,0.1155822621823538,0.5625,3.510583694775899
224,0.9491657978302496,0.12046462112534655,0.5645833333333333,3.518701926867167
225,0.9470802920951088,0.12348112633317802,0.5572916666666666,3.5255577166875205
226,0.9460375389167738,0.12722790822371202,0.5604166666666667,3.5304633378982544
227,0.9421272159741494,0.12914208127758675,0.5614583333333333,3.5115609566370645
228,0.945776850824187,0.12396579157324106,0.55625,3.5132307529449465
229,0.9554223149735189,0.11198036209510191,0.5604166666666667,3.5227548360824583
230,0.9473409803741543,0.12106746958803707,0.5614583333333333,3.5384249607721965
231,0.9502085503870553,0.11851740201956537,0.565625,3.5684924443562824
232,0.9460375392275384,0.12384194099927968,0.5635416666666667,3.585455067952474
233,0.9465589155991706,0.11872244134498712,0.5697916666666667,3.5735971132914224
234,0.946558915350559,0.12504777048128862,0.5739583333333333,3.5834391832351686
235,0.9462982273201251,0.12770747625666193,0.5625,3.5827077945073444
236,0.9478623565593278,0.12215316855000008,0.5583333333333333,3.5830755790074664
237,0.9504692389147125,0.11411160897226602,0.5552083333333333,3.5844133536020917
238,0.9496871739532702,0.11961790854043335,0.559375,3.6043245951334635
239,0.9455161627937532,0.12853210898770778,0.5572916666666666,3.632781974474589
240,0.9468196038782162,0.11999657466557029,0.559375,3.616428256034851
241,0.94264859209717,0.12441602437849214,0.5552083333333333,3.603946312268575
242,0.9499478624809273,0.11866164092475605,0.5645833333333333,3.6225912888844807
243,0.9491657978302496,0.12324570560666642,0.5541666666666667,3.627643338839213
244,0.9478623565593278,0.11524024263910009,0.5604166666666667,3.6470356146494547
245,0.9465589156613236,0.12390343188400438,0.5604166666666667,3.6504294713338217
246,0.9489051093025923,0.1182083718641831,0.5583333333333333,3.6505138794581096
247,0.9473409801255426,0.12398689943322051,0.5635416666666667,3.6568571090698243
248,0.9494264858606833,0.1151250539128052,0.565625,3.679235068957011
249,0.9473409800012368,0.11945018014551079,0.55625,3.7240474939346315
