epoch,acc,loss,val_acc,val_loss
0,0.5336287798548391,0.7039361875795597,0.5583333333333333,0.7002531290054321
1,0.6097497394982418,0.6946770778786279,0.5802083333333333,0.6969371438026428
2,0.6392075076963407,0.688251633154339,0.590625,0.693849903345108
3,0.651199165797706,0.6803450883367139,0.5958333333333333,0.6908857127030691
4,0.6637122003328564,0.6708539636092837,0.590625,0.6874409198760987
5,0.6647549532625797,0.6609141781258011,0.6041666666666666,0.6842077235380809
6,0.6806569344308752,0.6471258384467912,0.6,0.6818078835805257
7,0.6939520333059388,0.6310655023432623,0.603125,0.6804084400335948
8,0.7012513033167787,0.6133955078154834,0.6010416666666667,0.6795900305112202
9,0.7184567259424546,0.5949750151698855,0.6072916666666667,0.6802723149458567
10,0.722367048885079,0.5756554548882096,0.6072916666666667,0.6819675187269847
11,0.7333159541188738,0.5603962480959728,0.5958333333333333,0.6862750430901845
12,0.736444212659432,0.5370402037165087,0.5916666666666667,0.6925933539867402
13,0.7515641293013556,0.5136342962292859,0.5885416666666666,0.6972150901953379
14,0.7572992700108397,0.4965586365512315,0.5916666666666667,0.704131414492925
15,0.7627737226898902,0.47917294483612427,0.5791666666666667,0.7124686380227406
16,0.7687695516784199,0.45595571479533836,0.58125,0.7202080289522806
17,0.7745046925122099,0.43851026504206336,0.5770833333333333,0.729983784755071
18,0.7716371220020855,0.42915868156272,0.5802083333333333,0.7384926676750183
19,0.7791970804784295,0.40788307251472794,0.58125,0.7521895786126455
20,0.7844108445055169,0.3889171724771931,0.5770833333333333,0.7640350004037221
21,0.7922314911366006,0.37934685328332424,0.5760416666666667,0.777476183573405
22,0.8021376433163664,0.36260948312294994,0.5770833333333333,0.7898312071959178
23,0.8193430656934306,0.3530056692885159,0.5802083333333333,0.8042848686377208
24,0.8349843586448336,0.3337229618936684,0.5802083333333333,0.8205227315425873
25,0.8417622522218882,0.32802917437707546,0.58125,0.8380344251791636
26,0.8506256515340835,0.31640319676916345,0.5802083333333333,0.8537118077278137
27,0.8589676746611054,0.30696278984529257,0.5791666666666667,0.8707485357920329
28,0.864442127029391,0.29215201278672603,0.5822916666666667,0.8871331910292307
29,0.864442127153697,0.28906140780237594,0.5833333333333334,0.9030398190021515
30,0.8790406674239881,0.27053737273678663,0.575,0.9233093082904815
31,0.8800834201672527,0.2693792984309112,0.5770833333333333,0.9438602725664774
32,0.8740875914273346,0.2704990254142113,0.5770833333333333,0.9595826685428619
33,0.8816475494686083,0.25838189476535767,0.5770833333333333,0.9778861065705617
34,0.8845151199787327,0.249331409230098,0.575,0.9973210573196412
35,0.8766944735962606,0.25496837571341,0.571875,1.0172748585542044
36,0.8824296141192861,0.23757357547317978,0.5729166666666666,1.04111181696256
37,0.8920750780200063,0.23540254033581431,0.5760416666666667,1.0593723813692728
38,0.8991136600004123,0.22990568496512173,0.5854166666666667,1.0765028595924377
39,0.9025026066957101,0.2239414288801247,0.578125,1.1002284586429596
40,0.9019812305105367,0.22828639501451328,0.58125,1.1216265221436819
41,0.9121480708450421,0.21328776172042763,0.5770833333333333,1.1475820183753966
42,0.9131908238990712,0.20964541459481337,0.571875,1.1644445916016897
43,0.9121480710315009,0.21376965324684777,0.5770833333333333,1.1865677237510681
44,0.9129301355578728,0.2106913331899951,0.5760416666666667,1.210384339094162
45,0.9103232534510998,0.2073319552464331,0.571875,1.2273626744747161
46,0.9152763293234474,0.204906233377576,0.5802083333333333,1.2477266748746236
47,0.9168404588112617,0.19689610699139248,0.5729166666666666,1.2712316830952963
48,0.9165797707186749,0.2007052729584129,0.5739583333333333,1.292872138818105
49,0.9241397286977957,0.1903005925874392,0.58125,1.3144399325052898
50,0.9082377475916531,0.20175815023272078,0.5802083333333333,1.3359703103701273
51,0.9199687175382787,0.1927323381613641,0.5770833333333333,1.3610422174135843
52,0.9202294056930184,0.19006206247493299,0.5770833333333333,1.3799273053805032
53,0.9280500522619493,0.17943878736001234,0.575,1.4039551218350728
54,0.9220542229626549,0.1901621373372232,0.578125,1.4281562964121501
55,0.9285714285092757,0.18015382758208684,0.5802083333333333,1.4475818932056428
56,0.9197080293213861,0.18803975499614808,0.5677083333333334,1.4688860754172006
57,0.9249217936592381,0.18161957413424293,0.565625,1.486191099882126
58,0.9228362876133327,0.1861992814773315,0.5697916666666667,1.5036127686500549
59,0.9210114700950846,0.1851543025565222,0.5697916666666667,1.5348246773084004
60,0.9241397288221015,0.1794444687268284,0.5677083333333334,1.5566598931948343
61,0.9272679873005069,0.17517411534803629,0.575,1.5789352655410767
62,0.928832116912627,0.18009194935263134,0.571875,1.5957868774731954
63,0.9301355580592429,0.17300305572242258,0.5791666666666667,1.6183133701483408
64,0.9254431700930232,0.17693431726710268,0.584375,1.6377215206623077
65,0.9285714286335814,0.17667759003989764,0.5739583333333333,1.6513116240501404
66,0.9259645464025026,0.17427048522190455,0.5708333333333333,1.6729401449362438
67,0.9210114703436962,0.17658438113235458,0.5708333333333333,1.7014418145020802
68,0.9280500520754905,0.17160175574459796,0.578125,1.7235517839590708
69,0.9293534930356476,0.173235126298088,0.5791666666666667,1.7469201425711314
70,0.9337851930335863,0.1659014408667965,0.571875,1.7754181543986003
71,0.9275286756417053,0.1673541693046021,0.5729166666666666,1.7972682913144429
72,0.9374348277593181,0.16241260217862036,0.5770833333333333,1.8307135244210562
73,0.9337851929092805,0.16147141848478128,0.571875,1.8597934007644654
74,0.9314389990815529,0.16658424702594377,0.5770833333333333,1.8798060178756715
75,0.9254431700930232,0.1723051198425084,0.5697916666666667,1.9070878744125366
76,0.9348279459011567,0.15684826083178316,0.5760416666666667,1.9243366857369741
77,0.9332638165998012,0.16296298815883362,0.58125,1.946199248234431
78,0.9343065692809128,0.15963252118717766,0.5770833333333333,1.9661045730113984
79,0.9233576640471179,0.17635834930276223,0.58125,1.9824428319931031
80,0.9301355580592429,0.16001498602851216,0.5729166666666666,2.0080444514751434
81,0.9389989574335912,0.15143322531324233,0.5770833333333333,2.0275403380393984
82,0.9301355578727841,0.1621589674706628,0.5760416666666667,2.0529472470283507
83,0.9311783108646604,0.15985310511183815,0.5739583333333333,2.0720115582148235
84,0.9408237748896864,0.14892488063096504,0.56875,2.1026201764742534
85,0.9363920752025123,0.1543333131482007,0.5708333333333333,2.1086411118507384
86,0.9343065694673716,0.14853046821261348,0.5666666666666667,2.1233650704224902
87,0.9366527634194048,0.15358644111686007,0.5760416666666667,2.126017435391744
88,0.9358706987687271,0.15503397068092298,0.578125,2.1405607163906097
89,0.9374348277593181,0.1536236623684731,0.5739583333333333,2.153998553752899
90,0.9374348279457768,0.1522510143092079,0.571875,2.191978983084361
91,0.9343065691566069,0.15322229047077665,0.5760416666666667,2.2123926758766173
92,0.9369134514498387,0.15562189125666653,0.5697916666666667,2.2307060837745665
93,0.935349322334942,0.15171529122699165,0.5802083333333333,2.239347930749257
94,0.9371741397288843,0.15673805575922706,0.578125,2.2711770574251813
95,0.9397810217113515,0.15516233843546343,0.5739583333333333,2.2894148945808412
96,0.9389989571849795,0.14897056780095144,0.5677083333333334,2.3104523698488872
97,0.9332638162890365,0.1587623026420103,0.5666666666666667,2.323957014083862
98,0.9340458811261731,0.15080569020246193,0.5666666666666667,2.3503031929334006
99,0.9429092803140626,0.1473719603047008,0.5677083333333334,2.376212970415751
100,0.9400417100525499,0.14163257543685165,0.5645833333333333,2.384473168849945
101,0.9376955161626694,0.15450912063729652,0.5572916666666666,2.3948013822237653
102,0.9405630867349467,0.1464120967855543,0.5666666666666667,2.411353325843811
103,0.9384775806268885,0.1435786153775435,0.565625,2.419302741686503
104,0.9403023984559012,0.148481217031372,0.5625,2.4378975590070087
105,0.9431699688417198,0.14354696563747055,0.5677083333333334,2.458532241980235
106,0.9350886341180493,0.15366377609240997,0.5645833333333333,2.473274600505829
107,0.945255474266096,0.14158814715083623,0.5635416666666667,2.490060019493103
108,0.9397810217113515,0.14913283008013825,0.5645833333333333,2.4994418621063232
109,0.9361313868613139,0.14846487161514035,0.565625,2.507619631290436
110,0.9389989573714382,0.14342087654861096,0.559375,2.528317030270894
111,0.9392596454018721,0.14257140580382163,0.5583333333333333,2.5446359356244406
112,0.9371741395424256,0.14806293261871598,0.5625,2.5584266980489097
113,0.941084463106579,0.14626362692172384,0.565625,2.577359124024709
114,0.9421272159741494,0.1415450543444895,0.5614583333333333,2.5906177322069803
115,0.9478623566214807,0.13753884620537227,0.565625,2.6141435424486796
116,0.945255474266096,0.13756778346796106,0.565625,2.6274051308631896
117,0.9403023984559012,0.1458806676384182,0.571875,2.6329365372657776
118,0.9403023981451367,0.14243004327335,0.5729166666666666,2.6634885470072427
119,0.9408237748896864,0.14339292586253755,0.565625,2.701530659198761
120,0.9384775806268885,0.14953021418470286,0.5677083333333334,2.7075224200884502
121,0.9434306568721537,0.14289233489379644,0.5677083333333334,2.7193638841311136
122,0.9379562043174091,0.14470632305918446,0.5697916666666667,2.715996038913727
123,0.9429092806248272,0.14439655075916036,0.5729166666666666,2.728669460614522
124,0.9431699688417198,0.1376355391722153,0.5708333333333333,2.7413946986198425
125,0.9439520333059388,0.13372256334121335,0.5614583333333333,2.761849518616994
126,0.9387382691545456,0.14319591644502655,0.5614583333333333,2.7754363417625427
127,0.9447340981430754,0.1383625072999095,0.5645833333333333,2.7809245665868123
128,0.9442127213985256,0.13780497600313768,0.5645833333333333,2.808209256331126
129,0.9421272157876907,0.14074859817097657,0.565625,2.8104501406351727
130,0.9387382691545456,0.14597136078245077,0.559375,2.8226781805356342
131,0.9413451513234716,0.1406431481459715,0.565625,2.8201777140299478
132,0.9387382690302398,0.14374170089150246,0.5614583333333333,2.831241031487783
133,0.9413451513234716,0.1426270318152509,0.5708333333333333,2.8506601452827454
134,0.9374348280700827,0.1489251562402942,0.5645833333333333,2.8702956636746726
135,0.943169968655261,0.14323106586808831,0.571875,2.877570303281148
136,0.9444734099261828,0.14394414971064975,0.5697916666666667,2.8810223738352456
137,0.9431699685309552,0.1385167380474407,0.56875,2.8918572028477985
138,0.9400417101147028,0.14783374591108034,0.5635416666666667,2.905103572209676
139,0.9444734096154183,0.13603302347740864,0.5625,2.9153674205144244
140,0.9410844629822732,0.13947696843193272,0.5677083333333334,2.9088620940844216
141,0.9468196037539103,0.13285683326974776,0.5666666666666667,2.9109882354736327
142,0.9421272159741494,0.13964415423191376,0.5708333333333333,2.9132194677988688
143,0.9403023981451367,0.1419724986128066,0.575,2.9194729487101236
144,0.939781022022116,0.1409005644547678,0.5625,2.9316774805386863
145,0.9423879040667362,0.14310899393184343,0.565625,2.9474735975265505
146,0.9423879040667362,0.1388160096630998,0.5635416666666667,2.95929749806722
147,0.9421272157876907,0.14162292021469478,0.5739583333333333,2.9637147823969525
148,0.9429092805626743,0.13647286713558393,0.5729166666666666,2.965404216448466
149,0.9483837330552659,0.13449826586420519,0.5677083333333334,2.98425608476003
150,0.9416058395403643,0.13923794139133877,0.56875,2.9888681372006736
151,0.940563086548488,0.13850064297926315,0.5697916666666667,2.984135293960571
152,0.9384775808133472,0.14216927203181762,0.565625,2.9931325833002727
153,0.9468196038782162,0.13200750103272785,0.5666666666666667,3.004224113623301
154,0.9457768510106458,0.13601505393560537,0.5697916666666667,3.0130322297414143
155,0.947601668466741,0.12953591272157225,0.5739583333333333,3.030098084608714
156,0.9423879040667362,0.13941569829882122,0.5791666666666667,3.0379440744717914
157,0.945255474266096,0.13600896834954232,0.5770833333333333,3.0365909020106
158,0.943169968655261,0.13957931707313087,0.5739583333333333,3.050234035650889
159,0.9481230449626792,0.13452201387121482,0.571875,3.055438232421875
160,0.9449947862356621,0.13436486458598138,0.5697916666666667,3.0656198104222616
161,0.9444734099261828,0.1344339069410211,0.5739583333333333,3.0609119375546774
162,0.9509906152241918,0.13049639972767815,0.5770833333333333,3.064280072848002
163,0.9468196038782162,0.13377341351494176,0.5760416666666667,3.073085669676463
164,0.9413451511991658,0.13897759183790687,0.5770833333333333,3.074707516034444
165,0.9530761207728738,0.12635367566465214,0.575,3.0725684722264606
166,0.9470802919708029,0.13272599748513497,0.578125,3.079836908976237
167,0.9486444212721585,0.1263119731296526,0.5729166666666666,3.0984777728716533
168,0.9512513034410844,0.13535752883171265,0.571875,3.109594412644704
169,0.9452554745768605,0.13454496709783334,0.56875,3.1292974591255187
170,0.9455161626072944,0.13575510369910934,0.5739583333333333,3.1410054564476013
171,0.946558915350559,0.13270029787661758,0.5729166666666666,3.1575295329093933
172,0.943691345275505,0.13713447494787767,0.5697916666666667,3.165720256169637
173,0.9486444213343114,0.12878642998037548,0.5697916666666667,3.164810605843862
174,0.9494264857363776,0.1287375004093888,0.5739583333333333,3.1764750321706137
175,0.9476016682181294,0.13189916038444816,0.5729166666666666,3.1843782901763915
176,0.9478623567457866,0.13105962540453245,0.571875,3.1896167318026225
177,0.9478623566214807,0.13166466662203805,0.5739583333333333,3.194230246543884
178,0.9509906153484977,0.1294158026498351,0.5739583333333333,3.2006457010904947
179,0.948905109489051,0.13115095255490514,0.571875,3.2067817370096843
180,0.9476016685288939,0.1329386678676784,0.5739583333333333,3.234951976935069
181,0.9483837331795717,0.13104068998313423,0.5708333333333333,3.233849024772644
182,0.9473409800012368,0.12910583352706978,0.571875,3.2470907966295877
183,0.9491657977059437,0.12990629680384808,0.5729166666666666,3.255726651350657
184,0.9431699688417198,0.13625914424782126,0.5697916666666667,3.2473846157391866
185,0.9481230446519145,0.13167872951133905,0.575,3.2433022022247315
186,0.9525547446498532,0.12171804514928207,0.5708333333333333,3.2496212005615233
187,0.9457768510106458,0.1305387383394868,0.5708333333333333,3.262134921550751
188,0.9502085503870553,0.1288655676079741,0.5708333333333333,3.260635205109914
189,0.9512513035653903,0.126562762014933,0.5677083333333334,3.2448971470197043
190,0.9478623567457866,0.13300210348601385,0.5708333333333333,3.2487849950790406
191,0.9491657977059437,0.12503434381252534,0.5708333333333333,3.275013752778371
192,0.9481230449626792,0.12691714554030653,0.5791666666666667,3.2854562203089395
193,0.9465589154748648,0.13224454401245456,0.5760416666666667,3.283446478843689
194,0.9486444213964643,0.12593163571653576,0.5791666666666667,3.297334643205007
195,0.9473409801255426,0.1328905819914264,0.5791666666666667,3.3144859075546265
196,0.9525547446498532,0.12618359654551378,0.5822916666666667,3.3169867753982545
197,0.9520333682160681,0.12649864640487,0.5729166666666666,3.3359352429707845
198,0.948905109489051,0.12786897080751355,0.56875,3.339614446957906
199,0.9465589155991706,0.13182762751551938,0.5739583333333333,3.3601491332054136
200,0.9486444212100056,0.12704658357579965,0.5770833333333333,3.3498150666554767
201,0.9457768510106458,0.12979567865913927,0.575,3.3446734031041463
202,0.9473409800012368,0.12741930315094271,0.578125,3.3619425455729166
203,0.9512513035653903,0.1255939845092851,0.5666666666666667,3.363236383597056
204,0.9457768506998812,0.12833748426874936,0.575,3.367996370792389
205,0.9476016685288939,0.12969723438632377,0.5770833333333333,3.3674777309099833
206,0.9470802917843442,0.13227489126051803,0.5833333333333334,3.381633241971334
207,0.9494264857363776,0.1271472605133703,0.58125,3.3737178603808085
208,0.9486444210856998,0.12641174228118035,0.575,3.397731653849284
209,0.9431699688417198,0.13313240120507877,0.5864583333333333,3.4141363938649496
210,0.9504692389147125,0.12199987158008363,0.58125,3.418711181481679
211,0.9491657975194849,0.1255512886425253,0.5833333333333334,3.4446107427279156
212,0.9470802919708029,0.13078588759283827,0.5822916666666667,3.429422950744629
213,0.9457768506998812,0.13182804482572394,0.5802083333333333,3.4533444960912068
214,0.9525547446498532,0.12416123835771996,0.578125,3.4614561200141907
215,0.9530761210836385,0.12684954913397153,0.5729166666666666,3.4727336446444195
216,0.951772679688411,0.12466192560909438,0.5739583333333333,3.4779451847076417
217,0.9499478624809273,0.1288081394961032,0.5708333333333333,3.4697428544362388
218,0.9494264859228363,0.12158566533089679,0.5729166666666666,3.4695433060328167
219,0.9533368089897665,0.1242722802260372,0.5770833333333333,3.4755881627400718
220,0.9507299269451464,0.13052160607512975,0.5770833333333333,3.491908085346222
221,0.9509906152241918,0.12684369335830895,0.5791666666666667,3.4658085187276204
222,0.9483837331174189,0.12759695252611442,0.5833333333333334,3.4657595276832582
223,0.955943691469457,0.12006674567091825,0.575,3.456719748179118
224,0.950208550573514,0.12710164275265087,0.5729166666666666,3.4701603412628175
225,0.9504692386039479,0.12873957351984397,0.575,3.492377519607544
226,0.9483837331795717,0.13166274908809641,0.5770833333333333,3.4992442170778912
227,0.9496871742018818,0.1240316573316785,0.575,3.503479592005412
228,0.9483837328688072,0.1257532168261326,0.578125,3.510198493798574
229,0.9509906153484977,0.12443618757632775,0.58125,3.503972526391347
230,0.9512513034410844,0.12816261315021016,0.5770833333333333,3.51205659310023
231,0.9515119916579771,0.12623073173078928,0.571875,3.522711129983266
232,0.9522940561221961,0.1239457094072674,0.5791666666666667,3.5064696431159974
233,0.9509906153484977,0.12471508389344678,0.5791666666666667,3.5201706965764363
234,0.9462982274444309,0.1318244505226923,0.5802083333333333,3.5150022506713867
235,0.948905109613357,0.1274845441871316,0.571875,3.517582945028941
236,0.9528154327424401,0.1218978139582528,0.5708333333333333,3.514167543252309
237,0.95020855069782,0.1268490314934251,0.575,3.5185574213663737
238,0.9512513035653903,0.12549844204726882,0.56875,3.5087542573610944
239,0.9473409803120013,0.13065031858411646,0.5708333333333333,3.505310428142548
240,0.9476016685288939,0.13116797591181817,0.5708333333333333,3.528065228462219
241,0.9528154325559813,0.12724760541453475,0.571875,3.541055150826772
242,0.9460375389167738,0.13405964505684886,0.5791666666666667,3.5382850050926207
243,0.9509906150377331,0.12608851034027196,0.5770833333333333,3.5440075914065043
244,0.9502085503870553,0.12774706101268374,0.5802083333333333,3.534134836991628
245,0.9481230449626792,0.13403389265719992,0.5802083333333333,3.5242353359858196
246,0.9486444210856998,0.12808487740684227,0.5760416666666667,3.5333240111668904
247,0.948905109489051,0.12947650934347146,0.571875,3.5377901832262677
248,0.9535974973309649,0.12427420665561469,0.5739583333333333,3.5379815379778545
249,0.9538581854235517,0.12336667691579825,0.571875,3.553809948762258
