epoch,acc,loss,val_acc,val_loss
0,0.5539624608346145,0.6954517096622893,0.5895833333333333,0.6929790476957957
1,0.614442127091544,0.6726611395200425,0.596875,0.6906857351462047
2,0.6381647550152291,0.6472423941176676,0.603125,0.6904438475767771
3,0.6457247133051144,0.6278526740725521,0.603125,0.6878201961517334
4,0.6579770594369134,0.6114513831789974,0.5989583333333334,0.6870057980219523
5,0.6736183525747751,0.5959470534971036,0.6010416666666667,0.6891180614630381
6,0.6798748694694328,0.5765441063173868,0.5947916666666667,0.6914813935756683
7,0.7009906153484977,0.5612795989381633,0.590625,0.6981596171855926
8,0.7194994785614133,0.5513909721399373,0.5947916666666667,0.7004426042238872
9,0.7367049011249364,0.528219215066888,0.5864583333333333,0.7054656088352204
10,0.7596454642114848,0.5112765853733167,0.5916666666666667,0.7116844892501831
11,0.7726798748696558,0.49583081970995485,0.5854166666666667,0.7177155216534933
12,0.7859749739311783,0.4751198022345681,0.5864583333333333,0.7282594203948974
13,0.7885818559757984,0.46171102117323654,0.58125,0.7354220887025197
14,0.792492179539952,0.4408474278338137,0.5739583333333333,0.7501714050769805
15,0.8089155370798797,0.4260925430575302,0.5645833333333333,0.7622137725353241
16,0.8206465067157407,0.41049613448576583,0.565625,0.7756512463092804
17,0.8310740353914445,0.39063088143704705,0.5604166666666667,0.7938131928443909
18,0.831856100290734,0.37950778666328217,0.56875,0.80954483350118
19,0.8430656936171157,0.3675747647710587,0.5614583333333333,0.8237632373968761
20,0.8404588113860368,0.36247570635566373,0.5645833333333333,0.8405022263526917
21,0.8545359749739312,0.34464164151265303,0.5635416666666667,0.8550025264422099
22,0.8537539102611005,0.34031407651612855,0.5645833333333333,0.870312754313151
23,0.8660062564550525,0.3199173672293722,0.5625,0.8860560536384583
24,0.8597497394982418,0.3148158416074309,0.5645833333333333,0.9025118370850881
25,0.8641814389368043,0.3095327203353329,0.55625,0.9286327381928762
26,0.8738269028996775,0.30183229711182546,0.5604166666666667,0.9392472624778747
27,0.888946819541601,0.2825299652761414,0.565625,0.959636410077413
28,0.8962460896145937,0.2674618133725414,0.56875,0.9816976447900136
29,0.8839937434206416,0.27564941360629763,0.5666666666666667,1.0106634000937145
30,0.8850364961639062,0.264524643920261,0.5645833333333333,1.0292541921138763
31,0.8946819603132381,0.2554570934322504,0.5604166666666667,1.0510941167672476
32,0.8910323252767418,0.2475146824674636,0.5572916666666666,1.0730144262313843
33,0.8936392075699736,0.2480469459786281,0.55625,1.0989762524763742
34,0.9074556830652811,0.2369469118006411,0.5552083333333333,1.1161281724770864
35,0.8944212720963455,0.2430674752086494,0.5625,1.1279437681039175
36,0.8962460897388995,0.23429779389851782,0.5666666666666667,1.1572277128696442
37,0.8991136600625652,0.22570087518290508,0.5708333333333333,1.177690464258194
38,0.911366006380823,0.21727400789730741,0.5572916666666666,1.2072339236736298
39,0.8967674660483789,0.22571852640078885,0.5614583333333333,1.2250710646311442
40,0.9157977058815384,0.2122422326220213,0.5604166666666667,1.254214161634445
41,0.90563086548488,0.21602166935848122,0.5604166666666667,1.2757400075594585
42,0.9155370178511045,0.20910161479577283,0.5625,1.3006952583789826
43,0.9090198121180251,0.21195867524032672,0.5677083333333334,1.3220448752244314
44,0.9116266945977156,0.20792932423051133,0.565625,1.3333126465479532
45,0.9199687176004316,0.1971452620591312,0.559375,1.366192756096522
46,0.9176225235862453,0.19844417160569192,0.5645833333333333,1.383541323741277
47,0.9171011471524602,0.19939006902316314,0.5677083333333334,1.4177002350489298
48,0.9150156414173194,0.19350127878912546,0.5635416666666667,1.4406958063443502
49,0.9207507821889565,0.18648376748571804,0.5635416666666667,1.4714683135350546
50,0.9202294054444068,0.19105191238232275,0.5552083333333333,1.4943056225776672
51,0.9277893641072096,0.18108566072735474,0.5645833333333333,1.5214212954044342
52,0.9223149114903121,0.18478888880783872,0.5645833333333333,1.547329843044281
53,0.9225755996450518,0.18205716461720134,0.5635416666666667,1.5650141497453054
54,0.9217935348700681,0.18188841943944706,0.5645833333333333,1.5841458717981973
55,0.9262252344329365,0.17791128348135724,0.5697916666666667,1.6185148278872172
56,0.9272679873005069,0.17768141816878094,0.56875,1.6586579700311026
57,0.9293534931599534,0.17181210665807237,0.5729166666666666,1.687604796886444
58,0.9280500519511846,0.17570134330777853,0.5541666666666667,1.7099924286206563
59,0.9343065692809128,0.16624016377674775,0.5604166666666667,1.737577497959137
60,0.9251824815653661,0.1746131840460119,0.5583333333333333,1.7635255912939707
61,0.9277893638585979,0.1719311459283262,0.5552083333333333,1.7905062576135
62,0.931699686987681,0.16657395305051795,0.553125,1.808191055059433
63,0.9371741398531901,0.16668724064347146,0.5520833333333334,1.8327123045921325
64,0.927528675828164,0.16732995757469918,0.5583333333333333,1.865507996082306
65,0.9345672574978053,0.1639965412918793,0.55625,1.8762827197710672
66,0.9264859228362878,0.1716343617771788,0.5666666666666667,1.8938336074352264
67,0.9311783107403545,0.16226993156237696,0.5666666666666667,1.9115025798479717
68,0.9277893639829037,0.1656581294549021,0.5666666666666667,1.9273010551929475
69,0.9246611054423455,0.16463513987777878,0.559375,1.9362579902013144
70,0.9374348280700827,0.1567596221134859,0.559375,1.9561053276062013
71,0.9298748695937387,0.15837439860492106,0.5541666666666667,1.9840990424156189
72,0.9233576641714237,0.16501735483332147,0.5520833333333334,2.008591196934382
73,0.93013555799709,0.15417251693195547,0.5479166666666667,2.0174161374568937
74,0.9314389988950942,0.15884041161557058,0.5614583333333333,2.0363629678885142
75,0.9343065692809128,0.15561482575998814,0.5572916666666666,2.0644159575303394
76,0.9335245045059292,0.15401060184671683,0.5583333333333333,2.0909529864788055
77,0.9363920752025123,0.15286790880999054,0.565625,2.1201546510060627
78,0.9444734098640298,0.14796845762523297,0.5635416666666667,2.149895739555359
79,0.9350886338072847,0.1513394394401962,0.5666666666666667,2.1745940407117206
80,0.9374348280700827,0.14775474753320156,0.5583333333333333,2.1809747258822125
81,0.9337851930335863,0.15366331163921992,0.565625,2.1990980307261148
82,0.9306569343065694,0.15937616213052935,0.56875,2.2218745489915213
83,0.9366527634194048,0.14781963750642332,0.56875,2.2316518942515056
84,0.9330031282586028,0.15844682466561155,0.565625,2.2439768592516582
85,0.939781022022116,0.14915674837059473,0.5604166666666667,2.258840342362722
86,0.941084463106579,0.14253901673929534,0.5614583333333333,2.2876234451929727
87,0.9429092804383684,0.14577555671971335,0.5635416666666667,2.309288970629374
88,0.9405630866727939,0.14623777113070205,0.5635416666666667,2.335352448622386
89,0.941084463168732,0.14631643882011597,0.5552083333333333,2.3515658418337506
90,0.9379562041931033,0.1473998731318803,0.5677083333333334,2.3801708618799844
91,0.9314389990815529,0.15672690652085544,0.5625,2.4092131813367206
92,0.9397810218978102,0.14909059051676762,0.5645833333333333,2.399339471260707
93,0.9366527634194048,0.15251963730120685,0.5666666666666667,2.43158109386762
94,0.9382168927207605,0.14630127939802515,0.5677083333333334,2.444244050979614
95,0.9382168927207605,0.1439467070544599,0.5677083333333334,2.465416270494461
96,0.9408237748896864,0.14169465602065773,0.5666666666666667,2.4886033137639365
97,0.9395203336809176,0.14372107320551578,0.5666666666666667,2.505594164133072
98,0.9395203337430705,0.14659170049696196,0.5572916666666666,2.514396059513092
99,0.9363920750782064,0.14365988818305128,0.5583333333333333,2.532753113905589
100,0.9447340981430754,0.13579922856236648,0.553125,2.565588696797689
101,0.9416058394782113,0.14310815060225718,0.5520833333333334,2.574752906958262
102,0.9363920752646652,0.14555717695492773,0.5520833333333334,2.589991029103597
103,0.9403023984559012,0.1379701719154158,0.5479166666666667,2.616131015618642
104,0.9379562043174091,0.1430283981269542,0.5489583333333333,2.612816508611043
105,0.941084463106579,0.1413338035034313,0.553125,2.610756536324819
106,0.940563086548488,0.13916451757437742,0.553125,2.6237780928611754
107,0.9413451510127071,0.14168023419827688,0.5625,2.6399282097816466
108,0.9444734096154183,0.1340369234275271,0.5604166666666667,2.653913911183675
109,0.9397810217113515,0.14344879099176625,0.5552083333333333,2.675611372788747
110,0.9392596454018721,0.14396445622533652,0.5604166666666667,2.6749736666679382
111,0.940563086548488,0.1347636980654301,0.5635416666666667,2.6876990596453347
112,0.9457768506998812,0.1363842312685516,0.5510416666666667,2.7075843016306558
113,0.9418665276951039,0.14217498354668165,0.55,2.7279551227887473
114,0.9376955161005165,0.14046506058498517,0.5541666666666667,2.72700199286143
115,0.9379562041931033,0.141116086785935,0.55625,2.7244211435317993
116,0.9431699685309552,0.13536083683511388,0.5645833333333333,2.746756128470103
117,0.9442127213985256,0.1360829752618379,0.5604166666666667,2.762424552440643
118,0.9444734096154183,0.13577840243377826,0.5583333333333333,2.7741610685984295
119,0.9416058392295996,0.1402436363995386,0.559375,2.789448877175649
120,0.9426485922214759,0.1365190436743099,0.5572916666666666,2.7885735313097637
121,0.9442127213985256,0.13630084640601878,0.5541666666666667,2.810253206888835
122,0.9447340982052282,0.13776481583543565,0.5583333333333333,2.8288293838500977
123,0.9439520333680917,0.13407606422916693,0.5572916666666666,2.8492565751075745
124,0.9434306569343066,0.13808957647388495,0.5520833333333334,2.8776501178741456
125,0.9423879040667362,0.13292282220749213,0.540625,2.8983962814013164
126,0.9410844630444262,0.13584053825598688,0.5510416666666667,2.8992894609769184
127,0.9530761207728738,0.12624743677155192,0.5489583333333333,2.9125866532325744
128,0.9489051093025923,0.1320393372470818,0.553125,2.9213093002637227
129,0.9494264857363776,0.13002766532060128,0.5541666666666667,2.9312679251035054
130,0.9515119918444358,0.127728354787926,0.5541666666666667,2.9311799724896748
131,0.9462982271336664,0.13278238515722118,0.553125,2.959245526790619
132,0.9483837331795717,0.13303239015829327,0.5552083333333333,2.994003351529439
133,0.9478623567457866,0.1295358913098933,0.5583333333333333,3.0050241986910504
134,0.9455161626694474,0.1321953621550198,0.5520833333333334,3.0098508993784585
135,0.9395203337430705,0.14166162138934926,0.553125,3.022288139661153
136,0.9483837331795717,0.1305106472033654,0.5552083333333333,3.0362162590026855
137,0.9486444213964643,0.13207683314465382,0.553125,3.041079314549764
138,0.9512513035653903,0.12829052319709403,0.5541666666666667,3.0523865818977356
139,0.9517726797505638,0.1251901331143036,0.5604166666666667,3.060655609766642
140,0.948905109489051,0.12879754362066545,0.55625,3.0730659047762554
141,0.9442127215849844,0.1336016635623167,0.559375,3.0878383835156757
142,0.9528154328667459,0.12460577775402785,0.5645833333333333,3.072750492890676
143,0.9434306568721537,0.1377802380711244,0.5614583333333333,3.082740843296051
144,0.9442127217092902,0.13337531002147104,0.5583333333333333,3.0696086366971334
145,0.9444734099261828,0.13498882318500185,0.559375,3.052922872702281
146,0.9522940561221961,0.12050271289067671,0.5552083333333333,3.0759206255277
147,0.9496871742640347,0.12681251153645104,0.5541666666666667,3.0817865411440533
148,0.9476016682181294,0.12939277786967404,0.559375,3.110358961423238
149,0.9470802917843442,0.13051827943362335,0.5614583333333333,3.1145328362782796
150,0.945255474266096,0.1311134999002232,0.55625,3.1423373222351074
151,0.9392596455883309,0.1364815799952548,0.5572916666666666,3.1695737997690836
152,0.9442127217092902,0.13364085980824061,0.5541666666666667,3.1548353830973306
153,0.9434306569343066,0.13059685470165375,0.5625,3.1485064744949343
154,0.9478623564350219,0.13138410661124836,0.5625,3.127000586191813
155,0.948905109613357,0.12870112717213794,0.559375,3.141365118821462
156,0.9405630866727939,0.13819004927020873,0.5666666666666667,3.146707050005595
157,0.9447340978323108,0.1355746098492019,0.559375,3.146364704767863
158,0.9496871742640347,0.12546155149577431,0.5625,3.1586336334546408
159,0.9509906152241918,0.12657816189111087,0.5645833333333333,3.1934106667836506
160,0.9470802920951088,0.1267761947340463,0.56875,3.2003415266672772
161,0.9478623564350219,0.1250422354535092,0.5572916666666666,3.212763516108195
162,0.9468196038782162,0.12850657355611342,0.5583333333333333,3.2259553988774616
163,0.9478623567457866,0.127481067904715,0.5520833333333334,3.2264110883076986
164,0.9473409800012368,0.12793748198820976,0.5541666666666667,3.212383985519409
165,0.9460375390410796,0.12867384861544848,0.5541666666666667,3.2340894103050233
166,0.94708029190865,0.13316326261312547,0.5458333333333333,3.2237706104914348
167,0.9491657975194849,0.12097304879189533,0.5510416666666667,3.2253843545913696
168,0.9468196038782162,0.12764868141774466,0.5552083333333333,3.251680103937785
169,0.943169968655261,0.1358553247916686,0.5552083333333333,3.2528364578882853
170,0.9520333682160681,0.12246655584997629,0.5583333333333333,3.268235464890798
171,0.9546402502606882,0.1192967416961387,0.5635416666666667,3.2787556767463686
172,0.95020855069782,0.12524907596261708,0.5645833333333333,3.2932036836942036
173,0.944473409739724,0.13286790825092507,0.5572916666666666,3.306195108095805
174,0.9577685086769406,0.11742801421998812,0.559375,3.339679181575775
175,0.9517726798748697,0.12557937294182614,0.5645833333333333,3.3565887053807577
176,0.9496871742640347,0.12966160483976846,0.559375,3.340657961368561
177,0.9499478624809273,0.12628770539608936,0.5645833333333333,3.378042201201121
178,0.9476016685288939,0.12845858067615934,0.56875,3.3768919865290323
179,0.9473409803120013,0.13378696117212177,0.55625,3.3888038039207458
180,0.9444734096154183,0.1315698569584191,0.5572916666666666,3.394523612658183
181,0.95020855069782,0.12757389283155376,0.5625,3.3952080527941386
182,0.948905109613357,0.12717074280113325,0.565625,3.4008551200230914
183,0.9515119916579771,0.1227653755712186,0.5635416666666667,3.4057373960812884
184,0.9525547443390887,0.12157504575966048,0.5708333333333333,3.4139118591944375
185,0.9507299270072993,0.12334082770521623,0.5604166666666667,3.4177069624265033
186,0.9460375390410796,0.1291529143906982,0.5666666666666667,3.4371962666511537
187,0.9546402500742295,0.12290060834821248,0.5635416666666667,3.4480349024136863
188,0.9476016682181294,0.12538008015832017,0.5666666666666667,3.4338574091593426
189,0.946558915350559,0.12643538339294658,0.5583333333333333,3.447983467578888
190,0.9562043796863496,0.11711474205828558,0.56875,3.472047972679138
191,0.9507299269451464,0.12322954852153412,0.5666666666666667,3.4723278045654298
192,0.955422314911366,0.12049223271288886,0.559375,3.4720209081967672
193,0.9473409803120013,0.1329447173972821,0.5645833333333333,3.4516626954078675
194,0.9481230449626792,0.13069689739981086,0.565625,3.48361097574234
195,0.9530761207728738,0.1245590056971539,0.5635416666666667,3.4634623328844705
196,0.9549009384154279,0.12203919151030691,0.5666666666666667,3.4687553882598876
197,0.9520333679053035,0.12361920981573735,0.5645833333333333,3.4514792919158936
198,0.948905109489051,0.12771976680122898,0.5677083333333334,3.4593032399813333
199,0.9509906152241918,0.1271796787353825,0.56875,3.4655303716659547
200,0.9426485922836287,0.13655698480428322,0.565625,3.4836915651957194
201,0.9496871742640347,0.12364034431600969,0.559375,3.476949191093445
202,0.95020855069782,0.13011602912102055,0.571875,3.4716641465822855
203,0.9533368093005311,0.12411013153907031,0.5729166666666666,3.474523365497589
204,0.9507299270072993,0.12801328101763512,0.565625,3.4797072211901345
205,0.9517726800613284,0.12883405227357828,0.5708333333333333,3.486473067601522
206,0.9491657977059437,0.1259458756872586,0.5625,3.468038066228231
207,0.95020855069782,0.12642739352705085,0.5614583333333333,3.470756419499715
208,0.9496871742640347,0.12834115599877394,0.5708333333333333,3.4818939129511515
209,0.9491657977059437,0.12793246190509408,0.5625,3.486579338709513
210,0.9507299271316051,0.12453035493619251,0.5697916666666667,3.49473215341568
211,0.9504692387904067,0.12314890705756028,0.5677083333333334,3.5173600117365518
212,0.9517726799991755,0.12061432807301331,0.5604166666666667,3.5411657373110454
213,0.9520333680917622,0.12251038105849553,0.559375,3.5535237550735475
214,0.9507299270072993,0.12522273924011385,0.5604166666666667,3.581403350830078
215,0.9515119917822829,0.12478232740330372,0.5645833333333333,3.597768227259318
216,0.9512513034410844,0.12434612358099663,0.5645833333333333,3.58099258740743
217,0.9491657978302496,0.12603183235192325,0.565625,3.5668219685554505
218,0.9538581857343162,0.12130374681278364,0.5635416666666667,3.5767158309618634
219,0.9473409801876955,0.1289643943853622,0.5697916666666667,3.563528255621592
220,0.9481230449626792,0.12778657635166946,0.565625,3.559163018067678
221,0.9530761209593326,0.11840695842354713,0.5666666666666667,3.553931188583374
222,0.94708029190865,0.1261741697353168,0.5666666666666667,3.5434768716494243
223,0.9541188736404442,0.12093612197417537,0.5729166666666666,3.5307669401168824
224,0.9517726799991755,0.12198284526313806,0.5729166666666666,3.526648990313212
225,0.9541188739512089,0.11959550746476688,0.5760416666666667,3.538658587137858
226,0.9522940563086548,0.12289563851572799,0.5635416666666667,3.5676071723302205
227,0.9507299268208406,0.12637578766711438,0.56875,3.5913694302241006
228,0.9452554745768605,0.13223291627433426,0.5635416666666667,3.59554629723231
229,0.9462982272579722,0.13153698807339476,0.5645833333333333,3.6073062737782795
230,0.9530761210836385,0.12052365320193754,0.5614583333333333,3.611064394315084
231,0.9431699685309552,0.13155080146535966,0.565625,3.5890384395917256
232,0.9541188739512089,0.11817254220855124,0.571875,3.595164426167806
233,0.9556830030661057,0.12007722239921936,0.5708333333333333,3.5852770964304606
234,0.956204379375585,0.12307612801493147,0.5729166666666666,3.611849025885264
235,0.9556830029417999,0.12026991591836414,0.5708333333333333,3.616694899400075
236,0.9538581854235517,0.1193151186541795,0.5666666666666667,3.6275445302327474
237,0.9541188738890559,0.11993873840328054,0.5666666666666667,3.649564564228058
238,0.9533368089897665,0.12519971842997016,0.56875,3.6407753944396974
239,0.9483837328688072,0.1264784516644304,0.56875,3.6063663721084596
240,0.9504692387904067,0.1272459801313651,0.5625,3.6115620295206705
241,0.9509906152241918,0.12199371307311391,0.565625,3.633111234505971
242,0.9478623566214807,0.13104206780447578,0.5677083333333334,3.6588785012563068
243,0.948905109489051,0.12679190661785375,0.559375,3.664979656537374
244,0.9473409800012368,0.1284647729865453,0.5625,3.6657848954200745
245,0.946558915350559,0.13092687677852305,0.5614583333333333,3.640867372353872
246,0.9504692389147125,0.1275072612171377,0.5572916666666666,3.643681887785594
247,0.9543795621059485,0.12048857316483547,0.5625,3.653511555989583
248,0.9499478624809273,0.12060615777720748,0.553125,3.68483544588089
249,0.9504692387904067,0.12320708878905483,0.5552083333333333,3.6688103556632994
