epoch,acc,loss,val_acc,val_loss
0,0.5693430658177365,0.7070323620399419,0.5447916666666667,0.7069569667180379
1,0.6501564131165943,0.6461901028909574,0.5604166666666667,0.7024231453736623
2,0.6897810218356573,0.5909959392950358,0.565625,0.7038146078586578
3,0.727841501750588,0.5413757433980797,0.5708333333333333,0.7055110176404317
4,0.7489572471324296,0.502075190961796,0.5604166666666667,0.7096181372801463
5,0.7664233577263865,0.4659755987593976,0.546875,0.7166497071584066
6,0.773201251365594,0.43914431728212877,0.5479166666666667,0.7261415759722392
7,0.7771115747432887,0.4164889262478344,0.5447916666666667,0.7354705393314361
8,0.7844108446298227,0.39464416664882296,0.5447916666666667,0.745935728152593
9,0.7883211678832117,0.3754428930588385,0.5447916666666667,0.758926107486089
10,0.8008342021075976,0.3549119637457497,0.5385416666666667,0.774030747016271
11,0.79848800827987,0.3541904926548661,0.5458333333333333,0.7837714791297913
12,0.8464546401881078,0.33467167780595725,0.54375,0.7977312882741292
13,0.8480187694894633,0.3197547772256376,0.5416666666666666,0.8145745694637299
14,0.8443691347015787,0.32218465292913695,0.540625,0.8332094629605611
15,0.8534932220442079,0.3079050113374175,0.5385416666666667,0.8525375286738078
16,0.8680917623144991,0.28747690059594244,0.5322916666666667,0.8640561083952586
17,0.8667883209814244,0.2893715064207381,0.5322916666666667,0.8824665188789368
18,0.868873826903024,0.29063593334400867,0.5375,0.8953770498434702
19,0.8753910322631859,0.271608972123691,0.528125,0.9250252405802409
20,0.8829509906773771,0.26591927384932423,0.5177083333333333,0.9461156765619914
21,0.8727841503428717,0.26032033845455976,0.5229166666666667,0.9678515334924062
22,0.8813868615003273,0.25134911200923143,0.53125,0.9822777450084687
23,0.8884254430456628,0.24969506577605127,0.534375,1.004527932405472
24,0.8923357665476634,0.24449279245544647,0.5333333333333333,1.021073450644811
25,0.8920750783307709,0.24165409629362344,0.5322916666666667,1.0438717742760977
26,0.8912930136179402,0.23991299558108492,0.53125,1.0688290774822236
27,0.8918143900517254,0.2402655217209996,0.5385416666666667,1.0921415229638418
28,0.8975495305747508,0.23216846574396982,0.5270833333333333,1.1112512588500976
29,0.9058915537639256,0.2259258030912799,0.5177083333333333,1.1197501997152963
30,0.9121480708450421,0.21856762209326433,0.521875,1.1357029020786285
31,0.9064129301355579,0.2208332653401169,0.515625,1.157164885600408
32,0.9142335767666416,0.21519368900932037,0.5197916666666667,1.1838117957115173
33,0.9118873825038436,0.21317038291189294,0.5125,1.2148050944010416
34,0.9105839417922982,0.219623840855856,0.51875,1.237641570965449
35,0.9111053181639305,0.20987563522006225,0.521875,1.2492974936962127
36,0.9126694472788273,0.21007388020643228,0.521875,1.2810259262720745
37,0.9137122000220919,0.20958858506212144,0.5125,1.2995193362236024
38,0.9087591240875912,0.2102100096169055,0.5104166666666666,1.3312667667865754
39,0.9165797705322162,0.2002471213358162,0.5145833333333333,1.3483281830946605
40,0.9168404589355675,0.20301600544867848,0.5208333333333334,1.3648701111475627
41,0.9225755996450518,0.19867261367868458,0.5239583333333333,1.3805073777834573
42,0.9244004171011471,0.1946650727013975,0.5208333333333334,1.4105172316233316
43,0.9150156412308607,0.20100289152797246,0.515625,1.4389585256576538
44,0.9215328465288697,0.19547840134008584,0.521875,1.4536337633927663
45,0.9277893639829037,0.19541943014227436,0.5260416666666666,1.4753685494263966
46,0.9319603752045735,0.18193764355309439,0.51875,1.4959570070107777
47,0.9238790406052089,0.19283938100241024,0.5197916666666667,1.5213645994663239
48,0.9230969758302253,0.18659179515522886,0.5270833333333333,1.544342311223348
49,0.9290928050052137,0.18565113909301717,0.5260416666666666,1.5583116074403127
50,0.9249217935349322,0.192152336799191,0.51875,1.5992370784282683
51,0.9340458811261731,0.18497812587134657,0.5239583333333333,1.6233940482139588
52,0.9311783108646604,0.1882384035336213,0.5208333333333334,1.6592727959156037
53,0.9314389990194001,0.1803385726291768,0.5229166666666667,1.693345546722412
54,0.9340458809397143,0.17922378987912962,0.5354166666666667,1.7119994819164277
55,0.9298748697801974,0.18212953032741208,0.5322916666666667,1.7228473504384358
56,0.9293534931599534,0.18263067931278654,0.5375,1.730497282743454
57,0.9350886339937435,0.1727540840368574,0.54375,1.7494292656580608
58,0.9371741395424256,0.17599438384128685,0.5416666666666666,1.7682153542836507
59,0.9363920750160536,0.16825514368332214,0.540625,1.8011035879453023
60,0.9332638164754953,0.17372098666100108,0.528125,1.8257399598757427
61,0.9332638162890365,0.1738174942257009,0.528125,1.8441963156064352
62,0.9405630866727939,0.16368899937249076,0.528125,1.8622724890708924
63,0.9374348280700827,0.1745342538459955,0.534375,1.885791269938151
64,0.9369134515119917,0.1723134900842394,0.5260416666666666,1.9349772731463115
65,0.9343065694673716,0.1688277535723198,0.5322916666666667,1.9377928217252096
66,0.939781022022116,0.1650649343886266,0.53125,1.937696595986684
67,0.9324817517626646,0.17399969886564984,0.53125,1.9685685912768045
68,0.9384775809376531,0.16972606064318616,0.5333333333333333,1.979231329758962
69,0.9387382690302398,0.1714169075081321,0.5260416666666666,2.0120357950528462
70,0.9405630866727939,0.16212626277033057,0.528125,2.0394647757212323
71,0.9350886341180493,0.16581212393589884,0.5322916666666667,2.0502241770426433
72,0.9413451511991658,0.1654506052792756,0.528125,2.0702298243840533
73,0.9436913451511991,0.1599869169489062,0.5291666666666667,2.07451974550883
74,0.9403023981451367,0.16256281455378588,0.528125,2.0929081281026205
75,0.9403023981451367,0.15948431655313972,0.5270833333333333,2.112734528382619
76,0.9436913452133521,0.16148825633078348,0.5197916666666667,2.1401292721430463
77,0.9392596455883309,0.15997872935905197,0.528125,2.1415896813074746
78,0.9389989573714382,0.16236145530241747,0.5333333333333333,2.1722689469655356
79,0.939781022022116,0.15715730476957418,0.5354166666666667,2.2047361969947814
80,0.9392596454018721,0.16552751307007668,0.53125,2.247198259830475
81,0.9442127217092902,0.15654120369735675,0.525,2.276003861427307
82,0.944473409739724,0.15697185148225712,0.5322916666666667,2.3116461555163066
83,0.9350886339315906,0.16908653391227982,0.5208333333333334,2.340581961472829
84,0.9348279457768509,0.1675512205587935,0.5166666666666667,2.3525473276774087
85,0.9389989570606737,0.1600201962140852,0.5208333333333334,2.3622090538342793
86,0.9423879038802775,0.15530489329190397,0.521875,2.3643631180127462
87,0.9369134513255329,0.16591755999203645,0.5239583333333333,2.375586668650309
88,0.943169968655261,0.16258356390021764,0.5270833333333333,2.4036241292953493
89,0.9371741396667314,0.1621868642390831,0.5354166666666667,2.3986326336860655
90,0.9421272159741494,0.159574408585262,0.540625,2.4137910127639772
91,0.9476016683424352,0.14812936211962396,0.5375,2.4388619860013327
92,0.9439520334923975,0.15267915058807238,0.5427083333333333,2.4502594113349914
93,0.9447340979566167,0.1581186392850498,0.5416666666666666,2.456468637784322
94,0.9434306569964594,0.1554208176756303,0.5395833333333333,2.4792477607727053
95,0.9353493221484832,0.1632120712923432,0.5302083333333333,2.498273464043935
96,0.9483837331795717,0.1531264948754788,0.5302083333333333,2.540477987130483
97,0.948905109489051,0.14795562291636333,0.5395833333333333,2.55171422958374
98,0.9481230448383733,0.14943981653893204,0.5333333333333333,2.5802117625872296
99,0.9421272157876907,0.15664763602586435,0.5260416666666666,2.597573184967041
100,0.9434306567478479,0.15055503783994223,0.53125,2.599207337697347
101,0.9416058395403643,0.15412041195304102,0.5364583333333334,2.6099618077278137
102,0.9395203336809176,0.15611736018820524,0.5322916666666667,2.6062235037485757
103,0.9473409801255426,0.15098457456380907,0.5458333333333333,2.6303457776705423
104,0.9483837328688072,0.14431530448517785,0.5489583333333333,2.661354978879293
105,0.9499478622944686,0.14866175514192354,0.5385416666666667,2.6663145701090496
106,0.9434306570586124,0.15560659575853905,0.5333333333333333,2.664014188448588
107,0.9496871742640347,0.14534892714402722,0.53125,2.6780478437741597
108,0.9491657976437908,0.14514027068214694,0.525,2.705835433801015
109,0.9465589154748648,0.1517607666031536,0.5302083333333333,2.712392779191335
110,0.9476016682181294,0.14697333792762537,0.525,2.735621472199758
111,0.9486444212100056,0.1473978557415128,0.5229166666666667,2.7558080077171327
112,0.9481230448383733,0.14785610586094036,0.5229166666666667,2.7574761748313903
113,0.9494264860471421,0.14898557833573617,0.5229166666666667,2.7750747481981914
114,0.942387904191042,0.15460013417183296,0.521875,2.7977327624956767
115,0.9515119914715183,0.14622113543705348,0.525,2.810953378677368
116,0.9486444210856998,0.1514402605492206,0.525,2.804792408148448
117,0.9457768510106458,0.15567299007312846,0.5197916666666667,2.8260031859079997
118,0.9554223147249072,0.1418184114540456,0.5260416666666666,2.8527833064397177
119,0.9434306569964594,0.1528444796085855,0.5302083333333333,2.863060641288757
120,0.9522940564329607,0.14380530110240852,0.5270833333333333,2.860136898358663
121,0.9457768510106458,0.15062710473447946,0.5333333333333333,2.8726153135299684
122,0.9522940561221961,0.14468347592759057,0.53125,2.899077844619751
123,0.9543795621681015,0.14121079740111597,0.5322916666666667,2.924070191383362
124,0.9549009384154279,0.14043291627863524,0.534375,2.9388657848040265
125,0.9491657975194849,0.14786364402276259,0.528125,2.95718629360199
126,0.9478623564350219,0.1437949846664733,0.525,2.95016006231308
127,0.9515119915958241,0.14554834320783863,0.525,2.965323781967163
128,0.9517726799370225,0.14575641427472685,0.5260416666666666,2.9782656828562417
129,0.9567257558093702,0.13954215326634886,0.5302083333333333,2.992906637986501
130,0.956725755995829,0.14168344048066484,0.534375,3.004067917664846
131,0.9535974973309649,0.14220786326185134,0.525,3.00407292842865
132,0.958029197080292,0.13518798472486024,0.528125,3.023709229628245
133,0.9538581856100105,0.14502130142715103,0.525,3.0424312790234884
134,0.9525547446498532,0.1464254094425655,0.5354166666666667,3.056627333164215
135,0.9533368091762252,0.14302372564178065,0.5270833333333333,3.0615726391474407
136,0.9476016683424352,0.14771023893008267,0.525,3.061599103609721
137,0.9494264859228363,0.1487827234288699,0.5239583333333333,3.060073669751485
138,0.9549009384154279,0.13970828143349528,0.521875,3.063823374112447
139,0.9517726798127167,0.1435822065573912,0.5239583333333333,3.074621593952179
140,0.95724713255392,0.1383509567867852,0.5302083333333333,3.0759581685066224
141,0.9465589155370178,0.14916273484606687,0.5291666666666667,3.0976756612459817
142,0.956725755995829,0.1383458572800142,0.5364583333333334,3.1006650924682617
143,0.9551616266323205,0.14364297433180406,0.5416666666666666,3.1156309962272646
144,0.9533368091762252,0.14307712377422918,0.5427083333333333,3.101839049657186
145,0.9515119917822829,0.14482826266410578,0.534375,3.1082678556442263
146,0.9533368093005311,0.142419070626946,0.53125,3.102453660964966
147,0.9494264860471421,0.14375933022767584,0.5364583333333334,3.086726673444112
148,0.949687174077576,0.14393043006858686,0.5375,3.113019315401713
149,0.9549009384154279,0.13957250775522684,0.5364583333333334,3.1230525453885396
150,0.9522940561221961,0.14126072736987233,0.5291666666666667,3.1372195363044737
151,0.9504692387904067,0.1462982193925209,0.5270833333333333,3.1399911642074585
152,0.9512513033789316,0.14535204593841922,0.5322916666666667,3.1397651632626853
153,0.9496871742640347,0.14657343483536783,0.5260416666666666,3.140800583362579
154,0.9530761209593326,0.1403266548317963,0.5229166666666667,3.1630956093470255
155,0.9520333680917622,0.1449912714852531,0.515625,3.1855757355690004
156,0.9535974975174236,0.13743694936147696,0.5177083333333333,3.182485659917196
157,0.9530761209593326,0.1436181766319946,0.5333333333333333,3.146566641330719
158,0.9572471324296142,0.14157185461896551,0.5375,3.1574083964029946
159,0.9546402500742295,0.14234050965408587,0.5364583333333334,3.1409852504730225
160,0.9522940564329607,0.1449760769933804,0.5354166666666667,3.163812351226807
161,0.9533368091762252,0.14295787499427048,0.5354166666666667,3.1739112615585325
162,0.9556830029417999,0.14129136336483722,0.5364583333333334,3.183670628070831
163,0.9582898851107258,0.13626607130665228,0.5375,3.1595991134643553
164,0.9556830032525644,0.13978747596208693,0.5385416666666667,3.1614439646402994
165,0.9543795618573369,0.14224498119978263,0.5416666666666666,3.166834592819214
166,0.955943691469457,0.1419104663140458,0.5364583333333334,3.182939430077871
167,0.9541188739512089,0.1408592127535465,0.5302083333333333,3.2028146783510842
168,0.9585505735140771,0.14008473141878314,0.521875,3.2427669127782184
169,0.9530761209593326,0.143058286181518,0.5125,3.2550987164179483
170,0.9556830031282586,0.14740264611522647,0.51875,3.2204248587290447
171,0.956725755995829,0.13922628963888622,0.5208333333333334,3.2325643062591554
172,0.9582898851107258,0.14018531507259863,0.51875,3.249879495302836
173,0.9595933263816475,0.13415818342140742,0.515625,3.2585976640383403
174,0.9614181438998958,0.13363594879572036,0.5260416666666666,3.2855070352554323
175,0.9530761208971797,0.1445108571471462,0.5135416666666667,3.268282643953959
176,0.9556830032525644,0.14547459496043397,0.5197916666666667,3.266317081451416
177,0.9533368093005311,0.1458896936788549,0.5239583333333333,3.2543595949808757
178,0.956204379375585,0.14136628517579983,0.5239583333333333,3.262293243408203
179,0.9564650679032423,0.13976314130148873,0.5239583333333333,3.2618406931559245
180,0.9582898852971846,0.14319774431562027,0.51875,3.2793792684872947
181,0.9551616265080146,0.14401260486049375,0.515625,3.27080792983373
182,0.9541188736404442,0.14011645579673698,0.5114583333333333,3.2874511162439983
183,0.9564650677167835,0.13970233745507826,0.5208333333333334,3.2846845149993897
184,0.9551616268187793,0.13921604909165933,0.515625,3.308257766564687
185,0.9593326382890608,0.13582851980134023,0.5114583333333333,3.3349862178166707
186,0.9562043796863496,0.13772956978789958,0.5104166666666666,3.3701583822568257
187,0.9515119916579771,0.14319209620838244,0.5104166666666666,3.3738720734914143
188,0.9590719500721682,0.13796954797784777,0.50625,3.3910972913106283
189,0.9614181440242016,0.13307640973451365,0.5072916666666667,3.392753537495931
190,0.957507820460048,0.14266049589988958,0.5166666666666667,3.3994578679402667
191,0.9614181438998958,0.1350044388483289,0.5135416666666667,3.3730793793996177
192,0.9624608968917719,0.13328878963764318,0.509375,3.3980754057566327
193,0.9593326379782963,0.13566804438736194,0.5114583333333333,3.4020580927530926
194,0.9569864443370274,0.1403283256108992,0.5177083333333333,3.4224374135335287
195,0.9598540145985401,0.13545216048161604,0.5125,3.4298259258270263
196,0.9533368093005311,0.14487518270706856,0.5114583333333333,3.458229748408
197,0.9564650678410893,0.14099972207988762,0.5114583333333333,3.474428995450338
198,0.9624608968917719,0.13372169269542128,0.509375,3.4870073556900025
199,0.9614181440242016,0.13385459312992373,0.5177083333333333,3.4997172673543293
200,0.9562043795620438,0.14296796321247368,0.5166666666666667,3.495156987508138
201,0.9598540147228459,0.13632393911931512,0.5145833333333333,3.500257158279419
202,0.9598540147228459,0.1351609851259882,0.5239583333333333,3.5041719754536946
203,0.9601147029397386,0.13683745017949184,0.51875,3.516221555074056
204,0.9611574558073089,0.1371819272683982,0.521875,3.5128018538157146
205,0.9577685089877052,0.1401873588779547,0.521875,3.517340588569641
206,0.9582898852350317,0.14226106275358588,0.5239583333333333,3.54453452428182
207,0.9564650679032423,0.14416287302566894,0.5166666666666667,3.561271142959595
208,0.9559436913451512,0.14405987309962046,0.5239583333333333,3.5429344971974692
209,0.9616788319303295,0.13518738449862902,0.5239583333333333,3.551082706451416
210,0.9595933265059534,0.13891698744796738,0.5302083333333333,3.545906440416972
211,0.9582898852350317,0.13864472840948572,0.5333333333333333,3.560751970609029
212,0.9590719499478624,0.14104816819443072,0.528125,3.545736535390218
213,0.9603753908458666,0.14030150686923853,0.53125,3.5365411678949994
214,0.9606360790627592,0.13834573058129848,0.5260416666666666,3.5546751976013184
215,0.9564650677789364,0.14454206804879888,0.5375,3.543628191947937
216,0.960114702628974,0.13936072280309994,0.5354166666666667,3.544686961174011
217,0.9674139728884255,0.1268175311223434,0.534375,3.5382440725962323
218,0.9655891554944831,0.1334555493871661,0.5302083333333333,3.5364606777826944
219,0.9598540145985401,0.13857633994194962,0.5270833333333333,3.5403682470321653
220,0.9590719497614036,0.1366527982530057,0.5260416666666666,3.5664298931757608
221,0.9593326382890608,0.1361289688767681,0.525,3.5698333819707235
222,0.9622002086748793,0.1374161283838115,0.521875,3.562476380666097
223,0.9642857144100201,0.1360622499452766,0.5208333333333334,3.5680456002553305
224,0.9614181438998958,0.13676100171038083,0.5177083333333333,3.57015639146169
225,0.9603753910323254,0.138276762475684,0.5239583333333333,3.6114808479944864
226,0.9642857142857143,0.12994743231004172,0.5166666666666667,3.618124842643738
227,0.9606360793735238,0.13532027491874318,0.525,3.6281149784723916
228,0.9606360790627592,0.1400975128781435,0.5333333333333333,3.6608728885650637
229,0.9622002086748793,0.13368051223324784,0.528125,3.6965307235717773
230,0.9606360793735238,0.13750395822077524,0.5270833333333333,3.727481468518575
231,0.9632429614181439,0.13309151577502024,0.5260416666666666,3.737249477704366
232,0.9635036497593423,0.13181585461926784,0.5239583333333333,3.736322776476542
233,0.9601147028154328,0.13624841287903044,0.525,3.7407931725184125
234,0.961418143713437,0.13549606739791017,0.5270833333333333,3.736006744702657
235,0.9642857142235614,0.13222244294890523,0.5385416666666667,3.7497934420903523
236,0.9624608965810074,0.1358676817233172,0.5364583333333334,3.761646302541097
237,0.9595933261951888,0.13634160684656674,0.5354166666666667,3.7566625754038494
238,0.9632429612316852,0.13688036988997235,0.54375,3.707018264134725
239,0.9616788322410942,0.13725014049579254,0.5375,3.717066733042399
240,0.9608967675904163,0.1369996542291671,0.5302083333333333,3.7375423590342205
241,0.9632429612316852,0.13639617914079502,0.5333333333333333,3.744684338569641
242,0.9608967675904163,0.13549677577021224,0.53125,3.7585549990336102
243,0.9637643376654703,0.13189045724393927,0.5270833333333333,3.774577991167704
244,0.9627215849843587,0.13265292610627394,0.528125,3.788983670870463
245,0.9603753908458666,0.14137939872595018,0.521875,3.8217646996180217
246,0.9650677790606979,0.13257546886040347,0.5260416666666666,3.8245017766952514
247,0.9619395203336809,0.132385058186723,0.5322916666666667,3.812360421816508
248,0.956725755995829,0.1438208983762421,0.5333333333333333,3.8364053408304852
249,0.9619395204579867,0.13559078519175274,0.534375,3.84766952196757
