epoch,acc,loss,val_acc,val_loss
0,0.5563086547866479,0.7074092305241089,0.5979166666666667,0.7031537334124247
1,0.6350364964125179,0.674611041953591,0.5979166666666667,0.698157650232315
2,0.6626694473409802,0.6460671872366706,0.6114583333333333,0.695449044307073
3,0.6910844629201203,0.6165930434237928,0.6135416666666667,0.6958787659804027
4,0.7022940563086548,0.5902186665718946,0.6072916666666667,0.6974944074948629
5,0.7304483835465965,0.561050736556088,0.6010416666666667,0.6993516941865285
6,0.7533889468817566,0.5391434708899576,0.59375,0.7035801847775777
7,0.7755474450690157,0.5118846993376739,0.5979166666666667,0.7067988157272339
8,0.792492179539952,0.4903175645314615,0.6010416666666667,0.7132781406243642
9,0.7877997912629677,0.4726565604538067,0.6041666666666666,0.7198445399602255
10,0.8029197080291971,0.44721402257401205,0.5916666666666667,0.7281454583009084
11,0.7995307610852875,0.4268698490946335,0.5822916666666667,0.7384284198284149
12,0.8211678832738317,0.3996967338297489,0.5822916666666667,0.7468319634596506
13,0.821167883087373,0.37749215286143506,0.5802083333333333,0.7559856394926707
14,0.8112617308454544,0.370351529997755,0.5875,0.7664253612359365
15,0.8258602710535926,0.3512362817591746,0.58125,0.7816994488239288
16,0.8190823776629969,0.3366658854782892,0.5760416666666667,0.7945904910564423
17,0.8271637122623615,0.3279030986821689,0.5770833333333333,0.8082589288552602
18,0.8454118875691491,0.31452773258136635,0.5791666666666667,0.8238270541032156
19,0.859228362815845,0.30298599184367403,0.5708333333333333,0.8345576763153076
20,0.8649635035874821,0.28837919659423134,0.578125,0.8487304806709289
21,0.8644421274023086,0.2843438967736098,0.5791666666666667,0.8668297966321309
22,0.8631386863178456,0.27677919972800613,0.5760416666666667,0.8875856498877207
23,0.8704379563908383,0.2718333892205709,0.5677083333333334,0.9073581914107005
24,0.8701772678010282,0.26498604392607594,0.5697916666666667,0.9276195387045543
25,0.874087591178723,0.2566866251145712,0.5729166666666666,0.9486551980177561
26,0.8816475494686083,0.25397222635954836,0.5729166666666666,0.9624937852223714
27,0.87278415009426,0.24595848998449144,0.5614583333333333,0.9852334062258402
28,0.8733055267145039,0.2511715877634144,0.553125,1.0031679451465607
29,0.8733055267766568,0.24171319255863663,0.5635416666666667,1.020905496676763
30,0.8834723672354682,0.23434350404177517,0.5666666666666667,1.0356225490570068
31,0.8826903022740258,0.23670734253802314,0.56875,1.0516054650147757
32,0.8902502608746756,0.2312559865189792,0.565625,1.0637416303157807
33,0.89285714279499,0.22317343692337013,0.5635416666666667,1.0860362430413564
34,0.8970281545138832,0.22122938845528053,0.5625,1.1153316537539164
35,0.8957247131808085,0.2234352137174795,0.55,1.1247259557247162
36,0.8980709071328419,0.21440147620172273,0.55,1.1462151428063712
37,0.8907716372463079,0.22431145415751105,0.5458333333333333,1.1706781248251596
38,0.9014598538281398,0.21265686004266252,0.5541666666666667,1.1939092000325522
39,0.8944212723449572,0.2166659339438887,0.5447916666666667,1.2125024537245432
40,0.8889468194172951,0.22187301629961967,0.5541666666666667,1.2324745774269104
41,0.9092805006456822,0.20856183228142194,0.5614583333333333,1.2595961749553681
42,0.9137122000220919,0.20300138650833008,0.5552083333333333,1.2763516883055368
43,0.9092805005213764,0.1954113486552139,0.5614583333333333,1.2892649074395497
44,0.9160583943470427,0.1977823324136366,0.5572916666666666,1.315084586540858
45,0.9090198124287897,0.19973038021976183,0.5645833333333333,1.342411490281423
46,0.905630865547033,0.19758868540663416,0.5635416666666667,1.3690455714861551
47,0.9131908235883066,0.19083688634217594,0.5614583333333333,1.3904856463273367
48,0.9090198124287897,0.19514109578072963,0.5552083333333333,1.4144897182782492
49,0.912930135371414,0.19064603109646888,0.55625,1.4368243217468262
50,0.918143899709266,0.1788380579853953,0.5614583333333333,1.4609099984169007
51,0.9246611054423455,0.18199478086701773,0.5604166666666667,1.4806483070055643
52,0.9238790406052089,0.17751478155971942,0.5510416666666667,1.5119684040546417
53,0.9210114702193903,0.18656664813273394,0.5552083333333333,1.5335680842399597
54,0.9249217934727793,0.18128731985099622,0.5541666666666667,1.5550205210844676
55,0.9194473409801877,0.1848704811337096,0.55625,1.5838409344355264
56,0.9280500520754905,0.17628421063405753,0.5635416666666667,1.6103065450986227
57,0.9264859227741349,0.17495896180118584,0.5604166666666667,1.627101516723633
58,0.9290928051295196,0.17439406723312342,0.5625,1.6282605051994323
59,0.9246611054423455,0.17702557337669436,0.5666666666666667,1.6541001657644907
60,0.927789363734292,0.17363567148433362,0.5625,1.6842278321584065
61,0.9264859226498291,0.17291703309020856,0.55625,1.711639642715454
62,0.9238790404809031,0.17391417858436534,0.5625,1.7284495770931243
63,0.9311783108646604,0.16735342127874073,0.5614583333333333,1.7428709189097087
64,0.9223149111795476,0.17411400792621098,0.5677083333333334,1.7669981718063354
65,0.9327424400417101,0.16092841568032942,0.5635416666666667,1.7936650494734445
66,0.9293534933464122,0.1650426648829105,0.5708333333333333,1.8189485410849253
67,0.9316996872984455,0.16708306542464665,0.565625,1.8453725755214692
68,0.9270072993943789,0.1744086458983834,0.5729166666666666,1.8467203577359517
69,0.9324817517626646,0.162859246134758,0.5708333333333333,1.8641773422559103
70,0.9316996871119868,0.1620974232587377,0.5729166666666666,1.895497461160024
71,0.9343065694673716,0.16023169105194657,0.571875,1.9268122553825378
72,0.9343065691566069,0.15809822812816274,0.5697916666666667,1.9365108529726665
73,0.9337851929092805,0.16314035753512657,0.565625,1.961441026131312
74,0.9303962462139825,0.1639421492566406,0.5666666666666667,1.9767131249109904
75,0.9262252345572423,0.16953066726359883,0.5697916666666667,1.9937528590361278
76,0.9288321167261683,0.16433033702955255,0.56875,2.0186928590138753
77,0.9322210636700778,0.16041236108982773,0.5708333333333333,2.0410799185434976
78,0.9316996871741398,0.16148709710124137,0.5729166666666666,2.072787578900655
79,0.9369134513255329,0.16259370119591574,0.5697916666666667,2.105370370546977
80,0.9303962462139825,0.16585139444678618,0.5604166666666667,2.132727265357971
81,0.935349322334942,0.1550616140286045,0.5583333333333333,2.150797347227732
82,0.9374348279457768,0.15496646124205327,0.5541666666666667,2.149979277451833
83,0.9345672576842641,0.15359651186232523,0.5489583333333333,2.187105170885722
84,0.9403023981451367,0.14913994073867798,0.5479166666666667,2.206476823488871
85,0.9322210634214662,0.1557064969578177,0.5583333333333333,2.2350003480911256
86,0.9387382691545456,0.1479271609371099,0.55625,2.2506869594256083
87,0.9384775809376531,0.14858214512110005,0.553125,2.2646586577097576
88,0.935349322334942,0.15633052373858514,0.553125,2.313962999979655
89,0.939781022022116,0.15382686446928753,0.55,2.3026047865549724
90,0.9384775809998059,0.15265581793345054,0.5552083333333333,2.3194173614184064
91,0.9324817518248175,0.15560996745313918,0.5572916666666666,2.3454669713974
92,0.9298748694694328,0.15971604665514078,0.5552083333333333,2.36441038052241
93,0.9343065692809128,0.15849523544622288,0.5625,2.379974937438965
94,0.9376955161626694,0.15316002619403246,0.5572916666666666,2.414942677815755
95,0.9330031283829086,0.15456590897814448,0.5510416666666667,2.4436949372291563
96,0.9343065693430657,0.14889685174875636,0.5583333333333333,2.4657282710075377
97,0.9330031283829086,0.15647716012252136,0.5510416666666667,2.473802836736043
98,0.938216892409996,0.15338055042081877,0.559375,2.4784499843915304
99,0.9426485922214759,0.14564229131552922,0.55625,2.484790825843811
100,0.9429092803140626,0.1447880273768377,0.5645833333333333,2.499588656425476
101,0.9408237745789219,0.1492181546652031,0.5614583333333333,2.516054876645406
102,0.9356100104896816,0.15530241101327605,0.5625,2.5071975429852804
103,0.9439520333059388,0.14439118876509424,0.559375,2.5129004597663878
104,0.937434827883624,0.15521241322051,0.5614583333333333,2.5375733017921447
105,0.9306569344308752,0.15779780633009513,0.5625,2.5506988048553465
106,0.9369134513255329,0.15282802265118012,0.55625,2.565011421839396
107,0.9280500520754905,0.16279865972254895,0.5635416666666667,2.556692596276601
108,0.9371741395424256,0.15262183964998308,0.5645833333333333,2.561203595002492
109,0.9423879040667362,0.1453870901676736,0.5604166666666667,2.5771267692248028
110,0.9408237745789219,0.15289661844529998,0.5614583333333333,2.5859636704126996
111,0.9366527634194048,0.15138529080264387,0.5541666666666667,2.6245299339294434
112,0.9416058395403643,0.14822969294315333,0.5520833333333334,2.650558324654897
113,0.9356100102410699,0.1555827850780845,0.5489583333333333,2.667969234784444
114,0.941866527632951,0.15208636256900146,0.55625,2.6855589429537456
115,0.9421272156633849,0.14818676638031403,0.55625,2.6765336751937867
116,0.9429092806248272,0.14768726907755958,0.5645833333333333,2.677044101556142
117,0.9439520333059388,0.14995497235167884,0.5604166666666667,2.6997408270835876
118,0.9421272158498436,0.14959697381081496,0.5614583333333333,2.7071521997451784
119,0.9397810218356573,0.15052964122688187,0.5614583333333333,2.7070708950360616
120,0.9449947862356621,0.14248220510664275,0.559375,2.7359389384587605
121,0.9439520333680917,0.1435200851002749,0.55625,2.743745446205139
122,0.9434306567478479,0.14512960488468066,0.5552083333333333,2.764145580927531
123,0.9361313869856197,0.15027923955037273,0.553125,2.7712074478467303
124,0.9460375391032325,0.14293795204852494,0.5583333333333333,2.7782755931218466
125,0.9416058394782113,0.14666596811742555,0.559375,2.782372216383616
126,0.9434306570586124,0.14466794585659556,0.5572916666666666,2.7884193023045856
127,0.9434306567478479,0.1475755576825117,0.5614583333333333,2.7836779356002808
128,0.9486444210856998,0.13741640574119138,0.5614583333333333,2.782953445116679
129,0.9455161627937532,0.1393724663320995,0.5552083333333333,2.7940627058347065
130,0.948383732993113,0.138137227675962,0.55625,2.808307135105133
131,0.9426485924079346,0.14752920425659174,0.5572916666666666,2.8151235540707904
132,0.9423879040045833,0.14635021364601858,0.5604166666666667,2.8215801397959392
133,0.9410844627958145,0.1441466922058925,0.5645833333333333,2.8445356567700704
134,0.941084463106579,0.14384412829209667,0.5604166666666667,2.8643965403238933
135,0.9426485924079346,0.14475618450435285,0.5604166666666667,2.853059450785319
136,0.9468196035674515,0.1428797773946935,0.5666666666666667,2.8416592756907146
137,0.944473409801877,0.1437472899107416,0.5645833333333333,2.844582517941793
138,0.9405630866106409,0.14664957753933258,0.5729166666666666,2.8546926736831666
139,0.9491657977059437,0.13474484021863797,0.571875,2.867937179406484
140,0.948905109489051,0.13745236577033002,0.5635416666666667,2.8753871162732443
141,0.9444734099261828,0.1411940455592089,0.5635416666666667,2.904077386856079
142,0.943691345275505,0.14091455527776472,0.5697916666666667,2.9267556707064313
143,0.9403023983315955,0.14316255782611428,0.559375,2.947167897224426
144,0.945255474266096,0.1394806599032767,0.565625,2.9716618100802106
145,0.9470802920951088,0.140717252537344,0.559375,2.9596136689186094
146,0.948905109489051,0.14238491153288185,0.55625,2.9880606810251873
147,0.9434306568721537,0.14675321416760387,0.5635416666666667,2.9943586786588035
148,0.9494264857363776,0.137901819566492,0.559375,2.982317308584849
149,0.9444734096154183,0.14238847593259266,0.5625,3.000963342189789
150,0.9470802920951088,0.1400709188192679,0.5666666666666667,2.99213395913442
151,0.9439520333680917,0.1393670782493476,0.559375,2.9964160164197287
152,0.9455161627937532,0.13981996807614505,0.5614583333333333,3.0014787554740905
153,0.9462982272579722,0.13799369565140343,0.5635416666666667,3.0034359296162925
154,0.9452554744525548,0.13706297125197303,0.5635416666666667,3.036371711889903
155,0.9473409801255426,0.13999502934181404,0.5635416666666667,3.0345106720924377
156,0.9444734098640298,0.14084340341396948,0.56875,3.0367583990097047
157,0.943691345275505,0.1405643436579933,0.56875,3.049950134754181
158,0.9447340981430754,0.14386825736639272,0.571875,3.0506625970204673
159,0.9470802917843442,0.1380738731749488,0.5739583333333333,3.0621281703313192
160,0.9486444212721585,0.137175007947605,0.5677083333333334,3.065519992510478
161,0.9486444213964643,0.1385211856866778,0.571875,3.0885744015375773
162,0.9465589156613236,0.13879997763351554,0.5697916666666667,3.113305083910624
163,0.9418665277572568,0.14428672689373476,0.5729166666666666,3.120607940355937
164,0.9426485922836287,0.1453811846075267,0.5739583333333333,3.128240728378296
165,0.9470802920951088,0.13954998709735333,0.578125,3.1227901856104534
166,0.9408237747653806,0.1471481757613367,0.5760416666666667,3.1019604007403054
167,0.9449947861735092,0.1430962419329644,0.5770833333333333,3.1049115578333537
168,0.9465589156613236,0.14098585791676085,0.5791666666666667,3.0950799067815145
169,0.9533368091762252,0.13537550079747956,0.5770833333333333,3.1037582317988077
170,0.945255474266096,0.139853014702966,0.5770833333333333,3.106455981731415
171,0.9457768510106458,0.1375453673823658,0.571875,3.132281148433685
172,0.941866527570798,0.14195770800610902,0.5645833333333333,3.1772183855374654
173,0.9515119914715183,0.13440987068433333,0.56875,3.1809256315231322
174,0.9468196036917574,0.13618549294342464,0.5677083333333334,3.1783759514490764
175,0.9476016683424352,0.14004447788963478,0.5729166666666666,3.1822688301404316
176,0.9515119914715183,0.13641603542754002,0.5677083333333334,3.1737271467844645
177,0.9369134513255329,0.15004245927547638,0.5697916666666667,3.184881337483724
178,0.9489051093025923,0.1353941543010278,0.5635416666666667,3.180502184232076
179,0.9520333682160681,0.13533295821534455,0.5635416666666667,3.175486679871877
180,0.9447340981430754,0.14081185113743522,0.575,3.172327677408854
181,0.9476016682181294,0.13579676789741446,0.5677083333333334,3.1758450547854107
182,0.9567257558093702,0.12713940095105933,0.56875,3.176860193411509
183,0.9416058392295996,0.1434019570305897,0.5739583333333333,3.1769808848698933
184,0.9530761209593326,0.13284052684670072,0.5677083333333334,3.1821404536565145
185,0.9515119914715183,0.13461782322561405,0.5666666666666667,3.177667693297068
186,0.9509906152241918,0.13660114337772722,0.5666666666666667,3.1760850747426352
187,0.9520333682160681,0.1303767260781667,0.5697916666666667,3.1708822011947633
188,0.944473409739724,0.13625526746756342,0.5760416666666667,3.171575586001078
189,0.9520333680917622,0.13216309999897533,0.5770833333333333,3.174687131245931
190,0.9502085503870553,0.13385268579682916,0.5791666666666667,3.1681798617045085
191,0.9462982273201251,0.13621437318071458,0.5666666666666667,3.1613023797671
192,0.9476016684045881,0.13462066318649446,0.5604166666666667,3.164185098807017
193,0.9494264857363776,0.13635699151858796,0.5635416666666667,3.1631052176157635
194,0.9494264860471421,0.13845474551877587,0.5708333333333333,3.1411316355069476
195,0.9460375392275384,0.1423066689771706,0.5729166666666666,3.1456676840782167
196,0.9491657978302496,0.13482948901506608,0.5625,3.159881599744161
197,0.9499478621701627,0.13281972282124263,0.5677083333333334,3.157490050792694
198,0.9455161627937532,0.1421734826314934,0.5572916666666666,3.1921461979548136
199,0.9504692387282537,0.13423805414262976,0.5604166666666667,3.1978743155797322
200,0.9533368091762252,0.12718462762233487,0.553125,3.2124669671058657
201,0.9465589154748648,0.13526121352151488,0.5614583333333333,3.228479202588399
202,0.9530761210836385,0.12864066362070217,0.5625,3.2301515142122903
203,0.9504692387904067,0.13336257097759013,0.5583333333333333,3.260816136995951
204,0.9509906150377331,0.13271695909957568,0.5635416666666667,3.2950018127759297
205,0.9530761209593326,0.12858891602104475,0.55625,3.302239267031352
206,0.9447340980809225,0.13846656776444133,0.5479166666666667,3.3114964683850605
207,0.9502085503870553,0.13067318012741733,0.5541666666666667,3.3205290913581846
208,0.9483837331795717,0.13579066502507212,0.5510416666666667,3.330890965461731
209,0.9522940564329607,0.13313528221018994,0.5572916666666666,3.3563464919726056
210,0.9575078205843539,0.12927827392865024,0.55625,3.3676764647165935
211,0.9481230449626792,0.133194252972931,0.5583333333333333,3.3811369935671487
212,0.9499478624809273,0.13324667316811922,0.55625,3.368550137678782
213,0.9522940564329607,0.12977990602085812,0.5541666666666667,3.380301797389984
214,0.9470802917843442,0.13950578713006845,0.55,3.3683199842770892
215,0.9525547443390887,0.13059550180363083,0.5520833333333334,3.3606457352638244
216,0.9520333680917622,0.133335979738903,0.5479166666666667,3.381946337223053
217,0.9530761208971797,0.1292748276583221,0.5520833333333334,3.409869186083476
218,0.9504692389147125,0.13389030613230465,0.5541666666666667,3.3972851157188417
219,0.9481230447762203,0.13208476083432796,0.5552083333333333,3.4148311535517375
220,0.946558915350559,0.13548607765323054,0.5666666666666667,3.406020466486613
221,0.9507299271316051,0.13251790670023472,0.5697916666666667,3.4128354589144387
222,0.9569864441505687,0.12680655926061996,0.571875,3.4707024772961934
223,0.9473409801876955,0.1356349994930535,0.5645833333333333,3.5145779132843016
224,0.9486444212721585,0.13599202160386523,0.5697916666666667,3.4911888003349305
225,0.9489051093025923,0.13500201584027383,0.5677083333333334,3.478374377886454
226,0.9499478622944686,0.13226156781997622,0.5666666666666667,3.5017829656600954
227,0.9504692389147125,0.13460583308161983,0.559375,3.511771281560262
228,0.948905109613357,0.13691630985925793,0.5614583333333333,3.5067103147506713
229,0.94708029190865,0.13833789047284967,0.5604166666666667,3.4902026693026227
230,0.9535974972066591,0.1297209277919982,0.5614583333333333,3.5114465077718098
231,0.9528154325559813,0.13322039772062033,0.5645833333333333,3.5276601314544678
232,0.949687174077576,0.13089831794949094,0.5583333333333333,3.50902951558431
233,0.9522940563086548,0.13135907537186356,0.5614583333333333,3.5063690821329754
234,0.9504692389147125,0.13101292361929717,0.55625,3.5167547345161436
235,0.9421272159741494,0.14223234799843013,0.5604166666666667,3.5572157502174377
236,0.9468196036917574,0.14274424441912376,0.5604166666666667,3.54507071574529
237,0.9515119917822829,0.12862222940817367,0.55625,3.5515828251838686
238,0.9530761210836385,0.13361393936110488,0.5541666666666667,3.5559221466382342
239,0.9460375389167738,0.1375755208376426,0.5552083333333333,3.5601862192153932
240,0.9512513035653903,0.13151604624715663,0.5520833333333334,3.6005242109298705
241,0.9489051093025923,0.1349445644521365,0.55,3.62152605454127
242,0.9520333682160681,0.13221299441626472,0.55,3.5982251286506655
243,0.9546402502606882,0.13016742567324913,0.5520833333333334,3.602053968111674
244,0.94708029190865,0.13542162436638436,0.5583333333333333,3.614001532395681
245,0.9504692389768654,0.1338077311067064,0.5572916666666666,3.609813364346822
246,0.9533368093005311,0.13277426693778838,0.55,3.6171684662501016
247,0.9470802917843442,0.13888976551258278,0.546875,3.637668832143148
248,0.9538581854235517,0.12962130518538859,0.5552083333333333,3.6325207312901813
249,0.9546402500742295,0.1295048298160774,0.5520833333333334,3.6382138172785443
