epoch,acc,loss,val_acc,val_loss
0,0.5059958291749884,0.7245276265149321,0.5729166666666666,0.7073430756727854
1,0.6120959330773578,0.6729143474472452,0.5697916666666667,0.7012655357519786
2,0.6712721584984359,0.6316791949978213,0.5822916666666667,0.6976299464702607
3,0.6905630863620292,0.5953099711470857,0.5760416666666667,0.6997638861338298
4,0.7194994784371075,0.5580809102068355,0.58125,0.6983679195245107
5,0.7346193953276426,0.5346311683202312,0.590625,0.7004161636034648
6,0.7580813347858234,0.5033475792383129,0.5864583333333333,0.7058240890502929
7,0.7726798749939617,0.47455816211740215,0.584375,0.7114208598931631
8,0.7778936392075079,0.4636443385988381,0.5927083333333333,0.7153392473856608
9,0.7974452554122996,0.4466730239368952,0.584375,0.7228038311004639
10,0.8159541189359798,0.4281511354620439,0.5760416666666667,0.7285348037878673
11,0.8274244003549482,0.4125478318945832,0.5791666666666667,0.7335498551527659
12,0.8328988529718456,0.3990128064553357,0.5947916666666667,0.7424379249413808
13,0.8396767465489002,0.38743158885908074,0.5885416666666666,0.7523151159286499
14,0.8474973930556782,0.3792679631797067,0.5791666666666667,0.7615532020727793
15,0.8532325338273152,0.36596507881306756,0.5885416666666666,0.7713383992513021
16,0.8529718457968815,0.3588558939810963,0.59375,0.774222340186437
17,0.8493222105739263,0.35629702353999565,0.5864583333333333,0.7823346932729085
18,0.8615745568300313,0.34387674010956004,0.5979166666666667,0.7943393389383951
19,0.8576642337631011,0.33888731062474414,0.5822916666666667,0.8081307331720988
20,0.8600104274043698,0.3289279755946866,0.5822916666666667,0.8206636448701222
21,0.8613138686752916,0.32696911127027806,0.5739583333333333,0.8394261678059896
22,0.8600104277151345,0.3230705399520703,0.5770833333333333,0.8523106833299001
23,0.8686131387482843,0.3074636754576929,0.5802083333333333,0.8621654113133749
24,0.8678310739733007,0.30192085348528047,0.5854166666666667,0.8755392829577128
25,0.8649635035874821,0.299036762544087,0.5864583333333333,0.8933877189954121
26,0.8696558914293959,0.2903728253898581,0.590625,0.9139674961566925
27,0.8712200207929044,0.286225135806206,0.5895833333333333,0.9251579642295837
28,0.8743482792713098,0.2828460128762302,0.584375,0.9434409936269125
29,0.8756517204179257,0.27132839253473334,0.5989583333333334,0.9596620082855225
30,0.8824296141192861,0.2640248375932168,0.5875,0.9849845031897227
31,0.8769551617510003,0.2639446792127691,0.575,1.0075707415739694
32,0.8863399376212867,0.25446185062525795,0.575,1.0288081606229147
33,0.8905109490294153,0.2473150447430526,0.5697916666666667,1.0484690030415853
34,0.8852971843807989,0.24927262573408757,0.5666666666666667,1.0691892683506012
35,0.8845151198544269,0.24528800400131312,0.5760416666666667,1.087986844778061
36,0.8860792491557824,0.24410530130793578,0.5677083333333334,1.1068444629510243
37,0.8829509906152242,0.24289704543830704,0.559375,1.1258951644102733
38,0.8832116790185756,0.2365225465255435,0.565625,1.146199893951416
39,0.8863399373105221,0.23411091528172537,0.5729166666666666,1.1553685009479522
40,0.8787799791449427,0.24067235008519186,0.5802083333333333,1.1678217391173045
41,0.880604796601038,0.23312379693276442,0.5739583333333333,1.1784439742565156
42,0.8959854016463128,0.21659461950360798,0.5729166666666666,1.1827860673268635
43,0.8876433787057497,0.22413201519794088,0.56875,1.2103657225767772
44,0.8892075080071052,0.22018027044560787,0.565625,1.231377011537552
45,0.8915537015862212,0.21404637834513648,0.56875,1.246132395664851
46,0.8910323251524359,0.21038827502068688,0.575,1.2719788273175558
47,0.8834723668625506,0.21737356811792932,0.5677083333333334,1.2949179927508037
48,0.8952033369956349,0.2069938123164013,0.5864583333333333,1.3126222093900044
49,0.8892075080071052,0.2070751894067301,0.5802083333333333,1.341970165570577
50,0.8941605840037588,0.21117994291814698,0.5802083333333333,1.373873887459437
51,0.8965067778314862,0.19697557590179324,0.575,1.3929316421349844
52,0.8941605840659117,0.20848383405658574,0.5635416666666667,1.4108356714248658
53,0.8988529718456726,0.20388284984420563,0.565625,1.4434087614218394
54,0.9090198124287897,0.19656650293171715,0.5666666666666667,1.4734750548998514
55,0.9035453596875864,0.20185277712792624,0.565625,1.504605636994044
56,0.9108446298227321,0.19678312834503753,0.5645833333333333,1.5113099217414856
57,0.9186652761430512,0.19455971289911658,0.565625,1.53249182899793
58,0.9155370177889517,0.19722625532413796,0.5666666666666667,1.5710350930690766
59,0.9217935348700681,0.19344501083909035,0.5635416666666667,1.5899164736270905
60,0.9139728883632903,0.1999692116029817,0.559375,1.6075472950935363
61,0.916058394098431,0.1939010123204638,0.5572916666666666,1.627757986386617
62,0.9296141812525403,0.18410207747605098,0.5552083333333333,1.653687491019567
63,0.9155370178511045,0.19765315909517445,0.5635416666666667,1.6756451865037283
64,0.9202294056930184,0.19558897570972025,0.5635416666666667,1.688658324877421
65,0.9171011470281544,0.1945043074062271,0.5635416666666667,1.7116736193497977
66,0.91996871735182,0.19098293963854704,0.5604166666666667,1.7395488182703653
67,0.9184045881747702,0.19258550013006664,0.5677083333333334,1.7605467995007833
68,0.9152763294477533,0.1903602753584278,0.5583333333333333,1.7755683799584707
69,0.9173618350585881,0.18672490202286693,0.5625,1.8021013935407002
70,0.9191866525768364,0.18564060538603194,0.56875,1.8189689457416534
71,0.9238790406052089,0.18384681862698357,0.5708333333333333,1.8152815838654837
72,0.9246611051315808,0.18031401568644984,0.5697916666666667,1.8294738292694093
73,0.9178832117409851,0.1888820810847536,0.565625,1.8486845036347708
74,0.9254431697822587,0.18095790034663067,0.56875,1.875736258427302
75,0.9191866525768364,0.1836589907798081,0.56875,1.9019230842590331
76,0.9267466108667216,0.18233282108935872,0.56875,1.9137065986792245
77,0.9249217934727793,0.17836514576818946,0.5677083333333334,1.9170871694882712
78,0.9275286755173995,0.1787164789761443,0.56875,1.927743411064148
79,0.9230969761409898,0.18110992576115073,0.5739583333333333,1.9536896566549937
80,0.9228362877376385,0.18341366090540842,0.5572916666666666,1.962707225481669
81,0.9215328468396343,0.17587053771125885,0.5583333333333333,2.005047426621119
82,0.9264859229605936,0.17582816185431635,0.5552083333333333,2.0148859222730002
83,0.9230969761409898,0.17462134414097066,0.55,2.0311342736085254
84,0.9207507818781919,0.17837433052386184,0.565625,2.057038849592209
85,0.9244004170389941,0.17604920838311766,0.5614583333333333,2.0889278491338095
86,0.9264859229605936,0.17824227478630972,0.5645833333333333,2.096500313282013
87,0.9309176223370031,0.1728586367447011,0.5666666666666667,2.120103398958842
88,0.928832116912627,0.17034897536070429,0.571875,2.1691423416137696
89,0.9246611054423455,0.1747029497131814,0.56875,2.1928771853446962
90,0.9303962460275238,0.16472375542080814,0.565625,2.2080963134765623
91,0.928832116912627,0.16984804271408613,0.5697916666666667,2.2397273778915405
92,0.9309176223370031,0.17654100657130928,0.5645833333333333,2.273476217190425
93,0.9327424398552514,0.16690727649596485,0.5677083333333334,2.30247941215833
94,0.9277893639207507,0.1768121790370056,0.5739583333333333,2.3196850101153057
95,0.9275286755173995,0.17178793214222687,0.571875,2.3231326500574747
96,0.9293534932221064,0.17302482902257857,0.565625,2.3566592613856
97,0.9358706987687271,0.1638492569171972,0.5697916666666667,2.363538207610448
98,0.9270072993943789,0.17084711390752363,0.565625,2.376275086402893
99,0.9363920750782064,0.16289805200599655,0.56875,2.369569506247838
100,0.9259645462160438,0.17678112211142888,0.56875,2.402268578608831
101,0.9348279457768509,0.16313692486851755,0.56875,2.421887238820394
102,0.936131386799161,0.1650938210043594,0.56875,2.44900651772817
103,0.9337851930335863,0.1620012895748936,0.5614583333333333,2.4673810919125874
104,0.9340458809397143,0.1653521889053495,0.5604166666666667,2.484584267934163
105,0.9356100105518345,0.1620425200157792,0.5614583333333333,2.5093236684799196
106,0.9382168927207605,0.16434315543105132,0.5604166666666667,2.5075596451759337
107,0.931699686987681,0.1654893927454824,0.5604166666666667,2.5323543548583984
108,0.9241397290085602,0.1765320987379464,0.5572916666666666,2.546297911802928
109,0.9306569341201106,0.16922789192112692,0.5666666666666667,2.5197075148423513
110,0.9337851929714334,0.16995677920650765,0.565625,2.5163883924484254
111,0.9322210634214662,0.16436321149280098,0.5583333333333333,2.5352931956450147
112,0.9356100104275287,0.1673421970295707,0.5604166666666667,2.5232225636641186
113,0.937434827883624,0.1587655932115191,0.5635416666666667,2.5502492149670917
114,0.9400417102390086,0.1573912778770215,0.5572916666666666,2.568285669883092
115,0.9288321167261683,0.17266834767319736,0.559375,2.6009740829467773
116,0.9309176226477678,0.16210438985459125,0.5583333333333333,2.609846846262614
117,0.9340458809397143,0.16366408522142734,0.5604166666666667,2.5989097793896994
118,0.9322210636079249,0.1578977249011133,0.553125,2.616680351893107
119,0.9400417099282441,0.15906281719553333,0.565625,2.620395004749298
120,0.9296141815011518,0.16525865527213676,0.5604166666666667,2.687445475657781
121,0.9311783108646604,0.16554557918197046,0.5604166666666667,2.717276455958684
122,0.9363920748917477,0.16295863540378924,0.5614583333333333,2.732657817999522
123,0.9371741395424256,0.16428857182499265,0.5625,2.7610601147015887
124,0.9353493220241773,0.1629392724091865,0.5604166666666667,2.7640347798665363
125,0.9335245045059292,0.16500850296865788,0.5614583333333333,2.775929057598114
126,0.9314389990815529,0.1631550859889099,0.5635416666666667,2.803855387369792
127,0.9293534933464122,0.16085751531830172,0.5572916666666666,2.8317649126052857
128,0.9350886338072847,0.16055014984326765,0.5625,2.8688629984855654
129,0.9363920750782064,0.15857944720666525,0.559375,2.8766463875770567
130,0.9330031281964498,0.1598674049902012,0.5572916666666666,2.8814644535382588
131,0.9413451511370129,0.1586704517057218,0.55,2.904622813065847
132,0.9335245045059292,0.16285603012543898,0.5583333333333333,2.9110503792762756
133,0.93013555799709,0.16537171510573598,0.5541666666666667,2.929788815975189
134,0.9382168927829134,0.15753748997408853,0.55,2.941074506441752
135,0.9330031281964498,0.16252296549249615,0.5541666666666667,2.9600006222724913
136,0.941866527570798,0.16179460165895934,0.559375,3.004258930683136
137,0.9395203338052235,0.16146797981264693,0.5552083333333333,3.0343510508537292
138,0.9366527634194048,0.16166112650422781,0.5552083333333333,3.062520496050517
139,0.9348279457768509,0.1614649490112433,0.5541666666666667,3.0564139087994895
140,0.9348279459011567,0.16488129820391084,0.5489583333333333,3.0609534343083697
141,0.9353493220241773,0.1579747401698414,0.5489583333333333,3.082601765791575
142,0.9400417099282441,0.15789875865945976,0.5395833333333333,3.07937331199646
143,0.9434306569343066,0.1548125125056014,0.54375,3.0638375163078306
144,0.9379562043795621,0.15468593952522786,0.5552083333333333,3.072897398471832
145,0.9337851927228218,0.16567623116487756,0.5572916666666666,3.059357988834381
146,0.9400417102390086,0.1562404532812932,0.55,3.0652753432591755
147,0.9462982271336664,0.15173722505258694,0.546875,3.057702934741974
148,0.9397810217113515,0.16055539694767176,0.553125,3.0541102488835654
149,0.9395203338052235,0.15656677004225683,0.55,3.0615617672602338
150,0.9403023982694425,0.1595945614812521,0.5541666666666667,3.078538636366526
151,0.9379562043174091,0.1608394109668274,0.55625,3.0895023147265115
152,0.9376955162869752,0.15544639796609053,0.5604166666666667,3.07600626150767
153,0.938216892409996,0.15578131763045058,0.5572916666666666,3.086767542362213
154,0.9447340980187695,0.1536454494510378,0.5604166666666667,3.108818558851878
155,0.9447340981430754,0.15311384070528686,0.5614583333333333,3.118849472204844
156,0.9436913449647404,0.1568068208268089,0.559375,3.1462109525998434
157,0.9405630864863351,0.15232334216829385,0.55,3.16109223763148
158,0.9465589155370178,0.14858207063860143,0.5572916666666666,3.16043115456899
159,0.9421272157876907,0.15250903156676307,0.559375,3.2012804468472797
160,0.9444734099261828,0.15293989486689363,0.5572916666666666,3.2254666765530904
161,0.946558915350559,0.15360742871095043,0.5572916666666666,3.2460896889368693
162,0.9421272156633849,0.15435202334297585,0.5583333333333333,3.242075788974762
163,0.9457768508863399,0.14818485568319298,0.5520833333333334,3.2684521118799847
164,0.948905109613357,0.15095735258180978,0.55,3.286054233709971
165,0.9455161624829886,0.1472338965323844,0.553125,3.281881058216095
166,0.9429092803140626,0.1552414377924051,0.5479166666666667,3.263792355855306
167,0.9447340981430754,0.15385584067067712,0.5458333333333333,3.286335456371307
168,0.9397810218978102,0.1569738892743187,0.5479166666666667,3.2779037714004517
169,0.9494264860471421,0.14914242182863144,0.553125,3.2854177435239156
170,0.9447340980187695,0.15519602357471077,0.553125,3.3040391325950624
171,0.9439520333680917,0.14871211624213876,0.553125,3.3162682970364887
172,0.9470802919708029,0.14557019007373775,0.5520833333333334,3.3180712262789407
173,0.9429092806248272,0.1496982882119816,0.5614583333333333,3.3219544768333433
174,0.9452554745768605,0.14766152548031714,0.5541666666666667,3.3239110747973126
175,0.9478623564350219,0.15234540901666388,0.55,3.333924869696299
176,0.948905109613357,0.1493857448553517,0.553125,3.355678160985311
177,0.9444734096154183,0.14881156346099345,0.5604166666666667,3.3422953248023988
178,0.9442127215849844,0.154737901179522,0.559375,3.3562261621157328
179,0.9452554743904018,0.1544891737704481,0.5604166666666667,3.3512242952982585
180,0.9429092806248272,0.15092958749210747,0.5552083333333333,3.3464872360229494
181,0.9457768510106458,0.1510236586159536,0.5625,3.337925056616465
182,0.9426485924079346,0.15688358016537426,0.5583333333333333,3.3417352477709454
183,0.9429092805005214,0.15270314851195024,0.5541666666666667,3.361971437931061
184,0.9413451511991658,0.15250139016895026,0.5625,3.3717336277167003
185,0.9457768509484928,0.14682219277706088,0.5666666666666667,3.387055383125941
186,0.945255474266096,0.15185212038605006,0.5625,3.4049355387687683
187,0.9416058394160584,0.15013601077765196,0.5625,3.411554268995921
188,0.9496871741397289,0.14407696617656504,0.5645833333333333,3.4125056068102517
189,0.9460375392275384,0.14355925441067957,0.559375,3.4199259916941327
190,0.9439520333680917,0.14739551467430603,0.5666666666666667,3.433256773153941
191,0.9444734099261828,0.1499351096321072,0.5666666666666667,3.449784719944
192,0.95020855069782,0.14550089614700848,0.5697916666666667,3.4630492170651754
193,0.9366527634194048,0.1540571378390533,0.5677083333333334,3.450412865479787
194,0.9358706987687271,0.14843971466371736,0.571875,3.4611080090204873
195,0.943952033181633,0.14472543890272366,0.5572916666666666,3.4719166100025176
196,0.9397810218978102,0.1514896195502301,0.559375,3.512875235080719
197,0.9345672575599583,0.15738991637858907,0.5583333333333333,3.508096897602081
198,0.9369134513255329,0.15363675567231164,0.5572916666666666,3.5126184781392413
199,0.9403023981451367,0.14700859441685105,0.5635416666666667,3.5190550406773884
200,0.943952033181633,0.14732590606737186,0.565625,3.5088013847668966
201,0.9309176223370031,0.15134420902376006,0.5677083333333334,3.5135194261868796
202,0.9403023985180542,0.14742679570775336,0.5625,3.5396014928817747
203,0.9429092805005214,0.14535199118947087,0.55625,3.5652578353881834
204,0.9436913451511991,0.14613405816311384,0.5572916666666666,3.595304759343465
205,0.938216892409996,0.1485859907860552,0.5552083333333333,3.6091193556785583
206,0.9387382691545456,0.15063738235591972,0.5552083333333333,3.602481472492218
207,0.9468196036917574,0.1435964423716379,0.5552083333333333,3.6069917639096576
208,0.941084463106579,0.14378851911633803,0.55625,3.591403349240621
209,0.9405630863620292,0.15338781629849277,0.5572916666666666,3.620802148183187
210,0.9358706984579626,0.1521083170915172,0.5572916666666666,3.6129794756571454
211,0.9457768508863399,0.14393875340040582,0.55625,3.622730501492818
212,0.9421272157876907,0.1495893314030173,0.5489583333333333,3.6445082426071167
213,0.938216892409996,0.15224270615823823,0.5520833333333334,3.6608876665433248
214,0.9410844629201203,0.1504029667507993,0.54375,3.6909931302070618
215,0.9400417100525499,0.14963499567742392,0.553125,3.6997753381729126
216,0.9426485924079346,0.14679950009545892,0.54375,3.7320080995559692
217,0.9340458811261731,0.152683984600901,0.5416666666666666,3.7304822246233624
218,0.9350886338072847,0.14850186187544753,0.5395833333333333,3.7162139614423118
219,0.9423879040667362,0.14506750126545073,0.5458333333333333,3.6914698481559753
220,0.9397810217113515,0.1499040276278296,0.5354166666666667,3.7102982004483542
221,0.9400417101147028,0.14548084228391817,0.5395833333333333,3.698145353794098
222,0.9468196036917574,0.1452821695145775,0.540625,3.7152835567792257
223,0.941866527570798,0.14677660215385763,0.5375,3.7312453269958494
224,0.9348279459011567,0.15553390765339292,0.5416666666666666,3.7300486604372662
225,0.9447340981430754,0.1480577772675515,0.546875,3.721858894824982
226,0.9413451510127071,0.14447091445249113,0.5395833333333333,3.7209179600079856
227,0.9395203334944588,0.15529565140216517,0.5458333333333333,3.6971745689709983
228,0.9413451513234716,0.14634789744774665,0.546875,3.6732970197995503
229,0.9350886339937435,0.15561278013665933,0.5458333333333333,3.6849793672561644
230,0.9434306570586124,0.14374875970285803,0.5416666666666666,3.6927955468495686
231,0.9434306569343066,0.14683598181673707,0.546875,3.6687681396802265
232,0.9455161627316002,0.1440202861527084,0.5458333333333333,3.6729261954625447
233,0.9431699685309552,0.14767145558927555,0.5447916666666667,3.668294986089071
234,0.9374348277593181,0.14944328201451068,0.5375,3.6798383752504984
235,0.9384775809376531,0.15071367919134274,0.5375,3.702447227636973
236,0.9405630863620292,0.15039103909379126,0.534375,3.7145078937212626
237,0.9429092803140626,0.1494664749649195,0.54375,3.706119644641876
238,0.9324817519491233,0.1619998364475273,0.5458333333333333,3.744493818283081
239,0.9468196035674515,0.1463747395045193,0.5489583333333333,3.741108274459839
240,0.9384775808755002,0.15100071794422376,0.5541666666666667,3.740726411342621
241,0.9486444212721585,0.13966619129349964,0.5520833333333334,3.7429181814193724
242,0.9413451511991658,0.15449817828266912,0.55625,3.732824957370758
243,0.9429092806248272,0.15120827257477826,0.5510416666666667,3.7370839873949686
244,0.9473409800012368,0.14056890864193253,0.5489583333333333,3.7589634974797566
245,0.9483837331795717,0.13992465516635846,0.55625,3.7666077256202697
246,0.9460375389167738,0.13987535099975756,0.5489583333333333,3.781886370976766
247,0.9429092806248272,0.14967273391697777,0.5510416666666667,3.8052050868670144
248,0.9423879040045833,0.14319022139680024,0.546875,3.809734829266866
249,0.9403023984559012,0.1472892746624534,0.5416666666666666,3.7704561154047647
