epoch,acc,loss,val_acc,val_loss
0,0.5216371221885443,0.7160234280373431,0.5052083333333334,0.7139344791571299
1,0.6170490091983171,0.7013628417558043,0.5604166666666667,0.7102710922559102
2,0.6678832114923734,0.6874873682903174,0.5520833333333334,0.7086958944797516
3,0.7049009386640396,0.6698257231364285,0.5645833333333333,0.7079277892907461
4,0.7288842544316997,0.6508104251746216,0.5604166666666667,0.7077384273211161
5,0.737747653806048,0.6339689171227225,0.5572916666666666,0.7070625364780426
6,0.7606882170790552,0.6155819720719728,0.5677083333333334,0.7056541581948598
7,0.7791970802919708,0.5901173982182683,0.5729166666666666,0.7063081840674083
8,0.7893639206264762,0.5672172665968925,0.5645833333333333,0.7095746417840322
9,0.8018769550373208,0.5421352819680422,0.553125,0.711805937687556
10,0.8091762252967724,0.5232778949832021,0.559375,0.7144116004308064
11,0.8120437957447438,0.50846060150234,0.5572916666666666,0.7144558350245158
12,0.8162148071528724,0.4921059766949404,0.565625,0.7161859273910522
13,0.8279457769130393,0.4698166815220253,0.5583333333333333,0.7202674587567647
14,0.8323774766002134,0.45283356473642294,0.5677083333333334,0.7237733523050944
15,0.8391553700529621,0.43668864491833637,0.5625,0.7258491853872935
16,0.8542752865705798,0.41683442596971554,0.5708333333333333,0.73237384557724
17,0.8584462984137788,0.4005912677525728,0.571875,0.7372159938017527
18,0.8647028154948954,0.3879443192320397,0.559375,0.7437836488087972
19,0.8644421272780027,0.38102792375900696,0.5708333333333333,0.7519998033841451
20,0.8602711155591095,0.3793957129944353,0.5770833333333333,0.7578796962896983
21,0.8787799790827897,0.3569921358907061,0.5697916666666667,0.7648518741130829
22,0.8746089676125082,0.35808610018028086,0.56875,0.7683584868907929
23,0.8866006255895676,0.3438295765204027,0.565625,0.7804128090540569
24,0.8873826901159396,0.3279324421917435,0.5614583333333333,0.7904231409231822
25,0.8954640249639159,0.32783492849566764,0.565625,0.7991364737351735
26,0.8957247133051144,0.3180793148695615,0.5614583333333333,0.8103421270847321
27,0.9027632951612145,0.3148677667313497,0.5697916666666667,0.8200079143047333
28,0.894160583879453,0.3152709323310753,0.5677083333333334,0.8315167725086212
29,0.8998957245267842,0.3042046292544157,0.5708333333333333,0.8424425373474757
30,0.9095411888625748,0.28576408802095615,0.5677083333333334,0.8577909737825393
31,0.9074556829409753,0.2896820865532653,0.5697916666666667,0.866817977031072
32,0.9090198121180251,0.2790112821103634,0.5697916666666667,0.8763408939043681
33,0.9053701770815288,0.2859015587690103,0.5677083333333334,0.8851988385121028
34,0.9092805005835294,0.2769832350663274,0.5625,0.8961975346008937
35,0.9100625649855955,0.27219665418762606,0.553125,0.9073186020056406
36,0.9121480707207362,0.26638288357769985,0.5583333333333333,0.9225829720497132
37,0.912930135371414,0.26230068694376724,0.5645833333333333,0.9319934944311777
38,0.9100625651720542,0.25920475436698903,0.5635416666666667,0.9406937062740326
39,0.9043274242761112,0.26660712571412604,0.5645833333333333,0.9570789754390716
40,0.9108446300091908,0.2560857326507071,0.559375,0.9621464212735494
41,0.908237747653806,0.25787925069163065,0.5666666666666667,0.9829433937867482
42,0.9056308652984213,0.2574412399928189,0.5708333333333333,1.001509553194046
43,0.9098018767687028,0.254785833878363,0.5697916666666667,1.0170902808507283
44,0.9157977060058443,0.24137799393645915,0.5583333333333333,1.0363379855950674
45,0.9108446296362732,0.24289593896105094,0.5697916666666667,1.0396228512128194
46,0.914754953013968,0.24012228899379964,0.5666666666666667,1.0490719656149545
47,0.9220542232112666,0.22677730535068652,0.5791666666666667,1.0647482216358184
48,0.9189259646707083,0.2292561537282186,0.5739583333333333,1.0789821823438008
49,0.9181438998335718,0.23202060204974304,0.571875,1.0878688752651215
50,0.9277893638585979,0.21454230112502423,0.5729166666666666,1.1007909675439198
51,0.9267466108667216,0.21830419246670602,0.565625,1.1179473141829173
52,0.9246611052558867,0.21952405668274577,0.5614583333333333,1.1238296667734782
53,0.9165797707186749,0.22741296401051211,0.5666666666666667,1.1403008123238882
54,0.9215328465288697,0.2200006865920563,0.5677083333333334,1.155327249566714
55,0.9311783106782017,0.21269923989292977,0.5739583333333333,1.1739968279997508
56,0.9257038581234571,0.21396990107980338,0.578125,1.1974469582239786
57,0.9228362877997914,0.21606532581406912,0.5666666666666667,1.2168687800566356
58,0.9238790406052089,0.211175887813409,0.5677083333333334,1.2311992863814036
59,0.9316996871119868,0.20326753748470103,0.5541666666666667,1.2480335672696432
60,0.9238790406673618,0.21749247975717373,0.5541666666666667,1.2719905177752178
61,0.9293534932221064,0.20588722854572988,0.55625,1.2767825106779733
62,0.9335245048166937,0.1941446826965145,0.5604166666666667,1.3003340085347495
63,0.9223149111795476,0.21055797609472424,0.5645833333333333,1.3075643718242644
64,0.9345672575599583,0.19375168795506076,0.5541666666666667,1.3294919629891713
65,0.9264859227741349,0.19969639004954953,0.5552083333333333,1.344078008333842
66,0.9309176226477678,0.19568739360639276,0.559375,1.3561619877815247
67,0.931699686987681,0.19404014702633846,0.5604166666666667,1.3735133330027263
68,0.9353493221484832,0.1945702351699656,0.5583333333333333,1.3948177834351858
69,0.9228362877997914,0.2011485931243091,0.559375,1.42324294646581
70,0.9277893640450566,0.19768639065799176,0.5604166666666667,1.4437727530797322
71,0.9267466110531803,0.2018754533856206,0.575,1.4510827700297038
72,0.9220542231491137,0.2052560725770852,0.5729166666666666,1.4665812889734904
73,0.928310740354536,0.1981862305942243,0.5697916666666667,1.4876108606656393
74,0.9306569344308752,0.19223019848961279,0.5604166666666667,1.5027150432268779
75,0.929614181438999,0.18870130076429517,0.5666666666666667,1.5133598685264587
76,0.9314389987707884,0.19410174073529068,0.5635416666666667,1.530015657345454
77,0.9324817516383588,0.19162817700252294,0.5708333333333333,1.513995091120402
78,0.9337851929714334,0.18425732506079767,0.5666666666666667,1.539889121055603
79,0.9306569343687222,0.19122391828841787,0.5604166666666667,1.5592198967933655
80,0.9363920750782064,0.18516536745338918,0.56875,1.5740698754787446
81,0.9371741395424256,0.18412099177322747,0.5645833333333333,1.5966596007347107
82,0.9408237747653806,0.1758739229629634,0.553125,1.620404980580012
83,0.9316996872984455,0.19117179104322188,0.559375,1.6361485560735067
84,0.9400417101147028,0.17959008170864754,0.5666666666666667,1.6517388979593912
85,0.9332638164754953,0.18442824204783495,0.5635416666666667,1.6717005133628846
86,0.9350886340558964,0.18420586055212648,0.5677083333333334,1.697022952636083
87,0.9327424398552514,0.1850432024043096,0.56875,1.7164581994215646
88,0.9374348280079298,0.17591843807660004,0.5614583333333333,1.7362613797187805
89,0.937956204441715,0.17624247223294193,0.56875,1.7561031738917032
90,0.9301355578727841,0.18739337136928183,0.5697916666666667,1.7800560394922893
91,0.9345672573734995,0.17986365596494783,0.5708333333333333,1.797130040327708
92,0.9382168925343017,0.17400919712062177,0.5625,1.8026487151781718
93,0.9353493221484832,0.17855561329624825,0.55625,1.832591998577118
94,0.9405630864863351,0.17163105543636803,0.5583333333333333,1.8494548877080281
95,0.943169968717414,0.16884713707738425,0.559375,1.8571650008360545
96,0.9361313869856197,0.17688195770985143,0.5572916666666666,1.8722750524679819
97,0.9384775808755002,0.16922482307437064,0.5541666666666667,1.901482746998469
98,0.9403023984559012,0.1697863710964559,0.5572916666666666,1.9169173657894134
99,0.9330031283829086,0.1726800291269738,0.55,1.9324113368988036
100,0.9356100104275287,0.1737143122071519,0.5583333333333333,1.9485921204090118
101,0.9400417102390086,0.17086994936990788,0.5510416666666667,1.9692706366380055
102,0.938216892409996,0.1723963559854764,0.55625,1.9852752566337586
103,0.9439520334923975,0.1618520687329384,0.5479166666666667,2.005975979566574
104,0.9387382691545456,0.16976521972943645,0.5552083333333333,2.032220270236333
105,0.9429092805005214,0.16631354242407864,0.5572916666666666,2.032517846425374
106,0.9361313866748551,0.17427514164054977,0.553125,2.044696235656738
107,0.9306569344308752,0.17515436680336813,0.5614583333333333,2.0530160784721376
108,0.9350886339315906,0.16610551559452716,0.5541666666666667,2.0727351109186807
109,0.9408237747653806,0.16270557608420458,0.5583333333333333,2.099063511689504
110,0.9416058394160584,0.17091422152003358,0.5625,2.08298358519872
111,0.9434306569343066,0.16165678535624017,0.5604166666666667,2.098700233300527
112,0.941866527632951,0.16227570286445994,0.559375,2.12649454275767
113,0.9413451511370129,0.16759618361625234,0.5583333333333333,2.162451954682668
114,0.9335245045059292,0.17668251904568658,0.5583333333333333,2.1620146691799165
115,0.9418665277572568,0.16871644224004279,0.5604166666666667,2.1836877783139546
116,0.9400417099282441,0.16623189043141007,0.559375,2.192124533653259
117,0.9416058393539055,0.16800418259950822,0.559375,2.2029082477092743
118,0.9392596454640251,0.16883744423717603,0.5489583333333333,2.2334929684797924
119,0.9423879038802775,0.16147967736402816,0.5520833333333334,2.2483612497647605
120,0.9379562045660208,0.16520742004556627,0.5447916666666667,2.255225799481074
121,0.936131386799161,0.1696647148622089,0.55,2.268223305543264
122,0.9374348280700827,0.16798182276230036,0.54375,2.2946000695228577
123,0.9408237745789219,0.16534780756773368,0.5447916666666667,2.3033129731814066
124,0.9405630863620292,0.1617176522334748,0.5510416666666667,2.309841336806615
125,0.9457768510106458,0.15545194901378362,0.5479166666666667,2.324392924706141
126,0.9387382688437811,0.1621024891097056,0.5395833333333333,2.3395968755086263
127,0.9389989572471324,0.16505196036399963,0.5427083333333333,2.3547269960244495
128,0.9457768510106458,0.15754838943543598,0.546875,2.3714754541714984
129,0.9408237748896864,0.15995352447219388,0.5520833333333334,2.3828732232252756
130,0.9507299271316051,0.15268825257160118,0.546875,2.3963958978652955
131,0.9439520334923975,0.15895747116012296,0.553125,2.418364860614141
132,0.9470802920951088,0.15290600986718136,0.546875,2.4609370092550913
133,0.9442127216471373,0.1571278460828803,0.546875,2.4496631344159443
134,0.941084463106579,0.16626290075783934,0.55,2.472589997450511
135,0.9400417102390086,0.16461309624352222,0.55625,2.461352793375651
136,0.9413451511370129,0.16289327316164845,0.559375,2.4668998877207438
137,0.9481230449626792,0.15598062754485356,0.5625,2.470111310482025
138,0.9457768506998812,0.15726458117350298,0.559375,2.469303222497304
139,0.9535974973931178,0.14899082878085942,0.5583333333333333,2.494033853212992
140,0.9460375392275384,0.15629536091380125,0.559375,2.515693398316701
141,0.9460375390410796,0.1559544959425056,0.5604166666666667,2.518664316336314
142,0.9439520334923975,0.1591836622798654,0.5552083333333333,2.556283509731293
143,0.9444734099261828,0.15824318544335111,0.5604166666666667,2.5611346979935963
144,0.945255474266096,0.1603160503789456,0.5572916666666666,2.5789497077465056
145,0.950208550573514,0.14920133455608883,0.5541666666666667,2.597326054175695
146,0.9460375392275384,0.15355527721057968,0.5541666666666667,2.6115077277024588
147,0.9457768510106458,0.15226732927051154,0.5552083333333333,2.6253633817036945
148,0.9465589155370178,0.15197381192315235,0.5583333333333333,2.6165758927663165
149,0.9442127213985256,0.1546059768254615,0.55625,2.624991949399312
150,0.9470802919708029,0.14640688977754898,0.5583333333333333,2.641706641515096
151,0.9416058392295996,0.15847924474444205,0.55625,2.6691335519154866
152,0.9483837330552659,0.146272643678069,0.5541666666666667,2.6856756607691445
153,0.9455161627937532,0.15307136713619401,0.5572916666666666,2.7006422162055967
154,0.9442127215228314,0.15623815668449662,0.55,2.714263951778412
155,0.9442127217714431,0.15294039075392007,0.55625,2.744539177417755
156,0.945255474266096,0.14879434391840654,0.55625,2.763699205716451
157,0.9460375389167738,0.15195331584984617,0.5552083333333333,2.780103361606598
158,0.94708029190865,0.14790616011221788,0.5583333333333333,2.7773916562398275
159,0.9496871742018818,0.14572144791530495,0.5552083333333333,2.7643637379010517
160,0.9465589155370178,0.15050619139070928,0.553125,2.783414383729299
161,0.9470802917843442,0.15444858686083673,0.55,2.8047218044598896
162,0.9494264860471421,0.15097442900177335,0.5479166666666667,2.8176371455192566
163,0.9439520334923975,0.15793223505037546,0.54375,2.834307062625885
164,0.9504692386039479,0.14537375546968517,0.5447916666666667,2.856082487106323
165,0.9455161624829886,0.15311009989229804,0.54375,2.864380657672882
166,0.9509906153484977,0.1463572477554753,0.54375,2.87811670700709
167,0.948905109613357,0.14244067086231224,0.5458333333333333,2.885402043660482
168,0.9473409801876955,0.15285580400163862,0.5447916666666667,2.8789350668589275
169,0.9449947860492034,0.15261156480988572,0.546875,2.9263243238131205
170,0.9530761210836385,0.14384867006969154,0.5458333333333333,2.9206225275993347
171,0.9533368091762252,0.142880032493561,0.5458333333333333,2.918805551528931
172,0.9460375392275384,0.15638020204242253,0.5520833333333334,2.9497073849042255
173,0.9483837331795717,0.14550978730008302,0.55,2.9544047911961875
174,0.9507299271316051,0.14872475788074938,0.5510416666666667,2.9562679290771485
175,0.9530761210836385,0.1456825440833044,0.5510416666666667,2.982886290550232
176,0.9449947860492034,0.15216738346097863,0.5489583333333333,3.0199445406595866
177,0.9504692389147125,0.14461730293175973,0.5510416666666667,3.01364004611969
178,0.9522940564329607,0.1434557732967689,0.5489583333333333,3.0012194792429607
179,0.9494264858606833,0.14740815527185533,0.54375,3.0070199012756347
180,0.9491657978302496,0.14932774840169455,0.5385416666666667,3.0255931933720905
181,0.9449947862356621,0.15186207011979116,0.5447916666666667,3.0079009254773457
182,0.9507299271316051,0.14663211023192213,0.540625,3.0196385542551676
183,0.9564650679032423,0.1400125055060148,0.55,3.01464896996816
184,0.9473409802498485,0.15028254690893747,0.55625,3.032391027609507
185,0.9468196038782162,0.14812905451708216,0.5552083333333333,3.054290016492208
186,0.9541188736404442,0.13980919080742707,0.55625,3.074262777964274
187,0.9559436911586925,0.13845799321054295,0.5510416666666667,3.090210509300232
188,0.9470802920951088,0.15073352960463735,0.5510416666666667,3.09353506565094
189,0.9543795620437956,0.13970641933218406,0.5541666666666667,3.121027672290802
190,0.948905109489051,0.14538053157462566,0.5541666666666667,3.1103133082389833
191,0.954640250384994,0.13932965767333852,0.5458333333333333,3.1195533752441404
192,0.9504692389147125,0.14220979641171266,0.5552083333333333,3.13289932012558
193,0.9481230449626792,0.14601740951147765,0.55625,3.1542094031969707
194,0.9577685086769406,0.1334844153292858,0.553125,3.148754366238912
195,0.9507299270694521,0.14309411240320136,0.5510416666666667,3.187606465816498
196,0.9551616268187793,0.13798353208832995,0.553125,3.1838902473449706
197,0.9541188737647501,0.1399360310297937,0.5447916666666667,3.18095592657725
198,0.9494264859228363,0.14381333580386277,0.5510416666666667,3.230249438683192
199,0.9556830030661057,0.14037002898107853,0.5458333333333333,3.2288866023222607
200,0.9569864442127216,0.13509628986230857,0.5572916666666666,3.2329142093658447
201,0.9473409803120013,0.14923258241541815,0.5583333333333333,3.244556919733683
202,0.948905109613357,0.14354606923706464,0.55625,3.2415062725543975
203,0.9567257561201348,0.13315582113793048,0.5552083333333333,3.255310904979706
204,0.9468196036917574,0.1440015507005427,0.5583333333333333,3.2482255260149637
205,0.9533368093005311,0.13976690339408154,0.5552083333333333,3.2540435671806334
206,0.9535974973309649,0.1403166280672871,0.559375,3.259472378094991
207,0.9473409801255426,0.14684608696772483,0.5614583333333333,3.26861971616745
208,0.9569864442127216,0.13269217219106597,0.5552083333333333,3.288072582085927
209,0.9515119918444358,0.1417417500451658,0.5510416666666667,3.295418425401052
210,0.9546402502606882,0.13559839615794492,0.5541666666666667,3.3003674348195395
211,0.9551616266944735,0.13840910100122686,0.5520833333333334,3.29525732199351
212,0.9520333679053035,0.1402746389102389,0.5541666666666667,3.331069032351176
213,0.9577685088633994,0.13590859506780337,0.5520833333333334,3.339835059642792
214,0.9538581856100105,0.14247533569463972,0.553125,3.319875200589498
215,0.9512513035653903,0.14394498169732914,0.5510416666666667,3.3263964573542277
216,0.9538581857343162,0.13981954012225392,0.5479166666666667,3.3165655453999836
217,0.9525547445255474,0.13975117707525975,0.553125,3.3306052764256795
218,0.9528154328045929,0.14037792137566646,0.5520833333333334,3.326032253106435
219,0.9478623566214807,0.14861106905188873,0.5520833333333334,3.341412111123403
220,0.9507299269451464,0.1445714822806208,0.5520833333333334,3.314019807179769
221,0.954640250384994,0.136552314517769,0.5572916666666666,3.3292509158452352
222,0.9559436911586925,0.13668381916096858,0.5583333333333333,3.3378204981486004
223,0.9504692386039479,0.14251672654442793,0.559375,3.351880458990733
224,0.9483837328688072,0.14685581966348932,0.5625,3.3739819804827373
225,0.9588112616688168,0.13477590010424725,0.565625,3.3950690070788068
226,0.9556830031282586,0.1361776131736474,0.5666666666666667,3.3921177625656127
227,0.951772679688411,0.14378470946899669,0.5604166666666667,3.3937936226526895
228,0.954118873826903,0.1373333660992517,0.5677083333333334,3.429733935991923
229,0.9606360792492179,0.1299267370599527,0.5645833333333333,3.4293772260348003
230,0.9478623567457866,0.1476941060146649,0.565625,3.442912213007609
231,0.9522940564329607,0.1401858163669286,0.5520833333333334,3.4682489037513733
232,0.9515119914715183,0.14132878164118845,0.5489583333333333,3.461454530556997
233,0.9554223147249072,0.13621139481306324,0.5541666666666667,3.471948329607646
234,0.9546402501985353,0.14000900756330759,0.55625,3.486189874013265
235,0.9564650677789364,0.13490287776224555,0.5604166666666667,3.479750684897105
236,0.9543795621681015,0.13468579820534982,0.5572916666666666,3.4716328541437784
237,0.9590719499478624,0.13158014744162808,0.559375,3.4753368894259133
238,0.9517726799991755,0.14441763173023528,0.5552083333333333,3.496461308002472
239,0.9549009384775808,0.1409047293681671,0.5572916666666666,3.5100915908813475
240,0.9520333680917622,0.14417760243505331,0.5572916666666666,3.51704417069753
241,0.957507820460048,0.1360071126189048,0.559375,3.5169300119082134
242,0.9624608968917719,0.12783807666041927,0.5614583333333333,3.5420084953308106
243,0.9533368093005311,0.13867997155137304,0.5572916666666666,3.5462559421857196
244,0.9538581856100105,0.138658610962106,0.55625,3.5494705478350324
245,0.9541188738890559,0.13974633273727827,0.5583333333333333,3.5488858858744305
246,0.9525547446498532,0.13827382116670778,0.5645833333333333,3.5574448625246684
247,0.9562043795620438,0.13545354252158665,0.5635416666666667,3.554330571492513
248,0.9538581854235517,0.13889250678240445,0.5697916666666667,3.5457494258880615
249,0.957507820460048,0.1343107052590228,0.565625,3.5653766989707947
