epoch,acc,loss,val_acc,val_loss
0,0.5059958290506826,0.7181074061781572,0.5104166666666666,0.7154496848583222
1,0.5810740353292917,0.7049745144759527,0.5458333333333333,0.7116584459940593
2,0.6402502607503698,0.6912286715413035,0.5489583333333333,0.7098319093386333
3,0.6869134513255329,0.676376237362095,0.5510416666666667,0.7090176264444987
4,0.7090719498235565,0.662641620051749,0.5520833333333334,0.7084946970144907
5,0.7393117829209448,0.6445823855022196,0.559375,0.7084068377812703
6,0.7622523460696462,0.626202176832929,0.5427083333333333,0.7118612249692281
7,0.7614702814189684,0.6157888241182154,0.5395833333333333,0.7122425715128581
8,0.7791970802298179,0.5970383044701298,0.5541666666666667,0.7125650922457377
9,0.7943169967474356,0.5838085192336281,0.5489583333333333,0.7137985368569691
10,0.8000521378298373,0.567241994817513,0.5520833333333334,0.715483953555425
11,0.8196037539724762,0.545263727091649,0.55,0.7209255973498027
12,0.8302919706786139,0.523735738521572,0.5479166666666667,0.7217756628990173
13,0.8368091762252347,0.5078180500066317,0.53125,0.7309829235076905
14,0.8342022942427674,0.4891035400478633,0.5395833333333333,0.730479629834493
15,0.8446298229184712,0.46331332286779026,0.534375,0.7374355057875316
16,0.8456725754131241,0.4466605262910487,0.5447916666666667,0.7414324263731639
17,0.8524504693009434,0.43093701687420993,0.540625,0.7505063056945801
18,0.8600104274665228,0.405743321487379,0.5520833333333334,0.7603431840737661
19,0.8633993744104324,0.394269008239939,0.540625,0.7687127987543741
20,0.8654848800212673,0.3781022932904853,0.5479166666666667,0.7801939725875855
21,0.8615745567678784,0.37466938910195924,0.54375,0.7887486894925435
22,0.8670490094469288,0.36482296292053396,0.5489583333333333,0.799541296561559
23,0.8795620438577734,0.3399535497423258,0.5447916666666667,0.8132457315921784
24,0.8709593327624706,0.3410833381015392,0.54375,0.8301351050535838
25,0.8798227318260543,0.32659061117888244,0.5385416666666667,0.8462805887063344
26,0.8842544318861459,0.31603076659352736,0.5416666666666666,0.8629211346308391
27,0.8813868611274098,0.3155458642245582,0.534375,0.8793761928876241
28,0.8806047964767321,0.3076560321080424,0.5333333333333333,0.8942149897416433
29,0.8847758081956253,0.3020018410632956,0.54375,0.905278992652893
30,0.8905109489672624,0.29461333093479103,0.5458333333333333,0.9220227857430776
31,0.8850364964746708,0.29606233092803774,0.5479166666666667,0.9355525930722555
32,0.8860792491557824,0.29494115570414425,0.5385416666666667,0.9509191552797953
33,0.894681960375391,0.2789753133021256,0.5427083333333333,0.96360488931338
34,0.8978102187916435,0.2740998673830589,0.55,0.9757289409637451
35,0.9043274245247229,0.26471765819505805,0.5552083333333333,0.9886985341707866
36,0.8907716370598492,0.2794919082034492,0.5416666666666666,1.0104825993378956
37,0.886339937372675,0.2802389674626749,0.5385416666666667,1.023825285832087
38,0.8907716372463079,0.27489358401149355,0.5416666666666666,1.0301388820012412
39,0.899113660124718,0.25735100072044276,0.5447916666666667,1.0538846989472708
40,0.8985922835044742,0.25972968122384843,0.5385416666666667,1.0692965785662334
41,0.9043274245247229,0.24788685181839498,0.5416666666666666,1.0792648474375406
42,0.8962460897388995,0.25735141667882144,0.540625,1.0973122537136077
43,0.8954640250882218,0.2575823907372352,0.5427083333333333,1.1248065690199534
44,0.9043274245247229,0.24578559608417208,0.5416666666666666,1.1372363169987996
45,0.9017205422936441,0.24202413280514906,0.5395833333333333,1.1508915623029072
46,0.8991136598761065,0.24836854955202844,0.53125,1.1722918391227721
47,0.9056308656091859,0.23530019703199767,0.5416666666666666,1.1824076473712921
48,0.9069343066936489,0.23340007597512571,0.54375,1.203232862552007
49,0.9082377477781118,0.2306177727839248,0.5427083333333333,1.2173012415568034
50,0.8998957245267842,0.2428466774779639,0.5416666666666666,1.238624769449234
51,0.9053701772058346,0.2312251255460029,0.5395833333333333,1.257676547765732
52,0.9022419184788176,0.23285025390830352,0.5489583333333333,1.26891201933225
53,0.9079770594990664,0.22979694772686526,0.5447916666666667,1.2816428601741792
54,0.9038060481530906,0.2333483335496984,0.5395833333333333,1.2978782912095388
55,0.9137122001463976,0.21730713911424465,0.5416666666666666,1.3158791383107504
56,0.9077163712821738,0.22521540460422465,0.5427083333333333,1.3398600538571677
57,0.9069343066936489,0.22395469360170076,0.5416666666666666,1.3580785950024923
58,0.9048488009585082,0.22383571199381314,0.5489583333333333,1.3790733555952708
59,0.9103232535754056,0.2197805126280183,0.5385416666666667,1.3942986845970153
60,0.9150156412308607,0.21393280702412937,0.5447916666666667,1.4101434648036957
61,0.9087591241497441,0.22256857082170042,0.55,1.4230661888917286
62,0.9176225233997866,0.20817686799171695,0.5395833333333333,1.4532989899317423
63,0.912148070907195,0.2132977458324994,0.53125,1.4745729684829711
64,0.9147549532004268,0.20836899018573563,0.5385416666666667,1.4892699460188548
65,0.9131908238369183,0.2062869908538675,0.5364583333333334,1.4965567449728647
66,0.9150156412930136,0.20922763248647216,0.5395833333333333,1.5115181008974712
67,0.9197080292592332,0.19645413526404762,0.5291666666666667,1.5426740169525146
68,0.9168404588734147,0.20292491994883644,0.53125,1.5614803890387217
69,0.9194473411044936,0.19898083832452892,0.5260416666666666,1.5813319424788157
70,0.914233576455877,0.20262818670869495,0.5270833333333333,1.609601863225301
71,0.9171011468416956,0.19964088159258844,0.5197916666666667,1.6449193477630615
72,0.9207507821889565,0.193494267062487,0.5333333333333333,1.6494085490703583
73,0.9150156413551664,0.20117719337825854,0.53125,1.6646173457304636
74,0.9171011468416956,0.204871846283315,0.528125,1.6867404103279113
75,0.9189259644842496,0.1967386058429732,0.53125,1.7066657662391662
76,0.9251824816896719,0.18555290025889065,0.5208333333333334,1.7368781288464865
77,0.9212721586227417,0.19142652341049082,0.5208333333333334,1.7620159645875295
78,0.9181438998957248,0.19643525766816702,0.5260416666666666,1.7913897772630056
79,0.9230969758302253,0.1897441054440887,0.5270833333333333,1.8085510671138763
80,0.9337851930335863,0.17283012436720327,0.5177083333333333,1.8353135704994201
81,0.9314389989572471,0.18025149949617505,0.5270833333333333,1.8603016932805378
82,0.9233576641714237,0.19545602750293406,0.534375,1.884968497355779
83,0.9319603755153382,0.18480025812967973,0.5239583333333333,1.8917621771494548
84,0.9348279459011567,0.17559685162632757,0.525,1.8950161655743918
85,0.935349322334942,0.17876103520393372,0.521875,1.9096521615982056
86,0.9293534932221064,0.18574954316066628,0.5302083333333333,1.9246015469233195
87,0.9392596452775663,0.1768197387736582,0.528125,1.9362311859925587
88,0.9369134513255329,0.17051778632731832,0.5302083333333333,1.96089515487353
89,0.944994786359968,0.16261328489551705,0.5291666666666667,1.9905319452285766
90,0.9376955161626694,0.17053167171566527,0.5177083333333333,2.009532654285431
91,0.9434306570586124,0.1674777664034409,0.521875,2.060168904066086
92,0.9288321166018624,0.19184427838131585,0.5229166666666667,2.065781956911087
93,0.9337851927228218,0.18059470767895297,0.51875,2.087899160385132
94,0.9426485922836287,0.16636139629127086,0.5114583333333333,2.127603695789973
95,0.935349322210636,0.16875600470647573,0.5177083333333333,2.131570641199748
96,0.9335245046923879,0.17531227278479447,0.5229166666666667,2.146983148654302
97,0.9418665274464922,0.16809827608286526,0.5125,2.178351833422979
98,0.9436913449647404,0.16656965071702526,0.525,2.1789971431096395
99,0.9330031281964498,0.1800144034456287,0.521875,2.197337277730306
100,0.9363920751403594,0.17193545365358417,0.53125,2.1985798557599385
101,0.9416058395403643,0.1689090733265852,0.5322916666666667,2.2193516234556836
102,0.9376955162869752,0.1701718475261744,0.5302083333333333,2.2287419557571413
103,0.9426485923457817,0.16330631986275954,0.5229166666666667,2.276228841145833
104,0.9389989570606737,0.17033110824690373,0.5239583333333333,2.2981725970904034
105,0.9436913449647404,0.1723705680265914,0.5364583333333334,2.301523999373118
106,0.9429092806248272,0.1567249547173507,0.540625,2.2958912809689838
107,0.9434306569343066,0.16400640968299385,0.534375,2.318044459819794
108,0.945255474266096,0.16608986709115403,0.5375,2.3319455246130625
109,0.9429092804383684,0.16721800309960363,0.528125,2.3641901473204294
110,0.9462982273201251,0.16662457934944921,0.5364583333333334,2.3996261179447176
111,0.9442127215849844,0.16338639756872458,0.53125,2.4216687122980756
112,0.9423879038802775,0.16923634181181754,0.5229166666666667,2.432903705040614
113,0.9473409800012368,0.15419142748441886,0.528125,2.434549198547999
114,0.9413451513234716,0.1629155749480344,0.528125,2.45794683098793
115,0.9476016683424352,0.15082715484347656,0.53125,2.479279152552287
116,0.9468196037539103,0.15900639114402257,0.5239583333333333,2.5056963483492534
117,0.9496871742640347,0.1494232940568168,0.5260416666666666,2.5342009603977202
118,0.942387904191042,0.16006158290739725,0.5260416666666666,2.5582417050997415
119,0.941866527570798,0.16165636512484863,0.5260416666666666,2.573926568031311
120,0.9436913452133521,0.160022891195524,0.51875,2.5861745357513426
121,0.9410844629201203,0.16606298800678274,0.5229166666666667,2.5761486609776814
122,0.9483837331795717,0.15896840151146877,0.5239583333333333,2.589567518234253
123,0.940563086548488,0.16952548778933454,0.5239583333333333,2.605601159731547
124,0.944473409801877,0.15747083624877323,0.515625,2.619044005870819
125,0.9436913452133521,0.16190976168614607,0.5239583333333333,2.6362537781397504
126,0.9491657978302496,0.15238330088268356,0.5145833333333333,2.68761332432429
127,0.9491657977059437,0.15049810037871472,0.5197916666666667,2.693768342336019
128,0.9478623564350219,0.15355516828759744,0.5083333333333333,2.7079222798347473
129,0.9504692389147125,0.15007547991461004,0.5104166666666666,2.7177635153134663
130,0.950729927193758,0.1533681932405585,0.5104166666666666,2.7281190474828083
131,0.9473409801876955,0.15068433581384305,0.5052083333333334,2.723760954538981
132,0.946558915350559,0.1647938690357089,0.5166666666666667,2.739025378227234
133,0.945776850824187,0.16080127148359735,0.5135416666666667,2.7524260779221854
134,0.9499478624809273,0.15253032970788954,0.5135416666666667,2.7657883564631143
135,0.9549009384154279,0.14482200307319013,0.5135416666666667,2.784799619515737
136,0.9457768506998812,0.15277696240060148,0.5135416666666667,2.816538755098979
137,0.9507299269451464,0.15391845614246333,0.5145833333333333,2.8192460815111797
138,0.9577685089877052,0.14235288148689568,0.5083333333333333,2.835361635684967
139,0.9483837328688072,0.15231572609002447,0.5083333333333333,2.834432303905487
140,0.9452554744525548,0.15894427469021585,0.5177083333333333,2.852861428260803
141,0.9483837331795717,0.15118754991525404,0.515625,2.865918835004171
142,0.9546402502606882,0.1428277907471587,0.5104166666666666,2.8963096737861633
143,0.9499478621701627,0.1495132402005111,0.5114583333333333,2.9167491594950357
144,0.9483837332417246,0.15111611971517053,0.5114583333333333,2.951207693417867
145,0.9491657978302496,0.14892353777840686,0.509375,2.954023309548696
146,0.9504692387904067,0.1510631616020476,0.509375,2.995547811190287
147,0.9580291972045978,0.1309486322718691,0.5104166666666666,3.019781398773193
148,0.9538581857343162,0.14269865577704466,0.5135416666666667,3.0259957869847613
149,0.9502085503870553,0.14736414981211562,0.51875,3.0143813093503318
150,0.9567257558093702,0.13754785085743734,0.515625,3.031200949350993
151,0.9538581856100105,0.14202146575522995,0.5197916666666667,3.0320400476455687
152,0.9535974975174236,0.1393428634739519,0.5208333333333334,3.0282002488772073
153,0.955422314911366,0.138716144314399,0.51875,3.0689623673756916
154,0.954640250384994,0.15070241127198133,0.5208333333333334,3.070819310347239
155,0.9535974973931178,0.1417600504580081,0.5166666666666667,3.0944782813390095
156,0.9515119914715183,0.14632007627280835,0.525,3.1024274508158367
157,0.9556830031282586,0.13507418778100524,0.5260416666666666,3.108763035138448
158,0.9590719497614036,0.14102432557514735,0.534375,3.141099989414215
159,0.9582898854214904,0.13696986728962568,0.5270833333333333,3.1478707949320475
160,0.9543795620437956,0.14243007799352173,0.51875,3.1747230609258015
161,0.9538581855478575,0.1458823260723985,0.5208333333333334,3.2373679359753926
162,0.950208550573514,0.1542551823045837,0.5177083333333333,3.260096804300944
163,0.9512513035653903,0.15099507445960894,0.528125,3.2230353554089866
164,0.9603753911566312,0.13608820872367733,0.5166666666666667,3.2253224849700928
165,0.9515119917822829,0.1556144023821053,0.5177083333333333,3.2117992202440897
166,0.957507820460048,0.14384165782252242,0.5177083333333333,3.182103439172109
167,0.9533368091140724,0.146810382060761,0.525,3.2126203536987306
168,0.9551616266944735,0.14007899171368796,0.5125,3.217470105489095
169,0.9530761209593326,0.1554571014942603,0.5135416666666667,3.2341744740804037
170,0.9564650677789364,0.1407668159320966,0.5145833333333333,3.230227522055308
171,0.9549009384154279,0.14752350592203012,0.5166666666666667,3.2446034948031106
172,0.9551616265080146,0.145605676855049,0.5177083333333333,3.2578672528266908
173,0.9515119917822829,0.14728961272769228,0.5197916666666667,3.254572304089864
174,0.957507820460048,0.1414572550401449,0.51875,3.268196773529053
175,0.9562043794998909,0.14189683812999626,0.5177083333333333,3.3089492241541545
176,0.95724713255392,0.13861100552011207,0.515625,3.3414737741152445
177,0.9627215847978999,0.13095775743843494,0.5083333333333333,3.3432145953178405
178,0.9577685089877052,0.1328267856298075,0.50625,3.356574348608653
179,0.9577685089877052,0.13387193496613856,0.5104166666666666,3.376632034778595
180,0.9549009382911221,0.14262380651407122,0.5052083333333334,3.3889917810757955
181,0.958029197080292,0.13531754618050285,0.509375,3.4014073848724364
182,0.9562043795620438,0.13816621219807299,0.5083333333333333,3.398888130982717
183,0.9530761208971797,0.13848076620924835,0.5041666666666667,3.4470320105552674
184,0.9556830032525644,0.13966261529450122,0.49895833333333334,3.4578213532765707
185,0.9603753910323254,0.13057151941798154,0.503125,3.4491238673528035
186,0.9580291972045978,0.1297455610740421,0.5072916666666667,3.463094687461853
187,0.9593326382890608,0.13085694451028787,0.5041666666666667,3.4752912123998008
188,0.9611574556208502,0.13813065312515335,0.5114583333333333,3.47314875125885
189,0.954640250384994,0.13934652676671835,0.5145833333333333,3.4836727579434714
190,0.9622002084884206,0.13211993026285898,0.509375,3.4852574706077575
191,0.963764337851929,0.12761708240221886,0.5104166666666666,3.4656690756479898
192,0.95724713255392,0.14176901256640337,0.5166666666666667,3.4855063557624817
193,0.9603753911566312,0.1302063483453518,0.5104166666666666,3.493196988105774
194,0.958029197080292,0.13487874401094269,0.5104166666666666,3.494593671957652
195,0.9616788321167883,0.13083441340295565,0.5083333333333333,3.4874109745025637
196,0.9575078206465067,0.1339466789109988,0.51875,3.4762314597765607
197,0.966631908051289,0.1201380890589188,0.5166666666666667,3.4890565594037373
198,0.9611574554965444,0.13275668814358796,0.5125,3.5067785461743672
199,0.958029197080292,0.135397603702309,0.5052083333333334,3.5131975531578066
200,0.9588112618552755,0.14091675308250412,0.5083333333333333,3.5364680528640746
201,0.9603753908458666,0.1381677025472658,0.5145833333333333,3.5542669971783956
202,0.9663712201451609,0.1212408155031945,0.509375,3.564815330505371
203,0.9608967674661105,0.1282370847507115,0.5145833333333333,3.5829209089279175
204,0.9598540147228459,0.13090045353139404,0.5145833333333333,3.5831700881322224
205,0.9598540145363872,0.1425529299643788,0.5166666666666667,3.578802494208018
206,0.9585505735140771,0.13309949345894476,0.521875,3.568060259024302
207,0.9595933265059534,0.13604407675168065,0.521875,3.5648267388343813
208,0.9627215847978999,0.12736055039731753,0.51875,3.5758086442947388
209,0.9588112617309698,0.13617165092227357,0.5239583333333333,3.554410723845164
210,0.959332638164755,0.13303166378495343,0.5208333333333334,3.568974328041077
211,0.9588112618552755,0.13258478022933132,0.5208333333333334,3.5919669469197593
212,0.9645464025026069,0.1335291265198287,0.5177083333333333,3.635876433054606
213,0.9603753908458666,0.1304202321237021,0.5208333333333334,3.6381362676620483
214,0.9611574556830031,0.13846862790047562,0.5083333333333333,3.651124119758606
215,0.9585505733276184,0.138321437710766,0.5135416666666667,3.668410817782084
216,0.9598540147228459,0.13281139938065606,0.5135416666666667,3.669691785176595
217,0.963764337851929,0.12709389908998675,0.5197916666666667,3.6396154165267944
218,0.9567257558093702,0.14247325469853359,0.5229166666666667,3.6328383247057596
219,0.9640250258823629,0.13422546070360417,0.5208333333333334,3.6308712641398113
220,0.9590719499478624,0.13811168541531618,0.528125,3.6290403167406717
221,0.9606360793735238,0.12786170986322715,0.5291666666666667,3.631395117441813
222,0.9642857144100201,0.12387428960225878,0.53125,3.634657295544942
223,0.9619395201472222,0.13890363359134314,0.5291666666666667,3.6545625925064087
224,0.9606360792492179,0.136377025376209,0.5239583333333333,3.6645014882087708
225,0.9658498437113757,0.12536787520608514,0.5302083333333333,3.6727336327234905
226,0.9598540147228459,0.1254480037220576,0.5208333333333334,3.676406145095825
227,0.9629822731390983,0.12658556321552325,0.5208333333333334,3.687740210692088
228,0.9650677790606979,0.12650937413771532,0.5260416666666666,3.704327420393626
229,0.9666319083620535,0.12526900997935048,0.51875,3.7077885349591573
230,0.956204379375585,0.1467587528934817,0.525,3.6916152238845825
231,0.9572471324296142,0.13868633523288185,0.525,3.7169469674428304
232,0.963764337851929,0.1350789308097365,0.5260416666666666,3.733880650997162
233,0.9603753910323254,0.12762925855046267,0.5177083333333333,3.7516830523808795
234,0.9629822732012513,0.12745073498289827,0.5177083333333333,3.7544590791066486
235,0.9593326379782963,0.13216633481732,0.5177083333333333,3.7569026549657187
236,0.9635036497593423,0.1360435404419526,0.515625,3.7300984541575115
237,0.9619395204579867,0.12842299622154335,0.5145833333333333,3.759572696685791
238,0.9632429612316852,0.12291079097669241,0.5177083333333333,3.7791768153508505
239,0.9650677787499333,0.1292097540387769,0.5145833333333333,3.771912852923075
240,0.9622002085505735,0.12831007775474762,0.515625,3.7850196242332457
241,0.9622002083641148,0.1260626275981927,0.5322916666666667,3.7394362727801007
242,0.9601147029397386,0.13624464637358072,0.5291666666666667,3.7528982520103455
243,0.9622002086748793,0.12937283283633658,0.525,3.7499209721883138
244,0.9663712198343963,0.12516752685632895,0.5385416666666667,3.736277198791504
245,0.9676746612296239,0.12110835484717511,0.5239583333333333,3.7774144609769187
246,0.9655891553701773,0.12112103478751914,0.5291666666666667,3.7784113764762877
247,0.9624608968917719,0.13344868078315097,0.525,3.7763999541600546
248,0.9606360792492179,0.1362643979404343,0.521875,3.780385692914327
249,0.9635036496350365,0.12817096938617037,0.5291666666666667,3.7655213912328085
