epoch,acc,loss,val_acc,val_loss
0,0.5190302397399301,0.7160077664352433,0.5083333333333333,0.7114706556002299
1,0.6525026069443218,0.6866294816835581,0.5302083333333333,0.7082934200763702
2,0.7028154328667459,0.6615321308032563,0.5302083333333333,0.7067659338315327
3,0.7327945778715473,0.6323571077725686,0.5458333333333333,0.7068268795808156
4,0.7468717415215946,0.603832712387268,0.5489583333333333,0.7073412438233694
5,0.7695516164534035,0.5688700871746035,0.5583333333333333,0.70880020459493
6,0.7815432740575454,0.5372308395080447,0.5510416666666667,0.7113660097122192
7,0.7982273201872833,0.5084013358084825,0.5489583333333333,0.7183153669039408
8,0.8099582900096031,0.4742825870655625,0.559375,0.7245477557182312
9,0.8203858187474597,0.45006634949146146,0.55,0.7344638645648957
10,0.8242961417522371,0.4352573377621186,0.5395833333333333,0.7431822796662648
11,0.83446298245966,0.41188816712223325,0.5427083333333333,0.7538980642954508
12,0.8430656934928098,0.3929257580585102,0.5458333333333333,0.7658620417118073
13,0.8401981231691442,0.3818289383670958,0.54375,0.7757271230220795
14,0.8480187694273105,0.36269910921021226,0.55,0.7893331269423167
15,0.8477580813968766,0.350471295610583,0.546875,0.8024296899636586
16,0.8519290928671581,0.33920478308039237,0.546875,0.815586103995641
17,0.8529718457347285,0.3306343325795421,0.5427083333333333,0.8331036766370138
18,0.8579249218556878,0.3146474137979951,0.5375,0.8511348168055216
19,0.8448905111353638,0.3190902904126642,0.5416666666666666,0.8663311938444773
20,0.8589676747232582,0.3087600507502511,0.55,0.8819347381591797
21,0.857403545173291,0.2995116810729034,0.546875,0.895386544863383
22,0.8534932219199021,0.30102269241160967,0.5385416666666667,0.9147901097933452
23,0.8555787279036545,0.291461835936784,0.540625,0.93158464829127
24,0.8597497394982418,0.285587081446762,0.540625,0.9429202874501547
25,0.8660062565793584,0.2749620763676259,0.534375,0.9612644692262013
26,0.8673096974773625,0.2732907252403693,0.54375,0.9814358750979105
27,0.8673096974152097,0.2754096112236365,0.5427083333333333,0.9977884650230407
28,0.8808654848179305,0.2599373570758931,0.54375,1.0119526088237762
29,0.8714807088854912,0.2670139308952813,0.5458333333333333,1.0264767746130625
30,0.8759124086969712,0.2571135846989247,0.5447916666666667,1.0445132394631704
31,0.8852971845051046,0.2501534199938411,0.5458333333333333,1.0658473432064057
32,0.8793013557651865,0.2523093525790323,0.5354166666666667,1.0869834442933402
33,0.8790406673618353,0.2513991785279404,0.534375,1.104849116007487
34,0.8842544315132285,0.24644135233943232,0.5395833333333333,1.1190789143244426
35,0.8837330550794432,0.2378120328667763,0.5322916666666667,1.1347840905189515
36,0.889989572657783,0.2356495694398134,0.5354166666666667,1.1624234040578207
37,0.8772158496571283,0.2449450120873695,0.5364583333333334,1.1912926216920217
38,0.8902502608125227,0.2307974650632353,0.53125,1.207304408152898
39,0.8952033367470233,0.22725009427204867,0.525,1.2253853579362233
40,0.8946819604996968,0.2258864335863384,0.5333333333333333,1.2338211874167124
41,0.8879040666740307,0.22758080978898237,0.5354166666666667,1.2537382225195566
42,0.8931178312604942,0.22488795374680362,0.5322916666666667,1.2768875062465668
43,0.8918143898031138,0.22230394099129128,0.5260416666666666,1.3028552770614623
44,0.8899895724091714,0.22610931056507935,0.5354166666666667,1.314616709947586
45,0.8884254432321216,0.22177576791879655,0.5291666666666667,1.3330934345722198
46,0.8907716373084609,0.22210056292003835,0.5229166666666667,1.3543756445248922
47,0.8899895722848655,0.2208172906427115,0.5270833333333333,1.376709391673406
48,0.8978102187916435,0.21316935499592046,0.5302083333333333,1.3964368263880411
49,0.8998957247753959,0.2101587092230044,0.5375,1.4181787768999736
50,0.9048488006477435,0.20577547168582522,0.5302083333333333,1.4355614324410757
51,0.90432742446257,0.20030299410208421,0.5322916666666667,1.4505484481652577
52,0.901199165797706,0.20743170767494237,0.5291666666666667,1.4755119601885478
53,0.9032846715949996,0.2011775461115852,0.5239583333333333,1.4904353340466818
54,0.9038060481530906,0.20171971835110558,0.5260416666666666,1.511177561680476
55,0.9092805006456822,0.19716314488984993,0.525,1.5398971875508627
56,0.9019812306348425,0.2035820850242042,0.5197916666666667,1.5545660495758056
57,0.9061522419186653,0.19798419435000644,0.525,1.5809834639231364
58,0.9045881124308509,0.19611820319086717,0.525,1.6009616653124492
59,0.9064129302598637,0.19707258497835822,0.5291666666666667,1.6190825740496317
60,0.9178832116788321,0.1832653776479339,0.5354166666666667,1.6493234356244406
61,0.9155370177889517,0.18568404003340708,0.5260416666666666,1.6827598174413045
62,0.8998957245889372,0.1979731413321152,0.5291666666666667,1.7009534637133281
63,0.9098018767687028,0.18779412291097194,0.5260416666666666,1.7026589194933572
64,0.9103232535132526,0.1871594383582333,0.5229166666666667,1.7481477657953899
65,0.9165797704079104,0.18361253565618219,0.521875,1.7609076023101806
66,0.9082377475295003,0.18885603805030846,0.515625,1.7803640643755594
67,0.9165797704079104,0.18025880614616077,0.5208333333333334,1.7967566172281901
68,0.9090198124287897,0.19047489529232786,0.5197916666666667,1.8124409119288127
69,0.9111053181017775,0.18563155500496017,0.5177083333333333,1.829215403397878
70,0.9113660062565172,0.18538049665183542,0.5208333333333334,1.8637182553609213
71,0.9100625652963601,0.19062280513509347,0.5260416666666666,1.8815429210662842
72,0.912669447403133,0.1842096302196057,0.528125,1.8930776397387186
73,0.9061522420429711,0.18621302382851543,0.5322916666666667,1.9086872816085816
74,0.912930135371414,0.17753126693654483,0.5364583333333334,1.912893013159434
75,0.9189259646707083,0.17246016518167212,0.5395833333333333,1.932680316766103
76,0.9165797706565221,0.17137352222570912,0.5375,1.95723823706309
77,0.9038060480909378,0.18189253436636502,0.5385416666666667,1.9654442946116129
78,0.9163190825639352,0.17214149685733882,0.5385416666666667,2.002990162372589
79,0.9071949947240827,0.18443759570405183,0.53125,2.0198237101236978
80,0.9165797707186749,0.17575234781496218,0.5322916666666667,2.03564377228419
81,0.9056308654227272,0.1809529504263861,0.5333333333333333,2.0409398277600608
82,0.9131908238990712,0.17634710451982316,0.528125,2.086698917547862
83,0.9178832117409851,0.17493542366902945,0.5229166666666667,2.1215875188509625
84,0.9137122002085506,0.169805375375514,0.5260416666666666,2.141089459260305
85,0.9053701772679875,0.18205923809668942,0.5229166666666667,2.149731926123301
86,0.9142335768287945,0.16912392912989985,0.521875,2.1377593676249185
87,0.9131908237126125,0.17244180600324935,0.53125,2.150751558939616
88,0.9144942647349226,0.17101302310995314,0.534375,2.165858320395152
89,0.9124087590619346,0.17271853197167886,0.525,2.1804563959439593
90,0.9181438998335718,0.17116444118950241,0.53125,2.197260109583537
91,0.9118873826281495,0.1747338266206111,0.5270833333333333,2.2042160193125406
92,0.9181439000200305,0.17150653682734596,0.5291666666666667,2.2333356738090515
93,0.9160583939741253,0.164988188086635,0.5333333333333333,2.250054128964742
94,0.9210114702193903,0.16410445285974629,0.5375,2.26710844039917
95,0.9238790407295148,0.16288038615887057,0.5333333333333333,2.290108648935954
96,0.9197080291970803,0.16650163981678962,0.5260416666666666,2.3098909219106036
97,0.9105839417301452,0.1707838359711317,0.5239583333333333,2.3273799737294514
98,0.9212721584984359,0.1674368672725493,0.53125,2.3446683088938394
99,0.9225755993964401,0.16332601347978967,0.5333333333333333,2.3476070046424864
100,0.9144942649835341,0.16602009558143158,0.5395833333333333,2.3507418433825173
101,0.9233576641714237,0.15977673742209286,0.5395833333333333,2.383026643594106
102,0.926225234743701,0.1570561975085325,0.5416666666666666,2.414885667959849
103,0.9171011469660014,0.16309955545212604,0.5427083333333333,2.443129372596741
104,0.9121480710315009,0.1670200201033054,0.5354166666666667,2.439812791347504
105,0.9217935348700681,0.15779623504226972,0.5354166666666667,2.4617822925249735
106,0.9225755997072047,0.15687248625863456,0.5354166666666667,2.4658178726832074
107,0.9165797707186749,0.16305620211630095,0.53125,2.48207270304362
108,0.9189259645464025,0.1614978605098595,0.5302083333333333,2.490200444062551
109,0.9163190825017824,0.16037412335837845,0.5385416666666667,2.4890221476554872
110,0.9238790404809031,0.15592280947006035,0.534375,2.5230226198832195
111,0.9251824816896719,0.15600313939255148,0.5333333333333333,2.5312381466229756
112,0.9199687174139729,0.161465747435349,0.5322916666666667,2.528404986858368
113,0.9186652764538157,0.1631150543767419,0.53125,2.5550071120262148
114,0.9184045882369232,0.16041334942993207,0.5270833333333333,2.576918725172679
115,0.9152763294477533,0.16139681753823854,0.5302083333333333,2.5911412676175436
116,0.9176225232754808,0.16046216715674952,0.5291666666666667,2.6122057676315307
117,0.9230969758302253,0.15541152494480762,0.5260416666666666,2.630416389306386
118,0.921793535056527,0.15681149885136095,0.5364583333333334,2.638313666979472
119,0.9184045881747702,0.15607086847982019,0.5375,2.6424896081288654
120,0.9178832114923734,0.1585169888574463,0.5385416666666667,2.652652382850647
121,0.9199687174761259,0.16001144225579977,0.540625,2.6544474005699157
122,0.9204900936612993,0.1583813520709715,0.5375,2.666215093930562
123,0.9322210637322308,0.16332838293534002,0.5375,2.6845117171605426
124,0.9345672573734995,0.15613695239498668,0.5333333333333333,2.707945156097412
125,0.9296141815633048,0.1629646688668646,0.5375,2.7179959336916606
126,0.9361313866748551,0.156103193542383,0.5416666666666666,2.7294707735379538
127,0.9449947860492034,0.148033687932275,0.540625,2.751606996854146
128,0.9395203338052235,0.1549616475454585,0.5364583333333334,2.7727596958478293
129,0.9363920750782064,0.1584364473431277,0.5395833333333333,2.78493150472641
130,0.9376955162869752,0.15290998621640786,0.5479166666666667,2.799796946843465
131,0.9421272157876907,0.15268150797041913,0.540625,2.800038441022237
132,0.9379562045038679,0.15095915127161025,0.5416666666666666,2.809480158487956
133,0.9384775808133472,0.15745625330273127,0.540625,2.8316818475723267
134,0.9358706987065741,0.15825633190346958,0.5395833333333333,2.8346985658009847
135,0.9452554745768605,0.15413607895467527,0.5385416666666667,2.856067419052124
136,0.9371741398531901,0.16271301205886665,0.5364583333333334,2.8641951004664103
137,0.9389989573714382,0.15220184336737871,0.5385416666666667,2.8670178651809692
138,0.941084463106579,0.15346116344983435,0.5354166666666667,2.879661985238393
139,0.9436913449647404,0.1480571166597641,0.5416666666666666,2.8885443607966104
140,0.9363920750782064,0.16171833422186477,0.5395833333333333,2.885466007391612
141,0.9439520334923975,0.14664257809566383,0.5416666666666666,2.891712180773417
142,0.9403023985180542,0.1560999057930627,0.5322916666666667,2.90051105817159
143,0.9408237747653806,0.15267031121614455,0.5302083333333333,2.919815723101298
144,0.9470802920951088,0.1475077128587475,0.5270833333333333,2.9252294381459554
145,0.9405630863620292,0.14943902739891793,0.53125,2.9316328525543214
146,0.939781022022116,0.15397667306804558,0.5385416666666667,2.930987898508708
147,0.9397810217113515,0.15642444340354833,0.5333333333333333,2.942655340830485
148,0.9470802920951088,0.14422933919679634,0.5291666666666667,2.953860644499461
149,0.9296141812525403,0.1670710317969198,0.5375,2.972873787085215
150,0.9371741398531901,0.15352390751600017,0.5447916666666667,2.970498828093211
151,0.9426485922214759,0.14938691120140246,0.5354166666666667,2.9948144276936848
152,0.9460375391032325,0.1506394272489518,0.540625,3.007459298769633
153,0.9447340978323108,0.14839114293813457,0.553125,3.0235291798909505
154,0.9465589156613236,0.15166744201349888,0.5510416666666667,3.038581891854604
155,0.9384775806268885,0.15962078626635673,0.54375,3.032448665301005
156,0.9421272156633849,0.15392334157905938,0.5416666666666666,3.0382370432217916
157,0.9429092806248272,0.1548591702865734,0.5479166666666667,3.0387160658836363
158,0.9421272158498436,0.15658950148396994,0.5489583333333333,3.0466227690378824
159,0.9389989573714382,0.1547880806223071,0.553125,3.0563857118288675
160,0.954118873826903,0.13631437006440475,0.5479166666666667,3.0683368682861327
161,0.9468196038782162,0.1498768578542783,0.54375,3.0906743804613748
162,0.946558915350559,0.14342674210558842,0.546875,3.123007579644521
163,0.9429092805005214,0.1493657083484627,0.5479166666666667,3.1401819984118142
164,0.9483837331795717,0.14187468927085586,0.5479166666666667,3.134674048423767
165,0.9452554745768605,0.14487681655180218,0.5447916666666667,3.1307252287864684
166,0.9434306568721537,0.14700287798025313,0.5458333333333333,3.110944064458211
167,0.9400417101768558,0.15094479610822994,0.5479166666666667,3.1143741369247437
168,0.9384775807511944,0.15186596249266138,0.5458333333333333,3.138169503211975
169,0.9489051093025923,0.14278366287725436,0.5416666666666666,3.1392302393913267
170,0.9418665276951039,0.15408508016555972,0.54375,3.1650801022847492
171,0.9408237748896864,0.15295917878745122,0.5458333333333333,3.165615896383921
172,0.9491657975194849,0.14907239664955854,0.5416666666666666,3.187022364139557
173,0.9460375392275384,0.14786925091484912,0.5427083333333333,3.1885670105616253
174,0.9436913452133521,0.14610225336705807,0.54375,3.1942999243736265
175,0.9520333680917622,0.1432096790425223,0.5458333333333333,3.1956368605295817
176,0.9434306569343066,0.15008735028216935,0.5479166666666667,3.2005181352297467
177,0.9442127217092902,0.14764184768120364,0.5385416666666667,3.225465214252472
178,0.9481230449626792,0.14431332566069363,0.5364583333333334,3.240291424592336
179,0.948383732993113,0.14341459445834034,0.5395833333333333,3.2335876782735187
180,0.9460375389167738,0.14526003636458618,0.5333333333333333,3.2346224109331767
181,0.9465589155370178,0.14533331601009378,0.5416666666666666,3.252952794233958
182,0.9405630866727939,0.1516191680081445,0.5395833333333333,3.234348467985789
183,0.9509906150377331,0.1441273300037394,0.5364583333333334,3.226514184474945
184,0.9476016683424352,0.14572387473799514,0.5427083333333333,3.2447824637095133
185,0.9449947862356621,0.15239426872389036,0.5427083333333333,3.2462698300679524
186,0.9470802919708029,0.14833430742322468,0.55,3.258115271727244
187,0.9483837331795717,0.14858082334614894,0.5458333333333333,3.26597980260849
188,0.9481230446519145,0.1394116435980772,0.546875,3.2700637141863504
189,0.950208550573514,0.14111690088034423,0.54375,3.269963244597117
190,0.9470802917843442,0.1437087175868475,0.5510416666666667,3.2796690622965494
191,0.942387904191042,0.14942926908061452,0.5479166666666667,3.2846676031748454
192,0.9468196037539103,0.14396773871496646,0.5510416666666667,3.2875314752260842
193,0.9395203338052235,0.15464631224884356,0.5479166666666667,3.2846137166023253
194,0.9447340980187695,0.14717111516670092,0.5510416666666667,3.2847458362579345
195,0.9460375392275384,0.14777836895026306,0.5479166666666667,3.3006874283154803
196,0.9515119916579771,0.1369665921107323,0.54375,3.3176562388738
197,0.9528154328667459,0.13879921311382457,0.5416666666666666,3.3221972783406577
198,0.9462982272579722,0.14503414355552482,0.5395833333333333,3.3478358229001364
199,0.9476016684045881,0.15210809121228855,0.540625,3.351038344701131
200,0.9481230449626792,0.14222664876265123,0.5354166666666667,3.3660613695780435
201,0.9468196038782162,0.14495607289146706,0.5333333333333333,3.3663369973500568
202,0.9509906153484977,0.14306475271056168,0.5322916666666667,3.366542172431946
203,0.9507299270072993,0.1433120489788627,0.5270833333333333,3.380028160413106
204,0.9455161626694474,0.142970133957388,0.5260416666666666,3.3923683643341063
205,0.9481230446519145,0.1425271840053256,0.5270833333333333,3.399919327100118
206,0.9444734096154183,0.14625129285457858,0.5333333333333333,3.4212652444839478
207,0.9494264859228363,0.14063827281699315,0.5302083333333333,3.4134623448054
208,0.9517726799991755,0.14490436193095257,0.5364583333333334,3.416612243652344
209,0.9491657975194849,0.14547670168784663,0.5364583333333334,3.43795116742452
210,0.9491657977059437,0.14338750931375094,0.5416666666666666,3.435883943239848
211,0.9515119916579771,0.14327527709281979,0.534375,3.4504236062367757
212,0.9455161627937532,0.14708125917580875,0.534375,3.447190038363139
213,0.9494264860471421,0.14479777227788077,0.528125,3.438444972038269
214,0.9470802920329559,0.1459865405052372,0.5239583333333333,3.436550807952881
215,0.9494264858606833,0.1430877000559607,0.5270833333333333,3.44923304716746
216,0.9507299271316051,0.1427981267538508,0.540625,3.45714963277181
217,0.9465589156613236,0.1486007792717846,0.5375,3.4696139415105183
218,0.9491657977059437,0.14396240909479954,0.534375,3.4626066128412885
219,0.9504692387904067,0.13889522249184014,0.534375,3.4731956799825032
220,0.9520333680917622,0.13686741412276396,0.5416666666666666,3.480994772911072
221,0.9478623566214807,0.14199888200437935,0.53125,3.4910828749338787
222,0.9507299268208406,0.14006221440462424,0.5354166666666667,3.512426249186198
223,0.9530761210836385,0.13656230406045167,0.5375,3.502697054545085
224,0.9478623567457866,0.14174771323660243,0.5333333333333333,3.5117798964182536
225,0.9515119917822829,0.1423789130385899,0.5427083333333333,3.49445325533549
226,0.9512513035032374,0.1406604596671024,0.5385416666666667,3.502902897198995
227,0.9476016682181294,0.14495010268452022,0.5375,3.5395249128341675
228,0.944473409801877,0.15236650201432772,0.540625,3.519498570760091
229,0.9476016685288939,0.1438355366772233,0.5479166666666667,3.5015132427215576
230,0.9496871739532702,0.14051351125222922,0.5447916666666667,3.498982055981954
231,0.9538581856100105,0.13637542002858657,0.5427083333333333,3.5288283109664915
232,0.9541188739512089,0.13636341568265145,0.5395833333333333,3.556670649846395
233,0.9541188736404442,0.14145831617685006,0.540625,3.5655535300572714
234,0.9528154328667459,0.1431736260714695,0.54375,3.576258667310079
235,0.9530761208971797,0.14099075616462636,0.546875,3.6148595253626508
236,0.9486444212721585,0.14522989333546074,0.553125,3.642813221613566
237,0.9486444212100056,0.1427696782151651,0.553125,3.6394336144129436
238,0.9554223150356719,0.1333138415661793,0.5510416666666667,3.648432803153992
239,0.9535974975174236,0.13996418404691038,0.5447916666666667,3.6586180925369263
240,0.95020855069782,0.14250982833231826,0.54375,3.652808745702108
241,0.9525547443390887,0.1406829906112832,0.5395833333333333,3.6659292062123616
242,0.9509906153484977,0.14317485348275855,0.5364583333333334,3.6915240128835043
243,0.950729927193758,0.13828837038702463,0.5395833333333333,3.7190377791722615
244,0.9595933261951888,0.1322065588082959,0.5375,3.703765106201172
245,0.9507299268208406,0.1402300669266857,0.5354166666666667,3.727059523264567
246,0.9481230449626792,0.14602415760876117,0.534375,3.7007994016011554
247,0.9496871742018818,0.1459855853547891,0.534375,3.7061817169189455
248,0.955943691469457,0.13613248547311868,0.5354166666666667,3.6758480707804364
249,0.9533368089897665,0.13691146395191534,0.5364583333333334,3.6557006438573203
