epoch,categorical_accuracy,loss
0,0.5264131551901337,5.476932470698029
1,0.5200411099691675,5.04067287861627
2,0.5085303186022611,4.791446012240152
3,0.5247687564234327,4.619137414557838
4,0.5124357656731757,4.522330004093213
5,0.5140801644398767,4.407941290383961
6,0.5085303186022611,4.365056803096603
7,0.5009249743062693,4.313923564256156
8,0.5126413155190134,4.261763072136373
9,0.5171634121274409,4.202521363265223
10,0.51551901336074,4.170025403698081
11,0.5021582733812949,4.145701942365436
12,0.5239465570400822,4.10701395595429
13,0.5204522096608427,4.070423027471795
14,0.5325796505652621,4.031432092300054
15,0.510174717368962,4.031105027732966
16,0.5251798561151079,3.99374415347657
17,0.5356628982528263,3.9663346692935044
18,0.5393627954779034,3.9483889985060032
19,0.5243576567317575,3.9346384733578406
20,0.5325796505652621,3.902442093032727
21,0.5375128468653648,3.8921320949527
22,0.5371017471736896,3.8736455331725916
23,0.5445015416238438,3.855321331210396
24,0.5329907502569373,3.8456620628027607
25,0.5445015416238438,3.826369072207444
26,0.5344295991778006,3.8189697959562734
27,0.544912641315519,3.7927238972557045
28,0.547584789311408,3.7881688499254658
29,0.5469681397738951,3.7692326875041715
30,0.5403905447070915,3.759065021346309
31,0.5338129496402878,3.749812703215941
32,0.5504624871531346,3.722259865071766
33,0.5510791366906475,3.722962344072583
34,0.54655704008222,3.700653385944504
35,0.5486125385405961,3.6900979832044487
36,0.5496402877697841,3.6794502391599555
37,0.5588900308324769,3.667662949429754
38,0.5459403905447071,3.653591663717366
39,0.5603288797533402,3.6371078090824547
40,0.5611510791366906,3.622671168485134
41,0.5632065775950668,3.605551680165964
42,0.5683453237410072,3.59531927040155
43,0.5685508735868449,3.574399850008299
44,0.5638232271325796,3.570979089776144
45,0.5683453237410072,3.5500818013409794
46,0.5749229188078109,3.5355095487459347
47,0.5738951695786229,3.5296462440294696
48,0.5726618705035971,3.512057671689056
49,0.5741007194244604,3.496785146530951
50,0.5691675231243577,3.48628390391586
51,0.5615621788283659,3.4720851399793164
52,0.5755395683453237,3.4541893615016956
53,0.5693730729701952,3.4405434120840797
54,0.5804727646454265,3.4178126548814136
55,0.5886947584789312,3.4037833162838975
56,0.5825282631038027,3.3910186733763363
57,0.5856115107913669,3.3690973645491566
58,0.5815005138746145,3.3589508712843044
59,0.5923946557040082,3.339087831961778
60,0.5971223021582733,3.330845272724822
61,0.5971223021582733,3.313236606084308
62,0.5928057553956835,3.2941061684431054
63,0.5993833504624871,3.272791555655578
64,0.5928057553956835,3.2680372946798983
65,0.6008221993833505,3.247309729349699
66,0.6125385405960946,3.227045896143977
67,0.6228160328879754,3.2100408681005024
68,0.6143884892086331,3.1956753685197508
69,0.6176772867420349,3.1754506865361245
70,0.6211716341212744,3.163040586120668
71,0.6170606372045221,3.1477333248212918
72,0.6143884892086331,3.135976427603601
73,0.6234326824254882,3.1122370450861774
74,0.6180883864337102,3.1055186222170508
75,0.6304213771839671,3.082168212186886
76,0.6277492291880781,3.073235927309309
77,0.6396711202466598,3.046199018688143
78,0.6281603288797534,3.035821227596083
79,0.642754367934224,3.016953211134531
80,0.6409044193216855,3.007085529505778
81,0.6450154162384378,2.989667644285102
82,0.6446043165467625,2.973381012929307
83,0.6505652620760535,2.960441194996927
84,0.6483042137718397,2.944717558755904
85,0.6602261048304213,2.924172124882274
86,0.6571428571428571,2.906683647522333
87,0.6554984583761562,2.8937508664910374
88,0.6573484069886948,2.8863854906664357
89,0.6536485097636177,2.8663369964352614
90,0.6715313463514903,2.850313955171748
91,0.6670092497430626,2.83735712522838
92,0.6705035971223021,2.8208219127811853
93,0.6581706063720453,2.812680970679084
94,0.6748201438848921,2.7923521073724604
95,0.6883864337101747,2.7712599022170377
96,0.6768756423432682,2.7669450427620896
97,0.679136690647482,2.7501564893301076
98,0.6809866392600206,2.7364700786378866
99,0.6855087358684481,2.7205651074984827
100,0.6966084275436794,2.703123269125222
101,0.6902363823227132,2.69276703602241
102,0.692497430626927,2.6787198883656487
103,0.694141829393628,2.6623388163967467
104,0.7003083247687564,2.6517416634025457
105,0.7079136690647482,2.6319655573257807
106,0.7064748201438849,2.6251781096071283
107,0.7050359712230215,2.6147275901159306
108,0.7093525179856115,2.598693066045167
109,0.7109969167523125,2.580051135771811
110,0.7132579650565262,2.5703612201627943
111,0.71551901336074,2.558639714455678
112,0.7122302158273381,2.5478081297898956
113,0.7177800616649538,2.531926924694724
114,0.7179856115107913,2.5236588618248117
115,0.7214799588900308,2.511578113667644
116,0.7303186022610483,2.493999588281253
117,0.7260020554984584,2.486334929804395
118,0.7223021582733813,2.472797104315057
119,0.7274409044193216,2.4587197548316415
120,0.7329907502569373,2.456532693668848
121,0.7336073997944501,2.437067190054632
122,0.7381294964028777,2.4236342016986563
123,0.7403905447070914,2.4096330111465374
124,0.7418293936279547,2.397873380029802
125,0.7440904419321686,2.3906809244224494
126,0.7445015416238437,2.3832118559226716
127,0.7438848920863309,2.370744068110467
128,0.7459403905447071,2.3587435953173586
129,0.7455292908530319,2.351172288863289
130,0.7597122302158273,2.3273626474535356
131,0.760945529290853,2.3253757979127387
132,0.754573484069887,2.3170757673504663
133,0.7611510791366907,2.297240154936772
134,0.770606372045221,2.2882928931088267
135,0.7615621788283659,2.2847963248347942
136,0.7697841726618705,2.2714019244155805
137,0.7753340184994861,2.2603627498936434
138,0.7763617677286742,2.244678070660363
139,0.7728674203494348,2.2404395236263293
140,0.7720452209660843,2.2332117536452665
141,0.7745118191161356,2.216744419825163
142,0.781294964028777,2.2047428284985187
143,0.7765673175745118,2.196957309640569
144,0.7837615621788284,2.18950834891779
145,0.7755395683453238,2.1864189559607197
146,0.7891058581706064,2.1669293425188525
147,0.7852004110996916,2.1617967471801975
148,0.7954779033915724,2.1444826886195685
149,0.7833504624871531,2.141843095467735
150,0.7932168550873587,2.122917633115449
151,0.7905447070914697,2.121902443840717
152,0.7944501541623844,2.1080671419710195
153,0.7969167523124357,2.10314515244679
154,0.8063720452209661,2.089535533610008
155,0.7975334018499486,2.083232021429801
156,0.7965056526207606,2.0728627841004608
157,0.8123329907502569,2.0577892500474544
158,0.7967112024665981,2.054092506563553
159,0.8110996916752312,2.0420126777268632
160,0.8084275436793422,2.028548836879593
161,0.8108941418293937,2.0252367768478785
162,0.8145940390544707,2.0146915370121765
163,0.8162384378211717,2.0030610606457198
164,0.8168550873586845,1.9986731843615118
165,0.8199383350462487,1.987535683787739
166,0.8224049331963001,1.975634168206359
167,0.8193216855087359,1.9723601730852431
168,0.8269270298047277,1.9565165655953543
169,0.824049331963001,1.9505832718675697
170,0.8209660842754368,1.9413576356676108
171,0.8265159301130525,1.934183103501613
172,0.8365878725590956,1.925185067852134
173,0.8322713257965056,1.9195675690642118
174,0.83103802672148,1.9096195576247306
175,0.8355601233299075,1.9013206958770752
176,0.8279547790339157,1.8988324707850646
177,0.8372045220966084,1.8887731823622262
178,0.8485097636176773,1.8714466276051207
179,0.8413155190133608,1.8648848487073815
180,0.839054470709147,1.8679462087852736
181,0.8382322713257965,1.8589138478928946
182,0.8458376156217883,1.8466912148055168
183,0.847070914696814,1.8342594252583424
184,0.8499486125385406,1.82219349747449
185,0.8538540596094553,1.8202670593790993
186,0.8536485097636177,1.813442404836202
187,0.8542651593011306,1.8072828700094037
188,0.8569373072970196,1.792123037153991
189,0.8507708119218911,1.7896225833206725
190,0.8530318602261048,1.78272887986586
191,0.8509763617677287,1.7757042998767707
192,0.8600205549845837,1.7670076763764682
193,0.8581706063720452,1.7643097062517659
194,0.8563206577595067,1.7551049744605038
195,0.8565262076053443,1.748464817280392
196,0.8698869475847893,1.7334410587538183
197,0.8614594039054471,1.7329609555306194
198,0.8655704008221994,1.7281473756694108
199,0.8690647482014389,1.7146527553756337
200,0.8624871531346352,1.7167272761816357
201,0.8655704008221994,1.7039710373942187
202,0.8686536485097636,1.7019773490627403
203,0.8663926002055499,1.6913195969021946
204,0.8746145940390545,1.6806358407972284
205,0.8709146968139774,1.6791238797041765
206,0.8696813977389517,1.6711986867398911
207,0.8830421377183967,1.6610788427423475
208,0.8742034943473792,1.6617248284976014
209,0.8805755395683453,1.6491871139373466
210,0.8746145940390545,1.6469728048144239
211,0.8729701952723535,1.6419938556214397
212,0.8793422404933197,1.6312227648306725
213,0.8789311408016444,1.6303083910358895
214,0.8820143884892087,1.618701423917498
215,0.8820143884892087,1.609878298606559
216,0.8805755395683453,1.6069746272291947
217,0.8855087358684481,1.6049907059488169
218,0.8916752312435766,1.5896837671883672
219,0.8853031860226105,1.5849843812258368
220,0.892497430626927,1.5758380670341656
221,0.8875642343268243,1.5722309750618695
222,0.8922918807810895,1.5617201347635314
223,0.8894141829393628,1.5645568554594975
224,0.8908530318602261,1.5563101963786157
225,0.8916752312435766,1.556305693330402
226,0.9009249743062693,1.5382324213114207
227,0.8996916752312436,1.5380564763881688
228,0.9013360739979445,1.526349143232128
229,0.8990750256937308,1.5221903407193897
230,0.8992805755395683,1.5188291501165785
231,0.9038026721479959,1.5112043612539952
232,0.902158273381295,1.508184766328347
233,0.9068859198355601,1.498828291108895
234,0.9009249743062693,1.4969148979402642
235,0.9095580678314491,1.4873948726477628
236,0.9052415210688592,1.4867923400874985
237,0.9054470709146968,1.48203597838195
238,0.9089414182939363,1.4682108338543225
239,0.9165467625899281,1.4629523630622479
240,0.9175745118191161,1.4520206324243103
241,0.9081192189105858,1.4584883748198585
242,0.9044193216855088,1.4580645329660649
243,0.9091469681397739,1.4510322112096177
244,0.9099691675231244,1.442219545564328
245,0.9153134635149024,1.4278031077193822
246,0.9142857142857143,1.4265386973966185
247,0.9093525179856116,1.4253926603056544
248,0.9204522096608427,1.4141403315858754
249,0.9153134635149024,1.4114734970408378
250,0.9118191161356629,1.410604573080253
251,0.9161356628982529,1.4023261833533966
252,0.9200411099691675,1.3975639001438576
253,0.9202466598150051,1.3966976919252605
254,0.9266187050359712,1.3802357502365896
255,0.9167523124357657,1.3797477454590283
256,0.9243576567317574,1.3740478282842215
257,0.9227132579650565,1.365227537115946
258,0.9206577595066804,1.3640555539332093
259,0.9233299075025694,1.362827125262136
260,0.926207605344296,1.3512511014448285
261,0.9243576567317574,1.356142808477043
262,0.9286742034943474,1.3431490179201069
263,0.9253854059609455,1.3420583268721327
264,0.9292908530318602,1.3336771002531296
265,0.9346351490236382,1.326838702312599
266,0.9338129496402877,1.323446388479862
267,0.9251798561151079,1.3252566280247373
268,0.929907502569373,1.3168401829630352
269,0.9331963001027749,1.3054953174747888
270,0.9354573484069887,1.3032523315710007
271,0.9297019527235355,1.3016141044885257
272,0.9356628982528263,1.2953350196026825
273,0.9327852004110997,1.2913195793087167
274,0.9334018499486125,1.2895752272159933
275,0.9362795477903392,1.278797342598377
276,0.9354573484069887,1.277396897642365
277,0.9373072970195272,1.271056396939159
278,0.939568345323741,1.2651786986504894
279,0.936896197327852,1.2631567084899542
280,0.9377183967112025,1.2608601916118123
281,0.9344295991778007,1.2617424448862105
282,0.9410071942446043,1.2501164642904425
283,0.941212744090442,1.246484430034751
284,0.9408016443987667,1.2443095901887193
285,0.9416238437821172,1.2326897781897423
286,0.9471736896197328,1.2308477128764954
287,0.9445015416238438,1.225485218000069
288,0.9405960945529291,1.2300406184985484
289,0.9414182939362795,1.2214448311101005
290,0.9479958890030833,1.215339118456669
291,0.94224049331963,1.2150494137378782
292,0.9488180883864337,1.2054615716159895
293,0.94224049331963,1.2063903087212149
294,0.9447070914696813,1.1981530441409638
295,0.9410071942446043,1.1968613684361173
296,0.94655704008222,1.1905924748786307
297,0.9424460431654677,1.1896983957486678
298,0.9457348406988695,1.1835877756420656
299,0.952929085303186,1.1736722970670443
300,0.9473792394655705,1.1721529532066965
301,0.9494347379239465,1.1708120794727526
302,0.949229188078109,1.168412082315349
303,0.9484069886947585,1.1615399686797672
304,0.9504624871531346,1.1597148334134642
305,0.9558067831449126,1.1509947402626735
306,0.9570400822199383,1.145865120990671
307,0.9521068859198356,1.1500029317644125
308,0.9508735868448098,1.144858585697774
309,0.954573484069887,1.1366101919685827
310,0.954573484069887,1.1374691023243417
311,0.9560123329907503,1.127581110275049
312,0.9506680369989723,1.1303551794691173
313,0.954573484069887,1.1224540634733555
314,0.9525179856115108,1.125293530369099
315,0.9516957862281603,1.1196167743218275
316,0.9543679342240493,1.114577241534442
317,0.9547790339157246,1.1131195981848032
318,0.9506680369989723,1.109549597674504
319,0.9566289825282631,1.098387251422192
320,0.9537512846865365,1.1021610835350797
321,0.9576567317574511,1.094605343118846
322,0.9562178828365878,1.0932588280166162
323,0.9590955806783145,1.0895797380685561
324,0.9603288797533401,1.08356617648702
325,0.9578622816032888,1.0796800757238578
326,0.9558067831449126,1.081121972555492
327,0.9588900308324769,1.074779678028142
328,0.957245632065776,1.0703989358012012
329,0.9535457348406988,1.0756753706613522
330,0.9566289825282631,1.0654053571657924
331,0.9578622816032888,1.0637226543838172
332,0.9621788283658788,1.0547652348217469
333,0.9623843782117163,1.0508105903098175
334,0.9568345323741008,1.0528928613858748
335,0.9570400822199383,1.049889549076986
336,0.9615621788283659,1.0441052232469832
337,0.9568345323741008,1.0470821938313781
338,0.9650565262076053,1.0359557186589334
339,0.9630010277492291,1.0325436040651883
340,0.962589928057554,1.0310512412856319
341,0.9566289825282631,1.0357888408334504
342,0.9648509763617678,1.0244291052666377
343,0.9605344295991778,1.025061230816307
344,0.9632065775950668,1.0221746942122205
345,0.9630010277492291,1.0202831498765503
346,0.9609455292908531,1.016647191797474
347,0.9607399794450154,1.011663502754925
348,0.9646454265159301,1.006958503002743
349,0.9632065775950668,1.0030922906126785
350,0.9675231243576567,1.0010133315210843
351,0.9648509763617678,0.9985049906884533
352,0.9636176772867421,0.9940606394137532
353,0.9646454265159301,0.991266304383175
354,0.9669064748201439,0.9873243231567548
355,0.9623843782117163,0.9890684490213659
356,0.9636176772867421,0.9842323925610313
357,0.9623843782117163,0.9836474182426869
358,0.9605344295991778,0.9844141969455354
359,0.9642343268242549,0.9748084316640817
360,0.9619732785200411,0.9745753557316936
361,0.9593011305241521,0.9755269395239184
362,0.9662898252826311,0.9647908766492665
363,0.959917780061665,0.9712980104742412
364,0.9654676258992806,0.9649347668684031
365,0.9712230215827338,0.9529349732619518
366,0.9656731757451182,0.956353148282003
367,0.9662898252826311,0.9545613617225639
368,0.9652620760534429,0.9544425717850751
369,0.9660842754367934,0.9513942181267694
370,0.9671120246659815,0.9492684639492603
371,0.9677286742034944,0.9447025661478308
372,0.9693730729701953,0.9381501076767893
373,0.9638232271325796,0.9428172537136176
374,0.9695786228160329,0.9367594229354153
375,0.9681397738951696,0.9324831522258433
376,0.9718396711202466,0.9282392520331161
377,0.9679342240493319,0.9285750759101232
378,0.9720452209660843,0.9215069413062602
379,0.9699897225077081,0.9216822942506373
380,0.9660842754367934,0.92547183099288
381,0.9685508735868448,0.9191136027044039
382,0.9683453237410072,0.9145391674473009
383,0.9714285714285714,0.9135153045634694
384,0.9689619732785201,0.9125612514114576
385,0.9679342240493319,0.9126700663983148
386,0.9636176772867421,0.9108824221472823
387,0.9656731757451182,0.906130250801408
388,0.9695786228160329,0.9019214606971192
389,0.9714285714285714,0.8951701885627206
390,0.9714285714285714,0.8947751457252581
391,0.9720452209660843,0.8916691210017542
392,0.9691675231243576,0.8930839630829712
393,0.9691675231243576,0.8871156131253336
394,0.9671120246659815,0.8900470539697762
395,0.9706063720452209,0.8835323944488753
396,0.9701952723535457,0.8807978371799543
397,0.9675231243576567,0.8816558984421262
398,0.9675231243576567,0.8808918190026945
399,0.9710174717368962,0.8761323054427356
400,0.9724563206577596,0.8739748561247525
401,0.9710174717368962,0.86982451560931
402,0.9685508735868448,0.8716364756027449
403,0.9708119218910586,0.8653354776113888
404,0.9710174717368962,0.8626943536922106
405,0.9697841726618706,0.8608213960083023
406,0.9720452209660843,0.8549887447048434
407,0.9706063720452209,0.8578524972527515
408,0.9699897225077081,0.8540502014410092
409,0.9724563206577596,0.8481280164630416
410,0.9741007194244604,0.8448666076498433
411,0.9747173689619733,0.8420988998579709
412,0.9726618705035971,0.843635833226642
413,0.9741007194244604,0.8376016234812487
414,0.9759506680369989,0.8329883676516189
415,0.9757451181911614,0.8351446721438637
416,0.9736896197327852,0.8325598741361808
417,0.9730729701952724,0.831158789970892
418,0.9691675231243576,0.8349906546973986
419,0.9747173689619733,0.8262732634196424
420,0.9747173689619733,0.8229127475316086
421,0.9693730729701953,0.827587799692693
422,0.9718396711202466,0.8230623187411114
423,0.9673175745118191,0.8266065121309608
424,0.9775950668036999,0.8128481627000689
425,0.9738951695786228,0.8161417214745486
426,0.9732785200411099,0.8142321863007815
427,0.9743062692702981,0.8141902175493623
428,0.9751284686536486,0.8104738701284238
429,0.9730729701952724,0.8091217382593733
430,0.9738951695786228,0.8077164760106391
431,0.9730729701952724,0.8071595377079139
432,0.9747173689619733,0.8002525304596324
433,0.9732785200411099,0.7979033176112396
434,0.9780061664953751,0.7933229232496005
435,0.9706063720452209,0.800068823614934
436,0.9747173689619733,0.7932246715412355
437,0.9755395683453237,0.7914820295566155
438,0.9724563206577596,0.7936479838509476
439,0.9747173689619733,0.7859751488665025
440,0.9728674203494347,0.7859491556055866
441,0.9775950668036999,0.7813695353202192
442,0.9753340184994861,0.7789001989462638
443,0.9765673175745119,0.7787389292868901
444,0.9753340184994861,0.7778975958936873
445,0.9788283658787256,0.7700553003587556
446,0.9745118191161357,0.7738653122337357
447,0.9763617677286742,0.769360329154094
448,0.9786228160328879,0.7666205030796094
449,0.9734840698869476,0.770673095922676
450,0.9757451181911614,0.768734324738031
451,0.9743062692702981,0.7650518870549726
452,0.9745118191161357,0.7622376146688981
453,0.9745118191161357,0.7628688306872181
454,0.9757451181911614,0.7594089529007091
455,0.9734840698869476,0.7593377243823162
456,0.9753340184994861,0.7542683005700499
457,0.9747173689619733,0.7568369010369554
458,0.9767728674203494,0.7522276566428001
459,0.9728674203494347,0.7518741056705918
460,0.9780061664953751,0.7442867005471703
461,0.9771839671120247,0.7445020893127308
462,0.9738951695786228,0.7473154801381455
463,0.9757451181911614,0.7408153653512388
464,0.9765673175745119,0.7443376068588641
465,0.9755395683453237,0.739028035920546
466,0.9790339157245632,0.7323011631955836
467,0.9794450154162384,0.7317340209329729
468,0.9798561151079137,0.7326267720003903
469,0.9734840698869476,0.7370173479033154
470,0.9767728674203494,0.7305754374624647
471,0.9769784172661871,0.730981402774509
472,0.9769784172661871,0.7303141113052878
473,0.9794450154162384,0.721643768822179
474,0.9771839671120247,0.7225723776395863
475,0.9800616649537512,0.7191085457801819
476,0.9773895169578622,0.7212939057786321
477,0.9775950668036999,0.7234071445489592
478,0.9765673175745119,0.7244276198674326
479,0.9771839671120247,0.7152963805296684
480,0.9804727646454265,0.7123893326992611
481,0.9771839671120247,0.7097582730212902
482,0.9778006166495375,0.710628826081569
483,0.9763617677286742,0.713842107360189
484,0.9790339157245632,0.7054496350170775
485,0.9782117163412127,0.7041099163023076
486,0.9792394655704009,0.7033815900321364
487,0.9794450154162384,0.7054888604723782
488,0.9773895169578622,0.7018205867396842
489,0.9800616649537512,0.6987380212281983
490,0.9757451181911614,0.7025205111087043
491,0.9778006166495375,0.6984643451478963
492,0.9765673175745119,0.6958897707273635
493,0.9722507708119219,0.6965141730587872
494,0.9794450154162384,0.6901905120337978
495,0.9790339157245632,0.6877075281197096
496,0.9806783144912641,0.6879551995572426
497,0.9757451181911614,0.6921209705084226
498,0.9806783144912641,0.6844474181854467
499,0.9757451181911614,0.6858436455094434
