epoch,categorical_accuracy,loss
0,0.47687564234326824,4.801250709365108
1,0.48098663926002055,4.490234485069502
2,0.5072970195272354,4.311063410003285
3,0.4998972250770812,4.269849767910368
4,0.5107913669064749,4.141949785552069
5,0.5153134635149024,4.0508262354938
6,0.5130524152106886,3.99851975646808
7,0.5124357656731757,3.9314851624135
8,0.5194244604316547,3.8653220354101765
9,0.5159301130524152,3.7998412786015257
10,0.5233299075025694,3.789339705091831
11,0.5243576567317575,3.7467146700479756
12,0.5132579650565262,3.7147812516936787
13,0.512846865364851,3.6873118125154942
14,0.5229188078108942,3.652390502927727
15,0.5177800616649537,3.645999450918827
16,0.5227132579650565,3.5892648311705164
17,0.5319630010277492,3.582809286617424
18,0.5200411099691675,3.5837715934016354
19,0.530524152106886,3.536284119399209
20,0.5229188078108942,3.533233652134471
21,0.5241521068859198,3.509537356730478
22,0.523535457348407,3.4784074493204336
23,0.5260020554984584,3.4784888816884463
24,0.5348406988694758,3.4410102689866537
25,0.5319630010277492,3.4397822515815037
26,0.5323741007194245,3.4295324835233307
27,0.5301130524152107,3.412964347994217
28,0.5401849948612538,3.387234889076523
29,0.520863309352518,3.4009158942094198
30,0.528879753340185,3.3904488305761293
31,0.5442959917780061,3.361580191707317
32,0.535868448098664,3.3605375765283942
33,0.5455292908530318,3.3405461009457813
34,0.5290853031860226,3.341792188273917
35,0.5366906474820143,3.319758213950821
36,0.5393627954779034,3.32100836390214
37,0.5428571428571428,3.300968171146154
38,0.5348406988694758,3.2934502240442667
39,0.5397738951695786,3.2828925163135745
40,0.5494347379239466,3.2689602401984312
41,0.5366906474820143,3.25950652295982
42,0.5496402877697841,3.2594508061306082
43,0.5553956834532374,3.230476780663046
44,0.5463514902363823,3.241468240055739
45,0.5527235354573484,3.2127402570240298
46,0.5486125385405961,3.215952665538729
47,0.5582733812949641,3.1924396856470687
48,0.5516957862281603,3.1933496475709795
49,0.5514902363823228,3.179257990081411
50,0.5564234326824254,3.169169138685895
51,0.5535457348406989,3.1699898164049327
52,0.5613566289825282,3.143222122496226
53,0.5584789311408016,3.1526915573265177
54,0.5712230215827339,3.1266780877284868
55,0.5644398766700925,3.1271139513919435
56,0.5584789311408016,3.1235486084486204
57,0.5601233299075026,3.1065065003127503
58,0.5757451181911614,3.0946961981174512
59,0.5730729701952724,3.090139605109518
60,0.5837615621788284,3.073796622628176
61,0.5800616649537513,3.0663734251279133
62,0.5751284686536485,3.0666274822995696
63,0.5798561151079137,3.0536470044676105
64,0.5788283658787255,3.0411660820215114
65,0.5745118191161357,3.042486577754398
66,0.5802672147995889,3.0308047325491048
67,0.5792394655704008,3.021963069274761
68,0.5913669064748202,3.013511902602334
69,0.590955806783145,2.9966530668527227
70,0.5808838643371017,2.98876102953261
71,0.6008221993833505,2.9809580930335424
72,0.5907502569373073,2.9765288809710637
73,0.5985611510791367,2.966068790627898
74,0.5872559095580678,2.9594197607971537
75,0.5940390544707091,2.943962113144219
76,0.6098663926002056,2.9366740312507686
77,0.6002055498458376,2.9331954021983133
78,0.6078108941418294,2.914083073636611
79,0.602672147995889,2.9105959694285066
80,0.6127440904419321,2.8984586282967295
81,0.6004110996916753,2.8916002591124297
82,0.6088386433710175,2.877883529712093
83,0.6004110996916753,2.8808597830314677
84,0.5997944501541624,2.8700336231847214
85,0.601644398766701,2.853324803492516
86,0.6090441932168551,2.847674508942607
87,0.6127440904419321,2.83893843687083
88,0.6258992805755396,2.817884678120236
89,0.6189105858170606,2.8137180006393794
90,0.6049331963001028,2.8119462349431976
91,0.6180883864337102,2.8033734423528593
92,0.6152106885919836,2.799349440234538
93,0.6228160328879754,2.783672891638384
94,0.6265159301130524,2.7691164265678694
95,0.6343268242548818,2.7618223210400448
96,0.6372045220966084,2.751835589100131
97,0.629393627954779,2.7460737385215643
98,0.6312435765673176,2.7300149741177693
99,0.6335046248715314,2.7240604360449105
100,0.633710174717369,2.714545677720214
101,0.6439876670092497,2.7037318765810805
102,0.6277492291880781,2.7032227310345327
103,0.637410071942446,2.693145183816108
104,0.6392600205549845,2.676287577698679
105,0.6291880781089414,2.676048813718931
106,0.6382322713257965,2.65890998904041
107,0.6419321685508735,2.6535706021190304
108,0.648098663926002,2.6440639659042593
109,0.6456320657759507,2.6280970533239634
110,0.6476875642343268,2.6260900483224523
111,0.648098663926002,2.6085882108478606
112,0.6402877697841727,2.6132021101258642
113,0.6575539568345323,2.5955446867144
114,0.6476875642343268,2.5900469106613424
115,0.6610483042137718,2.581171611548695
116,0.6581706063720453,2.5721907253010543
117,0.6557040082219938,2.563639091097684
118,0.6606372045220966,2.5547684437201914
119,0.6602261048304213,2.546680396433847
120,0.6532374100719425,2.5350675386368065
121,0.651387461459404,2.5422329670356207
122,0.6633093525179856,2.5192964441117134
123,0.6760534429599178,2.5040078041119784
124,0.6624871531346351,2.504545821535869
125,0.6680369989722508,2.496564763079934
126,0.6739979445015416,2.4863413339773652
127,0.6742034943473793,2.4753656685291068
128,0.6694758478931141,2.4749288452124913
129,0.6682425488180884,2.4576504557375305
130,0.6776978417266187,2.4505056121489006
131,0.6760534429599178,2.4402825076190444
132,0.6834532374100719,2.4294438921290338
133,0.6758478931140801,2.425316892841492
134,0.6813977389516958,2.421378577184334
135,0.6816032887975334,2.404837186682016
136,0.6742034943473793,2.4056513332021936
137,0.6865364850976362,2.3936393329075405
138,0.68448098663926,2.3849911251146527
139,0.6803699897225077,2.379991112755112
140,0.6927029804727647,2.3655893257196
141,0.6766700924974306,2.3737291390457234
142,0.6986639260020555,2.348100008430363
143,0.6992805755395683,2.3430502564174422
144,0.6996916752312435,2.3348607867006654
145,0.6916752312435765,2.330495765642909
146,0.6970195272353545,2.321849451280694
147,0.6943473792394655,2.3169484705498626
148,0.6972250770811922,2.3118925865973132
149,0.7079136690647482,2.300381580849713
150,0.6953751284686537,2.2950350032925972
151,0.6961973278520042,2.287266597473364
152,0.7105858170606372,2.2778543359574166
153,0.7136690647482015,2.2662762992306087
154,0.7042137718396712,2.2618777182462404
155,0.7066803699897225,2.253519300713691
156,0.6961973278520042,2.2566746373093265
157,0.7093525179856115,2.2504319057925266
158,0.71120246659815,2.2321189289837924
159,0.7198355601233299,2.2253418784714922
160,0.7087358684480987,2.222836422528172
161,0.7118191161356628,2.2119279891344408
162,0.7116135662898253,2.210545133588738
163,0.7091469681397738,2.203904522555705
164,0.7056526207605345,2.1964100222180827
165,0.7270298047276464,2.184400849425658
166,0.7284686536485098,2.172235865411631
167,0.7239465570400823,2.1700767124544558
168,0.7253854059609456,2.1595539735988134
169,0.7227132579650565,2.160877112077907
170,0.726207605344296,2.1472199604175564
171,0.7183967112024666,2.1468628080628758
172,0.7206577595066803,2.145495147940311
173,0.726207605344296,2.1309738828613973
174,0.7103802672147996,2.1321666512190376
175,0.7371017471736896,2.109726306247809
176,0.7329907502569373,2.1087111098670763
177,0.7424460431654676,2.1021399662403994
178,0.7364850976361768,2.0941855751108167
179,0.7272353545734841,2.10177711107503
180,0.7389516957862282,2.0755519654253405
181,0.7362795477903391,2.07734725693392
182,0.7354573484069887,2.0684613515759787
183,0.7340184994861254,2.065920499417422
184,0.74224049331963,2.0545134239549627
185,0.7445015416238437,2.0467451470483855
186,0.7371017471736896,2.043143273184013
187,0.7321685508735869,2.0467629833554684
188,0.7471736896197327,2.0274616355396127
189,0.7414182939362796,2.0306945860324634
190,0.7471736896197327,2.0211015861546517
191,0.7329907502569373,2.022402748689132
192,0.7379239465570401,2.012573661490555
193,0.7484069886947585,1.999830706023974
194,0.750256937307297,1.993403262347136
195,0.7432682425488181,1.9930064232719398
196,0.7521068859198355,1.984971071000212
197,0.7471736896197327,1.9784855240295505
198,0.7613566289825283,1.9676229971408354
199,0.757245632065776,1.970552387536491
200,0.7523124357656732,1.9636066364237363
201,0.7523124357656732,1.95421913951666
202,0.7543679342240494,1.9458293982914516
203,0.7558067831449127,1.938648539579417
204,0.7504624871531347,1.9381134615650157
205,0.7527235354573484,1.936692367354743
206,0.7593011305241522,1.9218752195509217
207,0.7595066803699897,1.9218187127059434
208,0.756628982528263,1.9187894132620016
209,0.7634121274409044,1.9082844852053493
210,0.7697841726618705,1.8956592653907705
211,0.7578622816032888,1.8984369974342181
212,0.7619732785200412,1.8971536754459173
213,0.7605344295991778,1.8905153238761094
214,0.7574511819116135,1.8839678885145275
215,0.7673175745118191,1.8728626703799445
216,0.7708119218910586,1.8663554189874114
217,0.7693730729701953,1.8689363126764562
218,0.7701952723535458,1.8566399940851412
219,0.7718396711202467,1.8468903735142206
220,0.778622816032888,1.8443889715443658
221,0.7775950668036999,1.8426068839409369
222,0.7751284686536485,1.8352616008237113
223,0.7660842754367935,1.8420880720524724
224,0.7751284686536485,1.8262479232737119
225,0.774306269270298,1.8203928788421333
226,0.7773895169578623,1.8128333744752811
227,0.7833504624871531,1.8016813740578363
228,0.7767728674203495,1.8081602885568742
229,0.7847893114080164,1.7994629361524122
230,0.7800616649537513,1.8012287131071336
231,0.783967112024666,1.7954284012011363
232,0.7810894141829393,1.7884223484184367
233,0.7796505652620761,1.780207720567364
234,0.7858170606372045,1.7753945969114078
235,0.7745118191161356,1.7809172019439024
236,0.7923946557040082,1.762821225933769
237,0.7823227132579651,1.7602230754932666
238,0.789311408016444,1.7512702656674362
239,0.7856115107913669,1.7504685360015602
240,0.7788283658787256,1.7518937295411865
241,0.7886947584789311,1.7468562195749469
242,0.7858170606372045,1.738714234091395
243,0.7934224049331963,1.7326045065229991
244,0.7954779033915724,1.7205144493577413
245,0.7921891058581706,1.716542252239686
246,0.7971223021582734,1.7160847902297973
247,0.8020554984583762,1.7070835449957773
248,0.797327852004111,1.7032918008478914
249,0.7952723535457349,1.7020159884567496
250,0.7938335046248716,1.6969697966482509
251,0.8039054470709147,1.6922522433370137
252,0.7991778006166496,1.6857410756314033
253,0.808016443987667,1.6769659505963692
254,0.8063720452209661,1.6779180088856727
255,0.8086330935251799,1.672723047436815
256,0.808016443987667,1.663751628538565
257,0.8032887975334019,1.6623858195782197
258,0.8121274409044194,1.654430638261346
259,0.8113052415210689,1.6548501915456335
260,0.8047276464542652,1.648421367393368
261,0.8104830421377184,1.6459939693007906
262,0.8082219938335046,1.6377447181958456
263,0.8189105858170607,1.63084052863616
264,0.8147995889003083,1.625191175876394
265,0.8137718396711202,1.62599526387692
266,0.8082219938335046,1.6215168411415626
267,0.8166495375128469,1.6123820503593593
268,0.8172661870503597,1.6049283662043274
269,0.8211716341212744,1.6067381703963872
270,0.8172661870503597,1.5994841746411612
271,0.8197327852004112,1.5926340825511152
272,0.8191161356628982,1.593215735500175
273,0.8215827338129497,1.5820446241306254
274,0.824049331963001,1.5809210808157064
275,0.8248715313463515,1.5792042631039516
276,0.8180883864337102,1.583300163567005
277,0.8265159301130525,1.5662862551788141
278,0.8139773895169579,1.5720308854670588
279,0.8254881808838643,1.564996665011697
280,0.8191161356628982,1.5547496943900176
281,0.82672147995889,1.5509134503577253
282,0.8316546762589928,1.5437451471895256
283,0.8219938335046248,1.5503080946568473
284,0.8322713257965056,1.5343385088480512
285,0.8341212744090442,1.5352399146324072
286,0.8258992805755395,1.532088272005534
287,0.8269270298047277,1.5330818906717407
288,0.8367934224049332,1.5189152321859596
289,0.8332990750256938,1.5157649331813237
290,0.8328879753340185,1.5119589191056475
291,0.8275436793422405,1.5191707751488759
292,0.8351490236382323,1.505889148432819
293,0.8339157245632066,1.5041973308571073
294,0.8388489208633093,1.4959230583226204
295,0.8349434737923946,1.4925198525098466
296,0.8452209660842754,1.4822266693350468
297,0.8322713257965056,1.4877838757398316
298,0.8367934224049332,1.4830021001819715
299,0.8415210688591983,1.4764513209324335
300,0.8339157245632066,1.4808700089341935
301,0.8437821171634121,1.467323646834551
302,0.8406988694758479,1.4602321604417996
303,0.8511819116135663,1.4602799057102889
304,0.8382322713257965,1.4563932062298028
305,0.8456320657759506,1.4554828739852357
306,0.8542651593011306,1.447135580970474
307,0.8480986639260021,1.4466089689229278
308,0.8456320657759506,1.4386801785824845
309,0.8497430626927029,1.4421260980760942
310,0.8538540596094553,1.4303154315879876
311,0.8435765673175745,1.4360855043485745
312,0.8462487153134635,1.426550973993166
313,0.8513874614594039,1.4238442998015746
314,0.8532374100719424,1.4159921819602599
315,0.8596094552929086,1.4069999678406906
316,0.8509763617677287,1.4179638765821232
317,0.8520041109969168,1.409539188216426
318,0.8602261048304214,1.4022123224076117
319,0.8503597122302158,1.4049199354734352
320,0.8507708119218911,1.4004934542225664
321,0.8573484069886947,1.3987820512834335
322,0.8561151079136691,1.394859634641508
323,0.8587872559095581,1.378785208244363
324,0.8557040082219939,1.3801930574571977
325,0.8538540596094553,1.3790312648922174
326,0.8561151079136691,1.372392128305347
327,0.8540596094552929,1.3788160337328543
328,0.8526207605344296,1.3725608738451307
329,0.8591983556012333,1.3714241322363514
330,0.8639260020554984,1.3569429283396925
331,0.8641315519013361,1.3586503447388574
332,0.8616649537512847,1.3556130059331442
333,0.8651593011305242,1.3521581789694979
334,0.8639260020554984,1.3458672011621442
335,0.8581706063720452,1.351271208780765
336,0.8653648509763617,1.344908612899153
337,0.8690647482014389,1.3356137141906959
338,0.866803699897225,1.3313328724603368
339,0.8659815005138746,1.3313784002155096
340,0.8692702980472765,1.3255461546034386
341,0.8610483042137719,1.3271558542535826
342,0.8713257965056527,1.3241091985986755
343,0.8665981500513875,1.3240268276994789
344,0.8713257965056527,1.315935959575845
345,0.8663926002055499,1.3098945757345453
346,0.8754367934224049,1.3019609965866419
347,0.8770811921891059,1.3031785031629368
348,0.8820143884892087,1.2971930510461147
349,0.8742034943473792,1.2924912195656553
350,0.8729701952723535,1.2976036212672188
351,0.8739979445015417,1.2859994828149692
352,0.8766700924974307,1.2883437476937352
353,0.874820143884892,1.2832807789848617
354,0.8766700924974307,1.2818506556939246
355,0.8758478931140802,1.2772928782381723
356,0.8850976361767728,1.2707292575630353
357,0.8643371017471737,1.2806232457538302
358,0.8770811921891059,1.273421121795278
359,0.8822199383350462,1.2586904930798883
360,0.8762589928057554,1.2586222037994603
361,0.883453237410072,1.2509948500626378
362,0.8758478931140802,1.259614179362251
363,0.8824254881808838,1.252676746068486
364,0.8828365878725591,1.243511224356609
365,0.8879753340184995,1.2403261562780634
366,0.8789311408016444,1.2468309591142395
367,0.8859198355601233,1.2397725370412986
368,0.8904419321685508,1.2269114262276049
369,0.8857142857142857,1.2328563763695901
370,0.889825282631038,1.221878221064408
371,0.886125385405961,1.2277714940283795
372,0.8883864337101747,1.2254726498369568
373,0.8881808838643371,1.2226451548863535
374,0.8879753340184995,1.2167210957986845
375,0.8873586844809866,1.2179380441128533
376,0.8900308324768756,1.2117368012391039
377,0.8896197327852005,1.2085184511398364
378,0.8832476875642343,1.2116583571772168
379,0.8920863309352518,1.1993798411639842
380,0.8894141829393628,1.195484217759394
381,0.8959917780061665,1.195431420908435
382,0.8927029804727646,1.194438317255763
383,0.8988694758478931,1.1884964836342116
384,0.8957862281603289,1.1843644846870132
385,0.8982528263103803,1.1795852332786567
386,0.8945529290853032,1.1847374753373745
387,0.8931140801644398,1.1835590460072563
388,0.8972250770811921,1.1744208645600087
389,0.8959917780061665,1.1813585503373336
390,0.8959917780061665,1.1743941655261911
391,0.8947584789311408,1.1679805525160276
392,0.8920863309352518,1.173284495611965
393,0.9019527235354573,1.1544060232460438
394,0.897841726618705,1.1649558379005676
395,0.9044193216855088,1.1525269154777018
396,0.8953751284686536,1.1569318244293072
397,0.9005138746145941,1.1538829122760925
398,0.9066803699897225,1.1462625526083214
399,0.9064748201438849,1.1403963285997005
400,0.9035971223021583,1.140767124720982
401,0.9042137718396711,1.1441627920225248
402,0.9062692702980473,1.1355052954368945
403,0.9027749229188078,1.1390824913120956
404,0.9050359712230216,1.1327649621164688
405,0.9058581706063721,1.1291458924774767
406,0.9107913669064748,1.1241827204318111
407,0.9120246659815006,1.1140611500191173
408,0.9031860226104831,1.1223383778045748
409,0.9015416238437821,1.1248542126746732
410,0.9097636176772868,1.115648123833283
411,0.9144912641315519,1.1032262502691852
412,0.9124357656731757,1.1087896769485395
413,0.9099691675231244,1.1063512839981855
414,0.9060637204522096,1.1109157603789208
415,0.9103802672147996,1.1036887316027502
416,0.9093525179856116,1.1011279460215004
417,0.9072970195272354,1.1054161634621615
418,0.9103802672147996,1.0958426000280468
419,0.9062692702980473,1.101088138131419
420,0.9146968139773896,1.0895932564755015
421,0.9155190133607399,1.0893393210982492
422,0.9105858170606372,1.085381429536002
423,0.9136690647482014,1.0827024291990228
424,0.9128468653648509,1.0831786113187196
425,0.9153134635149024,1.0807612152775905
426,0.9130524152106886,1.0804311161908682
427,0.9118191161356629,1.0730348323501517
428,0.9128468653648509,1.0729496076197689
429,0.9155190133607399,1.0676676711835205
430,0.9161356628982529,1.069206661555652
431,0.9169578622816033,1.059255517558228
432,0.9155190133607399,1.0603043315589489
433,0.9173689619732786,1.0625329880405674
434,0.9157245632065776,1.0625753445836035
435,0.9202466598150051,1.0527258872250735
436,0.9128468653648509,1.063764681012388
437,0.9194244604316547,1.0497448877342437
438,0.9198355601233299,1.0493369731481617
439,0.9177800616649537,1.0543523725478279
440,0.9204522096608427,1.0413206567377127
441,0.9225077081192189,1.0385297058420093
442,0.9149023638232271,1.0417234249864795
443,0.9212744090441932,1.0344105292077177
444,0.9142857142857143,1.0400228483826381
445,0.9212744090441932,1.0330914447143413
446,0.9270298047276464,1.027836636146808
447,0.9231243576567317,1.0223120258743936
448,0.9200411099691675,1.0299197997488196
449,0.9253854059609455,1.0214033608568902
450,0.9218910585817061,1.0223981642036988
451,0.9241521068859199,1.0169714105582557
452,0.9233299075025694,1.0191908879613338
453,0.9282631038026722,1.0087693310960102
454,0.9243576567317574,1.0180116587773134
455,0.9255909558067832,1.011893982154615
456,0.9260020554984584,1.0052943966126515
457,0.9227132579650565,1.0078018577468848
458,0.9239465570400822,1.0091008983927665
459,0.9360739979445015,0.9968541955286283
460,0.928879753340185,0.9962211738509975
461,0.9247687564234327,0.9958198650155259
462,0.9290853031860226,0.9903468641323274
463,0.9243576567317574,0.997705949725007
464,0.9309352517985612,0.9865408861992415
465,0.9282631038026722,0.9866818081315718
466,0.9280575539568345,0.9845515643949989
467,0.932579650565262,0.9827608360906054
468,0.9309352517985612,0.986561734605301
469,0.9323741007194245,0.9774926817674431
470,0.9278520041109969,0.979261458655178
471,0.926207605344296,0.9797537309660328
472,0.935251798561151,0.9683478622250298
473,0.9227132579650565,0.9804475983759849
474,0.9329907502569373,0.9701160304960464
475,0.9284686536485097,0.9746827179946977
476,0.931551901336074,0.963964310701925
477,0.934224049331963,0.9584592165584309
478,0.9336073997944502,0.9640838426039128
479,0.9420349434737924,0.9522808717799212
480,0.9292908530318602,0.9663609314307892
481,0.9377183967112025,0.946322556683853
482,0.9344295991778007,0.9534078017658222
483,0.9317574511819117,0.9528352731668447
484,0.932579650565262,0.9510468522666782
485,0.9356628982528263,0.9496003213178708
486,0.9327852004110997,0.949101516448214
487,0.9356628982528263,0.9461565539133634
488,0.9340184994861254,0.9414978486293389
489,0.9340184994861254,0.9398595741081825
490,0.9354573484069887,0.9356053826252702
491,0.9393627954779034,0.9343268647468347
492,0.9346351490236382,0.938202848439349
493,0.9401849948612538,0.9340507872303123
494,0.935251798561151,0.9301720300534279
495,0.9329907502569373,0.9365292257542233
496,0.9331963001027749,0.9352998768805477
497,0.9383350462487153,0.9251846549567314
498,0.9366906474820144,0.9284156549503723
499,0.9428571428571428,0.9160189309321106
