epoch,categorical_accuracy,loss
0,0.48345323741007196,4.698657100467741
1,0.5060637204522097,4.449954391138404
2,0.5116135662898252,4.233414379543293
3,0.5064748201438849,4.196764844735627
4,0.5136690647482014,4.049383344287618
5,0.5009249743062693,4.0299871552517335
6,0.5237410071942447,3.8681335040011118
7,0.5072970195272354,3.8358723799714327
8,0.5251798561151079,3.7537887527665768
9,0.5179856115107914,3.7360806722925233
10,0.5109969167523124,3.6883980030636137
11,0.5103802672147996,3.687026564459884
12,0.5194244604316547,3.6183557966140167
13,0.5120246659815005,3.589329704057276
14,0.5227132579650565,3.5537814095233475
15,0.5194244604316547,3.5277135360400207
16,0.5284686536485098,3.481401663522436
17,0.5286742034943474,3.483614905201519
18,0.5159301130524152,3.457464102679387
19,0.5223021582733813,3.440707870769599
20,0.5338129496402878,3.402522984707588
21,0.538540596094553,3.383542433304507
22,0.5188078108941419,3.364691896428797
23,0.5354573484069887,3.3433279624088206
24,0.5340184994861253,3.330884930923321
25,0.5391572456320658,3.3177077579596306
26,0.5352517985611511,3.2982584337781415
27,0.5325796505652621,3.300910639248306
28,0.5313463514902363,3.262534508847259
29,0.5414182939362795,3.273577842830019
30,0.5344295991778006,3.2519679972226183
31,0.5270298047276465,3.2439158363675533
32,0.539568345323741,3.2333771778157656
33,0.5457348406988695,3.225160287021978
34,0.5329907502569373,3.2146829085629376
35,0.5428571428571428,3.190864678252515
36,0.5432682425488181,3.1892904886851454
37,0.5440904419321686,3.1766767846349575
38,0.5496402877697841,3.1708566693583347
39,0.5426515930113053,3.1684901582496385
40,0.5539568345323741,3.146672292309454
41,0.5498458376156218,3.1460113094129887
42,0.5525179856115108,3.130218132622808
43,0.5469681397738951,3.1298400810296587
44,0.5568345323741007,3.1197297463804206
45,0.5537512846865364,3.1122194911078584
46,0.5494347379239466,3.101298332998466
47,0.5611510791366906,3.081100096364428
48,0.5593011305241521,3.079853822025954
49,0.5525179856115108,3.0740528446797355
50,0.5675231243576567,3.054019709946808
51,0.5510791366906475,3.0614382683556958
52,0.5685508735868449,3.0459284042405446
53,0.5523124357656731,3.0431793765198414
54,0.5572456320657759,3.031238206685018
55,0.5712230215827339,3.025464164904431
56,0.5701952723535457,3.0115725244304503
57,0.5673175745118191,3.006392364609768
58,0.57327852004111,3.001558105208033
59,0.5675231243576567,2.993649771573732
60,0.5720452209660842,2.982992847115261
61,0.5749229188078109,2.969982277869198
62,0.5726618705035971,2.9683356035160013
63,0.57327852004111,2.955112185679139
64,0.5886947584789312,2.9399891485290683
65,0.5884892086330935,2.9341234204702977
66,0.5880781089414183,2.921370867026428
67,0.578622816032888,2.9198603698185512
68,0.5792394655704008,2.914894223923796
69,0.5901336073997945,2.9022756145767414
70,0.5808838643371017,2.8958869341588582
71,0.5872559095580678,2.885255386209439
72,0.5843782117163412,2.8727257554112087
73,0.5940390544707091,2.8635926901865347
74,0.6010277492291881,2.851469254518217
75,0.5979445015416238,2.8527773138185446
76,0.5870503597122302,2.844468369733883
77,0.6059609455292908,2.8232308459796496
78,0.5938335046248715,2.8176450104532114
79,0.6,2.8155397353412437
80,0.6024665981500514,2.80647488919461
81,0.6045220966084276,2.7967225436929075
82,0.6135662898252826,2.7791356040664468
83,0.6069886947584789,2.779488088366674
84,0.6063720452209661,2.7678915176215177
85,0.6067831449126413,2.762535421257764
86,0.6125385405960946,2.752609791907598
87,0.608016443987667,2.73757028942363
88,0.6002055498458376,2.7328849848838406
89,0.6201438848920864,2.7220138752203193
90,0.6182939362795478,2.7138129119147743
91,0.6131551901336074,2.706646374783805
92,0.6104830421377184,2.6955183193347927
93,0.6059609455292908,2.6961641978629447
94,0.6156217882836588,2.675944069992724
95,0.6102774922918808,2.6731852235921485
96,0.6117163412127441,2.665839618426065
97,0.62672147995889,2.649052183576625
98,0.6170606372045221,2.6483470271817215
99,0.6104830421377184,2.6351742939983342
100,0.6180883864337102,2.627485960434054
101,0.6217882836587872,2.618300764656263
102,0.6209660842754368,2.608462350341546
103,0.6193216855087359,2.60193283104578
104,0.6279547790339157,2.5921155270422593
105,0.6230215827338129,2.5839741510820535
106,0.6250770811921891,2.5671585253551834
107,0.642754367934224,2.5580025598912175
108,0.6291880781089414,2.5517588433601874
109,0.6236382322713258,2.5503569177586396
110,0.6386433710174717,2.5398772557739853
111,0.6357656731757452,2.536505825889564
112,0.6308324768756424,2.525385125739479
113,0.6335046248715314,2.5186366034191168
114,0.6398766700924974,2.5057405904532706
115,0.6394655704008222,2.505327725729006
116,0.6372045220966084,2.489490563724906
117,0.6300102774922919,2.4835542244631856
118,0.6345323741007194,2.47230152336446
119,0.6437821171634122,2.462088721433132
120,0.6423432682425488,2.4531823430742534
121,0.6394655704008222,2.4466496500424957
122,0.651387461459404,2.43604710937649
123,0.6489208633093525,2.4286177454357403
124,0.6466598150051387,2.429823817452081
125,0.6503597122302158,2.417722991216097
126,0.6538540596094553,2.4063968760381624
127,0.6538540596094553,2.3885443136111317
128,0.6530318602261048,2.3889391429622764
129,0.6561151079136691,2.382253211522274
130,0.6596094552929085,2.3747049523282024
131,0.6503597122302158,2.3654456391486454
132,0.6620760534429599,2.355644046120874
133,0.656731757451182,2.345647241596328
134,0.6637204522096608,2.3415463655850135
135,0.6641315519013361,2.333899954338113
136,0.6674203494347379,2.3236593544421926
137,0.6645426515930113,2.3143315549499572
138,0.65775950668037,2.313721971668663
139,0.6618705035971223,2.3083933157396466
140,0.6705035971223021,2.2900753782807493
141,0.6696813977389517,2.2876975631419825
142,0.6633093525179856,2.282477186934186
143,0.6678314491264131,2.273597959599784
144,0.6727646454265159,2.262352441981787
145,0.6737923946557041,2.2545034030236053
146,0.6733812949640288,2.248014232776638
147,0.6672147995889003,2.242219169485361
148,0.6760534429599178,2.2316857753285158
149,0.6830421377183967,2.2270031177740304
150,0.6754367934224049,2.224620580967259
151,0.6801644398766701,2.2080597225220573
152,0.6867420349434737,2.203546222263348
153,0.6754367934224049,2.2006961863185492
154,0.6846865364850976,2.1868248409749547
155,0.6877697841726619,2.182525985115969
156,0.6705035971223021,2.1793123574075572
157,0.6910585817060637,2.1716226515520023
158,0.6922918807810894,2.157157272768168
159,0.692497430626927,2.1537112203188324
160,0.6972250770811922,2.145261449019931
161,0.6890030832476876,2.142341804308367
162,0.6949640287769784,2.127261563219735
163,0.6996916752312435,2.121302594579871
164,0.6881808838643371,2.117689653584793
165,0.7040082219938335,2.107997173150544
166,0.7040082219938335,2.0997532563243837
167,0.6957862281603289,2.0974368881223624
168,0.6939362795477904,2.098570857533203
169,0.6996916752312435,2.086938447011338
170,0.7066803699897225,2.075943848187485
171,0.7062692702980473,2.072590842594958
172,0.7035971223021583,2.0645221925100343
173,0.7072970195272353,2.058479212048365
174,0.7091469681397738,2.0509622051929033
175,0.708530318602261,2.0427349646804513
176,0.7079136690647482,2.0361046219901215
177,0.7122302158273381,2.0302605409416365
178,0.7134635149023638,2.0263147385980464
179,0.7038026721479959,2.0230022152550786
180,0.71551901336074,2.0119194121669524
181,0.7163412127440905,1.9977904562347348
182,0.7151079136690648,1.9995622228130407
183,0.7223021582733813,1.9910142252158531
184,0.7214799588900308,1.9844616054876
185,0.7165467625899281,1.9834214659168443
186,0.7225077081192189,1.9729311375064202
187,0.720863309352518,1.9669387446890632
188,0.7307297019527236,1.9588560427325603
189,0.7206577595066803,1.9593594171773003
190,0.7255909558067831,1.9511718937206366
191,0.7356628982528263,1.939374571297421
192,0.7387461459403906,1.9337852749525581
193,0.7257965056526208,1.9353751997050868
194,0.7272353545734841,1.9240019646847482
195,0.7329907502569373,1.9194791562020594
196,0.731551901336074,1.9098018362735305
197,0.7321685508735869,1.907661088471055
198,0.7346351490236382,1.9009086761788254
199,0.7405960945529291,1.8942763684097321
200,0.7385405960945529,1.8884860547694002
201,0.7408016443987667,1.8830733589376232
202,0.7309352517985611,1.8756051889058865
203,0.7424460431654676,1.8667528992444125
204,0.7327852004110997,1.8743361707581523
205,0.7465570400822199,1.857956993910661
206,0.7377183967112024,1.855804078919547
207,0.7512846865364851,1.8521774732564238
208,0.7385405960945529,1.8478732270057499
209,0.7471736896197327,1.8366221650408816
210,0.753956834532374,1.8271494258466996
211,0.7514902363823227,1.8246061044263693
212,0.7410071942446043,1.8273224433181465
213,0.74224049331963,1.8181221964425442
214,0.7430626927029804,1.8144967320766625
215,0.7430626927029804,1.8052320307352314
216,0.7482014388489209,1.8011568289253963
217,0.7442959917780062,1.797128179139493
218,0.7506680369989722,1.7911651072497237
219,0.760945529290853,1.7818161404022577
220,0.7482014388489209,1.7819426189836225
221,0.7570400822199383,1.7730327663784282
222,0.76896197327852,1.7602333589300958
223,0.7584789311408017,1.7680711038556154
224,0.7570400822199383,1.7563554926741896
225,0.7588900308324769,1.7552596174310682
226,0.7605344295991778,1.7501391307423073
227,0.7699897225077081,1.7396457771113083
228,0.765262076053443,1.734069145105603
229,0.7605344295991778,1.7388597790285838
230,0.7564234326824255,1.7368036826369941
231,0.7736896197327852,1.7201038977837637
232,0.763617677286742,1.7172092523261184
233,0.7660842754367935,1.7176503690149165
234,0.7640287769784173,1.7141605307852499
235,0.7708119218910586,1.7022480564764322
236,0.7722507708119218,1.6961404507598798
237,0.76896197327852,1.6952143562293371
238,0.7798561151079136,1.6831569085263274
239,0.7714285714285715,1.6894088081073664
240,0.7767728674203495,1.6788075698242892
241,0.7757451181911613,1.6729574163305552
242,0.7757451181911613,1.6728482448307362
243,0.7800616649537513,1.6598215303097574
244,0.7769784172661871,1.660739150983334
245,0.7771839671120246,1.6577421257944294
246,0.7794450154162385,1.6508141131709806
247,0.7808838643371018,1.6421975646945213
248,0.7821171634121274,1.6452001005870587
249,0.7747173689619733,1.6402010142864452
250,0.7895169578622816,1.6278938920745378
251,0.7876670092497431,1.6253358443006336
252,0.791983556012333,1.618056456182623
253,0.7841726618705036,1.6182422779324366
254,0.786639260020555,1.6134538053608627
255,0.7897225077081192,1.6089231720441168
256,0.7889003083247688,1.600298782193771
257,0.7847893114080164,1.5990293312415802
258,0.7960945529290853,1.589959141333326
259,0.7960945529290853,1.587958731509186
260,0.7909558067831449,1.5911812804830772
261,0.7938335046248716,1.5795032860441296
262,0.7944501541623844,1.5752854414613495
263,0.7985611510791367,1.5739033525796244
264,0.7948612538540596,1.5741606153172554
265,0.7954779033915724,1.563339473532258
266,0.8036998972250771,1.5621101986099981
267,0.8014388489208633,1.55663156840196
268,0.8020554984583762,1.546194218266047
269,0.7975334018499486,1.5482000849597377
270,0.8065775950668037,1.5428889570353823
271,0.8,1.541452017325414
272,0.8088386433710175,1.5326365499555268
273,0.8010277492291881,1.5340383879817403
274,0.8036998972250771,1.5294418136482983
275,0.8024665981500514,1.5267880666415223
276,0.8082219938335046,1.5179041971283116
277,0.8098663926002055,1.5117895762452365
278,0.8115107913669065,1.5134455380434857
279,0.8057553956834532,1.5042588658347527
280,0.8141829393627955,1.5065921747672226
281,0.8108941418293937,1.4994633188473112
282,0.8098663926002055,1.4966854033955321
283,0.8059609455292909,1.4933544150849407
284,0.814388489208633,1.484348023146054
285,0.8219938335046248,1.481629012177439
286,0.816032887975334,1.4767927430516525
287,0.814388489208633,1.477813268050873
288,0.8030832476875642,1.4784236800388835
289,0.8178828365878725,1.4674759868237612
290,0.8115107913669065,1.471130032407049
291,0.8172661870503597,1.45863404381802
292,0.8168550873586845,1.4544587502866708
293,0.829393627954779,1.45131218063378
294,0.8236382322713258,1.446906215387405
295,0.8304213771839671,1.444314125287447
296,0.8295991778006166,1.4408389646004798
297,0.8279547790339157,1.4329116763460918
298,0.8234326824254882,1.4324611409227503
299,0.8271325796505653,1.419948163061936
300,0.8246659815005138,1.4266904967171805
301,0.8209660842754368,1.42755652233606
302,0.8246659815005138,1.4194784873558586
303,0.8330935251798561,1.4121611304542878
304,0.8302158273381295,1.4116891769809077
305,0.8191161356628982,1.4150142161476158
306,0.8285714285714286,1.409959590888342
307,0.8318602261048305,1.395845016840183
308,0.8304213771839671,1.4003612798384992
309,0.8382322713257965,1.3886431979495968
310,0.824049331963001,1.3934058686567112
311,0.8273381294964028,1.3916634225159241
312,0.8349434737923946,1.3848086461256366
313,0.8437821171634121,1.3765320901635494
314,0.8458376156217883,1.368801205572342
315,0.8349434737923946,1.3774932005912648
316,0.8409044193216855,1.3641784211469457
317,0.8372045220966084,1.3661086537487583
318,0.8448098663926003,1.3593831996143415
319,0.8450154162384378,1.3509349634566508
320,0.834737923946557,1.3602411766091451
321,0.8409044193216855,1.3485247695801315
322,0.8402877697841726,1.3514381877442425
323,0.8464542651593011,1.3399600384659291
324,0.8472764645426516,1.3387439410218478
325,0.8441932168550874,1.3371159724071853
326,0.847070914696814,1.3322649962365443
327,0.8413155190133608,1.3361980784833738
328,0.8534429599177801,1.32009428272757
329,0.8439876670092498,1.3277632515820055
330,0.8446043165467626,1.3239511952738354
331,0.8526207605344296,1.3151133810260927
332,0.8565262076053443,1.3083446170663784
333,0.8534429599177801,1.3108417479744428
334,0.8526207605344296,1.304586678541209
335,0.8524152106885919,1.3074635719836432
336,0.8554984583761562,1.299190302559185
337,0.8585817060637204,1.2907722710582972
338,0.8530318602261048,1.2943161132156789
339,0.8517985611510791,1.2906850558635754
340,0.8626927029804727,1.2787382916825893
341,0.8610483042137719,1.2808259042169428
342,0.8493319630010278,1.2879236147558089
343,0.8571428571428571,1.2755228887236498
344,0.8600205549845837,1.2649850234710913
345,0.8567317574511819,1.2732185427478504
346,0.8573484069886947,1.2677000315804399
347,0.8686536485097636,1.2581788263977616
348,0.8559095580678314,1.2669923889183679
349,0.8645426515930114,1.2552010281112922
350,0.8559095580678314,1.2590459053219896
351,0.8655704008221994,1.2547386055002476
352,0.8663926002055499,1.248646832272058
353,0.8672147995889004,1.245384556416495
354,0.8661870503597122,1.2496155995136664
355,0.8639260020554984,1.2458255151437954
356,0.8709146968139774,1.231257161305105
357,0.8653648509763617,1.2323064229471221
358,0.871120246659815,1.2305899979276744
359,0.8594039054470709,1.2409644589272213
360,0.872147995889003,1.2210382651449598
361,0.869475847893114,1.2259356618295103
362,0.8768756423432682,1.2178534648646309
363,0.8760534429599178,1.2137397194202733
364,0.866803699897225,1.2239306932363088
365,0.8733812949640288,1.2144633203959294
366,0.873792394655704,1.2097241860131933
367,0.8776978417266187,1.2080197884514545
368,0.8705035971223022,1.207494811984765
369,0.877492291880781,1.1980609633572177
370,0.8762589928057554,1.197215219293812
371,0.8760534429599178,1.1945845509237032
372,0.8760534429599178,1.1904553152184325
373,0.8859198355601233,1.182392461731157
374,0.8813977389516958,1.1847073004645163
375,0.8830421377183967,1.1814049249317762
376,0.8787255909558068,1.180824804673582
377,0.891469681397739,1.1662929480146895
378,0.8859198355601233,1.1746954415341933
379,0.8877697841726618,1.1681644472409374
380,0.8848920863309353,1.1660546960958107
381,0.8779033915724563,1.1716680336341583
382,0.8838643371017472,1.1605441848886222
383,0.8879753340184995,1.1607762149279557
384,0.8859198355601233,1.1529894666828575
385,0.8885919835560123,1.1484272087710734
386,0.883453237410072,1.1502418839184132
387,0.8894141829393628,1.1454140273909652
388,0.8904419321685508,1.1538557642410372
389,0.8894141829393628,1.1455115077551934
390,0.8918807810894142,1.1436201458967235
391,0.8980472764645426,1.1354762607708742
392,0.8935251798561151,1.1340559890801958
393,0.8945529290853032,1.1301226103293565
394,0.891469681397739,1.1271662925522228
395,0.8867420349434738,1.13890171871891
396,0.8896197327852005,1.1241551181395277
397,0.8875642343268243,1.1323006986714095
398,0.8894141829393628,1.1223474395605912
399,0.8980472764645426,1.1148068296210984
400,0.8904419321685508,1.117356377086561
401,0.892497430626927,1.115492405283733
402,0.8945529290853032,1.1098087421056546
403,0.8966084275436793,1.1076574287948726
404,0.9005138746145941,1.100967247353796
405,0.8966084275436793,1.1067561284121115
406,0.9007194244604316,1.0980157281242442
407,0.8908530318602261,1.102263154326828
408,0.8966084275436793,1.0945087062981733
409,0.8939362795477903,1.095265050500417
410,0.9019527235354573,1.0875953959291542
411,0.9056526207605344,1.0847929394869986
412,0.8959917780061665,1.0917658465371716
413,0.9083247687564234,1.0759787128861125
414,0.9023638232271326,1.0828111505949485
415,0.8974306269270298,1.0810700761573533
416,0.8961973278520041,1.0908079795700183
417,0.9019527235354573,1.0738181066537564
418,0.904830421377184,1.0734965300756025
419,0.904830421377184,1.0681664842618332
420,0.899486125385406,1.0733759881658642
421,0.9070914696813978,1.0640459788911512
422,0.9093525179856116,1.0610369823574408
423,0.9031860226104831,1.0650276037061324
424,0.9005138746145941,1.0617971333790903
425,0.9066803699897225,1.0548612879579629
426,0.9101747173689619,1.0578155014032204
427,0.8980472764645426,1.0611658161492656
428,0.9132579650565262,1.046347356847232
429,0.9050359712230216,1.0470465894348207
430,0.9060637204522096,1.047720153113676
431,0.9097636176772868,1.047021722131986
432,0.9142857142857143,1.0317351934231076
433,0.9153134635149024,1.0355386460060205
434,0.9103802672147996,1.0350182864795854
435,0.9091469681397739,1.0378228607795221
436,0.9130524152106886,1.0341420347129453
437,0.9107913669064748,1.030503530713049
438,0.9060637204522096,1.038698940335908
439,0.9167523124357657,1.021404509725698
440,0.9165467625899281,1.0209488709563463
441,0.9112024665981501,1.020718832447252
442,0.9155190133607399,1.0231395971615782
443,0.9070914696813978,1.022809361333347
444,0.9161356628982529,1.0083078367246998
445,0.9068859198355601,1.0221402838810865
446,0.9142857142857143,1.01309897688898
447,0.9146968139773896,1.0129456341940477
448,0.9075025693730729,1.0159117757477716
449,0.9173689619732786,1.0057480034700768
450,0.9095580678314491,1.0105682348543423
451,0.9183967112024666,0.9986296410918358
452,0.9202466598150051,1.002164705181906
453,0.9130524152106886,0.9990433675779713
454,0.9167523124357657,0.994486027864121
455,0.9165467625899281,0.9918132169396144
456,0.9153134635149024,0.9922546932900674
457,0.9229188078108942,0.9830063396833171
458,0.9149023638232271,0.9936705629357576
459,0.9233299075025694,0.9848075181950278
460,0.9257965056526207,0.9768025338343457
461,0.9126413155190134,0.9876763554050646
462,0.9171634121274409,0.9896567291002969
463,0.9268242548818089,0.9761859500395921
464,0.9216855087358684,0.9765311487777137
465,0.9290853031860226,0.9683811557623735
466,0.9237410071942446,0.9754340956169434
467,0.9249743062692704,0.9683496343636194
468,0.9243576567317574,0.964438832957845
469,0.9233299075025694,0.9645678896453128
470,0.927235354573484,0.9612060037203217
471,0.9206577595066804,0.9654796742339296
472,0.9274409044193217,0.9556232789192514
473,0.9237410071942446,0.9612472182677682
474,0.9290853031860226,0.9565737088684678
475,0.9247687564234327,0.9594274065477385
476,0.9323741007194245,0.9443342591483693
477,0.9255909558067832,0.9536054646245989
478,0.9323741007194245,0.9484799637946416
479,0.9251798561151079,0.9527241064857725
480,0.9294964028776979,0.9422959986350519
481,0.9313463514902364,0.9467802905717833
482,0.9274409044193217,0.9412120701475232
483,0.9282631038026722,0.9378359600549366
484,0.9264131551901336,0.9420412597283797
485,0.9294964028776979,0.9325809529114357
486,0.9338129496402877,0.9307475139891378
487,0.9327852004110997,0.933670271680387
488,0.932579650565262,0.9257292684891241
489,0.9340184994861254,0.9244613677110113
490,0.9354573484069887,0.9205899143758071
491,0.9356628982528263,0.9188818792645023
492,0.9329907502569373,0.9242434513532123
493,0.9336073997944502,0.9216928702096655
494,0.931551901336074,0.9257503699178196
495,0.9257965056526207,0.9267953265240112
496,0.9344295991778007,0.916775376162083
497,0.9284686536485097,0.9238606856023664
498,0.9336073997944502,0.9113376889174913
499,0.9366906474820144,0.912331407717051
