epoch,categorical_accuracy,loss
0,0.5231243576567317,4.75979216635411
1,0.5124357656731757,4.378807339173304
2,0.5089414182939362,4.1607204176049075
3,0.49393627954779035,4.161824453869435
4,0.4947584789311408,4.013653954940121
5,0.5214799588900308,3.8596472968545505
6,0.4976361767728674,3.8381720001871513
7,0.5066803699897225,3.7773239476830227
8,0.4988694758478931,3.728048804558561
9,0.5058581706063721,3.654927319637428
10,0.5013360739979446,3.566849889294584
11,0.5056526207605344,3.531349510083096
12,0.5044193216855087,3.5026806742167302
13,0.5083247687564234,3.437248902551194
14,0.5188078108941419,3.3810758828871785
15,0.5075025693730729,3.3961827090930843
16,0.5144912641315519,3.3123826652244577
17,0.5064748201438849,3.342174594130325
18,0.512846865364851,3.2763635005147216
19,0.5107913669064749,3.2624506250559855
20,0.5159301130524152,3.228938119237494
21,0.524563206577595,3.196481117413198
22,0.5177800616649537,3.173960542580819
23,0.5153134635149024,3.173713804050928
24,0.5270298047276465,3.153716417745843
25,0.5274409044193217,3.111884816945028
26,0.5301130524152107,3.092620924148873
27,0.5352517985611511,3.0649306298772454
28,0.5220966084275437,3.0825252797596256
29,0.524563206577595,3.06387065282706
30,0.523535457348407,3.0380271760679833
31,0.5243576567317575,3.0354737709139505
32,0.5173689619732785,3.027013481214627
33,0.5366906474820143,2.9953476098189005
34,0.5183967112024666,3.0074883084625528
35,0.5317574511819116,2.981045379717083
36,0.5255909558067832,2.9756824121935885
37,0.5183967112024666,2.9679194352854683
38,0.5175745118191162,2.978833900081168
39,0.5255909558067832,2.9497020530308626
40,0.5280575539568345,2.929380156937508
41,0.5329907502569373,2.922751948914327
42,0.5301130524152107,2.925879470368451
43,0.5451181911613566,2.908125049849821
44,0.5334018499486125,2.8936941899596604
45,0.5348406988694758,2.8844174212076434
46,0.5459403905447071,2.8748411660816786
47,0.5321685508735868,2.869689409828382
48,0.5463514902363823,2.863279452573849
49,0.534224049331963,2.858036453750861
50,0.5471736896197328,2.844955130054674
51,0.541212744090442,2.8448168856021923
52,0.5364850976361768,2.8378262647254373
53,0.5551901336073998,2.8169417540068986
54,0.5416238437821171,2.820928655547939
55,0.5498458376156218,2.811989971888151
56,0.5451181911613566,2.8043371360814096
57,0.5416238437821171,2.8048337620306847
58,0.5498458376156218,2.787019740052728
59,0.5455292908530318,2.7875109486320158
60,0.550256937307297,2.77986141005866
61,0.5656731757451182,2.7638786168407194
62,0.5566289825282631,2.7587998402939546
63,0.5551901336073998,2.748385948512439
64,0.5543679342240493,2.7499284732991107
65,0.5506680369989723,2.7490458488464355
66,0.5611510791366906,2.7363134934502784
67,0.5619732785200411,2.7340848243003757
68,0.5558067831449126,2.7251509639979146
69,0.5660842754367934,2.7122091806437227
70,0.5615621788283659,2.7132276042024746
71,0.5741007194244604,2.690572176930348
72,0.5601233299075026,2.7062401633345945
73,0.5578622816032888,2.691659417549361
74,0.5681397738951696,2.6813038563311773
75,0.5669064748201439,2.6765554136999588
76,0.5609455292908531,2.6692394067425154
77,0.5741007194244604,2.6576661967545103
78,0.5578622816032888,2.663947813165396
79,0.5800616649537513,2.6443032074072623
80,0.5617677286742035,2.647425439154379
81,0.5701952723535457,2.63739482491504
82,0.5773895169578623,2.6286550938409254
83,0.5708119218910586,2.6276210720222997
84,0.5755395683453237,2.6123669243544985
85,0.5718396711202467,2.606006419033823
86,0.579650565262076,2.600414842250781
87,0.5780061664953752,2.5950010960785725
88,0.5757451181911614,2.588480120989181
89,0.5817060637204522,2.58499256586857
90,0.598972250770812,2.5728255525277306
91,0.5837615621788284,2.567600220545958
92,0.5886947584789312,2.5605743925716014
93,0.5825282631038027,2.550018012388882
94,0.5860226104830422,2.5549669600954283
95,0.6022610483042138,2.535749072969756
96,0.5755395683453237,2.5373154274116194
97,0.5897225077081192,2.525698662343275
98,0.6012332990750257,2.51639018357719
99,0.5923946557040082,2.5108637716640305
100,0.5965056526207605,2.506325089894733
101,0.6028776978417266,2.4980458147846782
102,0.5965056526207605,2.4944673018734846
103,0.5954779033915725,2.4852854239609847
104,0.6051387461459404,2.482774198459574
105,0.590955806783145,2.4726421350320344
106,0.6032887975334018,2.463430407260452
107,0.5977389516957863,2.457333954853242
108,0.597327852004111,2.4589460398408396
109,0.6065775950668038,2.4455882758055294
110,0.6152106885919836,2.4339075818703817
111,0.6115107913669064,2.4351874174096477
112,0.6135662898252826,2.424258500282468
113,0.6055498458376156,2.426484289100702
114,0.6076053442959918,2.411672846116853
115,0.610688591983556,2.4070625491892077
116,0.6143884892086331,2.4009671427363113
117,0.6160328879753341,2.3936939643318826
118,0.6133607399794451,2.3899708089211003
119,0.6078108941418294,2.38574133781833
120,0.6127440904419321,2.3711386611993364
121,0.6232271325796506,2.3625932692501306
122,0.6086330935251798,2.3697391581559843
123,0.6221993833504625,2.3556311669109538
124,0.6205549845837616,2.3510948517339694
125,0.6221993833504625,2.3381215986465502
126,0.6283658787255909,2.3291921717534945
127,0.6283658787255909,2.3265800524100984
128,0.6339157245632066,2.3173413480051006
129,0.6306269270298047,2.31389613021682
130,0.6189105858170606,2.313476758233567
131,0.6310380267214799,2.3030725469324596
132,0.6355601233299075,2.2962858756301583
133,0.6415210688591984,2.280787782923903
134,0.6380267214799589,2.285287153806618
135,0.6252826310380267,2.2815948615706345
136,0.6483042137718397,2.261943687319388
137,0.6353545734840699,2.2630119811349148
138,0.6304213771839671,2.255821581073067
139,0.6330935251798561,2.254410025419214
140,0.6384378211716342,2.2441844765230905
141,0.6487153134635149,2.2333628688784812
142,0.632065775950668,2.238860745371184
143,0.6421377183967112,2.223189358941575
144,0.6419321685508735,2.2198367494718387
145,0.6468653648509763,2.209756016265697
146,0.6446043165467625,2.2063295964224365
147,0.6544707091469681,2.1969977914980725
148,0.6515930113052415,2.1894258043871386
149,0.6620760534429599,2.185340586914188
150,0.647070914696814,2.1847518143648967
151,0.6538540596094553,2.1742989978711873
152,0.6565262076053443,2.168937113351224
153,0.6509763617677287,2.165944830658257
154,0.6670092497430626,2.1501855646841084
155,0.6485097636176773,2.148738374347432
156,0.649743062692703,2.1486334747547726
157,0.65344295991778,2.138824746787609
158,0.6645426515930113,2.133699153138579
159,0.6530318602261048,2.1284534644982553
160,0.6624871531346351,2.1263178175546895
161,0.6614594039054471,2.1160395471802227
162,0.663103802672148,2.111113054191221
163,0.6694758478931141,2.106333509721589
164,0.6668036998972251,2.0996624731944005
165,0.6608427543679343,2.097545092789512
166,0.663103802672148,2.0887846297374857
167,0.6653648509763618,2.084220148186522
168,0.6598150051387461,2.0814949532084452
169,0.6715313463514903,2.069931560528119
170,0.6690647482014388,2.0656588272347602
171,0.6690647482014388,2.058096756596972
172,0.6754367934224049,2.0528249520069526
173,0.6729701952723536,2.0460181735892458
174,0.6725590955806783,2.042389725389118
175,0.6725590955806783,2.0364786581782375
176,0.6733812949640288,2.030388327394703
177,0.6756423432682426,2.024661129817198
178,0.6774922918807811,2.0170597987944396
179,0.6848920863309352,2.014836463972329
180,0.6799588900308324,2.0053797623603953
181,0.6797533401849949,2.0110752599702466
182,0.6869475847893114,1.9995788696736005
183,0.6809866392600206,1.9928985152190661
184,0.6828365878725591,1.990985909027774
185,0.6859198355601234,1.9757439752031818
186,0.6920863309352518,1.9785161858349885
187,0.6855087358684481,1.97402585476545
188,0.6744090441932169,1.9700154907534326
189,0.6906474820143885,1.9612368633911275
190,0.6787255909558068,1.9592096771267677
191,0.6842754367934224,1.9500945503885676
192,0.6853031860226105,1.9458602586728573
193,0.695169578622816,1.9379543759717481
194,0.6964028776978417,1.934115356115006
195,0.6846865364850976,1.9306242083719063
196,0.697841726618705,1.9294942859510478
197,0.699486125385406,1.9208329947119749
198,0.6964028776978417,1.911913229113125
199,0.6953751284686537,1.9107710992689613
200,0.6920863309352518,1.9074845738425652
201,0.7068859198355602,1.902477482950577
202,0.700513874614594,1.89744075175302
203,0.7097636176772868,1.8819783892440405
204,0.7068859198355602,1.8827824881240987
205,0.6980472764645427,1.8807480711608604
206,0.7007194244604317,1.8781773083011513
207,0.7033915724563207,1.8702832181309135
208,0.7136690647482015,1.8609519861952497
209,0.713874614594039,1.8595866872742388
210,0.7081192189105858,1.852728962922758
211,0.7103802672147996,1.8505992029823233
212,0.7083247687564235,1.8493461714251558
213,0.7097636176772868,1.8403240329560127
214,0.7064748201438849,1.8375778066413622
215,0.7062692702980473,1.8330242214810566
216,0.7153134635149023,1.8218448127774025
217,0.712846865364851,1.821160426022215
218,0.7097636176772868,1.815945525429109
219,0.7245632065775951,1.8106200741594398
220,0.71120246659815,1.8098996058029848
221,0.7087358684480987,1.8046788029165943
222,0.7173689619732785,1.8012083168755086
223,0.7169578622816033,1.796193519599146
224,0.7163412127440905,1.7897495852467458
225,0.7159301130524152,1.790613809518922
226,0.7202466598150051,1.7823511925900215
227,0.7142857142857143,1.7825434409334628
228,0.7251798561151079,1.7731304636227019
229,0.7206577595066803,1.772570209929534
230,0.7266187050359713,1.7659156479791405
231,0.7175745118191161,1.7638355448704217
232,0.7212744090441933,1.760402226448059
233,0.7233299075025694,1.7540505865249947
234,0.7194244604316546,1.7538528735934156
235,0.7391572456320658,1.7391748279363743
236,0.7194244604316546,1.7404497772424585
237,0.7266187050359713,1.7378532820590844
238,0.7364850976361768,1.7294295222516662
239,0.728879753340185,1.7246702208915938
240,0.7280575539568346,1.7235278940396834
241,0.7282631038026721,1.7258162282353682
242,0.7274409044193216,1.7190178941969758
243,0.7356628982528263,1.709702858160358
244,0.739568345323741,1.701988270471422
245,0.7377183967112024,1.7050738296675412
246,0.7317574511819116,1.7082052696400531
247,0.7243576567317574,1.6967292726591214
248,0.7356628982528263,1.6917912597401414
249,0.7336073997944501,1.6894639990435107
250,0.7340184994861254,1.6840076202723864
251,0.7282631038026721,1.6843043235198567
252,0.7510791366906475,1.6702933574384433
253,0.7391572456320658,1.6676683233306195
254,0.7377183967112024,1.664695519264041
255,0.7447070914696814,1.6602512634547861
256,0.7432682425488181,1.6644652104451256
257,0.744912641315519,1.6545482737922472
258,0.7504624871531347,1.647876786867124
259,0.7453237410071942,1.6526460595635692
260,0.7414182939362796,1.643421127127229
261,0.7479958890030832,1.6365747756605158
262,0.7488180883864337,1.6421747377695552
263,0.7438848920863309,1.6321158496841006
264,0.7457348406988695,1.630964736188671
265,0.7490236382322714,1.6230820070435308
266,0.74224049331963,1.6209967774697958
267,0.7514902363823227,1.6119484798268693
268,0.7484069886947585,1.6165176426641497
269,0.7615621788283659,1.6049015175524375
270,0.7516957862281604,1.6042417485814422
271,0.7467625899280576,1.6038474970951846
272,0.7521068859198355,1.6013327198675456
273,0.7519013360739979,1.5965750214252294
274,0.7531346351490237,1.5946632438671429
275,0.7531346351490237,1.5894457829329363
276,0.7519013360739979,1.5937364356245804
277,0.758273381294964,1.581370260732637
278,0.750256937307297,1.5847572142149169
279,0.7570400822199383,1.5750927234357577
280,0.7560123329907502,1.5683068259524418
281,0.7574511819116135,1.5660346779034293
282,0.7593011305241522,1.5641777830770793
283,0.7586844809866392,1.5596654739066238
284,0.7533401849948612,1.5578394699439728
285,0.7621788283658787,1.5533605859066453
286,0.7617677286742035,1.5467797639803675
287,0.7586844809866392,1.5425458187189525
288,0.7673175745118191,1.5397657532608644
289,0.7697841726618705,1.5387123436011367
290,0.7603288797533402,1.5380728573862843
291,0.7617677286742035,1.535959224171653
292,0.762589928057554,1.5301087676437393
293,0.774306269270298,1.5212663292517274
294,0.7673175745118191,1.5210745152809637
295,0.7693730729701953,1.5211891490900995
296,0.766289825282631,1.519818730467025
297,0.7632065775950668,1.5126403863726514
298,0.7669064748201438,1.510936744950658
299,0.7664953751284687,1.508967111534597
300,0.770606372045221,1.5042453120448238
301,0.7697841726618705,1.5019854043517549
302,0.7683453237410072,1.5025349937509536
303,0.7769784172661871,1.496063143768389
304,0.77327852004111,1.4935163426374727
305,0.7738951695786228,1.4881646969090507
306,0.7728674203494348,1.4856915234049202
307,0.7720452209660843,1.4824380443863119
308,0.7821171634121274,1.4694122824124907
309,0.7755395683453238,1.4739643265507572
310,0.7771839671120246,1.4651220595603858
311,0.7798561151079136,1.4686683235041038
312,0.7775950668036999,1.463031109116918
313,0.7821171634121274,1.4604036517893055
314,0.786639260020555,1.4509722167149355
315,0.7778006166495375,1.4560706905323824
316,0.7773895169578623,1.4516102725163271
317,0.7843782117163413,1.4465968838453538
318,0.7821171634121274,1.4407347331434213
319,0.7882836587872559,1.4453203611481718
320,0.7804727646454265,1.438967924054333
321,0.7829393627954779,1.4351895406826918
322,0.7899280575539568,1.4329948871255778
323,0.7856115107913669,1.4312004858028728
324,0.7882836587872559,1.425052709937218
325,0.7907502569373073,1.4183651333355094
326,0.7868448098663926,1.4224142204698287
327,0.7878725590955806,1.417705521995215
328,0.7913669064748201,1.4161298687141943
329,0.7886947584789311,1.4151230118135019
330,0.7884892086330936,1.4106692318313536
331,0.791983556012333,1.3993205633094843
332,0.7921891058581706,1.4013444262197794
333,0.7956834532374101,1.3977426951125127
334,0.7954779033915724,1.4001681630437446
335,0.7847893114080164,1.3934537781963368
336,0.7921891058581706,1.3888724569181499
337,0.8016443987667009,1.382538541174376
338,0.7882836587872559,1.3875930196334745
339,0.7981500513874614,1.3818019314635572
340,0.7956834532374101,1.3826561004505373
341,0.7958890030832477,1.3760233622048152
342,0.7965056526207606,1.3719194218899216
343,0.7911613566289826,1.369178752026847
344,0.8010277492291881,1.3654682889136602
345,0.7977389516957862,1.36698512087623
346,0.8006166495375129,1.3625354576208855
347,0.7971223021582734,1.3598988713610454
348,0.7995889003083247,1.355231926522054
349,0.7917780061664954,1.3590805416607048
350,0.8034943473792394,1.3512827068536646
351,0.8032887975334019,1.3433019188178161
352,0.8010277492291881,1.3462260915466104
353,0.7997944501541624,1.3469177912832655
354,0.8115107913669065,1.335220035533866
355,0.8078108941418294,1.3440133410147013
356,0.8045220966084276,1.336321025161802
357,0.8020554984583762,1.3331148843235985
358,0.808016443987667,1.3262716256579785
359,0.8020554984583762,1.328629275951209
360,0.8057553956834532,1.3204252755531671
361,0.8150051387461459,1.3254651891486864
362,0.8127440904419322,1.313033071892357
363,0.8047276464542652,1.319907737905418
364,0.8164439876670092,1.3110222993627236
365,0.8067831449126414,1.3101699715895618
366,0.8199383350462487,1.3010740389681794
367,0.8113052415210689,1.3040436143375251
368,0.8084275436793422,1.2998376730902221
369,0.8147995889003083,1.3014532595229664
370,0.8092497430626927,1.301390428018717
371,0.8127440904419322,1.2991659881644724
372,0.8110996916752312,1.2909971862755723
373,0.8184994861253854,1.2880838290270407
374,0.8139773895169579,1.2833628251643245
375,0.8182939362795478,1.2763475319341913
376,0.8182939362795478,1.285471416965418
377,0.817677286742035,1.2801134078132652
378,0.8191161356628982,1.2733249502093795
379,0.8172661870503597,1.2735392829987153
380,0.8191161356628982,1.2713002794203019
381,0.8178828365878725,1.2729546241255483
382,0.8234326824254882,1.2720261671315238
383,0.818705035971223,1.2644264951394248
384,0.8207605344295992,1.2582170370793906
385,0.824049331963001,1.2566265881000296
386,0.8207605344295992,1.254903116231097
387,0.8236382322713258,1.2563363780710703
388,0.823021582733813,1.2502550169963387
389,0.817677286742035,1.2492345783962866
390,0.8205549845837615,1.2502389625067087
391,0.8258992805755395,1.2466758161997624
392,0.8279547790339157,1.2323408760245265
393,0.8312435765673176,1.236932118774563
394,0.8287769784172662,1.2352079773733329
395,0.8217882836587873,1.2396251505962501
396,0.817677286742035,1.2383357780197786
397,0.8277492291880781,1.2309114548309734
398,0.8250770811921891,1.2307956533588829
399,0.8275436793422405,1.2269947809893695
400,0.8209660842754368,1.2277162540485778
401,0.8378211716341213,1.2141814000682498
402,0.832065775950668,1.214943708128699
403,0.8335046248715313,1.2101341762008548
404,0.8252826310380267,1.2165589021141703
405,0.8349434737923946,1.2035943559850475
406,0.8302158273381295,1.2118684279097804
407,0.8295991778006166,1.2111670584987393
408,0.8330935251798561,1.2095765874417688
409,0.8326824254881808,1.2011007569921714
410,0.8353545734840699,1.1983196712348836
411,0.8312435765673176,1.1976145004442025
412,0.8394655704008221,1.1889604314870728
413,0.833710174717369,1.193899574774755
414,0.8279547790339157,1.1990430302634636
415,0.8376156217882836,1.1858331102506474
416,0.8369989722507708,1.1913695719357262
417,0.8402877697841726,1.1830853145144582
418,0.8382322713257965,1.1859467548677145
419,0.8376156217882836,1.1804923003893595
420,0.8396711202466598,1.175494460432282
421,0.8493319630010278,1.1660237550367922
422,0.8409044193216855,1.172377696679283
423,0.8415210688591983,1.1734334950089331
424,0.8404933196300103,1.1711366375573247
425,0.8431654676258993,1.1637685159740077
426,0.8454265159301131,1.1671138842328848
427,0.8409044193216855,1.169950970250803
428,0.8474820143884892,1.1568357772964368
429,0.8355601233299075,1.1664271615392012
430,0.8448098663926003,1.1562976857251033
431,0.8431654676258993,1.159010540483422
432,0.8464542651593011,1.1539812326431274
433,0.8423432682425488,1.1512740959243932
434,0.8474820143884892,1.140995792494771
435,0.8474820143884892,1.1455825368154944
436,0.8421377183967113,1.1535901566938653
437,0.8435765673175745,1.14808036440568
438,0.8509763617677287,1.1389069350503331
439,0.8450154162384378,1.1423007715520241
440,0.8462487153134635,1.1402357553284068
441,0.8458376156217883,1.1387675644804982
442,0.8546762589928057,1.1247842262117125
443,0.8530318602261048,1.1254675753437602
444,0.8446043165467626,1.1298074717511866
445,0.8587872559095581,1.1250769926122135
446,0.8602261048304214,1.1158442923613467
447,0.8524152106885919,1.127248005202961
448,0.8499486125385406,1.1219958791997426
449,0.8528263103802672,1.1172065030389062
450,0.8522096608427544,1.1176443525600532
451,0.8480986639260021,1.1125855002104317
452,0.85775950668037,1.1015084144512894
453,0.8499486125385406,1.1076520370677465
454,0.8538540596094553,1.1059549235856545
455,0.8559095580678314,1.1056956757989473
456,0.8639260020554984,1.0913519783843335
457,0.8587872559095581,1.0991398664319625
458,0.8575539568345324,1.0934986223787344
459,0.8540596094552929,1.099839879662748
460,0.8569373072970196,1.0993913402415254
461,0.8569373072970196,1.0912345347644614
462,0.8635149023638232,1.0842617835684891
463,0.8635149023638232,1.0858794744188716
464,0.8573484069886947,1.092390777738832
465,0.8569373072970196,1.0835602800990671
466,0.8602261048304214,1.082847187318145
467,0.8655704008221994,1.0745937995773425
468,0.8606372045220966,1.075381814416609
469,0.8608427543679342,1.079389404417432
470,0.8713257965056527,1.0682879456758254
471,0.8672147995889004,1.0689079072713117
472,0.8643371017471737,1.0649187365391761
473,0.866803699897225,1.0646994710826188
474,0.8688591983556012,1.0626488081965393
475,0.8649537512846865,1.0599767931196207
476,0.8698869475847893,1.0613521436748132
477,0.8688591983556012,1.0624588486592057
478,0.8647482014388489,1.0592901795398049
479,0.8674203494347379,1.0519913232461278
480,0.8653648509763617,1.0564506856657618
481,0.8633093525179856,1.055140043358641
482,0.8707091469681397,1.051370781568192
483,0.8715313463514902,1.0481741230877428
484,0.8659815005138746,1.0539125724049536
485,0.8606372045220966,1.0501272672616933
486,0.8682425488180884,1.0422130716300329
487,0.8637204522096609,1.0442068641501856
488,0.8707091469681397,1.0379312850220965
489,0.871120246659815,1.0425043591492467
490,0.8690647482014389,1.0399227011485555
491,0.8696813977389517,1.035090671903918
492,0.8746145940390545,1.0324650891883278
493,0.872147995889003,1.030785419149487
494,0.8768756423432682,1.0242061201494497
495,0.8789311408016444,1.0232131289063597
496,0.872147995889003,1.0321135749184704
497,0.8729701952723535,1.0222063389245921
498,0.8785200411099692,1.0188069599627958
499,0.876464542651593,1.0196869641634323
