epoch,categorical_accuracy,loss
0,0.5079136690647482,4.401881092841922
1,0.4943473792394656,4.231022226161114
2,0.5064748201438849,4.000832930179686
3,0.4988694758478931,3.9505271059391065
4,0.5072970195272354,3.8655376042270952
5,0.49743062692702983,3.7692315635553735
6,0.5109969167523124,3.6489880045295866
7,0.5079136690647482,3.5711757048551003
8,0.5077081192189106,3.538500156480999
9,0.5151079136690647,3.4237570764104484
10,0.5188078108941419,3.3700414110920778
11,0.5144912641315519,3.360451147367628
12,0.5027749229188078,3.3283389398274905
13,0.5151079136690647,3.249920929421624
14,0.5066803699897225,3.2533751055491056
15,0.5079136690647482,3.20958756415474
16,0.4998972250770812,3.193378763208654
17,0.5085303186022611,3.1609764670541574
18,0.5105858170606372,3.1253285109567983
19,0.519218910585817,3.068061752554569
20,0.5190133607399794,3.0520916385493813
21,0.5171634121274409,3.020673662883527
22,0.5105858170606372,3.0136489787302674
23,0.5276464542651593,2.9514465713304947
24,0.5241521068859198,2.9598165394958467
25,0.5186022610483042,2.9494412778950423
26,0.516546762589928,2.9555857906851224
27,0.5266187050359712,2.9240583095864183
28,0.524563206577595,2.8904158047267368
29,0.5171634121274409,2.8776991559937213
30,0.523535457348407,2.882964440117392
31,0.5336073997944502,2.8452882877479233
32,0.5319630010277492,2.856490422226297
33,0.5243576567317575,2.8235633686414605
34,0.5377183967112025,2.8008612893958253
35,0.5336073997944502,2.808792318028512
36,0.5276464542651593,2.779186319300229
37,0.5340184994861253,2.780917884830581
38,0.5257965056526208,2.7685579812538954
39,0.5225077081192189,2.765319235498834
40,0.5225077081192189,2.7496808481363453
41,0.5198355601233299,2.740542264048389
42,0.5202466598150052,2.7292708087188
43,0.523535457348407,2.726826133414383
44,0.5171634121274409,2.7141997410361594
45,0.5327852004110997,2.7016876480439707
46,0.5362795477903392,2.6939257101801903
47,0.5373072970195273,2.682736165133924
48,0.530524152106886,2.6769777928202396
49,0.5373072970195273,2.6517955088541907
50,0.536896197327852,2.6589268603035747
51,0.5373072970195273,2.6463548817100406
52,0.5225077081192189,2.6488058537152908
53,0.5338129496402878,2.6310664799328576
54,0.54224049331963,2.6239005772942505
55,0.5356628982528263,2.617931013117101
56,0.5408016443987667,2.6119284713133513
57,0.539568345323741,2.6038117126472686
58,0.535868448098664,2.6015823112852403
59,0.5430626927029805,2.5920552580354146
60,0.5338129496402878,2.5822735744292054
61,0.5377183967112025,2.57322547119666
62,0.5482014388489208,2.563760687268405
63,0.5574511819116136,2.5519830115652526
64,0.5445015416238438,2.5595121210672627
65,0.547584789311408,2.5589927672849773
66,0.5473792394655704,2.5426532618433453
67,0.54655704008222,2.5399465610900127
68,0.5459403905447071,2.5353548213119743
69,0.5484069886947585,2.5336084470719498
70,0.5436793422404933,2.5260010965313966
71,0.5418293936279548,2.520397981318271
72,0.5492291880781089,2.5130752748232585
73,0.5442959917780061,2.499880471332468
74,0.5371017471736896,2.502680341116816
75,0.5527235354573484,2.491328089773839
76,0.5597122302158274,2.484509249360809
77,0.5463514902363823,2.4869892945147494
78,0.5479958890030833,2.470112974670661
79,0.5564234326824254,2.4731471257734152
80,0.5482014388489208,2.4649318035435455
81,0.5556012332990751,2.460776290129047
82,0.5597122302158274,2.442348149182985
83,0.5482014388489208,2.451339078072041
84,0.5621788283658787,2.439594974939282
85,0.5611510791366906,2.4305694088048826
86,0.5490236382322713,2.4433143132024533
87,0.5634121274409044,2.419894443484519
88,0.5459403905447071,2.4295404459197623
89,0.5547790339157246,2.41566071113359
90,0.5562178828365879,2.4088602125093357
91,0.5627954779033916,2.402319734339111
92,0.5677286742034944,2.394753172267745
93,0.5648509763617677,2.3905627788277104
94,0.5625899280575539,2.3920513117791202
95,0.5599177800616649,2.388355768621274
96,0.5627954779033916,2.3800696427383503
97,0.5693730729701952,2.3723594715024316
98,0.5712230215827339,2.3626946485054825
99,0.5708119218910586,2.3598086219407306
100,0.578622816032888,2.3552815445648068
101,0.5636176772867421,2.355671241276066
102,0.5749229188078109,2.345761966754329
103,0.5720452209660842,2.339845523461776
104,0.5634121274409044,2.3386690702369743
105,0.5741007194244604,2.336365118693227
106,0.5734840698869476,2.3249855075073635
107,0.575950668036999,2.319432646887643
108,0.578622816032888,2.31595722281308
109,0.57327852004111,2.3094916213330605
110,0.5695786228160329,2.307340642776176
111,0.5749229188078109,2.3102247916904775
112,0.5778006166495375,2.2931177449985984
113,0.5800616649537513,2.28351988562087
114,0.5802672147995889,2.2858660421538084
115,0.5790339157245632,2.275193536857417
116,0.5917780061664953,2.2705839538623227
117,0.593627954779034,2.2654710735838557
118,0.5788283658787255,2.269109780227293
119,0.5815005138746145,2.2647628556787662
120,0.5905447070914697,2.2556356979911154
121,0.5780061664953752,2.251307598782468
122,0.5868448098663926,2.2387795681576077
123,0.5997944501541624,2.2311385272830755
124,0.5767728674203494,2.234535639724653
125,0.5944501541623843,2.2246946491170885
126,0.5985611510791367,2.215195956651623
127,0.5878725590955807,2.219072593618395
128,0.593627954779034,2.2135369897256285
129,0.5905447070914697,2.2092793028499216
130,0.5958890030832477,2.2040148412090903
131,0.5845837615621788,2.193396824163376
132,0.6065775950668038,2.182889347821321
133,0.5983556012332991,2.1841710532679466
134,0.5923946557040082,2.1841743187938665
135,0.6131551901336074,2.1743623696765333
136,0.5897225077081192,2.174756570220116
137,0.602672147995889,2.1680008195777103
138,0.6010277492291881,2.1664591749550013
139,0.60431654676259,2.1479980115410235
140,0.5965056526207605,2.155316783369874
141,0.60431654676259,2.1424433048558016
142,0.6028776978417266,2.1375751059689967
143,0.6010277492291881,2.134721161429708
144,0.6094552929085303,2.1335039828811126
145,0.601644398766701,2.123492187635259
146,0.6092497430626928,2.1184942675764
147,0.6178828365878726,2.1076847427795506
148,0.6032887975334018,2.113982811077036
149,0.6049331963001028,2.1039124530486433
150,0.6104830421377184,2.096780597710291
151,0.6092497430626928,2.0941150522183047
152,0.6150051387461459,2.0883226245672337
153,0.6191161356628982,2.0791660218420156
154,0.610688591983556,2.0806709903117198
155,0.6162384378211716,2.0717004496171567
156,0.6125385405960946,2.0677942431842924
157,0.6067831449126413,2.0687381565509573
158,0.6277492291880781,2.0498006347272035
159,0.6135662898252826,2.050942280162643
160,0.6269270298047277,2.0406967310841746
161,0.6252826310380267,2.0405007495174425
162,0.6067831449126413,2.045947744446938
163,0.6170606372045221,2.035240484239631
164,0.6182939362795478,2.033945631711358
165,0.6201438848920864,2.0238396659294358
166,0.6224049331963001,2.020294829238233
167,0.6224049331963001,2.0222772770035795
168,0.6263103802672148,2.0099010622636144
169,0.6217882836587872,2.010649650707029
170,0.6275436793422405,2.000022066754403
171,0.6254881808838644,1.9994540721269942
172,0.6308324768756424,1.994964154185641
173,0.6271325796505652,1.98397057056427
174,0.6310380267214799,1.9833466134605526
175,0.6372045220966084,1.9789801871298764
176,0.6291880781089414,1.978495678431206
177,0.6378211716341212,1.9679069906687565
178,0.6361767728674204,1.9661610965983596
179,0.6332990750256937,1.964271534481617
180,0.6298047276464542,1.9577047988542673
181,0.6330935251798561,1.9467355439743794
182,0.6367934224049332,1.9458739426741252
183,0.6285714285714286,1.9457647609808708
184,0.6409044193216855,1.934976389376257
185,0.6351490236382322,1.938606228024717
186,0.6254881808838644,1.9337865988250136
187,0.6357656731757452,1.9274079902566594
188,0.6351490236382322,1.9217831149743247
189,0.6402877697841727,1.9146469944427584
190,0.6353545734840699,1.9115788106193032
191,0.6312435765673176,1.9158554365554057
192,0.6448098663926002,1.8983387459463843
193,0.640082219938335,1.9008222516002047
194,0.6421377183967112,1.897857555260026
195,0.6339157245632066,1.8922564215674798
196,0.6318602261048304,1.8922729323603757
197,0.6378211716341212,1.8861890685031495
198,0.6365878725590955,1.8806253508698167
199,0.6406988694758479,1.8717985121833824
200,0.6380267214799589,1.8695042718718746
201,0.6415210688591984,1.8639664392432107
202,0.6450154162384378,1.8582890224358772
203,0.6355601233299075,1.8562879786829543
204,0.637410071942446,1.8589081670127938
205,0.6487153134635149,1.846219236706168
206,0.6563206577595067,1.8386817172276888
207,0.6491264131551902,1.838086714234896
208,0.6466598150051387,1.8376325688161192
209,0.6612538540596095,1.8280110147972146
210,0.6517985611510791,1.8253237311421049
211,0.6466598150051387,1.8175004464626803
212,0.6509763617677287,1.8181543891255927
213,0.6505652620760535,1.8187231392189018
214,0.6448098663926002,1.812753977755971
215,0.6460431654676259,1.8126922525090279
216,0.652415210688592,1.8069448320373112
217,0.645426515930113,1.8035407139855568
218,0.6610483042137718,1.7956356265439526
219,0.6495375128468653,1.7927158730370658
220,0.6552929085303186,1.791997222420123
221,0.6526207605344296,1.7822197537260458
222,0.6456320657759507,1.7804080472085606
223,0.6589928057553956,1.7738960023529116
224,0.6573484069886948,1.7705797000632135
225,0.6493319630010278,1.7688747084765615
226,0.6557040082219938,1.767595204861044
227,0.6515930113052415,1.7645692441348304
228,0.6509763617677287,1.758386412333364
229,0.652415210688592,1.7522385976542427
230,0.6587872559095581,1.7486114596536446
231,0.6665981500513875,1.7439394343916215
232,0.6690647482014388,1.7383416058470755
233,0.6653648509763618,1.7416787908844198
234,0.655087358684481,1.7353175702344967
235,0.6610483042137718,1.7320898019275097
236,0.6637204522096608,1.7297825516066596
237,0.6696813977389517,1.7211360826766748
238,0.6600205549845838,1.721244760529968
239,0.6676258992805756,1.712147470245871
240,0.6700924974306269,1.7108887489383537
241,0.6569373072970195,1.7097359140019746
242,0.6702980472764646,1.7078948945450267
243,0.6647482014388489,1.6989193184157683
244,0.671120246659815,1.695689179277371
245,0.6651593011305241,1.6960684890492235
246,0.6668036998972251,1.6937183957428261
247,0.6608427543679343,1.6938010938856118
248,0.6663926002055498,1.689579121598482
249,0.6795477903391572,1.6761285590978467
250,0.6820143884892086,1.6727465897645393
251,0.6768756423432682,1.6695041656249106
252,0.6705035971223021,1.6699827744316345
253,0.6678314491264131,1.6652464931327295
254,0.6682425488180884,1.6610609011929425
255,0.6670092497430626,1.6645322805073377
256,0.6752312435765673,1.653977830583978
257,0.671120246659815,1.6531775211136241
258,0.6705035971223021,1.6461889207669422
259,0.6801644398766701,1.6431054910432399
260,0.6752312435765673,1.6480184614597098
261,0.6733812949640288,1.644332125767652
262,0.6721479958890031,1.6394704727327714
263,0.6766700924974306,1.6350854868266467
264,0.6793422404933196,1.6257668946286756
265,0.6731757451181911,1.6283101274690304
266,0.6748201438848921,1.6240213229746883
267,0.671120246659815,1.6235790482037848
268,0.6735868448098664,1.6212300252326346
269,0.6816032887975334,1.617625735205467
270,0.6768756423432682,1.6077047361744394
271,0.6768756423432682,1.6136232729683433
272,0.6647482014388489,1.6159773812142084
273,0.6943473792394655,1.593699167664225
274,0.6698869475847893,1.6033268700645738
275,0.6766700924974306,1.5920123254162435
276,0.6863309352517986,1.5861711595678378
277,0.6822199383350462,1.5868770395741556
278,0.6836587872559096,1.5821300609016222
279,0.6908530318602261,1.577955795608591
280,0.6809866392600206,1.5794645528509095
281,0.6785200411099692,1.5785674441632607
282,0.6807810894141829,1.5723993052436538
283,0.6766700924974306,1.5691068041116336
284,0.694141829393628,1.5623924829241918
285,0.6933196300102775,1.5598176957156895
286,0.6846865364850976,1.5687394082852528
287,0.6875642343268242,1.5552543528400982
288,0.6853031860226105,1.559050958840232
289,0.6877697841726619,1.5470831788946153
290,0.696813977389517,1.5420307067045818
291,0.6964028776978417,1.5396351555023506
292,0.6869475847893114,1.5432735445320545
293,0.6879753340184995,1.5418047843954668
294,0.6883864337101747,1.5407551039159604
295,0.6865364850976362,1.5350948661351376
296,0.6857142857142857,1.5335338872358708
297,0.6961973278520042,1.5258112180637309
298,0.6820143884892086,1.5298095208890392
299,0.6937307297019527,1.5224487431615377
300,0.697841726618705,1.5150721200813615
301,0.6976361767728674,1.5134132878018307
302,0.689825282631038,1.5106292974054507
303,0.6875642343268242,1.5089495887736746
304,0.6902363823227132,1.5078553980448017
305,0.6955806783144912,1.5029943980758997
306,0.6920863309352518,1.5013927921361816
307,0.6976361767728674,1.4937911095869136
308,0.6906474820143885,1.498297614551399
309,0.6961973278520042,1.4926556571537029
310,0.6922918807810894,1.4931319977494697
311,0.6957862281603289,1.4854140900389385
312,0.6918807810894142,1.4854257214106121
313,0.694141829393628,1.4820200778475032
314,0.7009249743062693,1.4777184012247382
315,0.6980472764645427,1.47554482034152
316,0.6910585817060637,1.4757461908787397
317,0.6990750256937307,1.4703536979218548
318,0.6988694758478932,1.466000392576651
319,0.6931140801644399,1.4685853921374705
320,0.700513874614594,1.4628671949470888
321,0.7003083247687564,1.4542999934807097
322,0.703186022610483,1.4546072700408355
323,0.6945529290853032,1.456346252410532
324,0.7015416238437822,1.4537186160729576
325,0.7072970195272353,1.4478982908017588
326,0.7052415210688592,1.444083903333266
327,0.6992805755395683,1.4446514710860532
328,0.7025693730729702,1.4374067263637516
329,0.7009249743062693,1.4344659238778061
330,0.7056526207605345,1.431961255205866
331,0.718191161356629,1.4282918991557374
332,0.7013360739979445,1.4370782719119113
333,0.7068859198355602,1.4315239309652001
334,0.702158273381295,1.4244681248806976
335,0.7070914696813977,1.4212744997559692
336,0.7054470709146968,1.414663570022779
337,0.708530318602261,1.4134330217541795
338,0.7060637204522097,1.4173430030171943
339,0.7077081192189106,1.4143224193037842
340,0.7146968139773895,1.4048073597091566
341,0.7038026721479959,1.4085144553375637
342,0.7093525179856115,1.405783503812729
343,0.7169578622816033,1.4038324688590933
344,0.705858170606372,1.3986224883751903
345,0.7097636176772868,1.394191928463629
346,0.7077081192189106,1.3927828391066313
347,0.7118191161356628,1.3897910929412294
348,0.7068859198355602,1.392508144001309
349,0.7153134635149023,1.3847652994471489
350,0.704830421377184,1.3908954586546565
351,0.7095580678314491,1.3803027200551832
352,0.6959917780061665,1.3892879079081661
353,0.713874614594039,1.374445633898046
354,0.7134635149023638,1.374612917684455
355,0.7177800616649538,1.3742255013133615
356,0.7068859198355602,1.3739086797279052
357,0.7083247687564235,1.373668391118927
358,0.718191161356629,1.3642833647232997
359,0.71551901336074,1.3672859003462992
360,0.7188078108941418,1.3619407875074756
361,0.7237410071942446,1.3567124530075756
362,0.7241521068859198,1.358539684384847
363,0.7153134635149023,1.3522691216767753
364,0.71120246659815,1.3559133138342971
365,0.7198355601233299,1.3492985153737318
366,0.7251798561151079,1.3485649751857276
367,0.7179856115107913,1.3486398004186853
368,0.7237410071942446,1.337112688283146
369,0.7225077081192189,1.3382950855796163
370,0.7093525179856115,1.342252053386261
371,0.718191161356629,1.339451705980644
372,0.7190133607399795,1.3349738075211262
373,0.7140801644398767,1.3379363645875073
374,0.7120246659815005,1.327291705956317
375,0.7276464542651593,1.3239469514231275
376,0.7173689619732785,1.3314229354338925
377,0.7270298047276464,1.325469053832992
378,0.7305241521068859,1.316134496215436
379,0.7255909558067831,1.320174360740834
380,0.731551901336074,1.3100706849166814
381,0.7229188078108941,1.3134148470544373
382,0.7140801644398767,1.3209085843300894
383,0.7231243576567318,1.3084086219673903
384,0.7206577595066803,1.3121857066928788
385,0.7214799588900308,1.3127847817059288
386,0.7165467625899281,1.310486191615294
387,0.717163412127441,1.301635493501975
388,0.7286742034943474,1.3031662094629803
389,0.7272353545734841,1.3018205982318027
390,0.7299075025693731,1.2904797022536258
391,0.7346351490236382,1.2911327979424998
392,0.7255909558067831,1.2973529638758912
393,0.7247687564234326,1.2883618799044931
394,0.7286742034943474,1.284975423719753
395,0.7280575539568346,1.285181209386804
396,0.7284686536485098,1.2836256945365991
397,0.7274409044193216,1.282201213312296
398,0.7280575539568346,1.2786947700739641
399,0.7352517985611511,1.2733375085956147
400,0.7336073997944501,1.2784175259971422
401,0.7344295991778006,1.2671324106551638
402,0.7366906474820144,1.2673048022717146
403,0.7297019527235354,1.2698960116808853
404,0.7447070914696814,1.2654533436707578
405,0.7354573484069887,1.2638456089033496
406,0.7414182939362796,1.258787680039793
407,0.7393627954779034,1.2598268591732797
408,0.731551901336074,1.2579715714547763
409,0.7504624871531347,1.2490519753953047
410,0.7377183967112024,1.2566292023119676
411,0.7356628982528263,1.2576059045919044
412,0.7317574511819116,1.2489054314279115
413,0.7490236382322714,1.239086986421191
414,0.7389516957862282,1.245759099483
415,0.7379239465570401,1.2408870002103611
416,0.739568345323741,1.240824762816787
417,0.7455292908530319,1.2365431839491088
418,0.7377183967112024,1.2401409285286593
419,0.7414182939362796,1.2386741956483422
420,0.7371017471736896,1.2318600851854833
421,0.7338129496402878,1.2346410056057349
422,0.7391572456320658,1.2305076914970579
423,0.7455292908530319,1.224173037047744
424,0.7410071942446043,1.2277067562536492
425,0.7397738951695786,1.2288373064284213
426,0.7438848920863309,1.2243939631521885
427,0.7447070914696814,1.2170304823877387
428,0.7414182939362796,1.219105614346566
429,0.7397738951695786,1.2206336764858046
430,0.7442959917780062,1.2163933166129492
431,0.7418293936279547,1.214773188588063
432,0.7438848920863309,1.2112546435363
433,0.7387461459403906,1.2145675106626865
434,0.7504624871531347,1.204069862581353
435,0.747584789311408,1.198974687222464
436,0.7482014388489209,1.202115015944376
437,0.7508735868448099,1.1977384034555716
438,0.7506680369989722,1.1999909516106162
439,0.747584789311408,1.2013140563484577
440,0.7424460431654676,1.2063721446314672
441,0.755601233299075,1.1891225434035706
442,0.7492291880781089,1.188905077799006
443,0.752929085303186,1.1913131972623632
444,0.7457348406988695,1.1948155172804766
445,0.7461459403905447,1.1886537716053005
446,0.7514902363823227,1.187753943561405
447,0.7486125385405961,1.186100070547592
448,0.7525179856115108,1.175650372363068
449,0.7525179856115108,1.1799473466755552
450,0.7527235354573484,1.1743847943160908
451,0.7562178828365879,1.1798468417033385
452,0.7531346351490237,1.172226094979054
453,0.7465570400822199,1.1750014034351612
454,0.7543679342240494,1.172096080672214
455,0.755601233299075,1.166360243128848
456,0.7558067831449127,1.168532115067877
457,0.7578622816032888,1.1577392050565698
458,0.7549845837615622,1.1645654702480626
459,0.7570400822199383,1.1608951859827032
460,0.750256937307297,1.1669805220317742
461,0.7588900308324769,1.162806756890935
462,0.7465570400822199,1.1625452191954648
463,0.755601233299075,1.1581381397894206
464,0.7553956834532374,1.1556007484860435
465,0.7537512846865365,1.150523449975197
466,0.7580678314491264,1.151062166703078
467,0.7490236382322714,1.1485852855572598
468,0.7527235354573484,1.1528607884389401
469,0.7586844809866392,1.1449957075246437
470,0.7570400822199383,1.1473441011736596
471,0.7603288797533402,1.1446119316802854
472,0.7601233299075025,1.1388781238312835
473,0.7607399794450154,1.1448853089410012
474,0.7584789311408017,1.1449463510072244
475,0.7667009249743063,1.1336364899240319
476,0.765262076053443,1.129931441754991
477,0.755601233299075,1.1339390825024611
478,0.7667009249743063,1.1283863955877056
479,0.7667009249743063,1.1261051314707773
480,0.7564234326824255,1.1288068970330327
481,0.7588900308324769,1.12983600978126
482,0.7558067831449127,1.1348266889233016
483,0.7673175745118191,1.1181952386328764
484,0.7642343268242549,1.1278088644989226
485,0.7580678314491264,1.1224415336336409
486,0.7597122302158273,1.1227367623614384
487,0.7693730729701953,1.118230971550035
488,0.76896197327852,1.1211650975071514
489,0.7691675231243577,1.1093711530561927
490,0.7648509763617677,1.1148692688250958
491,0.7630010277492292,1.1119302550543249
492,0.7736896197327852,1.1070273165467586
493,0.7736896197327852,1.1089753706188143
494,0.771634121274409,1.1033841959864115
495,0.7660842754367935,1.1073645356257675
496,0.7718396711202467,1.0997340259424584
497,0.7761562178828366,1.098228827728397
498,0.7708119218910586,1.0933097569572472
499,0.7642343268242549,1.1027168123964661
