epoch,categorical_accuracy,loss
0,0.4976361767728674,4.4521825203302585
1,0.49537512846865367,4.2944039653531085
2,0.5009249743062693,4.103726828821149
3,0.4998972250770812,3.99401401914771
4,0.4986639260020555,3.8682813283228312
5,0.5003083247687564,3.8269268485772034
6,0.5058581706063721,3.7474647092182125
7,0.49126413155190135,3.697211014501605
8,0.5033915724563207,3.591598056693239
9,0.49907502569373074,3.5499223161699347
10,0.5025693730729702,3.491964960931384
11,0.5070914696813977,3.442053361835852
12,0.5066803699897225,3.3988434619550714
13,0.5179856115107914,3.3460506462732296
14,0.5044193216855087,3.3330331451478745
15,0.5130524152106886,3.27151323585079
16,0.5126413155190134,3.2678758358538826
17,0.523535457348407,3.20258280076814
18,0.5173689619732785,3.2113207056490514
19,0.5276464542651593,3.145703231246964
20,0.4949640287769784,3.175605115273016
21,0.51120246659815,3.1282094483507867
22,0.51120246659815,3.112714586963634
23,0.5124357656731757,3.0841917074719043
24,0.5233299075025694,3.0502873128144126
25,0.5142857142857142,3.050336821890318
26,0.5190133607399794,3.036953561867129
27,0.527235354573484,2.998633737652299
28,0.5159301130524152,2.9910690793765657
29,0.5212744090441932,2.9927300485530592
30,0.5257965056526208,2.9495021746067938
31,0.5225077081192189,2.9562722239930483
32,0.5105858170606372,2.9529087189657717
33,0.5294964028776978,2.9157622540229884
34,0.5194244604316547,2.9146326060162786
35,0.513874614594039,2.886493554659272
36,0.5231243576567317,2.8841783145716353
37,0.5440904419321686,2.846718073087263
38,0.5206577595066804,2.8621359800630826
39,0.539568345323741,2.8375247372630197
40,0.5163412127440904,2.861396842233201
41,0.5303186022610483,2.8264480799589715
42,0.5319630010277492,2.822457330493986
43,0.5405960945529291,2.7990053335662246
44,0.5198355601233299,2.8176003920701156
45,0.5297019527235355,2.8029534057625027
46,0.5190133607399794,2.8069420114205528
47,0.529907502569373,2.780926541605809
48,0.5290853031860226,2.7694624883175387
49,0.5381294964028777,2.773106454847283
50,0.5340184994861253,2.7526629060782484
51,0.5303186022610483,2.75552613394601
52,0.5309352517985612,2.7390176715243144
53,0.5371017471736896,2.7455872671454684
54,0.5206577595066804,2.7368365285820486
55,0.5212744090441932,2.732965246133912
56,0.529907502569373,2.7130715569146244
57,0.5334018499486125,2.7237487906664763
58,0.538540596094553,2.6965082792927033
59,0.5346351490236382,2.695221720790569
60,0.5297019527235355,2.69736627704193
61,0.5239465570400822,2.6921337384481716
62,0.5366906474820143,2.670041721771334
63,0.5397738951695786,2.6701496786350827
64,0.541212744090442,2.6622903300458822
65,0.538540596094553,2.6617261115963142
66,0.5362795477903392,2.6521151337324653
67,0.5381294964028777,2.6487215738992407
68,0.5416238437821171,2.638887220345445
69,0.5500513874614594,2.625889567358521
70,0.535868448098664,2.6256035375938143
71,0.5373072970195273,2.6200336882658877
72,0.5366906474820143,2.623357312064254
73,0.5436793422404933,2.603194515898686
74,0.536896197327852,2.608792667251697
75,0.5408016443987667,2.6066346160186895
76,0.5350462487153135,2.604226742104416
77,0.5463514902363823,2.590377220269465
78,0.5461459403905448,2.580475486831822
79,0.5401849948612538,2.582607654628381
80,0.5391572456320658,2.566311953369172
81,0.5375128468653648,2.5708540629262426
82,0.5403905447070915,2.5612400042189845
83,0.5401849948612538,2.564006176122291
84,0.5375128468653648,2.559168923182943
85,0.5329907502569373,2.553004492174562
86,0.5574511819116136,2.533908853403466
87,0.5447070914696814,2.53454939983364
88,0.5545734840698869,2.518544980139306
89,0.5516957862281603,2.5212473371413604
90,0.5516957862281603,2.5183001101200775
91,0.5545734840698869,2.508080497086967
92,0.5477903391572456,2.5063132059659887
93,0.5519013360739979,2.4997439968132653
94,0.5410071942446043,2.5005912794483653
95,0.5539568345323741,2.4876945081007076
96,0.5535457348406989,2.479898103535604
97,0.5566289825282631,2.4729023692786756
98,0.5566289825282631,2.4673894983646436
99,0.5609455292908531,2.459782269214187
100,0.5588900308324769,2.4573855838207153
101,0.5691675231243577,2.4459937339696465
102,0.5537512846865364,2.4496445905757955
103,0.5654676258992806,2.4391592230115617
104,0.5701952723535457,2.435411902640363
105,0.5632065775950668,2.4332574347430365
106,0.5747173689619732,2.4180561483212633
107,0.574306269270298,2.411898124034211
108,0.5675231243576567,2.415186290799775
109,0.5765673175745119,2.4060218351350415
110,0.5673175745118191,2.4019431711100845
111,0.5617677286742035,2.398603481722025
112,0.5714285714285714,2.39260804229258
113,0.5726618705035971,2.384440008978927
114,0.5644398766700925,2.3876925905586392
115,0.5755395683453237,2.3685073299741206
116,0.5697841726618705,2.367163546308339
117,0.5771839671120247,2.363402071273584
118,0.5736896197327852,2.359477090884578
119,0.5683453237410072,2.349755803311104
120,0.5792394655704008,2.3450724596844914
121,0.5722507708119219,2.3380226537110502
122,0.5691675231243577,2.3385789775162293
123,0.575950668036999,2.328480941100086
124,0.5710174717368962,2.3303839673731335
125,0.584994861253854,2.311008023676622
126,0.5872559095580678,2.3080295104039537
127,0.5907502569373073,2.296072338296355
128,0.5921891058581706,2.2946347557138442
129,0.5788283658787255,2.29813184218686
130,0.5833504624871532,2.2896324917811897
131,0.5827338129496403,2.2893928761594955
132,0.5886947584789312,2.2781207137093147
133,0.596300102774923,2.2699095188407465
134,0.5884892086330935,2.2704640625682178
135,0.5897225077081192,2.2646767144825573
136,0.5874614594039055,2.259736352442225
137,0.5872559095580678,2.2551424604770705
138,0.5923946557040082,2.243628636023981
139,0.5907502569373073,2.245559781771402
140,0.5868448098663926,2.240096159755632
141,0.596300102774923,2.227712229270974
142,0.5907502569373073,2.2286962392518848
143,0.586639260020555,2.232393877944868
144,0.5987667009249743,2.2119545019910367
145,0.5882836587872559,2.2139129854302246
146,0.589311408016444,2.204830768983141
147,0.5995889003083248,2.2010485991912168
148,0.5987667009249743,2.1944333120093193
149,0.578622816032888,2.2021673660239114
150,0.593627954779034,2.19241117044196
151,0.6047276464542651,2.178110803582563
152,0.6039054470709146,2.1781181485900407
153,0.6084275436793423,2.172395992181039
154,0.6067831449126413,2.1660024682149857
155,0.6082219938335046,2.1634765001632204
156,0.6127440904419321,2.1552715511263214
157,0.6030832476875643,2.1479128708697295
158,0.602672147995889,2.1502971967224718
159,0.6127440904419321,2.1390912314725683
160,0.6096608427543679,2.1412669994358167
161,0.602672147995889,2.1370604509684923
162,0.6039054470709146,2.1311134604486384
163,0.6045220966084276,2.12471750774952
164,0.6061664953751285,2.119108634960492
165,0.6156217882836588,2.109262772380754
166,0.6051387461459404,2.114873431814415
167,0.6232271325796506,2.09979973432339
168,0.6117163412127441,2.0985825653801475
169,0.6086330935251798,2.0965516436381795
170,0.6039054470709146,2.094728802850533
171,0.6234326824254882,2.0838185160892717
172,0.6254881808838644,2.0743675240754835
173,0.6158273381294964,2.0811573231943097
174,0.6137718396711203,2.0720739257788976
175,0.6129496402877698,2.0626696120063177
176,0.6166495375128469,2.0616729567499346
177,0.610688591983556,2.0590325206548803
178,0.6203494347379239,2.0521100867076374
179,0.6166495375128469,2.052960933957781
180,0.6312435765673176,2.041131116969
181,0.6254881808838644,2.0372117227297526
182,0.6283658787255909,2.0249206806625883
183,0.6302158273381295,2.023303386486324
184,0.6351490236382322,2.018324041121543
185,0.6324768756423432,2.0169716241548388
186,0.6446043165467625,2.004890236702632
187,0.6189105858170606,2.0138872181156313
188,0.6256937307297019,2.0052192486079843
189,0.6244604316546762,2.0069173559010456
190,0.633710174717369,1.992283284039316
191,0.6322713257965057,1.9880416495704454
192,0.6369989722507708,1.9836065284027224
193,0.641726618705036,1.979305117176836
194,0.6351490236382322,1.9797830035973183
195,0.6318602261048304,1.9756794401700057
196,0.6273381294964029,1.9694498537010672
197,0.6335046248715314,1.9632070894231533
198,0.6398766700924974,1.9620649633280174
199,0.645426515930113,1.9539663585337437
200,0.6335046248715314,1.9507516965101581
201,0.6415210688591984,1.9470608030046737
202,0.6450154162384378,1.937027350040526
203,0.6404933196300103,1.9343807191054843
204,0.6433710174717369,1.933934812898626
205,0.6359712230215827,1.9313442255708198
206,0.6306269270298047,1.9246057889689399
207,0.6441932168550873,1.9167349685745396
208,0.639054470709147,1.9164854375333482
209,0.6345323741007194,1.915879950371455
210,0.645426515930113,1.9075682963521239
211,0.6446043165467625,1.9010411873383242
212,0.650770811921891,1.8989278896739525
213,0.6511819116135663,1.8933290679310233
214,0.6528263103802672,1.8888152443737802
215,0.6554984583761562,1.8833760172343084
216,0.65344295991778,1.8803927314734779
217,0.6575539568345323,1.87866573701292
218,0.6474820143884892,1.8742006688054271
219,0.6460431654676259,1.8710184142621424
220,0.6429599177800617,1.8641188456857805
221,0.647070914696814,1.8626480002564982
222,0.6557040082219938,1.8558472781117628
223,0.6522096608427543,1.8510611161666195
224,0.6672147995889003,1.8449358493671633
225,0.645426515930113,1.8478523172553005
226,0.6561151079136691,1.840270983915535
227,0.6598150051387461,1.836021534168953
228,0.6476875642343268,1.8372305121230688
229,0.6633093525179856,1.826537480212189
230,0.6532374100719425,1.8185580015182494
231,0.654059609455293,1.8230580884408119
232,0.6678314491264131,1.809175691085141
233,0.6659815005138746,1.8122950928306776
234,0.6624871531346351,1.805948551536709
235,0.6565262076053443,1.805476856158179
236,0.6653648509763618,1.7976787329455197
237,0.660431654676259,1.8001554281591512
238,0.663103802672148,1.7895143519202583
239,0.6696813977389517,1.78348222548278
240,0.6680369989722508,1.7812935980103857
241,0.6682425488180884,1.776236105504286
242,0.6653648509763618,1.7754006710964019
243,0.6622816032887975,1.7706361210235957
244,0.671120246659815,1.7679771979568184
245,0.6672147995889003,1.7700613320057585
246,0.6733812949640288,1.7545251857585065
247,0.6781089414182939,1.755393006720744
248,0.6680369989722508,1.7528342184280443
249,0.6659815005138746,1.7541522423753022
250,0.6692702980472764,1.7495648857255879
251,0.6772867420349434,1.7423835377041383
252,0.6694758478931141,1.7367001696211215
253,0.6717368961973279,1.7327627803904424
254,0.6859198355601234,1.7243580814255717
255,0.6869475847893114,1.7218809615426294
256,0.6639260020554985,1.729947577571575
257,0.6758478931140801,1.720032334401208
258,0.6801644398766701,1.717376003799556
259,0.6776978417266187,1.7077183793529578
260,0.6781089414182939,1.7081359521948176
261,0.6742034943473793,1.7090373203418727
262,0.6787255909558068,1.706498422014995
263,0.6721479958890031,1.707866204434284
264,0.6867420349434737,1.6903760758357818
265,0.6896197327852004,1.6877525101952784
266,0.6809866392600206,1.6884034936989198
267,0.6795477903391572,1.6880778219079922
268,0.6892086330935252,1.6766658889548998
269,0.6776978417266187,1.6813718772253055
270,0.6873586844809867,1.6696793257271276
271,0.6842754367934224,1.67494020155743
272,0.687153134635149,1.66426036992519
273,0.6838643371017472,1.6632052517868388
274,0.68448098663926,1.6648705354574895
275,0.6892086330935252,1.6544900709409018
276,0.689825282631038,1.646941954307909
277,0.6781089414182939,1.6579819202423096
278,0.6857142857142857,1.6538604185000476
279,0.689825282631038,1.650826250636933
280,0.6881808838643371,1.6483351669478148
281,0.6914696813977389,1.6366226188447959
282,0.6861253854059609,1.6413418000673097
283,0.6863309352517986,1.6267253163662134
284,0.6906474820143885,1.6299626980631594
285,0.6976361767728674,1.6219336264425044
286,0.6976361767728674,1.6161500228027155
287,0.702158273381295,1.6149804208898593
288,0.6918807810894142,1.616267310752163
289,0.697841726618705,1.6098049007486341
290,0.6945529290853032,1.6087148180723436
291,0.6996916752312435,1.6042187243301846
292,0.6988694758478932,1.6007018283361767
293,0.7007194244604317,1.6013137872515577
294,0.7035971223021583,1.5941194264273726
295,0.7009249743062693,1.5907266114745575
296,0.6832476875642344,1.5959605129257626
297,0.7054470709146968,1.587933790205929
298,0.6947584789311408,1.5804912992028515
299,0.7029804727646455,1.5754217680532174
300,0.687153134635149,1.5860492212799324
301,0.6959917780061665,1.5804961847989434
302,0.708530318602261,1.5645582543615202
303,0.6982528263103802,1.5715969945764492
304,0.7003083247687564,1.5616237835918398
305,0.7019527235354573,1.565065106238025
306,0.7089414182939363,1.5535391882536713
307,0.7046248715313463,1.556437599524197
308,0.7040082219938335,1.5533346297929613
309,0.710174717368962,1.548436108032454
310,0.7015416238437822,1.5484001563484844
311,0.7118191161356628,1.5413259064673397
312,0.7109969167523125,1.543719710843046
313,0.7003083247687564,1.5415244998569233
314,0.7097636176772868,1.53111735336092
315,0.7122302158273381,1.5264469410140615
316,0.7060637204522097,1.5239594676389234
317,0.7179856115107913,1.5265484264428668
318,0.7142857142857143,1.5256819985998376
319,0.7083247687564235,1.5218826022202039
320,0.7151079136690648,1.513589533406931
321,0.7105858170606372,1.5157337839777398
322,0.7169578622816033,1.5101571493011585
323,0.710174717368962,1.5090811949472143
324,0.7177800616649538,1.503183232598535
325,0.7091469681397738,1.5041566688502312
326,0.7210688591983556,1.499335195692323
327,0.7103802672147996,1.4983361714667922
328,0.7161356628982528,1.5003907575636704
329,0.7212744090441933,1.4904705914784555
330,0.720863309352518,1.4856443049851327
331,0.7192189105858171,1.486072947677581
332,0.7210688591983556,1.4765106967639825
333,0.7132579650565262,1.4842039533901312
334,0.7173689619732785,1.4808673426646735
335,0.7136690647482015,1.4818070017176566
336,0.7109969167523125,1.4780813106162451
337,0.7173689619732785,1.4696963240161829
338,0.7157245632065776,1.4668076613456593
339,0.7179856115107913,1.4660971716276052
340,0.7210688591983556,1.467230733203006
341,0.7313463514902364,1.4534437899721857
342,0.7140801644398767,1.459118171929088
343,0.7227132579650565,1.4532263846216074
344,0.7200411099691675,1.4555489572689688
345,0.7268242548818088,1.4448408088115603
346,0.7231243576567318,1.4530354961706948
347,0.7220966084275436,1.4444025935028955
348,0.7255909558067831,1.4367888719915487
349,0.7188078108941418,1.4415321138142805
350,0.7278520041109969,1.4367981865374182
351,0.7243576567317574,1.4338332004929373
352,0.7245632065775951,1.4361970111007927
353,0.7311408016443988,1.4297251044662491
354,0.7338129496402878,1.4200563290871426
355,0.7303186022610483,1.424588722450025
356,0.7371017471736896,1.4201129018954113
357,0.7255909558067831,1.4220181599182804
358,0.7274409044193216,1.4189417581273986
359,0.734224049331963,1.4121033920413544
360,0.728879753340185,1.4129980467573835
361,0.7397738951695786,1.4029422804606047
362,0.7356628982528263,1.4040401938272773
363,0.7354573484069887,1.4018114066442506
364,0.7348406988694759,1.4030144507446367
365,0.7469681397738952,1.389655825805076
366,0.7344295991778006,1.397478128925257
367,0.7410071942446043,1.3966879795658624
368,0.7307297019527236,1.3864225874824367
369,0.7410071942446043,1.387379747745557
370,0.7401849948612539,1.3828518560954504
371,0.7358684480986639,1.3827856767336855
372,0.7391572456320658,1.384074497418928
373,0.739568345323741,1.376547683400216
374,0.7416238437821172,1.3765397568768367
375,0.74224049331963,1.370693371572818
376,0.7412127440904419,1.3683159487097996
377,0.7440904419321686,1.3699788051175925
378,0.7414182939362796,1.363829723781574
379,0.7418293936279547,1.3673236319242008
380,0.7348406988694759,1.36641217008279
381,0.7371017471736896,1.3601871690426677
382,0.7412127440904419,1.3591951026210805
383,0.7424460431654676,1.3621446762398606
384,0.7492291880781089,1.3515474580664797
385,0.750256937307297,1.3523277722796825
386,0.7477903391572457,1.346653305295805
387,0.7389516957862282,1.3457358579596415
388,0.7344295991778006,1.350185382831746
389,0.7490236382322714,1.3358554544331236
390,0.7414182939362796,1.3381343733492514
391,0.7430626927029804,1.3402872240555617
392,0.7498458376156217,1.3310823799037248
393,0.7560123329907502,1.327454804957587
394,0.7506680369989722,1.3258835815697265
395,0.7541623843782117,1.3286620102462887
396,0.7500513874614594,1.3238361108462342
397,0.7510791366906475,1.3246928356656802
398,0.7508735868448099,1.3201029378365636
399,0.7506680369989722,1.3174911484933953
400,0.7486125385405961,1.3169204378422092
401,0.7615621788283659,1.3153604547509432
402,0.7580678314491264,1.3099483483619336
403,0.753956834532374,1.315056753795659
404,0.759917780061665,1.30601494373545
405,0.7580678314491264,1.3067447507491705
406,0.7500513874614594,1.311533052237649
407,0.7586844809866392,1.3034625480500914
408,0.7611510791366907,1.29615975011902
409,0.7634121274409044,1.3014508728623269
410,0.7525179856115108,1.296831355090009
411,0.7564234326824255,1.2967194103876096
412,0.7597122302158273,1.2964615112708504
413,0.7525179856115108,1.2920552625930566
414,0.7479958890030832,1.2934980811955137
415,0.7627954779033915,1.2829430249832638
416,0.7535457348406989,1.2843052330879612
417,0.766289825282631,1.2767632817928005
418,0.7510791366906475,1.276550182041627
419,0.7605344295991778,1.2781630217600213
420,0.7627954779033915,1.2728043441537227
421,0.7634121274409044,1.277216978271598
422,0.7562178828365879,1.2662399160408655
423,0.7648509763617677,1.2673425934665128
424,0.762589928057554,1.2631385630350809
425,0.7646454265159301,1.2681262308132488
426,0.7701952723535458,1.2573548510287795
427,0.7632065775950668,1.262265715520649
428,0.7650565262076053,1.2599887740697793
429,0.7632065775950668,1.2594135940626248
430,0.7673175745118191,1.255362260574427
431,0.7613566289825283,1.2531372108660401
432,0.7730729701952723,1.245318192200695
433,0.7778006166495375,1.2476935994343301
434,0.7642343268242549,1.2481835243513257
435,0.765262076053443,1.2463868313678612
436,0.771634121274409,1.2389792910827762
437,0.7693730729701953,1.2403810432734004
438,0.7778006166495375,1.2346202465147547
439,0.778622816032888,1.2349529503795862
440,0.7734840698869476,1.2305976229115845
441,0.7773895169578623,1.2288216649077044
442,0.774306269270298,1.2262830102921511
443,0.77327852004111,1.2279206836823937
444,0.7788283658787256,1.222920512001414
445,0.7634121274409044,1.2333312131395566
446,0.7819116135662898,1.2181404978251287
447,0.7794450154162385,1.2171398187835316
448,0.7763617677286742,1.2208400756457605
449,0.7695786228160328,1.2177819425008525
450,0.7693730729701953,1.2124934218280239
451,0.7782117163412128,1.2131998702286448
452,0.7726618705035971,1.2126261674855499
453,0.7765673175745118,1.2111856521829916
454,0.7808838643371018,1.2063596250096915
455,0.7917780061664954,1.201112325242955
456,0.770606372045221,1.2063838959720372
457,0.7852004110996916,1.1943968233077156
458,0.7880781089414183,1.1949528203103672
459,0.7802672147995889,1.1998684983091756
460,0.7864337101747174,1.1948562575023687
461,0.7821171634121274,1.1899755057181018
462,0.7841726618705036,1.1933455329024656
463,0.7837615621788284,1.1883218563350353
464,0.7718396711202467,1.195775802137918
465,0.7782117163412128,1.1922113342128333
466,0.7825282631038026,1.1882575758682126
467,0.7954779033915724,1.1720527504110385
468,0.7806783144912641,1.187679727508745
469,0.7872559095580678,1.1791122010163388
470,0.7864337101747174,1.1800401396276037
471,0.7821171634121274,1.1758984484873474
472,0.7829393627954779,1.1692738879988887
473,0.7852004110996916,1.171868335759652
474,0.7810894141829393,1.172293743886291
475,0.7856115107913669,1.1665684247433465
476,0.7796505652620761,1.1687127380184867
477,0.7849948612538541,1.1657923679557636
478,0.7858170606372045,1.1641427878485677
479,0.7907502569373073,1.1646739583343788
480,0.783967112024666,1.160699215307755
481,0.7930113052415211,1.15517172149372
482,0.7895169578622816,1.15674318962205
483,0.7983556012332991,1.1484649128928581
484,0.7926002055498458,1.154693603074563
485,0.7948612538540596,1.1432996200755592
486,0.7852004110996916,1.1543506604794485
487,0.7862281603288798,1.15459887194854
488,0.7874614594039054,1.1521192333803638
489,0.789311408016444,1.1463843978076163
490,0.7899280575539568,1.149591605538332
491,0.7843782117163413,1.1448850688561873
492,0.7856115107913669,1.1473449364350488
493,0.7901336073997944,1.1404440480538043
494,0.8043165467625899,1.130994721478328
495,0.7989722507708119,1.1355320929745853
496,0.7991778006166496,1.135009956604898
497,0.7975334018499486,1.1301562351656107
498,0.7897225077081192,1.134255055178106
499,0.8063720452209661,1.1216522803899562
