epoch,categorical_accuracy,loss
0,0.5360739979445015,4.20505406339514
1,0.51551901336074,3.9276727816551342
2,0.5085303186022611,3.8109775641226693
3,0.4949640287769784,3.6674609330305703
4,0.499486125385406,3.589273117453564
5,0.5066803699897225,3.5364977686647765
6,0.5009249743062693,3.5295726322319134
7,0.5144912641315519,3.3690434985636193
8,0.5144912641315519,3.348475473243188
9,0.5173689619732785,3.278250851391031
10,0.5120246659815005,3.2675369637108047
11,0.5064748201438849,3.2415884724133797
12,0.51551901336074,3.1749910476151375
13,0.5126413155190134,3.1643921417910663
14,0.49907502569373074,3.1441012793185164
15,0.5023638232271326,3.127034165508823
16,0.5093525179856115,3.08774512002794
17,0.5173689619732785,3.052857089753264
18,0.5120246659815005,3.0509107473085253
19,0.5044193216855087,3.0224864922471553
20,0.5103802672147996,3.019230692286163
21,0.516546762589928,2.9744477881189484
22,0.523535457348407,2.9567957917318313
23,0.526207605344296,2.9501805166301356
24,0.5282631038026722,2.943835653528525
25,0.5109969167523124,2.9229496066886376
26,0.5264131551901337,2.9113165850997094
27,0.5144912641315519,2.9152636825487033
28,0.534224049331963,2.88128556259367
29,0.526207605344296,2.884636329452891
30,0.51551901336074,2.8661841790943203
31,0.5274409044193217,2.8530504714303246
32,0.5237410071942447,2.8606390442412044
33,0.529907502569373,2.815799278002481
34,0.5202466598150052,2.8419737943764947
35,0.5301130524152107,2.812719118778899
36,0.5317574511819116,2.8015285826660503
37,0.5241521068859198,2.805176024324235
38,0.5371017471736896,2.787593217008773
39,0.5416238437821171,2.7885561574032227
40,0.5206577595066804,2.773913646013862
41,0.5383350462487153,2.764703475828651
42,0.5420349434737924,2.75624931262919
43,0.538540596094553,2.7407602360167704
44,0.539568345323741,2.7447175389081084
45,0.5354573484069887,2.7478613730937336
46,0.536896197327852,2.7165297899804894
47,0.531551901336074,2.7224301594991966
48,0.5309352517985612,2.7095072875655077
49,0.5317574511819116,2.711096230072696
50,0.5479958890030833,2.6961495579820496
51,0.5461459403905448,2.6886320072969943
52,0.5488180883864338,2.6831691033793623
53,0.5399794450154163,2.6828613433171395
54,0.5340184994861253,2.6749735155919105
55,0.5338129496402878,2.669917058993709
56,0.5383350462487153,2.662872277893976
57,0.5408016443987667,2.6483543534685627
58,0.531551901336074,2.653211261655174
59,0.5467625899280576,2.6358068705830275
60,0.5381294964028777,2.6340934669616165
61,0.5496402877697841,2.6223643920894517
62,0.5543679342240493,2.6070653886001134
63,0.5519013360739979,2.6119233915519127
64,0.54224049331963,2.6089258935444155
65,0.5442959917780061,2.600023154438093
66,0.5486125385405961,2.5957466249230707
67,0.5477903391572456,2.584810796474994
68,0.5545734840698869,2.5797238762552666
69,0.5519013360739979,2.5760503294534085
70,0.5584789311408016,2.5657313947442377
71,0.5527235354573484,2.5618154201821213
72,0.5570400822199383,2.5607505062256175
73,0.5537512846865364,2.555906024768198
74,0.5549845837615622,2.5421780661713305
75,0.5636176772867421,2.529675050482598
76,0.5551901336073998,2.5321411106348775
77,0.5605344295991778,2.5198024776709658
78,0.5736896197327852,2.5155714974496495
79,0.5601233299075026,2.510874626888891
80,0.5599177800616649,2.50956012455312
81,0.5640287769784172,2.4996817046299746
82,0.5613566289825282,2.4911454450189763
83,0.5833504624871532,2.4823942548569526
84,0.5566289825282631,2.485907661706546
85,0.5619732785200411,2.4756222278951743
86,0.5619732785200411,2.4748118003617825
87,0.5654676258992806,2.4652547484434155
88,0.5714285714285714,2.453504224034277
89,0.5825282631038027,2.446750005445647
90,0.5681397738951696,2.441061601952438
91,0.5845837615621788,2.434509807206376
92,0.5681397738951696,2.4392839332768754
93,0.5667009249743062,2.4290451903014856
94,0.5683453237410072,2.42251611711555
95,0.5763617677286742,2.412269545532572
96,0.5804727646454265,2.4056747213297
97,0.5741007194244604,2.400550260818262
98,0.587667009249743,2.393781458902702
99,0.582322713257965,2.391134429884594
100,0.5790339157245632,2.3843848615119048
101,0.584994861253854,2.3699284640760117
102,0.5880781089414183,2.3665519451188404
103,0.586639260020555,2.366389189031117
104,0.5685508735868449,2.365456711180041
105,0.5691675231243577,2.3625697577967553
106,0.5858170606372045,2.349670332431303
107,0.571634121274409,2.346897325927405
108,0.5757451181911614,2.3429344856971825
109,0.5794450154162384,2.3337123563576334
110,0.5872559095580678,2.327568315602035
111,0.5856115107913669,2.3163591805366917
112,0.5821171634121275,2.314522920875118
113,0.5899280575539568,2.3081551947059515
114,0.5864337101747173,2.3034987730945615
115,0.5960945529290853,2.289316956969964
116,0.5889003083247688,2.289289836599305
117,0.596300102774923,2.2827854781332144
118,0.5917780061664953,2.2768448327330133
119,0.5926002055498458,2.2689014503914184
120,0.5841726618705037,2.273766259274772
121,0.5895169578622816,2.264842956921302
122,0.5878725590955807,2.258017851955967
123,0.6024665981500514,2.2462981094681838
124,0.6119218910585817,2.237765275194613
125,0.6030832476875643,2.2372133124156455
126,0.5942446043165468,2.2322556706886254
127,0.6018499486125385,2.2245941579648183
128,0.5960945529290853,2.21979733743501
129,0.6055498458376156,2.2136306542654323
130,0.6127440904419321,2.206323329370779
131,0.5985611510791367,2.205991023123448
132,0.5981500513874615,2.1992784738295614
133,0.6100719424460431,2.187843744360286
134,0.6117163412127441,2.18479053707064
135,0.587667009249743,2.186709337979402
136,0.6141829393627954,2.168935235651767
137,0.6170606372045221,2.16429055702527
138,0.6063720452209661,2.1660538019158735
139,0.6030832476875643,2.161441147364178
140,0.6051387461459404,2.150633804477131
141,0.6199383350462487,2.139778415370208
142,0.6073997944501541,2.1447981085096086
143,0.6201438848920864,2.132729247172592
144,0.6191161356628982,2.129833265492752
145,0.6061664953751285,2.1256792495331562
146,0.6096608427543679,2.117517607797699
147,0.6199383350462487,2.1108118408140397
148,0.6168550873586844,2.107967355685023
149,0.6150051387461459,2.1033502546880865
150,0.6256937307297019,2.0961703739087847
151,0.6250770811921891,2.085791241375295
152,0.6359712230215827,2.0754094936864838
153,0.6215827338129496,2.0745813379552356
154,0.6236382322713258,2.0691116662824265
155,0.6322713257965057,2.0663202468562347
156,0.6187050359712231,2.0599349368635456
157,0.6252826310380267,2.05288641876699
158,0.6246659815005139,2.050224901348322
159,0.6184994861253854,2.0492879570571882
160,0.6283658787255909,2.042459816383801
161,0.6273381294964029,2.034997010010487
162,0.6326824254881809,2.030593814144154
163,0.6462487153134635,2.0195584864190033
164,0.6254881808838644,2.0226098601154043
165,0.6326824254881809,2.011543600875329
166,0.6265159301130524,2.011452308931184
167,0.6361767728674204,2.0028424118185093
168,0.6359712230215827,1.9942528112819236
169,0.6335046248715314,1.991730870102807
170,0.6404933196300103,1.9896527566743167
171,0.636382322713258,1.985807301745753
172,0.6335046248715314,1.9818334086948406
173,0.6415210688591984,1.9722788384369931
174,0.641726618705036,1.9677599892709385
175,0.6355601233299075,1.9630729553265782
176,0.645426515930113,1.9572761632923232
177,0.6295991778006167,1.953792731980013
178,0.636382322713258,1.9497320130574618
179,0.6433710174717369,1.9383456904008478
180,0.6491264131551902,1.935075740529969
181,0.6394655704008222,1.9341093424780396
182,0.6402877697841727,1.9274340281138562
183,0.6557040082219938,1.920186842627295
184,0.6487153134635149,1.9153449952173576
185,0.6435765673175745,1.9168331578481113
186,0.649743062692703,1.9087314501083155
187,0.6435765673175745,1.9042884778143323
188,0.6456320657759507,1.8992356732594882
189,0.6478931140801645,1.8943725815289802
190,0.6495375128468653,1.8891772080545925
191,0.654059609455293,1.8839808693892663
192,0.6515930113052415,1.8760155573410708
193,0.6559095580678315,1.873141751725529
194,0.6483042137718397,1.8705897735544736
195,0.6608427543679343,1.8601232624249984
196,0.6489208633093525,1.8585110968945573
197,0.6526207605344296,1.8538574662262464
198,0.6520041109969168,1.8529451220033102
199,0.6402877697841727,1.8497032855299491
200,0.6559095580678315,1.8390747897794044
201,0.6554984583761562,1.8387273473582801
202,0.6606372045220966,1.8316916881827876
203,0.6544707091469681,1.8210976656514841
204,0.6612538540596095,1.8182882841664987
205,0.6616649537512846,1.8146054411963592
206,0.6602261048304213,1.811965590684779
207,0.6610483042137718,1.806075153223412
208,0.6499486125385406,1.806258421542098
209,0.6505652620760535,1.802092760415386
210,0.6606372045220966,1.795798486795847
211,0.6670092497430626,1.7889984569716184
212,0.65775950668037,1.792717486270775
213,0.6649537512846866,1.7828556936789393
214,0.6723535457348407,1.7771194642273764
215,0.6746145940390544,1.7692035236927122
216,0.6705035971223021,1.770530467435243
217,0.6742034943473793,1.7584472957397415
218,0.6637204522096608,1.76159743777527
219,0.6596094552929085,1.7595541094949532
220,0.6680369989722508,1.7524880687109858
221,0.668448098663926,1.7519304129472126
222,0.671120246659815,1.7450960368806265
223,0.6729701952723536,1.7351840713653879
224,0.6813977389516958,1.7315703615990352
225,0.6752312435765673,1.7316318007436833
226,0.6686536485097636,1.7349069198381006
227,0.6764645426515931,1.7206599478363869
228,0.6760534429599178,1.7192079776850169
229,0.6692702980472764,1.7195305797816058
230,0.6700924974306269,1.713106960970966
231,0.6748201438848921,1.7086706857642069
232,0.6733812949640288,1.7045725329929364
233,0.6797533401849949,1.7009900464305898
234,0.6705035971223021,1.695288438199113
235,0.6855087358684481,1.6924149907260122
236,0.6739979445015416,1.6881752600037672
237,0.6754367934224049,1.6842514666844492
238,0.6811921891058582,1.6787188387358176
239,0.6690647482014388,1.6807076386778108
240,0.6739979445015416,1.6712833025472627
241,0.6828365878725591,1.6690766404368527
242,0.6840698869475847,1.6633064899758225
243,0.6721479958890031,1.6633177914820374
244,0.6795477903391572,1.65769271865288
245,0.6855087358684481,1.6531427770822413
246,0.6811921891058582,1.6458712726065703
247,0.6920863309352518,1.643290571784189
248,0.6863309352517986,1.6430788294997025
249,0.6904419321685509,1.635135951635159
250,0.6799588900308324,1.6361545797487203
251,0.6992805755395683,1.6265182727899974
252,0.6838643371017472,1.628950975242646
253,0.6879753340184995,1.6221471892353931
254,0.697841726618705,1.6184053742750821
255,0.6927029804727647,1.6147191794043578
256,0.6813977389516958,1.6154209153870271
257,0.694141829393628,1.6131601046927786
258,0.6867420349434737,1.6119173663003104
259,0.6846865364850976,1.599836242823782
260,0.6805755395683454,1.6015549849385715
261,0.695169578622816,1.5960089062860299
262,0.6892086330935252,1.5923224677284844
263,0.6906474820143885,1.58864294889652
264,0.687153134635149,1.5901408540259163
265,0.6947584789311408,1.5755674424911452
266,0.6894141829393627,1.581091088650773
267,0.6986639260020555,1.57381447108897
268,0.689825282631038,1.5714397385578607
269,0.7042137718396712,1.5658876454352353
270,0.6904419321685509,1.5637478196731207
271,0.6875642343268242,1.5687480813797796
272,0.6988694758478932,1.5619096738583995
273,0.6984583761562179,1.5548032448201117
274,0.6949640287769784,1.5495066775324902
275,0.6982528263103802,1.5463830797424787
276,0.6902363823227132,1.5472194271489503
277,0.6998972250770812,1.5390308563412767
278,0.6890030832476876,1.541868051105511
279,0.7167523124357656,1.5272543173287167
280,0.7023638232271325,1.5289242216886498
281,0.7107913669064748,1.5245279210689502
282,0.7025693730729702,1.5226056313343186
283,0.695169578622816,1.5238706950906125
284,0.6931140801644399,1.5224870278190856
285,0.7118191161356628,1.5144816923974598
286,0.7060637204522097,1.5111713804909528
287,0.7033915724563207,1.510829869840765
288,0.7013360739979445,1.5100018951900205
289,0.7015416238437822,1.5031266646419497
290,0.7054470709146968,1.4977595161436028
291,0.7153134635149023,1.4959397929790454
292,0.7151079136690648,1.4886074787788743
293,0.7146968139773895,1.4821456175791397
294,0.7046248715313463,1.4946492671231448
295,0.7099691675231243,1.4802957804082966
296,0.7038026721479959,1.4815254296452756
297,0.7070914696813977,1.4780109405762614
298,0.7130524152106886,1.4710540886650596
299,0.7116135662898253,1.4708267579710863
300,0.7087358684480987,1.4673592359899617
301,0.7013360739979445,1.4672838482802844
302,0.7206577595066803,1.4559936283548713
303,0.7103802672147996,1.46134854313771
304,0.7175745118191161,1.4549215108003057
305,0.7091469681397738,1.4579867086577145
306,0.7192189105858171,1.4464716187238937
307,0.7239465570400823,1.4467256946651934
308,0.7132579650565262,1.4496395730286193
309,0.7257965056526208,1.4375505702223588
310,0.7175745118191161,1.4367624925807472
311,0.7161356628982528,1.4338409325079218
312,0.7124357656731758,1.4382672129530087
313,0.7266187050359713,1.423613441835817
314,0.714491264131552,1.4268476045143934
315,0.7126413155190133,1.4261586166726845
316,0.7198355601233299,1.4212939691935633
317,0.7153134635149023,1.4233413147656793
318,0.7198355601233299,1.4155426674977114
319,0.7290853031860226,1.4046705466992808
320,0.7249743062692703,1.4015344068913396
321,0.7290853031860226,1.404944521550162
322,0.7194244604316546,1.406402524671721
323,0.7165467625899281,1.405063540202863
324,0.7274409044193216,1.3981907487528176
325,0.7294964028776978,1.3889077610004108
326,0.7167523124357656,1.3947439711483507
327,0.7214799588900308,1.385441816600474
328,0.7229188078108941,1.3876889295960257
329,0.7245632065775951,1.383191646407344
330,0.7303186022610483,1.3794093969792036
331,0.7321685508735869,1.3760428265701952
332,0.7268242548818088,1.377364915688996
333,0.7352517985611511,1.37252071790803
334,0.7260020554984584,1.37793027156426
335,0.7301130524152107,1.3693725698163306
336,0.7299075025693731,1.3630931191429696
337,0.726207605344296,1.36328086225739
338,0.7377183967112024,1.3528912708668646
339,0.7216855087358685,1.3669285417215675
340,0.7412127440904419,1.3480272701808385
341,0.7362795477903391,1.350951969831845
342,0.7354573484069887,1.3411917434076857
343,0.7340184994861254,1.3441098334487884
344,0.7362795477903391,1.3426517569148895
345,0.7340184994861254,1.3446174411587455
346,0.7329907502569373,1.3373190239301567
347,0.7391572456320658,1.3339611891362306
348,0.7292908530318603,1.33809195883105
349,0.7354573484069887,1.3355903405569807
350,0.7399794450154162,1.3233304651153541
351,0.7381294964028777,1.326450503595319
352,0.7414182939362796,1.3241888718149277
353,0.7440904419321686,1.3154294703871716
354,0.739568345323741,1.31323306281177
355,0.7399794450154162,1.3158678405944024
356,0.7494347379239465,1.3127902462940666
357,0.7445015416238437,1.3096513875096822
358,0.7418293936279547,1.3121497925114411
359,0.7442959917780062,1.3029714093301425
360,0.7477903391572457,1.3051300778295865
361,0.74224049331963,1.3025436484923956
362,0.7410071942446043,1.2987148633841252
363,0.7467625899280576,1.2945361070005645
364,0.744912641315519,1.2916716523185172
365,0.7391572456320658,1.2925940340738993
366,0.7500513874614594,1.2835968323381195
367,0.7516957862281604,1.2863502472302162
368,0.7484069886947585,1.2880936302359522
369,0.7494347379239465,1.2826411850773418
370,0.750256937307297,1.2800884757233058
371,0.755601233299075,1.2755608191593089
372,0.7465570400822199,1.2749642337704
373,0.7488180883864337,1.2758666807676513
374,0.7521068859198355,1.262519196738687
375,0.7519013360739979,1.269011523544727
376,0.7553956834532374,1.2626510746554995
377,0.747584789311408,1.268804076690713
378,0.752929085303186,1.262062092675212
379,0.7521068859198355,1.2567286633514059
380,0.7553956834532374,1.2540021890603994
381,0.7527235354573484,1.2583939136116011
382,0.7541623843782117,1.2541408004643126
383,0.7551901336073998,1.2507427912821873
384,0.7549845837615622,1.2462518519512307
385,0.7525179856115108,1.2481186437704825
386,0.7500513874614594,1.2463234744606135
387,0.7512846865364851,1.2518339806690981
388,0.7601233299075025,1.233145137828031
389,0.7484069886947585,1.2443618347563945
390,0.7605344295991778,1.231764625865901
391,0.760945529290853,1.2370192345220286
392,0.762589928057554,1.2296187050173486
393,0.7632065775950668,1.2268834998159222
394,0.7660842754367935,1.2262571569581928
395,0.7654676258992805,1.2199440947416997
396,0.7627954779033915,1.2182147057181394
397,0.7623843782117163,1.2210206353284594
398,0.7611510791366907,1.2165220997806443
399,0.7720452209660843,1.2145860877703543
400,0.7667009249743063,1.209485728179563
401,0.7558067831449127,1.2196377575091197
402,0.7621788283658787,1.2144888183685882
403,0.7660842754367935,1.2056953164068303
404,0.7660842754367935,1.2024303495210096
405,0.7619732785200412,1.2036034746748325
406,0.7654676258992805,1.2047891443826924
407,0.770606372045221,1.1975609580022335
408,0.7681397738951696,1.194524913236024
409,0.7619732785200412,1.2021707084539126
410,0.7691675231243577,1.1958177804089278
411,0.7667009249743063,1.1937142082868109
412,0.767934224049332,1.1926765872910237
413,0.775950668036999,1.1832555349414664
414,0.76896197327852,1.1849455334422276
415,0.7726618705035971,1.176607388141589
416,0.771634121274409,1.1786952439217013
417,0.7683453237410072,1.1771292543117213
418,0.7817060637204523,1.1732996377523488
419,0.7755395683453238,1.1702852587293133
420,0.7775950668036999,1.173103800265909
421,0.7656731757451182,1.1744054291500707
422,0.7685508735868448,1.170354212396314
423,0.7780061664953751,1.1629971603695437
424,0.7804727646454265,1.164550871692238
425,0.7755395683453238,1.164678244723078
426,0.7773895169578623,1.1573238239748995
427,0.7841726618705036,1.153069055876776
428,0.7798561151079136,1.1584233177774121
429,0.7773895169578623,1.152371064597264
430,0.7788283658787256,1.1511330707467717
431,0.7757451181911613,1.1505154230611787
432,0.778622816032888,1.1503336585805448
433,0.7880781089414183,1.1381404192817663
434,0.786639260020555,1.1369037307913723
435,0.7757451181911613,1.143280469133822
436,0.7829393627954779,1.137447532401913
437,0.7693730729701953,1.1470616571214682
438,0.7823227132579651,1.1342600059411263
439,0.7823227132579651,1.1328824673380171
440,0.7856115107913669,1.13032198126245
441,0.7808838643371018,1.133473333474421
442,0.7817060637204523,1.1345531936784687
443,0.781294964028777,1.127446318946909
444,0.7837615621788284,1.1200231955695863
445,0.7765673175745118,1.1263796702440816
446,0.7852004110996916,1.1190908095329417
447,0.7882836587872559,1.1189681328825445
448,0.7833504624871531,1.1191493167294015
449,0.7835560123329908,1.1154115924119705
450,0.7991778006166496,1.1079502317177674
451,0.7810894141829393,1.113975064739784
452,0.7856115107913669,1.1088776361415467
453,0.7926002055498458,1.1057199593193117
454,0.7872559095580678,1.1018628870718035
455,0.7876670092497431,1.104382540498461
456,0.7903391572456321,1.100470773019624
457,0.7905447070914697,1.0983433240731721
458,0.8028776978417266,1.091283579230431
459,0.7897225077081192,1.1008458357798232
460,0.7854059609455293,1.1046904029728575
461,0.7950668036998972,1.099504053139368
462,0.7971223021582734,1.0861798794149495
463,0.7928057553956834,1.09299516554114
464,0.7969167523124357,1.0935477948017258
465,0.8024665981500514,1.0836239814513267
466,0.7872559095580678,1.0949668453996744
467,0.7981500513874614,1.085384993293425
468,0.7932168550873587,1.088342431980929
469,0.8016443987667009,1.07917749176045
470,0.7954779033915724,1.0835355353624945
471,0.7956834532374101,1.0799241775721464
472,0.7954779033915724,1.081743169663989
473,0.789311408016444,1.0818870195136898
474,0.7958890030832477,1.0786570916562996
475,0.8059609455292909,1.0652935951488727
476,0.8063720452209661,1.061607967802579
477,0.8002055498458376,1.0714671970761447
478,0.8018499486125386,1.0561675749481765
479,0.8088386433710175,1.0568336546604826
480,0.8094552929085304,1.0616640685886176
481,0.8043165467625899,1.063260445320349
482,0.814388489208633,1.05247517653874
483,0.8086330935251799,1.0535862754819818
484,0.8067831449126414,1.0543208709111072
485,0.802672147995889,1.0536638427001233
486,0.802672147995889,1.0571932581321308
487,0.8034943473792394,1.0527428450344278
488,0.8123329907502569,1.03947870157973
489,0.8043165467625899,1.0482603433443365
490,0.8065775950668037,1.0444859702075004
491,0.8125385405960945,1.0439506764769677
492,0.8073997944501542,1.0436658577708278
493,0.8184994861253854,1.0347222760426913
494,0.816032887975334,1.0360399758460466
495,0.8174717368961973,1.0339268040559029
496,0.8129496402877698,1.030364312505673
497,0.8078108941418294,1.0331593757298108
498,0.8061664953751285,1.035076971387324
499,0.8069886947584789,1.0303982146842383
