epoch,categorical_accuracy,loss
0,0.45714285714285713,6.234192688541079
1,0.4972250770811922,5.370973990853007
2,0.4988694758478931,5.1601877889799805
3,0.4970195272353546,4.930425371442523
4,0.5120246659815005,4.725165142478826
5,0.51551901336074,4.594020650124623
6,0.5173689619732785,4.498840844888481
7,0.5225077081192189,4.4191446009789805
8,0.5190133607399794,4.327324793052085
9,0.5048304213771839,4.3070430949682565
10,0.5179856115107914,4.259885179984239
11,0.5052415210688592,4.222331152618973
12,0.5200411099691675,4.159165161266111
13,0.526207605344296,4.11611046374518
14,0.5350462487153135,4.074942855991783
15,0.529907502569373,4.04611546804579
16,0.5397738951695786,4.022369418286346
17,0.5294964028776978,4.000724243211109
18,0.5403905447070915,3.9773167474419338
19,0.534224049331963,3.975064812167208
20,0.5389516957862281,3.93042455944716
21,0.5280575539568345,3.930585327912945
22,0.5290853031860226,3.9026171004539405
23,0.5445015416238438,3.8748321842926745
24,0.5381294964028777,3.86722581286102
25,0.5321685508735868,3.8606489047239645
26,0.5403905447070915,3.8424684953346526
27,0.5360739979445015,3.8289478877342984
28,0.5457348406988695,3.8107384417064387
29,0.5486125385405961,3.7934515697247937
30,0.541212744090442,3.7883822141668904
31,0.5486125385405961,3.769979683149755
32,0.5426515930113053,3.762681853930482
33,0.543884892086331,3.7452792311743868
34,0.5379239465570401,3.7463382371037985
35,0.5630010277492292,3.711130742448452
36,0.5432682425488181,3.7162554896747713
37,0.5615621788283659,3.680970840414896
38,0.5484069886947585,3.693817253887102
39,0.5572456320657759,3.6805606625920575
40,0.5570400822199383,3.6597898689105355
41,0.5706063720452209,3.634256306361074
42,0.5588900308324769,3.6292182435724745
43,0.5636176772867421,3.6150563742372017
44,0.5615621788283659,3.6141983292453213
45,0.579650565262076,3.5849206478965736
46,0.5693730729701952,3.5856884766213084
47,0.5712230215827339,3.566363756899231
48,0.5856115107913669,3.549710162398994
49,0.5825282631038027,3.536720948841687
50,0.5858170606372045,3.5154645051887567
51,0.594655704008222,3.504295870652547
52,0.5987667009249743,3.494222379392367
53,0.5913669064748202,3.484683318936935
54,0.5880781089414183,3.4754251932926317
55,0.5971223021582733,3.4551186649306826
56,0.5985611510791367,3.4410683375590874
57,0.6110996916752313,3.418901926591487
58,0.6121274409044193,3.4110145794769475
59,0.6098663926002056,3.40127897978074
60,0.6051387461459404,3.391884109736224
61,0.6117163412127441,3.377119857899822
62,0.6238437821171634,3.3527546652296953
63,0.6265159301130524,3.343750660269993
64,0.6273381294964029,3.335842542511096
65,0.6351490236382322,3.315855507296869
66,0.6324768756423432,3.302632039031904
67,0.6279547790339157,3.294698712661602
68,0.6283658787255909,3.277299217280969
69,0.6328879753340185,3.2635347428571775
70,0.6252826310380267,3.259708833645451
71,0.6361767728674204,3.237056906201244
72,0.6491264131551902,3.2258729088833253
73,0.6402877697841727,3.2067001499105454
74,0.648098663926002,3.1965899499812815
75,0.6554984583761562,3.1772153613746226
76,0.6478931140801645,3.1682451825960323
77,0.6532374100719425,3.150334374191582
78,0.6575539568345323,3.1405992034527896
79,0.6628982528263104,3.122808571685132
80,0.668448098663926,3.1048774738350975
81,0.6600205549845838,3.098597400749575
82,0.6698869475847893,3.079543124784056
83,0.6579650565262076,3.07609878816438
84,0.6698869475847893,3.0563564296126486
85,0.6735868448098664,3.0404686645515655
86,0.6702980472764646,3.0351714357687785
87,0.6696813977389517,3.0134830329303015
88,0.6756423432682426,3.007408291707916
89,0.6789311408016444,2.990225766006501
90,0.6803699897225077,2.976957448437917
91,0.6795477903391572,2.962490933086007
92,0.6900308324768757,2.9479331383112157
93,0.6875642343268242,2.941065545341829
94,0.6935251798561151,2.9267319186740886
95,0.6890030832476876,2.915597721827116
96,0.6922918807810894,2.90036181335214
97,0.7142857142857143,2.8831101953186944
98,0.7040082219938335,2.8786406744420834
99,0.6931140801644399,2.86775600059917
100,0.7042137718396712,2.8559745854733536
101,0.7153134635149023,2.8362262357788244
102,0.710174717368962,2.82743297667077
103,0.7044193216855087,2.82156649351365
104,0.7033915724563207,2.8057347215336863
105,0.7157245632065776,2.7981877774398347
106,0.7229188078108941,2.777406414733761
107,0.7126413155190133,2.7757772958290907
108,0.7175745118191161,2.759293219830002
109,0.7212744090441933,2.751449084600466
110,0.7243576567317574,2.7326115060318164
111,0.7249743062692703,2.7202548086336926
112,0.7241521068859198,2.714757761705326
113,0.7280575539568346,2.701273447881622
114,0.7260020554984584,2.6907551946767434
115,0.7381294964028777,2.669412817273821
116,0.7272353545734841,2.6678216586255097
117,0.7268242548818088,2.656270764812536
118,0.7364850976361768,2.6457609210940576
119,0.734224049331963,2.6270524606185237
120,0.7414182939362796,2.6192850083020827
121,0.7438848920863309,2.6042045174252704
122,0.7445015416238437,2.599683197821277
123,0.7410071942446043,2.588987330027989
124,0.7403905447070914,2.5816532480018357
125,0.7438848920863309,2.564603467100326
126,0.7578622816032888,2.560073135372056
127,0.7564234326824255,2.5442051312661245
128,0.7547790339157245,2.537265627479749
129,0.7611510791366907,2.5231723467345595
130,0.760945529290853,2.510159999812127
131,0.7611510791366907,2.5036590611946914
132,0.7605344295991778,2.4909287687440815
133,0.7671120246659815,2.481653839417131
134,0.7673175745118191,2.4747695354371495
135,0.77327852004111,2.4592773359579025
136,0.7640287769784173,2.449084252076183
137,0.7712230215827338,2.4449220486804615
138,0.762589928057554,2.438691587438319
139,0.7656731757451182,2.4260164426997655
140,0.7724563206577595,2.4140110263353995
141,0.7810894141829393,2.4065002466889838
142,0.7720452209660843,2.392597016229659
143,0.7854059609455293,2.3797011251439786
144,0.7932168550873587,2.3608602450783427
145,0.7889003083247688,2.361499337130681
146,0.7909558067831449,2.347691646215237
147,0.7882836587872559,2.3439516422804925
148,0.7956834532374101,2.325248644653352
149,0.7938335046248716,2.3207688842745995
150,0.7847893114080164,2.3109632229878505
151,0.7995889003083247,2.2986687925344627
152,0.7987667009249743,2.2960288455037885
153,0.8006166495375129,2.281332692335468
154,0.8018499486125386,2.2725111472275863
155,0.8051387461459404,2.264348286200403
156,0.8065775950668037,2.2523408994890315
157,0.8032887975334019,2.245804773009203
158,0.8030832476875642,2.232120531362473
159,0.8076053442959917,2.2328153163286544
160,0.8090441932168551,2.218802174757343
161,0.8108941418293937,2.208931120351064
162,0.8154162384378212,2.19421257012182
163,0.8059609455292909,2.194142914332932
164,0.8152106885919835,2.178917965050959
165,0.814388489208633,2.1765248093551133
166,0.8152106885919835,2.16465672763009
167,0.824049331963001,2.1546208177049015
168,0.83103802672148,2.1367436371751336
169,0.824049331963001,2.138418375477884
170,0.8269270298047277,2.1287678040311366
171,0.832065775950668,2.1184045495869324
172,0.8265159301130525,2.1149921108002774
173,0.8191161356628982,2.105247793168228
174,0.8339157245632066,2.089600202285006
175,0.8382322713257965,2.0763685378361827
176,0.825693730729702,2.084916488876813
177,0.8351490236382323,2.071375612732318
178,0.828365878725591,2.062310910445446
179,0.8398766700924974,2.0516424522125463
180,0.8380267214799589,2.0515576896785097
181,0.8439876670092498,2.035474273577746
182,0.8378211716341213,2.028296861962204
183,0.8458376156217883,2.013437542322361
184,0.8406988694758479,2.0156355197236078
185,0.8441932168550874,2.002512549128831
186,0.8462487153134635,1.9961389854290013
187,0.85775950668037,1.982498765947395
188,0.8528263103802672,1.9782816015069065
189,0.8478931140801644,1.977180141388206
190,0.8522096608427544,1.9659734255975956
191,0.8581706063720452,1.9519669913804543
192,0.8575539568345324,1.9486936739022784
193,0.8517985611510791,1.9429475181271827
194,0.8569373072970196,1.9305006399919171
195,0.8628982528263104,1.9254098754747553
196,0.8610483042137719,1.917365476185837
197,0.8573484069886947,1.9127420468786147
198,0.8624871531346352,1.9104886106939991
199,0.8594039054470709,1.893929173203926
200,0.8729701952723535,1.8851548455847007
201,0.8707091469681397,1.8810395028583804
202,0.8670092497430627,1.877917455916292
203,0.866803699897225,1.8693580577209332
204,0.8733812949640288,1.856885371301304
205,0.8690647482014389,1.8600402778613727
206,0.8752312435765673,1.8438896930965099
207,0.8702980472764645,1.8395378228449257
208,0.8766700924974307,1.8354988160628332
209,0.8799588900308325,1.820365907721995
210,0.8754367934224049,1.824683725111041
211,0.8719424460431655,1.8192402777176844
212,0.8842754367934224,1.79997818077946
213,0.8846865364850977,1.7919843481598998
214,0.8789311408016444,1.7967544628929382
215,0.8877697841726618,1.7825061489352219
216,0.8840698869475848,1.7781167823511184
217,0.8809866392600205,1.772844008086029
218,0.8867420349434738,1.7716136908849733
219,0.8904419321685508,1.7550730571472388
220,0.8826310380267215,1.7591762598347442
221,0.8830421377183967,1.7455932406702854
222,0.886125385405961,1.740836209799991
223,0.8842754367934224,1.7402556678374037
224,0.8873586844809866,1.728383556274814
225,0.8988694758478931,1.7088106880452625
226,0.895169578622816,1.71206153387401
227,0.8933196300102775,1.7037475249260081
228,0.8943473792394656,1.700836948108575
229,0.8894141829393628,1.6953219161861848
230,0.8966084275436793,1.6883070896242776
231,0.8974306269270298,1.6818703162094304
232,0.8912641315519013,1.6816798258170806
233,0.9007194244604316,1.6684838868363665
234,0.8992805755395683,1.658950074260551
235,0.9007194244604316,1.6573596709066158
236,0.9009249743062693,1.6561253740265582
237,0.9046248715313463,1.6443599684510422
238,0.9087358684480986,1.6322329590033897
239,0.9070914696813978,1.6298777608930268
240,0.9066803699897225,1.6296868359564756
241,0.9103802672147996,1.6176584663518532
242,0.9038026721479959,1.618366365565058
243,0.9023638232271326,1.6153398342514822
244,0.9040082219938335,1.6064329544784843
245,0.9033915724563206,1.603659172317842
246,0.9066803699897225,1.5900511479941326
247,0.9177800616649537,1.5720591439495106
248,0.9093525179856116,1.5825641199594167
249,0.9083247687564234,1.5756268264823434
250,0.9079136690647482,1.5740371506113677
251,0.9097636176772868,1.5615534414612866
252,0.9192189105858171,1.5498585348629144
253,0.9151079136690647,1.5466075641155732
254,0.9124357656731757,1.553829887592045
255,0.9107913669064748,1.5470735655291596
256,0.9144912641315519,1.5416780136349513
257,0.9122302158273381,1.5358476967875294
258,0.9186022610483042,1.5277661382355645
259,0.9188078108941419,1.5190923401410141
260,0.9188078108941419,1.518085109636203
261,0.9247687564234327,1.5051400946198608
262,0.9159301130524152,1.5152603966604157
263,0.9270298047276464,1.4962650371602482
264,0.920863309352518,1.4948436320746912
265,0.9183967112024666,1.4896429687462756
266,0.9249743062692704,1.4809312362220035
267,0.9216855087358684,1.4772793606643442
268,0.9323741007194245,1.4648459294104503
269,0.9204522096608427,1.4728452284069002
270,0.9214799588900309,1.4654522544188464
271,0.9249743062692704,1.4541744599239432
272,0.926207605344296,1.4503246453168581
273,0.9233299075025694,1.4476344677061608
274,0.9294964028776979,1.4391641239468143
275,0.9286742034943474,1.4379446971330712
276,0.9294964028776979,1.4309739582095091
277,0.9200411099691675,1.435706703121346
278,0.9264131551901336,1.423756902460449
279,0.9278520041109969,1.4184337290315931
280,0.9282631038026722,1.4145845033649551
281,0.9321685508735869,1.4091241650566657
282,0.9309352517985612,1.4021346925831528
283,0.928879753340185,1.3987283058793791
284,0.9323741007194245,1.3945190679132633
285,0.9290853031860226,1.3897838138970418
286,0.9338129496402877,1.384377606138051
287,0.9340184994861254,1.3826505090080332
288,0.9408016443987667,1.373369656510858
289,0.9358684480986639,1.37445515814445
290,0.9305241521068859,1.3768689189393375
291,0.9387461459403905,1.3629059543590016
292,0.9399794450154162,1.3546813752643863
293,0.9440904419321685,1.3473346358090486
294,0.9336073997944502,1.3492221310596917
295,0.9377183967112025,1.3474110482530506
296,0.9377183967112025,1.3408572123450095
297,0.9405960945529291,1.3322503579483738
298,0.9334018499486125,1.339995658998009
299,0.9391572456320658,1.3300855213177045
300,0.9397738951695787,1.3254760290588896
301,0.9408016443987667,1.3160947811444275
302,0.9354573484069887,1.3175700385916025
303,0.9426515930113052,1.3030754699001332
304,0.9397738951695787,1.3085900733306743
305,0.9482014388489208,1.2906057823843726
306,0.9358684480986639,1.3002101525985936
307,0.9428571428571428,1.2980796943098032
308,0.9387461459403905,1.2946779997963822
309,0.9424460431654677,1.2879168076725926
310,0.9424460431654677,1.288644580091259
311,0.9486125385405961,1.2714137900892535
312,0.9451181911613566,1.2739920704117291
313,0.9486125385405961,1.265916243952078
314,0.943884892086331,1.265325167784343
315,0.9430626927029805,1.2644287625172645
316,0.9521068859198356,1.2591252842027874
317,0.9445015416238438,1.2606093501015532
318,0.9504624871531346,1.245298592037189
319,0.9473792394655705,1.2502857943845556
320,0.9525179856115108,1.2435744562717528
321,0.9473792394655705,1.2438606426870222
322,0.9547790339157246,1.2278089502242462
323,0.9469681397738952,1.2366051665557987
324,0.949229188078109,1.2257938970397213
325,0.9467625899280575,1.2281792427996079
326,0.9488180883864337,1.2212899901516514
327,0.9506680369989723,1.2145457056051414
328,0.951901336073998,1.2117934176022567
329,0.9541623843782118,1.2052229965578494
330,0.9521068859198356,1.210643131906915
331,0.9547790339157246,1.2009472298597628
332,0.954573484069887,1.1968659497238505
333,0.9543679342240493,1.1940419510971727
334,0.9459403905447071,1.2008067829635871
335,0.9498458376156218,1.1935386095605676
336,0.9553956834532374,1.1876980176564969
337,0.9539568345323741,1.176898604184236
338,0.9562178828365878,1.1802348521361004
339,0.959917780061665,1.1653703681489056
340,0.9482014388489208,1.1728472842219433
341,0.9533401849948613,1.1692053034273717
342,0.9605344295991778,1.1557611372586023
343,0.9593011305241521,1.1508135349875486
344,0.9516957862281603,1.1606649525486552
345,0.957245632065776,1.1506311846416508
346,0.9593011305241521,1.1438981640375654
347,0.9576567317574511,1.1436733926310445
348,0.9595066803699898,1.1404603555293147
349,0.9574511819116136,1.1341784660274665
350,0.9570400822199383,1.131908105064149
351,0.9595066803699898,1.129499501657633
352,0.954573484069887,1.1333123778757799
353,0.9590955806783145,1.1251234103817367
354,0.9566289825282631,1.1202350228565447
355,0.9576567317574511,1.1222237266469957
356,0.9527235354573484,1.1208936919043757
357,0.9601233299075026,1.110764908815092
358,0.9558067831449126,1.109405350489092
359,0.9630010277492291,1.1016150708066228
360,0.9564234326824255,1.1082634586959557
361,0.9621788283658788,1.0991689135089808
362,0.9642343268242549,1.087478046280017
363,0.9627954779033916,1.0897509931660385
364,0.9642343268242549,1.0876708772910217
365,0.9627954779033916,1.0827452931840276
366,0.9609455292908531,1.0816622634830848
367,0.9611510791366906,1.0825760810862832
368,0.9640287769784173,1.0692242275651656
369,0.9699897225077081,1.0697434709349003
370,0.9619732785200411,1.0689930617380485
371,0.9609455292908531,1.0682009243156536
372,0.9646454265159301,1.062759401888911
373,0.9627954779033916,1.0571934305139092
374,0.9627954779033916,1.0575688923863198
375,0.9611510791366906,1.0538912716284317
376,0.9642343268242549,1.0497997219859023
377,0.9664953751284686,1.040743697387954
378,0.9634121274409044,1.0447092788437533
379,0.9648509763617678,1.0451142488256142
380,0.9644398766700925,1.035502214875275
381,0.9640287769784173,1.035385450907626
382,0.9669064748201439,1.0315785516080238
383,0.9685508735868448,1.0208643447090886
384,0.9609455292908531,1.031055751317329
385,0.9710174717368962,1.021857302578478
386,0.9675231243576567,1.0199842475791139
387,0.9667009249743063,1.0149899956256243
388,0.9652620760534429,1.0173152695824406
389,0.9658787255909558,1.0079957221909392
390,0.9617677286742035,1.0115585907757711
391,0.9656731757451182,1.010334003964039
392,0.9708119218910586,0.9991102392357398
393,0.9706063720452209,0.9919352473849995
394,0.9662898252826311,1.0020637637909735
395,0.9675231243576567,0.9914512845007023
396,0.9722507708119219,0.9857964942046085
397,0.9685508735868448,0.9886067384070997
398,0.9714285714285714,0.9838409387808051
399,0.9638232271325796,0.9869680446686504
400,0.9656731757451182,0.9837275898101273
401,0.9656731757451182,0.980872874674057
402,0.9673175745118191,0.9753368993947342
403,0.9718396711202466,0.968247626251699
404,0.9695786228160329,0.9701532242477001
405,0.9634121274409044,0.975092117612433
406,0.9738951695786228,0.96346847522173
407,0.9679342240493319,0.9606060968151073
408,0.9722507708119219,0.9568041942960067
409,0.9720452209660843,0.9536075736121308
410,0.9724563206577596,0.9513591884709091
411,0.9673175745118191,0.9535241032553357
412,0.9660842754367934,0.9544016533985903
413,0.9677286742034944,0.9448335201865232
414,0.9706063720452209,0.9449280648167797
415,0.9669064748201439,0.9426222124913246
416,0.9695786228160329,0.9359740668063541
417,0.9673175745118191,0.939690385190703
418,0.9751284686536486,0.931798801478477
419,0.9732785200411099,0.9290855105954844
420,0.9691675231243576,0.9321354543194864
421,0.9701952723535457,0.9271563846552849
422,0.9743062692702981,0.922710112910354
423,0.9683453237410072,0.9215015460383855
424,0.9685508735868448,0.9203831331825453
425,0.9726618705035971,0.9144685081195734
426,0.9701952723535457,0.9129737431686926
427,0.9708119218910586,0.9147864446365576
428,0.9687564234326824,0.91133240358435
429,0.9693730729701953,0.908808816398158
430,0.9738951695786228,0.9054560241939352
431,0.9757451181911614,0.8954183920559388
432,0.9710174717368962,0.9015379348614723
433,0.9759506680369989,0.8892485190270983
434,0.9714285714285714,0.8973673302860201
435,0.9765673175745119,0.8872345694167518
436,0.9722507708119219,0.8894732564963392
437,0.9728674203494347,0.8867568185371093
438,0.9747173689619733,0.8812970929131111
439,0.9706063720452209,0.8859856841620536
440,0.9743062692702981,0.8777533213256687
441,0.9741007194244604,0.8767156675932709
442,0.9712230215827338,0.8787759059134638
443,0.9743062692702981,0.8699566830098935
444,0.9699897225077081,0.8712317271810887
445,0.9728674203494347,0.8695840681689616
446,0.9726618705035971,0.8652427962480567
447,0.9741007194244604,0.8613423833131545
448,0.9716341212744091,0.8672073549503903
449,0.9695786228160329,0.8672296744456394
450,0.9751284686536486,0.8587626104732211
451,0.9708119218910586,0.859586144804587
452,0.9757451181911614,0.8541729148098278
453,0.9730729701952724,0.8524329673594585
454,0.9755395683453237,0.8487429039696383
455,0.9732785200411099,0.8484620688140454
456,0.9753340184994861,0.8469976696791653
457,0.9738951695786228,0.8476411543304114
458,0.9775950668036999,0.8373468987498229
459,0.9714285714285714,0.8435692078898156
460,0.9738951695786228,0.841843603963352
461,0.9765673175745119,0.8318602245366096
462,0.9734840698869476,0.8375585592662933
463,0.9755395683453237,0.8328429773189548
464,0.9755395683453237,0.8290812304184101
465,0.9732785200411099,0.8311019876020418
466,0.9749229188078109,0.8301393029868664
467,0.9743062692702981,0.8283094659738649
468,0.9743062692702981,0.8246626992754922
469,0.9747173689619733,0.8199351047930468
470,0.9753340184994861,0.8194233644412944
471,0.9726618705035971,0.824712875053547
472,0.9765673175745119,0.8123240244964411
473,0.9780061664953751,0.8110709898640907
474,0.9753340184994861,0.8109567765096721
475,0.9734840698869476,0.8111960073291704
476,0.9784172661870504,0.80463100528423
477,0.9714285714285714,0.8132710193068493
478,0.9765673175745119,0.8052750944478662
479,0.9790339157245632,0.8002292322352881
480,0.9782117163412127,0.7949744339469526
481,0.9745118191161357,0.797726892077298
482,0.9765673175745119,0.7948789922331
483,0.9755395683453237,0.7936293453376315
484,0.9726618705035971,0.7966332413677322
485,0.9755395683453237,0.7960540742202751
486,0.9736896197327852,0.7925275484189958
487,0.9765673175745119,0.7853790363941996
488,0.9753340184994861,0.7835103372263149
489,0.9788283658787256,0.7824040099871244
490,0.9743062692702981,0.7839193273668789
491,0.9749229188078109,0.7809682462590326
492,0.9771839671120247,0.7775900545615209
493,0.9763617677286742,0.7799304038133062
494,0.9780061664953751,0.7726746844975824
495,0.9765673175745119,0.7756156554079987
496,0.9775950668036999,0.7736749336873885
497,0.9724563206577596,0.7745421702300657
498,0.9788283658787256,0.7635434490558667
499,0.9747173689619733,0.7659700752162247
