epoch,categorical_accuracy,loss
0,0.5405960945529291,4.241475212194201
1,0.529907502569373,4.011501613256253
2,0.527235354573484,3.860463520434263
3,0.520863309352518,3.682759155496909
4,0.5280575539568345,3.642882309861688
5,0.5198355601233299,3.590024815017371
6,0.5173689619732785,3.4877135191522424
7,0.5144912641315519,3.478103707309617
8,0.5066803699897225,3.4606957637026277
9,0.513874614594039,3.387925437984094
10,0.5054470709146968,3.334383210885929
11,0.5303186022610483,3.2432527393133275
12,0.5091469681397739,3.23219796315004
13,0.5033915724563207,3.172245245822777
14,0.5136690647482014,3.156336538740199
15,0.5107913669064749,3.1165531259891552
16,0.5231243576567317,3.075779313737295
17,0.5210688591983555,3.0420730333534074
18,0.5060637204522097,3.0733385384511607
19,0.5079136690647482,3.0021635844553116
20,0.5159301130524152,2.9888231802329743
21,0.5153134635149024,2.978942025332632
22,0.5255909558067832,2.9361113024885093
23,0.5186022610483042,2.9166007041931152
24,0.5130524152106886,2.923400521645933
25,0.521891058581706,2.8772168618679537
26,0.5239465570400822,2.870329699584906
27,0.5087358684480987,2.8647419617820495
28,0.5229188078108942,2.852643139046241
29,0.5247687564234327,2.8177272543265177
30,0.5301130524152107,2.7824587287295146
31,0.524563206577595,2.7824467286054055
32,0.5260020554984584,2.7773214536972675
33,0.5186022610483042,2.770690436622957
34,0.5200411099691675,2.7600600117647147
35,0.5294964028776978,2.7484310455459484
36,0.5161356628982529,2.7536904134093674
37,0.5253854059609455,2.7109421710438744
38,0.5157245632065776,2.7202256534474483
39,0.5149023638232272,2.7017510379818703
40,0.5142857142857142,2.7066730064086286
41,0.5327852004110997,2.6751348533218713
42,0.526207605344296,2.677070096144328
43,0.5323741007194245,2.6488445452036373
44,0.5260020554984584,2.664461863273707
45,0.5204522096608427,2.6507154926366696
46,0.5371017471736896,2.6249882201129093
47,0.5122302158273381,2.6473378722983787
48,0.5214799588900308,2.6209313841052313
49,0.5233299075025694,2.609135316013677
50,0.530524152106886,2.60550680895626
51,0.5179856115107914,2.606688708710156
52,0.5257965056526208,2.605478746770955
53,0.523535457348407,2.585426063184748
54,0.5233299075025694,2.585597523780423
55,0.5257965056526208,2.5806626888610356
56,0.5194244604316547,2.5691279933239426
57,0.523535457348407,2.5737203325054017
58,0.523535457348407,2.545858106240707
59,0.5255909558067832,2.556142360651971
60,0.5303186022610483,2.5374371802084004
61,0.5237410071942447,2.5502127326894763
62,0.5317574511819116,2.5288875804775666
63,0.5356628982528263,2.5114929913249315
64,0.5356628982528263,2.5127685909526076
65,0.5301130524152107,2.50389905230727
66,0.5223021582733813,2.5117149452021286
67,0.5350462487153135,2.511364174575257
68,0.5377183967112025,2.4883082342784917
69,0.5405960945529291,2.4815236228343025
70,0.5317574511819116,2.4849046390568734
71,0.5257965056526208,2.4794133635733626
72,0.5371017471736896,2.46628539559775
73,0.5354573484069887,2.4609250277433956
74,0.5344295991778006,2.45938096311085
75,0.5255909558067832,2.4592312337438225
76,0.5371017471736896,2.445714091421521
77,0.5405960945529291,2.4346803269675434
78,0.5418293936279548,2.434562672421964
79,0.5442959917780061,2.428256852531237
80,0.5440904419321686,2.429643130669981
81,0.5428571428571428,2.4187051874515575
82,0.54224049331963,2.4104453868513116
83,0.5527235354573484,2.4036956546975556
84,0.5471736896197328,2.4061571791630243
85,0.5247687564234327,2.414102133989089
86,0.5484069886947585,2.3980568342316677
87,0.5447070914696814,2.3900056052428478
88,0.544912641315519,2.3752859098938237
89,0.5514902363823228,2.369217616509558
90,0.54224049331963,2.3830225218236754
91,0.5525179856115108,2.365706737877041
92,0.5354573484069887,2.3703575190145214
93,0.5445015416238438,2.3624156031064607
94,0.5486125385405961,2.356878060990713
95,0.5525179856115108,2.3469717612369454
96,0.5391572456320658,2.347169456844585
97,0.5486125385405961,2.3364308916897594
98,0.5479958890030833,2.334509587998503
99,0.5479958890030833,2.327920045686038
100,0.5523124357656731,2.3300032879318753
101,0.5508735868448099,2.317250306069667
102,0.5539568345323741,2.310301644314475
103,0.5504624871531346,2.308650189583005
104,0.5691675231243577,2.291090605903382
105,0.5623843782117164,2.294899150303432
106,0.5545734840698869,2.297303438284659
107,0.5630010277492292,2.2839269376854734
108,0.5531346351490236,2.2834973554326967
109,0.5621788283658787,2.2754561032200153
110,0.5492291880781089,2.278639965900292
111,0.5488180883864338,2.268780876921235
112,0.5578622816032888,2.2636979580905674
113,0.5590955806783144,2.258252916698711
114,0.5667009249743062,2.2515770275815785
115,0.5751284686536485,2.242255742797381
116,0.5699897225077081,2.2404297459652343
117,0.5607399794450154,2.235209225628138
118,0.5708119218910586,2.2280152531101427
119,0.5691675231243577,2.2279933426142473
120,0.5593011305241521,2.2232826067756895
121,0.5558067831449126,2.218527045597888
122,0.5623843782117164,2.212012233150949
123,0.5714285714285714,2.2050855447920106
124,0.571634121274409,2.1950193501694963
125,0.5693730729701952,2.1948046845497844
126,0.5648509763617677,2.1936624704382526
127,0.5650565262076054,2.188469960755704
128,0.5683453237410072,2.17848387386914
129,0.5722507708119219,2.179685037158131
130,0.571634121274409,2.1740508997428085
131,0.5751284686536485,2.1619789386212154
132,0.586639260020555,2.15812839780535
133,0.5815005138746145,2.151470189863952
134,0.5738951695786229,2.152757391434657
135,0.5720452209660842,2.1404068939732377
136,0.5773895169578623,2.139161326485817
137,0.5687564234326824,2.136383019248359
138,0.5856115107913669,2.126076806804504
139,0.5907502569373073,2.1243458970845173
140,0.5843782117163412,2.1170206027800353
141,0.5640287769784172,2.1255583200768355
142,0.5868448098663926,2.1112585702878475
143,0.581294964028777,2.104844560334028
144,0.5810894141829394,2.1037423906688946
145,0.5757451181911614,2.0959571243435113
146,0.5773895169578623,2.092546443752983
147,0.5810894141829394,2.0852491480228466
148,0.591983556012333,2.079909491195953
149,0.5860226104830422,2.075630100780499
150,0.5886947584789312,2.0681131620691344
151,0.5792394655704008,2.0699487060829154
152,0.5872559095580678,2.055571125149114
153,0.5860226104830422,2.060704172698959
154,0.5958890030832477,2.0495903568424643
155,0.5895169578622816,2.046534046288752
156,0.5827338129496403,2.041084694004745
157,0.5852004110996917,2.0369736941965852
158,0.5870503597122302,2.0325008581500628
159,0.591983556012333,2.0298778776029645
160,0.5983556012332991,2.019315705588518
161,0.605344295991778,2.011003100688264
162,0.5827338129496403,2.0164256431338474
163,0.587667009249743,2.0127510971547644
164,0.6039054470709146,2.0020959498335866
165,0.5967112024665981,1.997254969968335
166,0.5979445015416238,1.9966691898049946
167,0.6032887975334018,1.9853809952123314
168,0.5882836587872559,1.9876582432381296
169,0.5979445015416238,1.9827506626007614
170,0.590955806783145,1.9780114355704768
171,0.6018499486125385,1.969911112667723
172,0.598972250770812,1.9693303378243363
173,0.591983556012333,1.9626691606527487
174,0.6090441932168551,1.9570428227104117
175,0.5991778006166495,1.9568349382982715
176,0.6145940390544707,1.9483468641602613
177,0.6147995889003083,1.9478232581225843
178,0.5971223021582733,1.941564037179898
179,0.6071942446043166,1.939883378230778
180,0.610688591983556,1.927625780213406
181,0.6047276464542651,1.9306737838031576
182,0.6071942446043166,1.9187373352197803
183,0.5995889003083248,1.9219836175748035
184,0.6002055498458376,1.913404612869545
185,0.6152106885919836,1.9083375250570331
186,0.6164439876670093,1.9039503219316332
187,0.6008221993833505,1.9046056555574502
188,0.6004110996916753,1.8976759678045745
189,0.6076053442959918,1.8969037984159967
190,0.6012332990750257,1.8905626832397477
191,0.6088386433710175,1.8855792113712855
192,0.6176772867420349,1.8804388707367758
193,0.6145940390544707,1.8743815079009791
194,0.6014388489208633,1.876843883420311
195,0.6123329907502569,1.8665437229368205
196,0.6178828365878726,1.8573982327962093
197,0.6195272353545734,1.856927685894432
198,0.6137718396711203,1.8578801683384738
199,0.6129496402877698,1.8518531790740198
200,0.6263103802672148,1.841189612759103
201,0.6170606372045221,1.8387010267557613
202,0.6279547790339157,1.835725686214443
203,0.6203494347379239,1.8320122917779058
204,0.6160328879753341,1.828491145096727
205,0.6246659815005139,1.8241842995934716
206,0.6219938335046249,1.8152335233580539
207,0.6230215827338129,1.810512392395937
208,0.6211716341212744,1.809517453949351
209,0.6285714285714286,1.802744764365248
210,0.6248715313463515,1.8041816365682086
211,0.6203494347379239,1.7978688777656986
212,0.6287769784172662,1.7942924300543697
213,0.6145940390544707,1.793829684340819
214,0.6219938335046249,1.7883119357453099
215,0.6254881808838644,1.7852733236422642
216,0.6306269270298047,1.7769491376269146
217,0.6226104830421377,1.7785090419028302
218,0.6254881808838644,1.7729514274175708
219,0.6232271325796506,1.7659505592710802
220,0.6308324768756424,1.7622954664592998
221,0.6283658787255909,1.7580167469483363
222,0.624049331963001,1.753808453051184
223,0.6302158273381295,1.7529971954878898
224,0.6291880781089414,1.7443311271295028
225,0.624049331963001,1.7465733164505992
226,0.6330935251798561,1.7400949757978825
227,0.6367934224049332,1.7385191581232085
228,0.6269270298047277,1.7342177332488997
229,0.6396711202466598,1.7267491461439222
230,0.6312435765673176,1.7234200958847876
231,0.6378211716341212,1.7188253683274477
232,0.6335046248715314,1.715173489608843
233,0.6398766700924974,1.7115660970037054
234,0.6322713257965057,1.7073013826607433
235,0.6378211716341212,1.705129844556732
236,0.6341212744090442,1.7027265001543992
237,0.6431654676258993,1.701348675583764
238,0.6435765673175745,1.6936793630439233
239,0.6328879753340185,1.6966118838044624
240,0.6341212744090442,1.6904855926627367
241,0.634737923946557,1.688118755609134
242,0.6474820143884892,1.6765544037412152
243,0.6316546762589929,1.682564431569804
244,0.6415210688591984,1.6719720533180824
245,0.640082219938335,1.6768402905037811
246,0.6316546762589929,1.6689090600606717
247,0.6429599177800617,1.6611700862186662
248,0.6474820143884892,1.6551213074808622
249,0.6396711202466598,1.657029957442955
250,0.6328879753340185,1.6582670259328687
251,0.6367934224049332,1.6562286728577649
252,0.6361767728674204,1.6482476876916523
253,0.65344295991778,1.639742035684458
254,0.640082219938335,1.6402083410878587
255,0.6402877697841727,1.6344651137202029
256,0.655087358684481,1.633071097563129
257,0.6538540596094553,1.6289472608870128
258,0.6532374100719425,1.6216917384442666
259,0.644398766700925,1.62581452504949
260,0.6423432682425488,1.6209410342748707
261,0.649743062692703,1.6154387058236495
262,0.651387461459404,1.6110319330170368
263,0.6522096608427543,1.6073409238062561
264,0.6499486125385406,1.6074682718190725
265,0.6398766700924974,1.6068067844455558
266,0.649743062692703,1.5943126733354527
267,0.6489208633093525,1.5984670352837778
268,0.6487153134635149,1.5925533372843743
269,0.6439876670092497,1.593316686998781
270,0.6517985611510791,1.5876503721660602
271,0.6561151079136691,1.5769286895459873
272,0.6536485097636177,1.5752072060095934
273,0.6439876670092497,1.5829785247010784
274,0.6589928057553956,1.5712195097726271
275,0.6548818088386433,1.5711028725123235
276,0.6591983556012333,1.5662444110764506
277,0.6575539568345323,1.5626245064456072
278,0.660431654676259,1.5581979133119808
279,0.6548818088386433,1.5652616287919503
280,0.65775950668037,1.5514842670720994
281,0.6596094552929085,1.552483567329007
282,0.6503597122302158,1.5498446325113937
283,0.6614594039054471,1.5442577520597875
284,0.6602261048304213,1.54487236575257
285,0.6565262076053443,1.5377638554891604
286,0.6503597122302158,1.5432682407600662
287,0.6608427543679343,1.5371436072032965
288,0.6637204522096608,1.5310077889237594
289,0.6571428571428571,1.5255761147280513
290,0.6700924974306269,1.5188014398253344
291,0.6649537512846866,1.518745354292694
292,0.6649537512846866,1.5182192248161135
293,0.6610483042137718,1.514937592238831
294,0.6552929085303186,1.5158192048705004
295,0.663103802672148,1.506300001178714
296,0.663103802672148,1.5073197449589069
297,0.6587872559095581,1.4993127803273216
298,0.668448098663926,1.4952964881218718
299,0.6707091469681398,1.4991258466108974
300,0.665775950668037,1.4906076188935282
301,0.6653648509763618,1.4956474016038634
302,0.6614594039054471,1.49141365089985
303,0.6727646454265159,1.4853567204519509
304,0.6723535457348407,1.4781713340412308
305,0.6729701952723536,1.482954456921349
306,0.6725590955806783,1.4794037497913481
307,0.6805755395683454,1.4670565781833456
308,0.6678314491264131,1.4730625153322994
309,0.6696813977389517,1.4693929712181837
310,0.6742034943473793,1.4642707262597863
311,0.6668036998972251,1.465984983409909
312,0.6748201438848921,1.4608159255638398
313,0.6744090441932169,1.4529055288859776
314,0.6746145940390544,1.4501457571615786
315,0.6805755395683454,1.4473906447684042
316,0.6762589928057554,1.4505053705938795
317,0.6824254881808839,1.441530492494432
318,0.6698869475847893,1.4460129646456132
319,0.6717368961973279,1.4435826659080058
320,0.6750256937307297,1.4381307395119585
321,0.6729701952723536,1.4282547003686243
322,0.6885919835560124,1.4267158069443973
323,0.6725590955806783,1.4328281515303765
324,0.6709146968139774,1.4314174073328094
325,0.6737923946557041,1.421416950495368
326,0.6713257965056526,1.4259896405309225
327,0.6762589928057554,1.42002451978509
328,0.6822199383350462,1.41634024299551
329,0.6816032887975334,1.4121092516986342
330,0.6746145940390544,1.4129010965743265
331,0.6760534429599178,1.4097464533528468
332,0.6783144912641316,1.4098113162667019
333,0.6799588900308324,1.4037461744918118
334,0.6774922918807811,1.4043550261490636
335,0.6776978417266187,1.4025718526751998
336,0.6795477903391572,1.3993804690036598
337,0.6797533401849949,1.3960700265917725
338,0.6809866392600206,1.3935758530664788
339,0.6754367934224049,1.3905599921727352
340,0.6922918807810894,1.38444550583811
341,0.6877697841726619,1.3785229686107812
342,0.681808838643371,1.3844521546780388
343,0.6902363823227132,1.372478761555357
344,0.6892086330935252,1.374805579327606
345,0.697841726618705,1.3680505023585807
346,0.6853031860226105,1.3750841582299258
347,0.687153134635149,1.3733282463401097
348,0.6803699897225077,1.3721724081137443
349,0.689825282631038,1.3645684836702259
350,0.6873586844809867,1.3584220650997338
351,0.6867420349434737,1.361393266297563
352,0.6873586844809867,1.3602448773408597
353,0.6865364850976362,1.3579567121209735
354,0.7009249743062693,1.348611359740823
355,0.6894141829393627,1.3518604849984932
356,0.6892086330935252,1.3502338583153297
357,0.6873586844809867,1.3449957293082118
358,0.6980472764645427,1.3432434840168026
359,0.6990750256937307,1.3388577509024406
360,0.7011305241521069,1.3347074999961186
361,0.6906474820143885,1.3357839334537902
362,0.6920863309352518,1.334821277042087
363,0.6931140801644399,1.332609059509246
364,0.6970195272353545,1.3350404836658583
365,0.6883864337101747,1.3338445679134356
366,0.6998972250770812,1.32395165674733
367,0.6966084275436794,1.321783207009287
368,0.6986639260020555,1.3211350246421603
369,0.6986639260020555,1.3140290906225913
370,0.7079136690647482,1.3106007667141608
371,0.6957862281603289,1.3139658102886282
372,0.6896197327852004,1.3172269893942241
373,0.6939362795477904,1.3138231133140494
374,0.7044193216855087,1.3072055202103838
375,0.7007194244604317,1.3050062388334833
376,0.6980472764645427,1.3005449842451042
377,0.695169578622816,1.3054719957638865
378,0.6996916752312435,1.2984916424824793
379,0.7056526207605345,1.2990266071194123
380,0.7019527235354573,1.2961425073100263
381,0.7103802672147996,1.288672057354683
382,0.6990750256937307,1.2933326550157318
383,0.6996916752312435,1.287446262657581
384,0.6953751284686537,1.2875568135056688
385,0.7114080164439877,1.2771160720921249
386,0.6947584789311408,1.285692376933632
387,0.7044193216855087,1.2826247118972434
388,0.7042137718396712,1.279990584656734
389,0.708530318602261,1.27669550804048
390,0.6984583761562179,1.2770542503505915
391,0.6916752312435765,1.2802388436012622
392,0.7064748201438849,1.2675497067060402
393,0.7007194244604317,1.2680989875700344
394,0.7089414182939363,1.2612181710927362
395,0.7081192189105858,1.2692669487685608
396,0.7054470709146968,1.262937416863711
397,0.7052415210688592,1.2627368704755653
398,0.7109969167523125,1.2601361759642535
399,0.7052415210688592,1.257457157519224
400,0.7132579650565262,1.2462850442770697
401,0.7095580678314491,1.2500987837517985
402,0.7091469681397738,1.249850236401651
403,0.7033915724563207,1.2533606214611528
404,0.7029804727646455,1.2503956357107133
405,0.7042137718396712,1.2524359193637216
406,0.7212744090441933,1.2411010716948945
407,0.7183967112024666,1.2436581555765431
408,0.7173689619732785,1.2360435427766665
409,0.7126413155190133,1.2307430726773692
410,0.7095580678314491,1.2395205238495186
411,0.7109969167523125,1.2341521198678482
412,0.7165467625899281,1.2298834208471803
413,0.720863309352518,1.2319360281923692
414,0.7196300102774923,1.2206130706761626
415,0.7149023638232271,1.2297439022397456
416,0.7169578622816033,1.2210710034953605
417,0.7087358684480987,1.2222301392981596
418,0.7157245632065776,1.2205108182280797
419,0.7169578622816033,1.220725447986991
420,0.7142857142857143,1.2144625789827581
421,0.723535457348407,1.2116939523114698
422,0.7255909558067831,1.203780623918202
423,0.714491264131552,1.2144854229498743
424,0.7253854059609456,1.20370002476554
425,0.720863309352518,1.205941204127893
426,0.718191161356629,1.2049324833599415
427,0.7192189105858171,1.2046311439492596
428,0.7196300102774923,1.1978216235708725
429,0.713874614594039,1.199720768546274
430,0.7214799588900308,1.1963426299354891
431,0.7204522096608428,1.1998265273156905
432,0.7245632065775951,1.1875820496099458
433,0.7297019527235354,1.1936263725789453
434,0.7212744090441933,1.1965230425974815
435,0.7177800616649538,1.1897820225109912
436,0.7229188078108941,1.1851694631552034
437,0.7134635149023638,1.189514880876257
438,0.7245632065775951,1.181652541959396
439,0.7301130524152107,1.1799665375089106
440,0.7305241521068859,1.1795500325519526
441,0.7227132579650565,1.1756504154278833
442,0.7282631038026721,1.1753033619867934
443,0.7177800616649538,1.1737391605651637
444,0.7276464542651593,1.1688966558256473
445,0.7286742034943474,1.1707920081078822
446,0.7270298047276464,1.1681064202876155
447,0.7348406988694759,1.163916119054067
448,0.7183967112024666,1.1714692023160647
449,0.7251798561151079,1.1649279069067395
450,0.7294964028776978,1.1609845829892134
451,0.7303186022610483,1.1620052419365494
452,0.7297019527235354,1.1620010831985788
453,0.7229188078108941,1.1608265276435468
454,0.7325796505652621,1.1612866992940638
455,0.7364850976361768,1.1534079515676705
456,0.7420349434737924,1.1508176385559992
457,0.7268242548818088,1.154286625255416
458,0.7280575539568346,1.152189702904359
459,0.7375128468653649,1.1428228711542834
460,0.7321685508735869,1.1478364774649092
461,0.7350462487153134,1.1428968011536553
462,0.7309352517985611,1.1416578842704121
463,0.7354573484069887,1.144253035402739
464,0.7272353545734841,1.1378893003556858
465,0.7344295991778006,1.1348419118148083
466,0.7408016443987667,1.1309739079161758
467,0.7414182939362796,1.1286002536716833
468,0.7327852004110997,1.135289964205437
469,0.7383350462487153,1.1283915953792991
470,0.7307297019527236,1.1342301462316562
471,0.736896197327852,1.1317998752932141
472,0.7377183967112024,1.1281256332916934
473,0.7434737923946557,1.1247228213718958
474,0.7379239465570401,1.1225002378255955
475,0.7311408016443988,1.12737919679036
476,0.7412127440904419,1.1251739345376073
477,0.7383350462487153,1.1160357144239137
478,0.7387461459403906,1.1144524313318032
479,0.7405960945529291,1.1180580850862893
480,0.7399794450154162,1.1131824086405882
481,0.7350462487153134,1.1134384925171872
482,0.7459403905447071,1.1119033847168809
483,0.7408016443987667,1.1139027286776535
484,0.7350462487153134,1.1147923495027046
485,0.7405960945529291,1.110606386899213
486,0.7432682425488181,1.1056507685446666
487,0.7418293936279547,1.1026319857859048
488,0.7461459403905447,1.098649944724919
489,0.7451181911613566,1.1061893190901424
490,0.7445015416238437,1.105298681286109
491,0.7459403905447071,1.101594276344911
492,0.7486125385405961,1.0935522300733937
493,0.7430626927029804,1.092720506541653
494,0.7486125385405961,1.0936678550226224
495,0.7500513874614594,1.091749929573161
496,0.7521068859198355,1.0882134111175066
497,0.7492291880781089,1.0890544149392922
498,0.7537512846865365,1.0892375166835178
499,0.7440904419321686,1.0863496919820144
