epoch,categorical_accuracy,loss
0,0.4842754367934224,3.560691418505646
1,0.4842754367934224,3.440129038192263
2,0.4916752312435766,3.377793084190659
3,0.4949640287769784,3.3105536756878156
4,0.49804727646454267,3.206898901077851
5,0.5040082219938335,3.126241016632974
6,0.49126413155190135,3.115209383881227
7,0.5007194244604316,3.061120249115061
8,0.48180883864337104,3.019506148076621
9,0.4972250770811922,2.9226651994934554
10,0.5003083247687564,2.9179019733911185
11,0.5091469681397739,2.851889243669892
12,0.5093525179856115,2.827291207151815
13,0.5027749229188078,2.7950629108856297
14,0.5136690647482014,2.7541187868088883
15,0.5146968139773895,2.7069928590709846
16,0.5077081192189106,2.658038492928061
17,0.5052415210688592,2.6563840633306084
18,0.5064748201438849,2.635055205510797
19,0.5017471736896197,2.6251590158319424
20,0.5107913669064749,2.579734493061548
21,0.5239465570400822,2.5314567079034394
22,0.51551901336074,2.5055551841839736
23,0.4996916752312436,2.506685045591239
24,0.5132579650565262,2.493221495403905
25,0.5068859198355601,2.4665166509849805
26,0.5060637204522097,2.4343612850018665
27,0.513874614594039,2.428966110460805
28,0.5126413155190134,2.4057751470332525
29,0.510174717368962,2.4041523686415855
30,0.5116135662898252,2.3880176666706707
31,0.5091469681397739,2.3894046002277243
32,0.5270298047276465,2.35023791537623
33,0.5144912641315519,2.34132972212024
34,0.5177800616649537,2.312804019463393
35,0.5163412127440904,2.3265421726720796
36,0.5204522096608427,2.277176129144118
37,0.5120246659815005,2.287256135871942
38,0.5175745118191162,2.2771668683588198
39,0.49907502569373074,2.2997089240680864
40,0.5251798561151079,2.258551672673789
41,0.527235354573484,2.24106420206264
42,0.513874614594039,2.2449862143976227
43,0.5153134635149024,2.2476333860503193
44,0.5253854059609455,2.2233436099549357
45,0.5274409044193217,2.1912482456705185
46,0.5175745118191162,2.210205699336492
47,0.5214799588900308,2.191980651765296
48,0.5223021582733813,2.1791560174504876
49,0.5179856115107914,2.172707843535483
50,0.5151079136690647,2.18506078827908
51,0.5188078108941419,2.1664637271081313
52,0.5149023638232272,2.1731617182646357
53,0.5040082219938335,2.1766300300654993
54,0.5126413155190134,2.142480254442817
55,0.521891058581706,2.128963849429359
56,0.5151079136690647,2.1442454997951668
57,0.527235354573484,2.1216541148653256
58,0.5241521068859198,2.1186615021108723
59,0.5126413155190134,2.1277239651008597
60,0.5247687564234327,2.104697446685901
61,0.529907502569373,2.0947469154830336
62,0.5103802672147996,2.1048756851076713
63,0.5292908530318602,2.0854091652128215
64,0.5276464542651593,2.0749603993846115
65,0.5344295991778006,2.0824073316136955
66,0.5286742034943474,2.0625502447185142
67,0.5280575539568345,2.064888409132335
68,0.5060637204522097,2.0792195280433803
69,0.5216855087358685,2.071302861814509
70,0.5220966084275437,2.0690100759053403
71,0.5227132579650565,2.0553779288896674
72,0.5214799588900308,2.043948858541428
73,0.5274409044193217,2.0476520164407415
74,0.5266187050359712,2.0400440686040646
75,0.5237410071942447,2.041030138002025
76,0.5255909558067832,2.0264630984671927
77,0.526207605344296,2.0290045601981026
78,0.527235354573484,2.0229318307580586
79,0.5144912641315519,2.0239664030222095
80,0.5321685508735868,2.017383076426672
81,0.5260020554984584,2.0185230248265986
82,0.5210688591983555,2.0052648433555924
83,0.5340184994861253,2.0030128540262533
84,0.526207605344296,2.0073902062497426
85,0.5194244604316547,2.0025787074176282
86,0.5356628982528263,1.9853138877088463
87,0.5276464542651593,1.9875686552149663
88,0.5270298047276465,1.9811551412109971
89,0.5198355601233299,1.9897473798871408
90,0.526207605344296,1.9766260717044999
91,0.519218910585817,1.9762075991939299
92,0.5344295991778006,1.9718767916433368
93,0.5274409044193217,1.9668528495565103
94,0.5286742034943474,1.96618797521797
95,0.5338129496402878,1.961075372882149
96,0.5338129496402878,1.9502507608694015
97,0.5225077081192189,1.9603228842489275
98,0.5313463514902363,1.9518986740190716
99,0.5290853031860226,1.949979963846589
100,0.5237410071942447,1.9435642163040459
101,0.5175745118191162,1.9448260053456259
102,0.535868448098664,1.9378889683706788
103,0.5494347379239466,1.916319026829405
104,0.528879753340185,1.9292244095718996
105,0.5420349434737924,1.9151873991398747
106,0.54224049331963,1.9122043399379531
107,0.5325796505652621,1.9196300308113843
108,0.5393627954779034,1.9161794218473052
109,0.5251798561151079,1.916296245260327
110,0.531551901336074,1.9107489042144885
111,0.5379239465570401,1.907060729023854
112,0.5375128468653648,1.9015987075245024
113,0.5420349434737924,1.901004341719452
114,0.5352517985611511,1.8934232423631407
115,0.5383350462487153,1.8918813014447016
116,0.5364850976361768,1.8885280853675301
117,0.5405960945529291,1.8896803002195761
118,0.5428571428571428,1.8864622847026813
119,0.5354573484069887,1.880662014011489
120,0.5387461459403905,1.8751971632456608
121,0.5286742034943474,1.8825534523819847
122,0.5336073997944502,1.8772471216452697
123,0.5496402877697841,1.86798774198785
124,0.5393627954779034,1.8672544706272074
125,0.539568345323741,1.86111835051416
126,0.5350462487153135,1.8599307276852206
127,0.536896197327852,1.8515125676759836
128,0.5297019527235355,1.8626642920130447
129,0.5399794450154163,1.8530636498028794
130,0.5389516957862281,1.8515918908359335
131,0.5467625899280576,1.8448336058260848
132,0.5418293936279548,1.83963049421085
133,0.5366906474820143,1.837939735478267
134,0.5451181911613566,1.8330448056541513
135,0.5492291880781089,1.8315516228543525
136,0.5514902363823228,1.8265839608085608
137,0.5504624871531346,1.8195946544439427
138,0.5486125385405961,1.827348738633104
139,0.5356628982528263,1.820215907885874
140,0.5403905447070915,1.8231831814010244
141,0.5473792394655704,1.8137245474224346
142,0.5467625899280576,1.8111156347231654
143,0.5519013360739979,1.806978978821577
144,0.5683453237410072,1.7924529493651433
145,0.54655704008222,1.8017586690426364
146,0.547584789311408,1.7938896971640828
147,0.5558067831449126,1.7965356039976412
148,0.5494347379239466,1.788567899800033
149,0.5490236382322713,1.7881261472956862
150,0.5387461459403905,1.793219011023503
151,0.544912641315519,1.7861317015380311
152,0.5496402877697841,1.7810426990150303
153,0.5436793422404933,1.7805944350861083
154,0.5595066803699897,1.7713793992751181
155,0.5529290853031861,1.7705199702303065
156,0.5568345323741007,1.7693017223511056
157,0.5545734840698869,1.7641238180975998
158,0.5572456320657759,1.7626272880283682
159,0.5590955806783144,1.7577125661787247
160,0.5613566289825282,1.7517776110924528
161,0.5558067831449126,1.7514544212560859
162,0.5611510791366906,1.748227955993621
163,0.5547790339157246,1.7489675511314102
164,0.5519013360739979,1.7416942316116066
165,0.5523124357656731,1.7415443182236612
166,0.5527235354573484,1.7363849971669305
167,0.5669064748201439,1.7298189806178565
168,0.5695786228160329,1.7284203081434824
169,0.5590955806783144,1.7297986044300546
170,0.5609455292908531,1.7237160144092367
171,0.5642343268242549,1.721023509950824
172,0.5568345323741007,1.7171472185317194
173,0.5640287769784172,1.7140704492625818
174,0.5568345323741007,1.7136361730061969
175,0.5683453237410072,1.7046339054391906
176,0.5564234326824254,1.7095728015115548
177,0.5654676258992806,1.7040085518102852
178,0.5605344295991778,1.700715257158505
179,0.5613566289825282,1.7014859461955887
180,0.5549845837615622,1.7012170887189435
181,0.5634121274409044,1.6929381496002103
182,0.5679342240493319,1.6923558084717267
183,0.5652620760534429,1.685494341340609
184,0.5667009249743062,1.6838187830543714
185,0.5541623843782117,1.6877059750787278
186,0.5584789311408016,1.6843413254462436
187,0.5619732785200411,1.6739960935843567
188,0.5599177800616649,1.6756418401633848
189,0.5632065775950668,1.6741296198728273
190,0.5632065775950668,1.6700399491426756
191,0.575950668036999,1.660992661630017
192,0.5646454265159301,1.6667022418387747
193,0.5669064748201439,1.6600673113427942
194,0.5630010277492292,1.6576035004112972
195,0.5597122302158274,1.6536460281030982
196,0.5664953751284687,1.654467533622224
197,0.571634121274409,1.6491784099684712
198,0.5697841726618705,1.6439379707269777
199,0.5712230215827339,1.6446449251361153
200,0.5730729701952724,1.6398554109228356
201,0.5701952723535457,1.6364511535934652
202,0.5724563206577595,1.6339010983552373
203,0.5691675231243577,1.6324046252565296
204,0.5722507708119219,1.6270274962820228
205,0.5627954779033916,1.6332365101434956
206,0.5699897225077081,1.6255268434091315
207,0.5726618705035971,1.6177263677181468
208,0.5734840698869476,1.6162848177083595
209,0.5704008221993834,1.6178967639084099
210,0.5664953751284687,1.6118276743825146
211,0.5745118191161357,1.6125467774311784
212,0.5724563206577595,1.6081747412068994
213,0.5808838643371017,1.6019462900073531
214,0.5802672147995889,1.6012230494774626
215,0.5664953751284687,1.598091071311151
216,0.582322713257965,1.5951684291659254
217,0.5771839671120247,1.5920573064014085
218,0.5782117163412127,1.5935820209036629
219,0.5701952723535457,1.593638111974083
220,0.5763617677286742,1.5847280941666213
221,0.5724563206577595,1.5795131899470047
222,0.57327852004111,1.5824305981060707
223,0.582322713257965,1.5746287169216349
224,0.5827338129496403,1.5721728156306394
225,0.5753340184994862,1.5721280741422052
226,0.5852004110996917,1.566805911015141
227,0.5926002055498458,1.5643170878673998
228,0.5790339157245632,1.5640059435355333
229,0.5788283658787255,1.5653432806863814
230,0.583967112024666,1.5585683576127118
231,0.5815005138746145,1.5532664043930304
232,0.5757451181911614,1.550492170829812
233,0.5767728674203494,1.5489563180878376
234,0.5858170606372045,1.546266188381387
235,0.5845837615621788,1.5435817623187436
236,0.5864337101747173,1.5400735327298203
237,0.5831449126413155,1.5392044533193419
238,0.5831449126413155,1.53612963430438
239,0.5722507708119219,1.5369608745300511
240,0.5915724563206578,1.5324929341750424
241,0.5841726618705037,1.5284135166199577
242,0.5954779033915725,1.523286866945696
243,0.5905447070914697,1.524066057112087
244,0.5736896197327852,1.5256663405760464
245,0.5911613566289825,1.517027260343193
246,0.5806783144912642,1.5235740345526574
247,0.5977389516957863,1.5128251609429795
248,0.5901336073997945,1.5128090119680422
249,0.5897225077081192,1.5082089324894323
250,0.5899280575539568,1.509133635812036
251,0.589311408016444,1.5073605301446318
252,0.5891058581706063,1.5002557476157397
253,0.582322713257965,1.5037945075980927
254,0.6045220966084276,1.4936608587482605
255,0.593011305241521,1.4913642169025183
256,0.586639260020555,1.493564272907018
257,0.5971223021582733,1.4898761097230744
258,0.5917780061664953,1.4859748901835694
259,0.5993833504624871,1.4832539614523548
260,0.6,1.4798732847986094
261,0.601644398766701,1.4826105254037039
262,0.598972250770812,1.4762868001061622
263,0.5923946557040082,1.4779983708694318
264,0.5956834532374101,1.4754205200434467
265,0.5967112024665981,1.4720576501946288
266,0.597327852004111,1.4710223372891653
267,0.5917780061664953,1.471326064916456
268,0.5926002055498458,1.4638362232484652
269,0.5932168550873587,1.4654414815500854
270,0.605344295991778,1.457350447121529
271,0.594655704008222,1.460611447033387
272,0.6006166495375128,1.4591865732392941
273,0.6108941418293936,1.4492262189949403
274,0.5993833504624871,1.4509390464422025
275,0.6022610483042138,1.4464025876259878
276,0.6051387461459404,1.447392150088915
277,0.605344295991778,1.441268969219243
278,0.6057553956834533,1.4403096653329628
279,0.5965056526207605,1.4396301078159297
280,0.5952723535457348,1.440135588552822
281,0.5932168550873587,1.4347354695338752
282,0.60431654676259,1.4307988953614896
283,0.5967112024665981,1.4345528503116087
284,0.605344295991778,1.4268071384126089
285,0.6045220966084276,1.4213902787093882
286,0.6057553956834533,1.4192223147032563
287,0.5997944501541624,1.4214318827269379
288,0.6028776978417266,1.4215656348392138
289,0.597327852004111,1.4170346452422893
290,0.5985611510791367,1.4149163630613932
291,0.6022610483042138,1.4155131447351972
292,0.602672147995889,1.4131910835728738
293,0.6086330935251798,1.406116723793751
294,0.5942446043165468,1.4054663152880928
295,0.6010277492291881,1.4050461995760926
296,0.605344295991778,1.4026324875675762
297,0.6082219938335046,1.3981080569564255
298,0.5991778006166495,1.3946931124958692
299,0.5979445015416238,1.396785701460608
300,0.6028776978417266,1.3919754994981457
301,0.6067831449126413,1.390637169442956
302,0.6102774922918808,1.3844348157420066
303,0.601644398766701,1.385890614435092
304,0.6104830421377184,1.3805824725257898
305,0.610688591983556,1.3785899163395137
306,0.6063720452209661,1.3783662665417113
307,0.6108941418293936,1.3779933825793762
308,0.6071942446043166,1.3715337918939228
309,0.6121274409044193,1.3690303090910014
310,0.6078108941418294,1.3705036525001015
311,0.6119218910585817,1.3661862526743656
312,0.6121274409044193,1.3657547021083694
313,0.6032887975334018,1.36310943322216
314,0.6028776978417266,1.3650044427746246
315,0.6187050359712231,1.3632686120265556
316,0.6055498458376156,1.3590224870797418
317,0.6172661870503597,1.353876194311928
318,0.6250770811921891,1.3480851965597453
319,0.6092497430626928,1.350382432369142
320,0.6041109969167523,1.3509244744113635
321,0.6036998972250771,1.344492190298294
322,0.593011305241521,1.3487882173318657
323,0.6162384378211716,1.3434128098228117
324,0.6123329907502569,1.3380972551294859
325,0.6059609455292908,1.341347658670941
326,0.6123329907502569,1.3351036918616614
327,0.6104830421377184,1.333178142261407
328,0.6197327852004111,1.330485416353055
329,0.6113052415210689,1.3302434503970877
330,0.6135662898252826,1.3323740916286442
331,0.608016443987667,1.3247261798394057
332,0.6201438848920864,1.3203447711185954
333,0.6174717368961973,1.321621361016492
334,0.6055498458376156,1.3187959337896091
335,0.6127440904419321,1.3174391441698066
336,0.6135662898252826,1.3133979943158816
337,0.6084275436793423,1.3142500890612234
338,0.6201438848920864,1.3138230491885179
339,0.6189105858170606,1.3125340794487823
340,0.6147995889003083,1.3037593023382503
341,0.6160328879753341,1.3071092163303528
342,0.5995889003083248,1.307962529387283
343,0.6133607399794451,1.305519151026029
344,0.6131551901336074,1.3035814975295503
345,0.6242548818088386,1.3008382271152117
346,0.6071942446043166,1.2978821212194194
347,0.6141829393627954,1.2968480614204445
348,0.6092497430626928,1.2950683205615334
349,0.6219938335046249,1.2894715239063197
350,0.6207605344295992,1.285398397979854
351,0.6304213771839671,1.2862721191035758
352,0.6160328879753341,1.285349991387723
353,0.6205549845837616,1.2829733973049309
354,0.6180883864337102,1.2810987186088836
355,0.6152106885919836,1.2802155381483997
356,0.6187050359712231,1.280280124908361
357,0.6209660842754368,1.2770731127641919
358,0.6123329907502569,1.276179802111462
359,0.6221993833504625,1.27135512297102
360,0.6108941418293936,1.2709016424288853
361,0.6224049331963001,1.2662344714965508
362,0.6248715313463515,1.2654118527856417
363,0.6217882836587872,1.2639867453511426
364,0.6219938335046249,1.264464505333817
365,0.6242548818088386,1.2591671967677933
366,0.6256937307297019,1.2584197863155377
367,0.6156217882836588,1.2593654509561034
368,0.6154162384378211,1.2616518993416892
369,0.6127440904419321,1.2590125613197884
370,0.6182939362795478,1.2544225489860448
371,0.6156217882836588,1.2487816947582202
372,0.6261048304213772,1.250730125987395
373,0.6213771839671121,1.2495567927747688
374,0.6283658787255909,1.2465346799234938
375,0.6314491264131552,1.242131130227327
376,0.6115107913669064,1.2458129495412937
377,0.6230215827338129,1.2437242433689113
378,0.6187050359712231,1.241171653934765
379,0.6205549845837616,1.2383568566725163
380,0.6193216855087359,1.2397755172980407
381,0.6250770811921891,1.2370141749024268
382,0.6234326824254882,1.2352084219639494
383,0.6115107913669064,1.2360920679655008
384,0.6166495375128469,1.2326893573674733
385,0.6168550873586844,1.2283795184736261
386,0.6332990750256937,1.2227340246276033
387,0.6215827338129496,1.2250424637578865
388,0.6174717368961973,1.2265544029080977
389,0.6372045220966084,1.2181998258504445
390,0.6277492291880781,1.2207714159956693
391,0.6143884892086331,1.2224888896403063
392,0.629393627954779,1.2171098767669692
393,0.6232271325796506,1.2173281707842083
394,0.6232271325796506,1.2127685801220822
395,0.6207605344295992,1.2147281892743165
396,0.6353545734840699,1.2092305365471285
397,0.6275436793422405,1.2086401526753974
398,0.6256937307297019,1.208140163578453
399,0.6281603288797534,1.206301437252472
400,0.6310380267214799,1.202695559842736
401,0.6291880781089414,1.2039984324240611
402,0.6277492291880781,1.2017452199927092
403,0.6324768756423432,1.1990581801101825
404,0.6265159301130524,1.1992905619210599
405,0.6246659815005139,1.1940513749529378
406,0.6238437821171634,1.1990981215685759
407,0.6271325796505652,1.1971331361386415
408,0.6271325796505652,1.1950243047673068
409,0.6298047276464542,1.194228923112491
410,0.6300102774922919,1.1888069420409717
411,0.62672147995889,1.1902068144983524
412,0.6365878725590955,1.1851563505131564
413,0.6285714285714286,1.18889806473978
414,0.6199383350462487,1.185502791184193
415,0.6271325796505652,1.185781604854078
416,0.639054470709147,1.1757728436990484
417,0.6213771839671121,1.1809253314293668
418,0.6326824254881809,1.1786634869590202
419,0.6349434737923947,1.1728899197612734
420,0.6359712230215827,1.1732019714069268
421,0.6269270298047277,1.1753837334288846
422,0.6265159301130524,1.1710140319179287
423,0.6279547790339157,1.1697955682123307
424,0.6244604316546762,1.173171799866538
425,0.6369989722507708,1.1669761878490938
426,0.6310380267214799,1.1663177941587943
427,0.6300102774922919,1.167459591172582
428,0.6285714285714286,1.16617467638645
429,0.6248715313463515,1.1636879082206342
430,0.6332990750256937,1.1609060692272597
431,0.6328879753340185,1.155515893855786
432,0.6285714285714286,1.1576279951391584
433,0.62672147995889,1.1595926425439849
434,0.6396711202466598,1.1541199520705048
435,0.6273381294964029,1.1575094304863986
436,0.634737923946557,1.1515096991059715
437,0.6285714285714286,1.1502499447574597
438,0.6258992805755396,1.1517044306536495
439,0.6275436793422405,1.1508302344815213
440,0.6351490236382322,1.1462705038311793
441,0.6372045220966084,1.148047222336419
442,0.6392600205549845,1.141888723870833
443,0.6409044193216855,1.1434714352239195
444,0.6355601233299075,1.1451790077713264
445,0.6359712230215827,1.1441658138126165
446,0.6302158273381295,1.1394726653628335
447,0.6326824254881809,1.1359457363695182
448,0.6355601233299075,1.1374397936239762
449,0.6310380267214799,1.140568953476854
450,0.6423432682425488,1.1363421766265445
451,0.6345323741007194,1.1379661865861663
452,0.6367934224049332,1.1359143738143858
453,0.6291880781089414,1.1312728499337066
454,0.6283658787255909,1.1332289439433647
455,0.6448098663926002,1.124116404622579
456,0.6312435765673176,1.1250482912788902
457,0.6332990750256937,1.1264341353635015
458,0.6423432682425488,1.1220212665393199
459,0.6421377183967112,1.1200464012443958
460,0.6404933196300103,1.1195813938133028
461,0.6409044193216855,1.119967173917443
462,0.6318602261048304,1.1222718127584899
463,0.644398766700925,1.120955248984134
464,0.6351490236382322,1.1175977488828466
465,0.6314491264131552,1.117947014164704
466,0.6489208633093525,1.1149101680498819
467,0.6493319630010278,1.1084112225431577
468,0.6367934224049332,1.1156361417192104
469,0.6411099691675232,1.1058655049303452
470,0.6392600205549845,1.1132731306344608
471,0.645426515930113,1.1065263873259064
472,0.6421377183967112,1.1067878644365936
473,0.6343268242548818,1.1082228232018136
474,0.6378211716341212,1.1065361464011338
475,0.645426515930113,1.1034740817877642
476,0.6448098663926002,1.105898041543833
477,0.6308324768756424,1.1030234642166028
478,0.6365878725590955,1.105885257848365
479,0.6450154162384378,1.097478861774472
480,0.6411099691675232,1.0964845252306585
481,0.6441932168550873,1.0970833905554258
482,0.6355601233299075,1.1024508833395124
483,0.6456320657759507,1.0974322019843623
484,0.641726618705036,1.0933010992018806
485,0.6441932168550873,1.0914686253235004
486,0.6462487153134635,1.0919852851718694
487,0.6466598150051387,1.0863866412504848
488,0.6365878725590955,1.093311655337617
489,0.6437821171634122,1.0869115372233376
490,0.6353545734840699,1.0911241858493141
491,0.645426515930113,1.0881165636774202
492,0.644398766700925,1.0840374649122342
493,0.645426515930113,1.0814159043891334
494,0.6382322713257965,1.08278484810048
495,0.645426515930113,1.0849228702860771
496,0.6415210688591984,1.0815083804625525
497,0.6456320657759507,1.0788447343065706
498,0.6487153134635149,1.07749589778414
499,0.640082219938335,1.0788676135464048
