epoch,categorical_accuracy,loss
0,0.44398766700924974,6.040233741536783
1,0.4816032887975334,5.154664411084135
2,0.49044193216855086,4.891005725654766
3,0.49660842754367934,4.7690744539694085
4,0.5085303186022611,4.622894343565326
5,0.5167523124357657,4.488692983693968
6,0.5025693730729702,4.420310320614053
7,0.5083247687564234,4.332049052345299
8,0.5105858170606372,4.269771417145371
9,0.5011305241521069,4.222033227114859
10,0.5171634121274409,4.134374826123511
11,0.5118191161356629,4.106274470518452
12,0.5118191161356629,4.061146491306536
13,0.5151079136690647,4.043844533138138
14,0.5107913669064749,3.997951696636988
15,0.5103802672147996,3.9752992659899093
16,0.5233299075025694,3.913496731584633
17,0.5239465570400822,3.918012709975365
18,0.5099691675231244,3.887911322330032
19,0.512846865364851,3.8785348150247416
20,0.513874614594039,3.8539765486369273
21,0.5237410071942447,3.815455107478174
22,0.5070914696813977,3.8294798798085727
23,0.5169578622816033,3.7909120980171602
24,0.5257965056526208,3.7755200092986088
25,0.520863309352518,3.7562917060009133
26,0.5167523124357657,3.750285869708164
27,0.529907502569373,3.7231524347891423
28,0.5264131551901337,3.723175097344958
29,0.5274409044193217,3.7120475924394847
30,0.5134635149023639,3.7032435807270234
31,0.5227132579650565,3.6852390721547517
32,0.544912641315519,3.654142999207986
33,0.5467625899280576,3.649911763268654
34,0.5436793422404933,3.640270520530771
35,0.5430626927029805,3.6228302046059335
36,0.5445015416238438,3.6192535952698415
37,0.5584789311408016,3.588179766163919
38,0.5551901336073998,3.5926756107059803
39,0.5609455292908531,3.573800522646458
40,0.5568345323741007,3.5635540928894547
41,0.5535457348406989,3.5503959197057116
42,0.5782117163412127,3.5281090369327464
43,0.5660842754367934,3.5290146615497866
44,0.5693730729701952,3.520021891863471
45,0.5790339157245632,3.500580266911349
46,0.5681397738951696,3.4920577012500194
47,0.590339157245632,3.4756255246874974
48,0.5874614594039055,3.465464572181192
49,0.5835560123329907,3.453888092746715
50,0.5901336073997945,3.441772467994494
51,0.5891058581706063,3.4348448069710646
52,0.5884892086330935,3.417493551387571
53,0.6030832476875643,3.391311196408561
54,0.6090441932168551,3.3896893181756735
55,0.5997944501541624,3.369581089186399
56,0.6154162384378211,3.351717639876049
57,0.6172661870503597,3.3426567560844775
58,0.6121274409044193,3.3361868607422065
59,0.6117163412127441,3.3201651284040428
60,0.6300102774922919,3.302096047749377
61,0.6162384378211716,3.2954534744799813
62,0.6254881808838644,3.2794885388381187
63,0.6166495375128469,3.266044504326392
64,0.6306269270298047,3.2477044687241716
65,0.6380267214799589,3.239239310091103
66,0.6341212744090442,3.2253556763157936
67,0.6341212744090442,3.204367637781298
68,0.6398766700924974,3.1928513087324593
69,0.636382322713258,3.1857227575374654
70,0.6382322713257965,3.1746010548531824
71,0.6493319630010278,3.1518367380179457
72,0.640082219938335,3.146794481953761
73,0.6448098663926002,3.135970692766901
74,0.6462487153134635,3.1196699919705524
75,0.6384378211716342,3.108941760019065
76,0.645426515930113,3.088775591296503
77,0.6552929085303186,3.073687819709268
78,0.6583761562178828,3.0603010543203797
79,0.6571428571428571,3.0505601417369
80,0.65775950668037,3.0368206708306276
81,0.6571428571428571,3.0254451249388237
82,0.6655704008221994,3.010166859896308
83,0.6713257965056526,2.996452066366621
84,0.6663926002055498,2.982528184398718
85,0.671120246659815,2.9702498737856637
86,0.6737923946557041,2.9543287254188435
87,0.6787255909558068,2.9351195716661884
88,0.6826310380267214,2.926559525134017
89,0.6752312435765673,2.917342270364007
90,0.6803699897225077,2.906915498637467
91,0.6729701952723536,2.893196300759467
92,0.6869475847893114,2.879731780186464
93,0.6855087358684481,2.87152310329253
94,0.6916752312435765,2.8487307761212906
95,0.694141829393628,2.8321265894977063
96,0.694141829393628,2.8332138258041115
97,0.6980472764645427,2.807086005705846
98,0.700513874614594,2.8006430448020474
99,0.7023638232271325,2.7870440083687007
100,0.6939362795477904,2.7795884297538516
101,0.7013360739979445,2.7657429806865133
102,0.7093525179856115,2.746865245421156
103,0.7033915724563207,2.736227379550914
104,0.7118191161356628,2.729453016283088
105,0.7068859198355602,2.719538947073063
106,0.7105858170606372,2.7040390141576314
107,0.7130524152106886,2.6894070955611697
108,0.7202466598150051,2.6797161257156734
109,0.7188078108941418,2.663306093951046
110,0.7161356628982528,2.6604012741214325
111,0.7161356628982528,2.6510866940940394
112,0.7192189105858171,2.6385483319810827
113,0.7297019527235354,2.6208424827912853
114,0.7297019527235354,2.6086154745637082
115,0.718191161356629,2.605810120514951
116,0.7338129496402878,2.588593613378558
117,0.7260020554984584,2.5761054004206563
118,0.731551901336074,2.5577854164335245
119,0.7321685508735869,2.5580756023755913
120,0.7313463514902364,2.5497031713683707
121,0.7358684480986639,2.5357232651019515
122,0.7408016443987667,2.516717472644896
123,0.7243576567317574,2.5182124478476386
124,0.7445015416238437,2.49373143182384
125,0.757245632065776,2.4822895847881195
126,0.7482014388489209,2.4786856123501817
127,0.7410071942446043,2.4627084833499953
128,0.7553956834532374,2.4497575815265495
129,0.7601233299075025,2.4394631489207788
130,0.7516957862281604,2.429523473114296
131,0.7586844809866392,2.4178354134417512
132,0.7543679342240494,2.408826736825588
133,0.7621788283658787,2.4013585032809064
134,0.7580678314491264,2.393695018960418
135,0.7593011305241522,2.387322661026409
136,0.7471736896197327,2.380690450462506
137,0.7603288797533402,2.3701572772532793
138,0.7683453237410072,2.3541601031069153
139,0.7642343268242549,2.3425661315408295
140,0.762589928057554,2.3407987217251347
141,0.7654676258992805,2.319563977348351
142,0.76896197327852,2.3149473827887412
143,0.7699897225077081,2.295165877915605
144,0.7761562178828366,2.2934476588269788
145,0.7669064748201438,2.288065055855009
146,0.7728674203494348,2.27720715110128
147,0.7693730729701953,2.2722177142842086
148,0.7827338129496403,2.253605865182514
149,0.786639260020555,2.2466750360588867
150,0.7800616649537513,2.2334542653053417
151,0.7901336073997944,2.2275220529393573
152,0.7870503597122303,2.212436945906401
153,0.7810894141829393,2.212944797082648
154,0.791983556012333,2.201890810224527
155,0.7864337101747174,2.1929561976661174
156,0.8047276464542652,2.1722470809352363
157,0.7926002055498458,2.179084424296239
158,0.7874614594039054,2.1664061748969226
159,0.7995889003083247,2.1512373326371166
160,0.8008221993833504,2.1465550203117534
161,0.7983556012332991,2.139242800999766
162,0.8127440904419322,2.1292079012293486
163,0.8018499486125386,2.1202902019820256
164,0.8016443987667009,2.1135933201702626
165,0.8004110996916752,2.103883247630324
166,0.808016443987667,2.097519997825113
167,0.8098663926002055,2.087351475124614
168,0.8057553956834532,2.084135885277853
169,0.8084275436793422,2.0717711405298327
170,0.8092497430626927,2.062577300743111
171,0.8104830421377184,2.0559421184741704
172,0.8164439876670092,2.0447142057526637
173,0.8051387461459404,2.0489925348256377
174,0.8236382322713258,2.0285454336197746
175,0.8211716341212744,2.0210792072997923
176,0.817060637204522,2.019270240072111
177,0.8162384378211717,2.008370589719892
178,0.8189105858170607,1.9999995623683635
179,0.8217882836587873,1.9961510234844526
180,0.8244604316546763,1.983931152181047
181,0.8209660842754368,1.974088811727369
182,0.8252826310380267,1.976873046937729
183,0.8359712230215828,1.952959295534524
184,0.8349434737923946,1.9393214059635644
185,0.8209660842754368,1.9452301785977746
186,0.8273381294964028,1.9335874171810796
187,0.8228160328879753,1.933727419878694
188,0.8308324768756423,1.9288832783821552
189,0.8367934224049332,1.9157710292478995
190,0.8419321685508736,1.9063838425545139
191,0.8357656731757451,1.8992610975502697
192,0.8411099691675231,1.8864874648655796
193,0.8386433710174718,1.884858678129692
194,0.8423432682425488,1.8792703205610473
195,0.8458376156217883,1.8719939053732468
196,0.8466598150051388,1.8588838907577028
197,0.847070914696814,1.8579885027023895
198,0.8474820143884892,1.8512475301403426
199,0.8542651593011306,1.8386140795920392
200,0.8542651593011306,1.8377715812067579
201,0.8485097636176773,1.828618258047937
202,0.8499486125385406,1.8196657659828601
203,0.8563206577595067,1.8131144569197024
204,0.8542651593011306,1.8098614725767648
205,0.8464542651593011,1.8027908786595297
206,0.8575539568345324,1.7974948323887887
207,0.8571428571428571,1.787005938924964
208,0.8524152106885919,1.7829294560502025
209,0.8575539568345324,1.781512574203703
210,0.8620760534429599,1.7650401826507631
211,0.8575539568345324,1.7606080345357678
212,0.8581706063720452,1.756559526368991
213,0.863103802672148,1.7467336999181609
214,0.8672147995889004,1.7433975727928137
215,0.8672147995889004,1.7331455510542302
216,0.8682425488180884,1.7303355358364894
217,0.8733812949640288,1.726169481894953
218,0.8665981500513875,1.7196717693528805
219,0.8692702980472765,1.7061743143283574
220,0.8702980472764645,1.7023770136308818
221,0.8742034943473792,1.69868279689385
222,0.878108941418294,1.689780225219609
223,0.8702980472764645,1.6892410631170007
224,0.8750256937307297,1.6838134995712406
225,0.8731757451181912,1.6801437441393625
226,0.8787255909558068,1.666240993678141
227,0.8766700924974307,1.6657650503568266
228,0.876464542651593,1.6639591270703573
229,0.886125385405961,1.651974639814167
230,0.8772867420349435,1.6530223089033873
231,0.887153134635149,1.6315229316409543
232,0.8824254881808838,1.6402983859778675
233,0.8877697841726618,1.6293403168743954
234,0.88448098663926,1.6247633895305544
235,0.886125385405961,1.6158577152048328
236,0.8865364850976362,1.6124477405097233
237,0.8945529290853032,1.6027317664361074
238,0.8885919835560123,1.6045685462079338
239,0.889825282631038,1.5931056712416192
240,0.8918807810894142,1.590254697476237
241,0.8955806783144913,1.579910281775299
242,0.8922918807810895,1.5805104510267127
243,0.8980472764645426,1.5622924961999656
244,0.896813977389517,1.5675826427502844
245,0.8959917780061665,1.5550188043012159
246,0.8982528263103803,1.550699658090017
247,0.9009249743062693,1.5386745278661322
248,0.896813977389517,1.5373560089491622
249,0.8990750256937308,1.5355533966425143
250,0.894141829393628,1.5371154406822964
251,0.8931140801644398,1.5291487572249505
252,0.9097636176772868,1.5086926465411838
253,0.8974306269270298,1.515684091787544
254,0.9011305241521069,1.5125998636923983
255,0.9007194244604316,1.5095721701801375
256,0.9089414182939363,1.495367230589809
257,0.9064748201438849,1.4894227316298685
258,0.9040082219938335,1.49585355673395
259,0.9027749229188078,1.4881395383826999
260,0.9031860226104831,1.4781135555406513
261,0.9120246659815006,1.4657002553910414
262,0.9079136690647482,1.467183333065625
263,0.9138746145940391,1.4546338288904095
264,0.9107913669064748,1.4554501103472735
265,0.9149023638232271,1.4483089225510286
266,0.9151079136690647,1.4476718294412234
267,0.9134635149023638,1.43807532233545
268,0.9186022610483042,1.4337435610860372
269,0.9099691675231244,1.440150082858714
270,0.9186022610483042,1.4208586665366194
271,0.9146968139773896,1.4229545726805528
272,0.9126413155190134,1.4166489736394303
273,0.9177800616649537,1.4104930992116664
274,0.9175745118191161,1.403279940515971
275,0.9155190133607399,1.4036843250368751
276,0.9239465570400822,1.3967258507521767
277,0.9165467625899281,1.3998403255397958
278,0.9255909558067832,1.3850274803214548
279,0.9196300102774922,1.383091702392633
280,0.9200411099691675,1.382239779784035
281,0.9200411099691675,1.380125504064413
282,0.9264131551901336,1.3642592611440285
283,0.9218910585817061,1.367995499192382
284,0.9278520041109969,1.3508651049262084
285,0.9268242548818089,1.3556686215140958
286,0.9268242548818089,1.3450628192672258
287,0.9313463514902364,1.3381753378512313
288,0.9247687564234327,1.34577848901484
289,0.9268242548818089,1.3386776066022443
290,0.924563206577595,1.328284949364422
291,0.927235354573484,1.3326068896306382
292,0.9317574511819117,1.3103961953646355
293,0.923535457348407,1.3249618428584116
294,0.9319630010277492,1.311615921880089
295,0.9303186022610483,1.3135969509446241
296,0.9305241521068859,1.3061839140943976
297,0.9225077081192189,1.3157139188094105
298,0.929907502569373,1.3019323996135166
299,0.9305241521068859,1.2982193798837534
300,0.9331963001027749,1.292363803653776
301,0.932579650565262,1.2852628906853765
302,0.9358684480986639,1.2797136187675924
303,0.9399794450154162,1.2714413423577413
304,0.9364850976361768,1.2736517135310395
305,0.9393627954779034,1.2619059464669302
306,0.931551901336074,1.2694937925054506
307,0.9331963001027749,1.2627164056587807
308,0.9387461459403905,1.2536051990806996
309,0.9401849948612538,1.2469900895243191
310,0.9381294964028777,1.2483295005737571
311,0.9405960945529291,1.2426890418561365
312,0.9375128468653648,1.2424030850627072
313,0.9463514902363823,1.229260906678187
314,0.9350462487153135,1.2451979670715725
315,0.93792394655704,1.2330295719566227
316,0.9424460431654677,1.2222746045591897
317,0.9389516957862282,1.2263031224675194
318,0.93792394655704,1.2246167909939758
319,0.9455292908530318,1.2098042844378323
320,0.9391572456320658,1.2087242416095636
321,0.9387461459403905,1.2169680191091006
322,0.9399794450154162,1.210463016667812
323,0.9442959917780062,1.2001801466525275
324,0.9471736896197328,1.1933008089339991
325,0.9451181911613566,1.1932762593184076
326,0.9496402877697842,1.1856171543527114
327,0.9500513874614595,1.177972056907348
328,0.9455292908530318,1.1795543139909546
329,0.943884892086331,1.1785588972860104
330,0.9484069886947585,1.1723141344576187
331,0.9482014388489208,1.1697488019302227
332,0.943884892086331,1.1763868859223447
333,0.9510791366906475,1.1596380492521092
334,0.9479958890030833,1.163586061782484
335,0.9512846865364851,1.1546744349068998
336,0.943884892086331,1.1563976863182828
337,0.9428571428571428,1.1571620505735785
338,0.9482014388489208,1.1473841660314326
339,0.9521068859198356,1.144150930048873
340,0.9494347379239465,1.1391289352635563
341,0.9486125385405961,1.1377727885162965
342,0.949229188078109,1.1328906256762952
343,0.9461459403905447,1.1365068004408205
344,0.9508735868448098,1.124245114439193
345,0.9531346351490236,1.122096348874738
346,0.9510791366906475,1.1244921773702734
347,0.9479958890030833,1.1191429615510822
348,0.9516957862281603,1.1120845742240348
349,0.9506680369989723,1.112147318201957
350,0.9469681397738952,1.1125697646577213
351,0.9537512846865365,1.1031126457765192
352,0.9498458376156218,1.105530618763656
353,0.9586844809866393,1.095691583727516
354,0.9484069886947585,1.1040826761710314
355,0.9533401849948613,1.0949476741445763
356,0.9564234326824255,1.0888622803163674
357,0.9547790339157246,1.087571857448472
358,0.9558067831449126,1.0800718997022232
359,0.9553956834532374,1.0791367873626034
360,0.952929085303186,1.0819856214498813
361,0.9516957862281603,1.0772876219783756
362,0.954573484069887,1.0738076632706504
363,0.9568345323741008,1.0649799421414319
364,0.9603288797533401,1.0586775719445631
365,0.955601233299075,1.0585107682052644
366,0.9560123329907503,1.0624584269058055
367,0.9551901336073998,1.0596414539453796
368,0.9543679342240493,1.0567218470303887
369,0.9584789311408016,1.0503275370916385
370,0.9578622816032888,1.0479351899484202
371,0.9564234326824255,1.0441073699453263
372,0.9570400822199383,1.041265717537773
373,0.9605344295991778,1.0364730339991226
374,0.9593011305241521,1.038535084631313
375,0.9615621788283659,1.0267035069715573
376,0.9588900308324769,1.029351254933172
377,0.9615621788283659,1.0303933776539864
378,0.9601233299075026,1.0282176932107507
379,0.9619732785200411,1.0203072346616746
380,0.9595066803699898,1.0185563601055714
381,0.9601233299075026,1.0157774462851812
382,0.9605344295991778,1.0153534585623432
383,0.9619732785200411,1.0097848966702405
384,0.9597122302158273,1.0155274127517182
385,0.9621788283658788,1.0042765956375852
386,0.9584789311408016,1.010397800022137
387,0.9611510791366906,1.0021347108627272
388,0.9644398766700925,0.9896804206295347
389,0.9611510791366906,0.9945761164805382
390,0.9623843782117163,0.9982665313478609
391,0.9568345323741008,0.9955707568303899
392,0.9576567317574511,0.9927996349236703
393,0.9613566289825283,0.9898333417670945
394,0.9689619732785201,0.974117526733618
395,0.9590955806783145,0.9790180700043367
396,0.959917780061665,0.9834823885164917
397,0.9607399794450154,0.9773381221208641
398,0.962589928057554,0.9767800887589096
399,0.9644398766700925,0.9672954632346457
400,0.9613566289825283,0.9670480025390437
401,0.9623843782117163,0.9689688273348519
402,0.9607399794450154,0.961278498086998
403,0.962589928057554,0.9550589217188915
404,0.9660842754367934,0.9541437337846942
405,0.9617677286742035,0.9587433542279031
406,0.9669064748201439,0.9471650399014981
407,0.9609455292908531,0.9572006397967716
408,0.9640287769784173,0.9438982526665479
409,0.9605344295991778,0.9527755609764225
410,0.9630010277492291,0.944808699599518
411,0.9646454265159301,0.9378483997709582
412,0.9656731757451182,0.940036414755089
413,0.9636176772867421,0.9400676485813412
414,0.9679342240493319,0.9286715893681713
415,0.9650565262076053,0.9315451047770901
416,0.9650565262076053,0.927791080996777
417,0.9652620760534429,0.9303958763934113
418,0.9630010277492291,0.9309737719587775
419,0.9704008221993834,0.9157904911384308
420,0.9611510791366906,0.926348247079663
421,0.9638232271325796,0.9195678237408308
422,0.9669064748201439,0.910368879983261
423,0.9687564234326824,0.9086161282790283
424,0.962589928057554,0.9184331372119907
425,0.9662898252826311,0.9070687826588857
426,0.9656731757451182,0.9098127911294229
427,0.9656731757451182,0.9070680999069762
428,0.9644398766700925,0.9047571515375394
429,0.9677286742034944,0.8964315326216287
430,0.9671120246659815,0.8957477680948264
431,0.9716341212744091,0.891650620565385
432,0.9662898252826311,0.8965963694321534
433,0.9669064748201439,0.8911040006291584
434,0.9646454265159301,0.8958936943669726
435,0.9716341212744091,0.8837237189754553
436,0.9623843782117163,0.8917585393752738
437,0.9691675231243576,0.8825457947227228
438,0.9726618705035971,0.8736525402162205
439,0.9662898252826311,0.8829387486164764
440,0.9648509763617678,0.8783898450977878
441,0.9679342240493319,0.877484155546602
442,0.9679342240493319,0.8734655021518499
443,0.9677286742034944,0.8735479275467217
444,0.9640287769784173,0.8722004651778281
445,0.9683453237410072,0.8654504562820952
446,0.9650565262076053,0.8688850433216311
447,0.9732785200411099,0.8586634682849402
448,0.9710174717368962,0.8576335474251475
449,0.9706063720452209,0.8555610182964054
450,0.9664953751284686,0.8605544380759409
451,0.9749229188078109,0.8504119189645624
452,0.9730729701952724,0.849809825089583
453,0.9708119218910586,0.8463487220815127
454,0.9738951695786228,0.840339119216276
455,0.9724563206577596,0.844103438538123
456,0.9689619732785201,0.8452260548017253
457,0.9695786228160329,0.8401775305464726
458,0.9693730729701953,0.8378318384151909
459,0.9706063720452209,0.8338566594599207
460,0.9704008221993834,0.8343895734152837
461,0.9722507708119219,0.8268900538765024
462,0.9701952723535457,0.8294586978737889
463,0.9693730729701953,0.8290560060022791
464,0.9708119218910586,0.83077332510365
465,0.9716341212744091,0.823448099715124
466,0.9734840698869476,0.8207404840641864
467,0.9708119218910586,0.8223462858768553
468,0.9697841726618706,0.8202310595335965
469,0.9706063720452209,0.8191612680426359
470,0.9681397738951696,0.8197037575301261
471,0.9738951695786228,0.8090716835651222
472,0.9704008221993834,0.8139597843509294
473,0.9687564234326824,0.8143167260616926
474,0.9728674203494347,0.8075030102881718
475,0.9718396711202466,0.8057473322715446
476,0.9691675231243576,0.8067583825090806
477,0.9701952723535457,0.8048290334894626
478,0.9753340184994861,0.7974322107565979
479,0.9710174717368962,0.8005510003079124
480,0.9710174717368962,0.798843892394945
481,0.9664953751284686,0.8016446885690169
482,0.9689619732785201,0.8008873974676612
483,0.9749229188078109,0.7916856685620786
484,0.9708119218910586,0.793551749327935
485,0.9710174717368962,0.7893838704918786
486,0.9736896197327852,0.7872190517119734
487,0.9710174717368962,0.7873475648761408
488,0.9751284686536486,0.7799183333887961
489,0.9718396711202466,0.7824109635887264
490,0.9763617677286742,0.7743772242566664
491,0.9722507708119219,0.7801608056718252
492,0.9743062692702981,0.7763695261828824
493,0.9701952723535457,0.7767393738490826
494,0.9751284686536486,0.7670998918189297
495,0.9734840698869476,0.7693320709901871
496,0.9734840698869476,0.7682374111794984
497,0.9730729701952724,0.7679869291471185
498,0.9757451181911614,0.7709813022417498
499,0.9734840698869476,0.7657256404395462
