epoch,categorical_accuracy,loss
0,0.49660842754367934,4.987857490257271
1,0.5132579650565262,4.761681907444059
2,0.49928057553956834,4.583099239923726
3,0.5044193216855087,4.428040268928394
4,0.5175745118191162,4.2657764510285086
5,0.5116135662898252,4.23594488151762
6,0.5054470709146968,4.13950429683109
7,0.5060637204522097,4.054584848917523
8,0.5173689619732785,3.967503208589701
9,0.534224049331963,3.88244070894059
10,0.5196300102774923,3.874381840461817
11,0.5190133607399794,3.811894221369556
12,0.5237410071942447,3.7712751264072275
13,0.5183967112024666,3.754883991900108
14,0.5237410071942447,3.703494204377099
15,0.5442959917780061,3.6347252543881643
16,0.5157245632065776,3.675523523240516
17,0.5366906474820143,3.599521315771654
18,0.526207605344296,3.5808047938567396
19,0.5360739979445015,3.55720017507657
20,0.5321685508735868,3.551659435260455
21,0.5157245632065776,3.524257544451848
22,0.5329907502569373,3.493717795212247
23,0.5424460431654676,3.460244912601326
24,0.529907502569373,3.451837353642651
25,0.534224049331963,3.4526608724878356
26,0.5362795477903392,3.411356440599996
27,0.536896197327852,3.3995773949579
28,0.544912641315519,3.3987020019147036
29,0.5408016443987667,3.3632498863177087
30,0.5377183967112025,3.3699834074782933
31,0.5364850976361768,3.348619806852272
32,0.5366906474820143,3.336215237257782
33,0.5484069886947585,3.325819319492744
34,0.5479958890030833,3.310340627883958
35,0.5286742034943474,3.311784435813253
36,0.544912641315519,3.2835954364745246
37,0.5473792394655704,3.2665246514597754
38,0.539568345323741,3.2681128525905474
39,0.5514902363823228,3.2563554722628147
40,0.5523124357656731,3.2521587109149177
41,0.54655704008222,3.233984070030048
42,0.5519013360739979,3.2188873086166776
43,0.5451181911613566,3.2096090554946004
44,0.5504624871531346,3.2040809370140866
45,0.5455292908530318,3.198327205458011
46,0.5420349434737924,3.1900507107545515
47,0.5479958890030833,3.171674120658961
48,0.5432682425488181,3.1682962135812853
49,0.5519013360739979,3.167287188174178
50,0.5488180883864338,3.1598059225915516
51,0.5463514902363823,3.1491446148087285
52,0.5537512846865364,3.14079075241873
53,0.5525179856115108,3.121589952823682
54,0.5387461459403905,3.1225845292807852
55,0.5453237410071943,3.1112376607089223
56,0.5584789311408016,3.105670705679632
57,0.5521068859198356,3.0996689291676662
58,0.5595066803699897,3.077073277525397
59,0.5533401849948613,3.076683373416928
60,0.5521068859198356,3.071243150628728
61,0.5572456320657759,3.058705150284723
62,0.5510791366906475,3.0569546934757055
63,0.5625899280575539,3.0424324870722144
64,0.5564234326824254,3.037138613644999
65,0.5566289825282631,3.032808402385888
66,0.5576567317574512,3.019705457383535
67,0.566289825282631,3.0103101638213703
68,0.5498458376156218,3.008535728278165
69,0.5623843782117164,2.993446063260258
70,0.5718396711202467,2.9780403991887403
71,0.575950668036999,2.971256680307261
72,0.5697841726618705,2.962516508661096
73,0.574306269270298,2.952497278186057
74,0.5895169578622816,2.934588868865496
75,0.5677286742034944,2.942684652871488
76,0.576978417266187,2.9281972084359054
77,0.5775950668036999,2.9191203747109298
78,0.5810894141829394,2.9119658282947443
79,0.5767728674203494,2.9091751557827488
80,0.5749229188078109,2.8964070305427323
81,0.5806783144912642,2.8842815753489823
82,0.5771839671120247,2.883052986425339
83,0.5889003083247688,2.8665436604530203
84,0.5794450154162384,2.866290323094743
85,0.5819116135662898,2.8505413223513596
86,0.591983556012333,2.840080178996887
87,0.5967112024665981,2.8308026254483387
88,0.5870503597122302,2.823831638549852
89,0.593011305241521,2.814194361646521
90,0.5917780061664953,2.8070866747970817
91,0.5886947584789312,2.796141965832764
92,0.6,2.783628425813775
93,0.6028776978417266,2.7748112878475992
94,0.6150051387461459,2.7583352753461816
95,0.5979445015416238,2.759845877477836
96,0.6057553956834533,2.7478011583620328
97,0.6010277492291881,2.745760415832896
98,0.6022610483042138,2.726443685951115
99,0.6121274409044193,2.7188707048821916
100,0.6059609455292908,2.7132517750927256
101,0.6063720452209661,2.7062740950275668
102,0.6137718396711203,2.6909602476415997
103,0.6082219938335046,2.688408596101547
104,0.6156217882836588,2.676682112420328
105,0.6143884892086331,2.664254070283943
106,0.6160328879753341,2.6583716915420736
107,0.6131551901336074,2.651707973509629
108,0.6131551901336074,2.6432373504599465
109,0.6201438848920864,2.63547859912296
110,0.6193216855087359,2.6234606009470594
111,0.6298047276464542,2.6095888711198136
112,0.6330935251798561,2.604025181224388
113,0.6215827338129496,2.601015342984881
114,0.6277492291880781,2.5863867832724874
115,0.6287769784172662,2.57816624616915
116,0.6318602261048304,2.5694760199073405
117,0.6376156217882837,2.5593713605024098
118,0.633710174717369,2.5503764451468958
119,0.6328879753340185,2.5441082736816094
120,0.6439876670092497,2.539740038163125
121,0.6474820143884892,2.5295133495624853
122,0.654059609455293,2.5131521095107296
123,0.6536485097636177,2.5048012466861924
124,0.6421377183967112,2.5020486183303725
125,0.644398766700925,2.4911784102958374
126,0.6419321685508735,2.480918136971092
127,0.6483042137718397,2.476215110163282
128,0.654059609455293,2.464165041356023
129,0.6542651593011305,2.459489849488512
130,0.6536485097636177,2.4493808197460587
131,0.6557040082219938,2.440827616390687
132,0.6610483042137718,2.4285938282052144
133,0.6587872559095581,2.4271548444173563
134,0.6639260020554985,2.4146686590220185
135,0.6680369989722508,2.403216942094213
136,0.6659815005138746,2.393000957385119
137,0.6715313463514903,2.3871016955204145
138,0.6721479958890031,2.3783736821436317
139,0.6702980472764646,2.3783837041041345
140,0.6635149023638233,2.372139029194125
141,0.6797533401849949,2.3582264415529255
142,0.6795477903391572,2.3502780540874046
143,0.6768756423432682,2.339120576315524
144,0.6785200411099692,2.3338139417850225
145,0.6694758478931141,2.3280366553064487
146,0.6779033915724563,2.325119425115948
147,0.6723535457348407,2.3200851105222475
148,0.6853031860226105,2.3014098502626643
149,0.689825282631038,2.3018032310187877
150,0.6793422404933196,2.2895033746192044
151,0.6842754367934224,2.28355196769534
152,0.6848920863309352,2.27790405404776
153,0.6861253854059609,2.2683378808177386
154,0.6902363823227132,2.2572674334233
155,0.6822199383350462,2.25799221085865
156,0.6929085303186022,2.2409106381015444
157,0.6916752312435765,2.235142414763432
158,0.6892086330935252,2.2252817964014757
159,0.6986639260020555,2.2174686565673607
160,0.6906474820143885,2.216575680533759
161,0.7007194244604317,2.205361300014641
162,0.7070914696813977,2.193411666638805
163,0.7120246659815005,2.1878113632456984
164,0.6953751284686537,2.193956073778629
165,0.7050359712230215,2.1743164125718906
166,0.7015416238437822,2.174019593496607
167,0.6966084275436794,2.1662946071311113
168,0.7177800616649538,2.1535599631371256
169,0.705858170606372,2.146859561796669
170,0.710174717368962,2.1440780789854594
171,0.7161356628982528,2.129735691696865
172,0.7095580678314491,2.1268452954561834
173,0.7198355601233299,2.111540846123847
174,0.7220966084275436,2.1079377433623954
175,0.7146968139773895,2.1070313284110433
176,0.713874614594039,2.1003584185705155
177,0.7179856115107913,2.089745064163992
178,0.7247687564234326,2.0855181243657333
179,0.7227132579650565,2.0766698196269995
180,0.7165467625899281,2.0779644529228953
181,0.7253854059609456,2.05915052496272
182,0.7216855087358685,2.059024135279876
183,0.7313463514902364,2.0533186290884067
184,0.728879753340185,2.0426510442810217
185,0.7309352517985611,2.035265191730958
186,0.7373072970195272,2.0315475230104263
187,0.7344295991778006,2.0193255763137206
188,0.7321685508735869,2.014186562737115
189,0.7282631038026721,2.0129764653428364
190,0.747584789311408,1.9958830428147978
191,0.7356628982528263,2.000007583965133
192,0.7459403905447071,1.9880404984963271
193,0.7408016443987667,1.9902961732672273
194,0.7525179856115108,1.97436885505394
195,0.7405960945529291,1.9739086107751938
196,0.7490236382322714,1.965432784319659
197,0.7426515930113052,1.959756844188302
198,0.7465570400822199,1.9524578630617933
199,0.744912641315519,1.9530831865269502
200,0.7533401849948612,1.9297099379081766
201,0.7479958890030832,1.9350228787938712
202,0.7574511819116135,1.9244446592487754
203,0.7519013360739979,1.9219881058229327
204,0.757245632065776,1.9143270005915172
205,0.7479958890030832,1.9128453732517003
206,0.7615621788283659,1.9023721218599199
207,0.7496402877697842,1.9072019046281616
208,0.7586844809866392,1.8916049960215804
209,0.7541623843782117,1.8878184124230113
210,0.7562178828365879,1.8786120633549706
211,0.7578622816032888,1.8713522887548464
212,0.771634121274409,1.859311088236606
213,0.7654676258992805,1.8610019031310987
214,0.7574511819116135,1.857853286386394
215,0.7683453237410072,1.8445936133413128
216,0.7685508735868448,1.8390728526100715
217,0.7738951695786228,1.8369365647052323
218,0.7664953751284687,1.8346074422853946
219,0.774922918807811,1.823187225328075
220,0.7790339157245632,1.8127502421068387
221,0.7775950668036999,1.818133884539707
222,0.7755395683453238,1.8045182564275728
223,0.7780061664953751,1.8003426200439359
224,0.7745118191161356,1.7978708406881585
225,0.7835560123329908,1.7856138876016192
226,0.7763617677286742,1.7848239506871457
227,0.7856115107913669,1.7730627195685642
228,0.7730729701952723,1.7769618334775104
229,0.7780061664953751,1.7721075442197511
230,0.7808838643371018,1.767595605418959
231,0.7827338129496403,1.7608116605911568
232,0.7882836587872559,1.7517406399424005
233,0.7858170606372045,1.745038342794436
234,0.7874614594039054,1.7411829073407055
235,0.7928057553956834,1.734416989260808
236,0.7868448098663926,1.7292443970369533
237,0.7932168550873587,1.7221011598945766
238,0.7967112024665981,1.7203490850981804
239,0.8022610483042137,1.7062017164642005
240,0.7993833504624872,1.7081386417181126
241,0.7981500513874614,1.6962080488469593
242,0.7897225077081192,1.7002791311365972
243,0.7940390544707091,1.6948094890884604
244,0.8039054470709147,1.68315295820246
245,0.7989722507708119,1.679214985299576
246,0.7971223021582734,1.6794919502330832
247,0.8016443987667009,1.6752876259685174
248,0.8024665981500514,1.6634469400819503
249,0.7969167523124357,1.668995339260317
250,0.8078108941418294,1.6518979982628974
251,0.8071942446043165,1.6464777786219598
252,0.8043165467625899,1.6460844636085956
253,0.8022610483042137,1.648951154451086
254,0.8131551901336074,1.634103836185028
255,0.8030832476875642,1.6286388775550082
256,0.8108941418293937,1.630432342772371
257,0.8125385405960945,1.6190485183406096
258,0.7993833504624872,1.6299870783599038
259,0.8182939362795478,1.6029452004143538
260,0.8090441932168551,1.6165658143171917
261,0.8090441932168551,1.6088199170495845
262,0.8166495375128469,1.5933736348323684
263,0.820349434737924,1.5896596680442205
264,0.8201438848920863,1.5908028628573756
265,0.8271325796505653,1.5775482977527018
266,0.8164439876670092,1.585529203699157
267,0.8154162384378212,1.579531530437097
268,0.8182939362795478,1.5720951478258312
269,0.8174717368961973,1.5726251515920704
270,0.82672147995889,1.559841843254152
271,0.821377183967112,1.5585102812971878
272,0.818705035971223,1.5517681826545424
273,0.8271325796505653,1.5559239048384443
274,0.8277492291880781,1.5448666615696875
275,0.8232271325796505,1.5432167734908666
276,0.8328879753340185,1.5328125552307788
277,0.8308324768756423,1.5315869474460018
278,0.8378211716341213,1.5191621946038838
279,0.828365878725591,1.5221559587755036
280,0.8295991778006166,1.5147126110092586
281,0.8341212744090442,1.513127065685033
282,0.8263103802672148,1.5148485848739484
283,0.8261048304213772,1.5133194134879824
284,0.8298047276464543,1.5066243568402768
285,0.8359712230215828,1.4976616482082887
286,0.8304213771839671,1.4985813537580013
287,0.8369989722507708,1.4905036302411667
288,0.8353545734840699,1.4886566077817502
289,0.8351490236382323,1.481413670703539
290,0.8314491264131552,1.481051084194007
291,0.8460431654676259,1.4651745965767495
292,0.8415210688591983,1.4688782566497898
293,0.8404933196300103,1.4658482470468284
294,0.8421377183967113,1.462035381120131
295,0.8513874614594039,1.444719333785901
296,0.844398766700925,1.4516859442210026
297,0.847070914696814,1.4440028478038274
298,0.8429599177800616,1.4422563709433498
299,0.8530318602261048,1.432346831171755
300,0.8522096608427544,1.4273520534354638
301,0.8485097636176773,1.4296918235114275
302,0.8431654676258993,1.4336245595612482
303,0.8524152106885919,1.42257064266048
304,0.8513874614594039,1.417878668207794
305,0.8485097636176773,1.4151295076538823
306,0.8526207605344296,1.4108405916688376
307,0.8550873586844809,1.3996204939800079
308,0.8649537512846865,1.390882309563726
309,0.8544707091469681,1.3992186789644954
310,0.8616649537512847,1.387528569749791
311,0.8517985611510791,1.4012908953679428
312,0.8554984583761562,1.3836399672332795
313,0.8676258992805755,1.372149590353069
314,0.8520041109969168,1.3829622282153655
315,0.8567317574511819,1.372241111208454
316,0.8546762589928057,1.3765813401399634
317,0.8575539568345324,1.3617661456532493
318,0.8620760534429599,1.3659287884938631
319,0.8542651593011306,1.3690419934146327
320,0.8620760534429599,1.3540382609950552
321,0.8655704008221994,1.347755918987976
322,0.8610483042137719,1.3496201280944762
323,0.8729701952723535,1.338675454341618
324,0.871120246659815,1.3342212209966176
325,0.8692702980472765,1.3364105526001824
326,0.8661870503597122,1.3398426687117104
327,0.8624871531346352,1.3440849266953974
328,0.8785200411099692,1.3184006170770737
329,0.8760534429599178,1.3151847717328282
330,0.871120246659815,1.3168969531956092
331,0.8756423432682425,1.310659437581422
332,0.8729701952723535,1.3113950023180656
333,0.8727646454265159,1.3088256225066464
334,0.8674203494347379,1.3085330321879451
335,0.8785200411099692,1.3015429106180125
336,0.8731757451181912,1.2979335594887846
337,0.8824254881808838,1.2941593097145732
338,0.8731757451181912,1.295691256606444
339,0.877492291880781,1.2862452860848876
340,0.872147995889003,1.2909279682408379
341,0.8801644398766701,1.2818943019271019
342,0.8859198355601233,1.2792445673604418
343,0.8836587872559095,1.2743331937113622
344,0.8805755395683453,1.2738664089224443
345,0.8758478931140802,1.2754615415894606
346,0.879136690647482,1.2710437521047484
347,0.8848920863309353,1.260464106336282
348,0.8857142857142857,1.2588640042958745
349,0.8875642343268243,1.259197208533429
350,0.8912641315519013,1.2553313261680956
351,0.8939362795477903,1.2451965696397567
352,0.8816032887975334,1.2477535883912325
353,0.880781089414183,1.2469719126437697
354,0.8838643371017472,1.2447463066947912
355,0.8836587872559095,1.2390374425258812
356,0.8867420349434738,1.2373870575660793
357,0.883453237410072,1.2324897167248936
358,0.891469681397739,1.2292905562460605
359,0.892497430626927,1.2238124889067976
360,0.887153134635149,1.2281390602885145
361,0.8931140801644398,1.216759444532757
362,0.8933196300102775,1.2135806429912963
363,0.8920863309352518,1.2117340983001694
364,0.8931140801644398,1.210596042963363
365,0.8910585817060637,1.2105623835037325
366,0.8980472764645426,1.2042960226352022
367,0.8910585817060637,1.2088039925507628
368,0.8953751284686536,1.200997250984286
369,0.9001027749229188,1.1900213222954525
370,0.8947584789311408,1.19620726520209
371,0.8935251798561151,1.1961061206652963
372,0.8953751284686536,1.1848066513731939
373,0.8972250770811921,1.1838954962414803
374,0.8980472764645426,1.1844000415468754
375,0.896813977389517,1.1775949901201497
376,0.9019527235354573,1.1714256558609402
377,0.8931140801644398,1.1808046138053807
378,0.9058581706063721,1.164739541061613
379,0.9029804727646454,1.162772051403481
380,0.9046248715313463,1.1657950258696066
381,0.9009249743062693,1.1639321460998315
382,0.8957862281603289,1.1624010032887082
383,0.8990750256937308,1.1610368243959432
384,0.9015416238437821,1.156101519671888
385,0.9033915724563206,1.1525733762017747
386,0.9029804727646454,1.1499612394609284
387,0.9013360739979445,1.1509395779710634
388,0.9083247687564234,1.1390916653429248
389,0.902158273381295,1.1501760384284212
390,0.9046248715313463,1.1411748081905133
391,0.9060637204522096,1.1363992478595117
392,0.9114080164439876,1.1287328602721243
393,0.9109969167523124,1.1271250612076607
394,0.9070914696813978,1.1272187045764825
395,0.9077081192189106,1.1217136256128764
396,0.9056526207605344,1.1221798855133684
397,0.9151079136690647,1.1130770870494942
398,0.9095580678314491,1.1189157104688214
399,0.9091469681397739,1.1124840411473398
400,0.9118191161356629,1.1160066332993503
401,0.9136690647482014,1.1090246941545885
402,0.9097636176772868,1.1108063617443622
403,0.9109969167523124,1.104429415759668
404,0.9132579650565262,1.095064613618194
405,0.9161356628982529,1.0931502044384673
406,0.9159301130524152,1.0940342255020925
407,0.9179856115107914,1.0899504339829746
408,0.9190133607399794,1.0886094749770208
409,0.9206577595066804,1.0792291814229715
410,0.9097636176772868,1.0875667839109102
411,0.9140801644398767,1.08459046771568
412,0.9149023638232271,1.0780584400751363
413,0.9159301130524152,1.0785408490730826
414,0.9159301130524152,1.0782825929655446
415,0.9190133607399794,1.0689708057679963
416,0.9142857142857143,1.0758692770553149
417,0.9212744090441932,1.0630254222089683
418,0.9177800616649537,1.0652705130817222
419,0.9204522096608427,1.0554650022951697
420,0.9171634121274409,1.0591047496001742
421,0.9192189105858171,1.053236067233816
422,0.9270298047276464,1.0479982280902724
423,0.9198355601233299,1.0567934593218327
424,0.9169578622816033,1.0511519105436868
425,0.9196300102774922,1.046563281760554
426,0.9214799588900309,1.0465509476176513
427,0.9260020554984584,1.0415702110204275
428,0.9227132579650565,1.0431019633548968
429,0.9157245632065776,1.0406157534757106
430,0.9251798561151079,1.029362599920761
431,0.9223021582733812,1.037677120598835
432,0.9257965056526207,1.0255310513622837
433,0.9171634121274409,1.0345668110058461
434,0.9305241521068859,1.0215184863277722
435,0.9206577595066804,1.0274096046542827
436,0.932579650565262,1.0177266849888313
437,0.9276464542651593,1.020545121185091
438,0.9218910585817061,1.019102234855095
439,0.9301130524152107,1.0119000253059882
440,0.9303186022610483,1.012153360740744
441,0.9290853031860226,1.008948065136834
442,0.926207605344296,1.0074243258106745
443,0.928879753340185,1.0061463675175517
444,0.929907502569373,1.0028693303297382
445,0.9319630010277492,0.9971312106452033
446,0.9344295991778007,0.9942440998885026
447,0.9311408016443987,0.9995625716931773
448,0.9282631038026722,1.0050941585269273
449,0.9251798561151079,0.9955270987988009
450,0.932579650565262,0.9916814528413324
451,0.9307297019527235,0.9891511846544319
452,0.9313463514902364,0.9897594961698597
453,0.9338129496402877,0.9803697484615282
454,0.9329907502569373,0.9807643206367023
455,0.936896197327852,0.9786093312446774
456,0.9340184994861254,0.9780991598366466
457,0.9329907502569373,0.9783011807444651
458,0.9290853031860226,0.9847409203143184
459,0.9362795477903392,0.9721120795145064
460,0.9375128468653648,0.9706563433542281
461,0.9340184994861254,0.9673874199574187
462,0.934224049331963,0.9664051444042868
463,0.9377183967112025,0.9653952501538111
464,0.9360739979445015,0.9602622824117066
465,0.9410071942446043,0.9573018265407598
466,0.9364850976361768,0.9589891758631581
467,0.9358684480986639,0.9572352019880438
468,0.9327852004110997,0.9605443462193441
469,0.9366906474820144,0.9570243529278597
470,0.934224049331963,0.9525688962970706
471,0.9350462487153135,0.948467550909899
472,0.938540596094553,0.9458859935571331
473,0.9387461459403905,0.9460345753907913
474,0.9356628982528263,0.9431437018228827
475,0.9362795477903392,0.9394035407352546
476,0.9381294964028777,0.9422608101968285
477,0.9401849948612538,0.9412058057667417
478,0.9391572456320658,0.936433985176949
479,0.9373072970195272,0.9360563957066355
480,0.938540596094553,0.9312261916015523
481,0.9424460431654677,0.9305455527594744
482,0.939568345323741,0.9302535037710145
483,0.9399794450154162,0.9301687238640309
484,0.939568345323741,0.926887538376717
485,0.9414182939362795,0.9253128477137723
486,0.9426515930113052,0.9153907945932857
487,0.9440904419321685,0.9149151630538831
488,0.9393627954779034,0.9240257987505608
489,0.9354573484069887,0.9194724241729141
490,0.9414182939362795,0.9138532028413873
491,0.9453237410071943,0.9133118546388868
492,0.9389516957862282,0.9154466070839704
493,0.9401849948612538,0.9085544954591028
494,0.941212744090442,0.9075334877418957
495,0.94224049331963,0.9090917778897261
496,0.9442959917780062,0.9027141712674869
497,0.9440904419321685,0.9075232147557885
498,0.94224049331963,0.8988430032504671
499,0.947584789311408,0.8901713982760477
