epoch,categorical_accuracy,loss
0,0.5050359712230216,5.0069885426410545
1,0.5149023638232272,4.786511898530841
2,0.5198355601233299,4.605625609822288
3,0.5159301130524152,4.410244701969661
4,0.5190133607399794,4.303809355121232
5,0.5257965056526208,4.089527878168308
6,0.5227132579650565,4.015260224964734
7,0.5167523124357657,3.9179771996230532
8,0.5278520041109969,3.8364058253943982
9,0.5241521068859198,3.8024261725524715
10,0.5354573484069887,3.709022759117056
11,0.5334018499486125,3.6457433600097375
12,0.526207605344296,3.6170375601483276
13,0.5212744090441932,3.605117288669849
14,0.5301130524152107,3.54634022815622
15,0.5282631038026722,3.498116132779332
16,0.5428571428571428,3.447685033517898
17,0.534224049331963,3.433775632060444
18,0.5303186022610483,3.4254270671695504
19,0.5379239465570401,3.3855556069518165
20,0.5352517985611511,3.3652462776983874
21,0.5457348406988695,3.340945191888133
22,0.5297019527235355,3.3205551275368954
23,0.5334018499486125,3.3122002495278555
24,0.550256937307297,3.2536325858528787
25,0.5426515930113053,3.2517176121381426
26,0.5352517985611511,3.257235082349944
27,0.530524152106886,3.2648010884625083
28,0.5408016443987667,3.2254253251211984
29,0.5410071942446043,3.2110127542638827
30,0.5428571428571428,3.1925168645590207
31,0.5508735868448099,3.172542968928385
32,0.5570400822199383,3.1575184184992793
33,0.5414182939362795,3.1662659716630643
34,0.5459403905447071,3.1574311099586603
35,0.5457348406988695,3.145304045280229
36,0.5551901336073998,3.1252734976216674
37,0.5440904419321686,3.1334162835104493
38,0.5469681397738951,3.1125460163539875
39,0.5611510791366906,3.0876645432714325
40,0.5586844809866393,3.0854828758572994
41,0.5539568345323741,3.077184588176496
42,0.5496402877697841,3.0732942036220003
43,0.5710174717368962,3.0511839840174457
44,0.5549845837615622,3.054122513440751
45,0.5611510791366906,3.0391553030474703
46,0.5504624871531346,3.0412959069901846
47,0.5529290853031861,3.0243663224262423
48,0.5510791366906475,3.0200420887350177
49,0.5527235354573484,3.0138997312684954
50,0.5568345323741007,2.9944348486697443
51,0.5638232271325796,2.994388496912518
52,0.5582733812949641,2.9830889052991876
53,0.5648509763617677,2.96964666017648
54,0.5613566289825282,2.966830676040571
55,0.5724563206577595,2.9546538811670913
56,0.5730729701952724,2.945300134529435
57,0.5763617677286742,2.9419222906706635
58,0.5708119218910586,2.933186669511393
59,0.5872559095580678,2.91540751114166
60,0.5833504624871532,2.9063035959575063
61,0.5714285714285714,2.9084592083620264
62,0.5745118191161357,2.9015808236807246
63,0.5800616649537513,2.890816496381534
64,0.582322713257965,2.8772932458879525
65,0.5773895169578623,2.8771623307607403
66,0.5852004110996917,2.8645363289675267
67,0.584994861253854,2.855504734004022
68,0.5765673175745119,2.8527273825481765
69,0.5833504624871532,2.8414328990222737
70,0.597327852004111,2.8279261863488947
71,0.5874614594039055,2.8251500866763517
72,0.594655704008222,2.811257382262525
73,0.5899280575539568,2.804026238205254
74,0.597327852004111,2.796777821714317
75,0.5862281603288797,2.8015915108119107
76,0.5880781089414183,2.7816402992021145
77,0.593627954779034,2.77491457989135
78,0.5944501541623843,2.7715970516204833
79,0.5987667009249743,2.7514610630635246
80,0.5993833504624871,2.741187176650499
81,0.5975334018499486,2.7378723682627037
82,0.6059609455292908,2.7254673829426626
83,0.6094552929085303,2.7191874908396296
84,0.6086330935251798,2.7082137251929415
85,0.6065775950668038,2.7054055532473087
86,0.60431654676259,2.702627701087944
87,0.6129496402877698,2.6880511503425435
88,0.6020554984583761,2.679056424790762
89,0.6125385405960946,2.6631090462146534
90,0.6298047276464542,2.6488333339926395
91,0.6176772867420349,2.6506993159483296
92,0.6182939362795478,2.6408347013675417
93,0.6197327852004111,2.6326676422130904
94,0.6277492291880781,2.6259269464910338
95,0.6273381294964029,2.6095530668731093
96,0.6203494347379239,2.603514040361818
97,0.6234326824254882,2.5942574051644303
98,0.6271325796505652,2.586174884533466
99,0.6287769784172662,2.5777530218322378
100,0.6261048304213772,2.571411143839053
101,0.6316546762589929,2.5605591784768333
102,0.6304213771839671,2.5564171131933824
103,0.6369989722507708,2.5465140507865662
104,0.6277492291880781,2.5375107595633875
105,0.6538540596094553,2.519711515861817
106,0.6341212744090442,2.5189247864000843
107,0.6462487153134635,2.507994471154992
108,0.629393627954779,2.507335574629373
109,0.6349434737923947,2.4945415930047186
110,0.6406988694758479,2.485458682766921
111,0.6382322713257965,2.484688965120149
112,0.6517985611510791,2.4659055263385987
113,0.6532374100719425,2.456935499334384
114,0.6466598150051387,2.4532646902541093
115,0.6493319630010278,2.4442946130668273
116,0.6622816032887975,2.429734088558577
117,0.6596094552929085,2.4256826269418337
118,0.6495375128468653,2.419491620960608
119,0.6641315519013361,2.408625592577739
120,0.6528263103802672,2.403292065044101
121,0.6557040082219938,2.3991906177838316
122,0.6700924974306269,2.3842134981949306
123,0.6752312435765673,2.3649900612336148
124,0.652415210688592,2.3728951831515745
125,0.6661870503597123,2.357088919362208
126,0.671120246659815,2.353112338968808
127,0.6744090441932169,2.342293074932275
128,0.6678314491264131,2.3325947353308147
129,0.6795477903391572,2.324452266786228
130,0.6713257965056526,2.3103607927049907
131,0.6608427543679343,2.3152091693535124
132,0.6690647482014388,2.304900727806209
133,0.6750256937307297,2.2871101858191967
134,0.6713257965056526,2.289225580464409
135,0.6719424460431654,2.279057175086434
136,0.6904419321685509,2.2670577223229875
137,0.6783144912641316,2.2616546125108146
138,0.6772867420349434,2.260018122404477
139,0.6859198355601234,2.2464995200440425
140,0.6848920863309352,2.238086395273473
141,0.6894141829393627,2.231998056252961
142,0.6879753340184995,2.2226150870935766
143,0.6869475847893114,2.2208366990456967
144,0.6830421377183967,2.213612331319811
145,0.6912641315519014,2.2039846907906764
146,0.6890030832476876,2.194989794694875
147,0.6824254881808839,2.196809196962237
148,0.6875642343268242,2.187426428829166
149,0.6949640287769784,2.170411100024922
150,0.6947584789311408,2.16312753186319
151,0.6904419321685509,2.164364207807817
152,0.6959917780061665,2.149759199538432
153,0.6996916752312435,2.1426218172996654
154,0.6982528263103802,2.1358501150086138
155,0.6865364850976362,2.1342211617962796
156,0.707502569373073,2.1198270766365073
157,0.7079136690647482,2.1109613848369633
158,0.6982528263103802,2.1085181622931546
159,0.7009249743062693,2.1030282096529547
160,0.6992805755395683,2.1018232952776574
161,0.7097636176772868,2.081670213039708
162,0.7052415210688592,2.079081316891089
163,0.7062692702980473,2.0749417343463095
164,0.7167523124357656,2.0657366760465616
165,0.7161356628982528,2.0576599424936544
166,0.7124357656731758,2.0582079166988674
167,0.7179856115107913,2.044629269562669
168,0.7165467625899281,2.0389276872558435
169,0.7202466598150051,2.0301370939272405
170,0.7186022610483042,2.021614388767764
171,0.710174717368962,2.0223936117687793
172,0.7136690647482015,2.0136474918118483
173,0.7093525179856115,2.0120819527958305
174,0.7167523124357656,1.9996963099610034
175,0.7264131551901336,1.9956123874464358
176,0.7200411099691675,1.9874702269347329
177,0.7237410071942446,1.9750367520891996
178,0.726207605344296,1.9725945283550643
179,0.7276464542651593,1.9720937331925927
180,0.7257965056526208,1.9647286321741948
181,0.7301130524152107,1.9561326169281554
182,0.7266187050359713,1.9533544809943235
183,0.7313463514902364,1.9353517011895331
184,0.7346351490236382,1.9370929558745147
185,0.7317574511819116,1.9325037166491565
186,0.7356628982528263,1.9264371990054876
187,0.7410071942446043,1.9186784660705927
188,0.734224049331963,1.9090378949232973
189,0.7366906474820144,1.909204568990333
190,0.7319630010277492,1.9048380103655245
191,0.7430626927029804,1.8928804741121392
192,0.7442959917780062,1.886612209337711
193,0.7504624871531347,1.8735710608138332
194,0.744912641315519,1.8774922470884725
195,0.7401849948612539,1.8685709134892838
196,0.7514902363823227,1.8642600897527304
197,0.747584789311408,1.8625582880743483
198,0.7488180883864337,1.8539125716943534
199,0.7401849948612539,1.854441572877388
200,0.7479958890030832,1.8377228255139593
201,0.756628982528263,1.8319526583415753
202,0.7494347379239465,1.8359583066399272
203,0.7461459403905447,1.8276342681108497
204,0.7486125385405961,1.8215070953349537
205,0.7521068859198355,1.8141580679923879
206,0.7597122302158273,1.8057009375720205
207,0.7494347379239465,1.8053614136126401
208,0.7576567317574512,1.7972983049096698
209,0.7471736896197327,1.8003003481603232
210,0.7486125385405961,1.7929285135690625
211,0.756628982528263,1.7871283729666918
212,0.7543679342240494,1.7731068167877588
213,0.7669064748201438,1.7708734669886292
214,0.7576567317574512,1.766572534290639
215,0.7605344295991778,1.764710938060639
216,0.7638232271325797,1.754711881570924
217,0.7619732785200412,1.749549161664996
218,0.7697841726618705,1.7453713602544347
219,0.7615621788283659,1.7455500715438044
220,0.7586844809866392,1.7378267768965718
221,0.7660842754367935,1.7289280973014949
222,0.7753340184994861,1.7222599802869931
223,0.7741007194244605,1.7158162597762106
224,0.7660842754367935,1.7166844339066885
225,0.7726618705035971,1.707521086018475
226,0.7728674203494348,1.7045808238826332
227,0.7761562178828366,1.6939319315574153
228,0.7681397738951696,1.6935811171673798
229,0.7773895169578623,1.691703664999214
230,0.7780061664953751,1.6844042157097685
231,0.7773895169578623,1.6789781965920272
232,0.778622816032888,1.6758006856473353
233,0.774922918807811,1.6742139917483432
234,0.7835560123329908,1.6637635430721194
235,0.7780061664953751,1.6596280472864227
236,0.7757451181911613,1.6589200576554834
237,0.7847893114080164,1.6535712708917207
238,0.7845837615621788,1.6492242807474558
239,0.7858170606372045,1.6411459399641846
240,0.7825282631038026,1.6355886750451585
241,0.7806783144912641,1.6403236473206992
242,0.7858170606372045,1.6246000828502847
243,0.7886947584789311,1.6205336657236928
244,0.7872559095580678,1.6221956549543517
245,0.786639260020555,1.6165681489079977
246,0.7936279547790339,1.6070328217003598
247,0.7923946557040082,1.6040000089270974
248,0.7960945529290853,1.5960296452719285
249,0.7798561151079136,1.5975560506838322
250,0.7895169578622816,1.594735887386326
251,0.7967112024665981,1.5837237645518742
252,0.8002055498458376,1.5714731492829592
253,0.7969167523124357,1.5746663546635704
254,0.797327852004111,1.570035076876461
255,0.7958890030832477,1.5641280180871302
256,0.7997944501541624,1.559423058790146
257,0.7911613566289826,1.5636540891455233
258,0.7971223021582734,1.5534471231766374
259,0.8030832476875642,1.5430273686259035
260,0.7983556012332991,1.5462011252988401
261,0.7997944501541624,1.5402114758633636
262,0.8028776978417266,1.531415160390848
263,0.808016443987667,1.5303936517985972
264,0.8020554984583762,1.5312238000769778
265,0.8121274409044194,1.5177338798636646
266,0.8102774922918807,1.5185756666197194
267,0.8110996916752312,1.5111743048063162
268,0.8016443987667009,1.5187911422990208
269,0.8154162384378212,1.499536919152749
270,0.8098663926002055,1.5018974417405162
271,0.8115107913669065,1.4968387794641649
272,0.8127440904419322,1.4907497351118129
273,0.8096608427543679,1.4908435216052927
274,0.8125385405960945,1.4849959259533074
275,0.8162384378211717,1.4797902450777154
276,0.8145940390544707,1.4833697641986248
277,0.8113052415210689,1.4716308086283527
278,0.8115107913669065,1.4735019307219848
279,0.8110996916752312,1.4728268258740698
280,0.8238437821171634,1.4591193442476984
281,0.8158273381294964,1.461680883983914
282,0.8215827338129497,1.4537106062623482
283,0.8195272353545735,1.45727197038429
284,0.8152106885919835,1.4525803751960198
285,0.8197327852004112,1.4427616514380397
286,0.8275436793422405,1.4383246568344603
287,0.8287769784172662,1.428013053361828
288,0.8258992805755395,1.42848416582776
289,0.8304213771839671,1.429659226668457
290,0.8306269270298047,1.4226795171294648
291,0.82672147995889,1.4187209819595714
292,0.8215827338129497,1.4168910632275604
293,0.8308324768756423,1.411196332012149
294,0.83103802672148,1.4051560680030675
295,0.8341212744090442,1.400968345586222
296,0.8330935251798561,1.4008724085963642
297,0.8279547790339157,1.3981957416740254
298,0.8316546762589928,1.392766373547106
299,0.8384378211716341,1.3908505316260906
300,0.8332990750256938,1.3868000372585756
301,0.8357656731757451,1.3845490290229145
302,0.8369989722507708,1.3647186538788423
303,0.839054470709147,1.3705372924304817
304,0.8386433710174718,1.365592131046205
305,0.8372045220966084,1.3663945124303694
306,0.8300102774922918,1.3649512831010653
307,0.8483042137718396,1.3585552588518697
308,0.8409044193216855,1.3567517748349494
309,0.8431654676258993,1.3467859124353219
310,0.8402877697841726,1.3525576968967363
311,0.8380267214799589,1.3473416460136225
312,0.8388489208633093,1.348353952175544
313,0.8446043165467626,1.3401397446321681
314,0.8437821171634121,1.3404117790180021
315,0.8460431654676259,1.3280098787927186
316,0.8487153134635149,1.3321332420376566
317,0.8415210688591983,1.3269246632124145
318,0.8474820143884892,1.32334084708056
319,0.8507708119218911,1.3183590239635596
320,0.8485097636176773,1.3135372990081882
321,0.8427543679342241,1.3127949050372085
322,0.8583761562178829,1.3059121131406903
323,0.8526207605344296,1.2998555738168778
324,0.8522096608427544,1.2993578815509212
325,0.8526207605344296,1.305891137549468
326,0.8532374100719424,1.2992600652198751
327,0.8546762589928057,1.2933469896816399
328,0.8530318602261048,1.2912652758140604
329,0.8626927029804727,1.2770545142527596
330,0.8569373072970196,1.2835257505953985
331,0.8587872559095581,1.2791094056626386
332,0.8557040082219939,1.279996169899865
333,0.8672147995889004,1.2660820544439866
334,0.8610483042137719,1.2717331997782206
335,0.8598150051387461,1.265664104518518
336,0.8678314491264132,1.258272995831175
337,0.8686536485097636,1.252962711364613
338,0.8645426515930114,1.2570462488319498
339,0.8647482014388489,1.2494810432716361
340,0.8641315519013361,1.2525615470627474
341,0.8641315519013361,1.2479482136184363
342,0.8655704008221994,1.2375966415008317
343,0.8663926002055499,1.2329854656956547
344,0.8690647482014389,1.2356734189565723
345,0.8680369989722507,1.233731536507484
346,0.8661870503597122,1.229096921399343
347,0.8719424460431655,1.224567710287402
348,0.8709146968139774,1.2202971407835432
349,0.8661870503597122,1.228847040130325
350,0.869475847893114,1.2149697704158364
351,0.8742034943473792,1.211656762223082
352,0.8700924974306269,1.206896596920331
353,0.8682425488180884,1.2127224212315197
354,0.8787255909558068,1.2025695122893276
355,0.8727646454265159,1.2046870755512202
356,0.871120246659815,1.19779421256478
357,0.8766700924974307,1.1976770658287212
358,0.8809866392600205,1.1907099699557502
359,0.873792394655704,1.1950462580462275
360,0.8795477903391572,1.1900651611135038
361,0.8850976361767728,1.1768823923334433
362,0.8760534429599178,1.1808126919928705
363,0.8754367934224049,1.184890991774027
364,0.8729701952723535,1.183506875292983
365,0.8725590955806783,1.180012318654271
366,0.8805755395683453,1.1735587523137923
367,0.8885919835560123,1.1621189090967914
368,0.887153134635149,1.1626158368183186
369,0.8836587872559095,1.1664849489345335
370,0.8805755395683453,1.159432479962783
371,0.8793422404933197,1.1596347630452766
372,0.8785200411099692,1.1590151888738556
373,0.880781089414183,1.1532398377268558
374,0.8867420349434738,1.1533415928406436
375,0.8797533401849948,1.1517285265633406
376,0.8873586844809866,1.145905361636202
377,0.8846865364850977,1.1449901405855907
378,0.892497430626927,1.1375842361386486
379,0.8875642343268243,1.1428166456359754
380,0.8867420349434738,1.138068386952164
381,0.8850976361767728,1.1390044223122826
382,0.8916752312435766,1.1248700391351871
383,0.8865364850976362,1.1378709487532785
384,0.8885919835560123,1.1314137807117828
385,0.889825282631038,1.129060364357614
386,0.887153134635149,1.1188440576976764
387,0.8929085303186023,1.1232040730311716
388,0.892497430626927,1.1155602210839752
389,0.8957862281603289,1.109126619187558
390,0.8848920863309353,1.1135973691695273
391,0.8939362795477903,1.1103170820277373
392,0.8883864337101747,1.1127333338189591
393,0.8931140801644398,1.1043248507371297
394,0.8883864337101747,1.1026189809712943
395,0.8970195272353546,1.0996897840548885
396,0.8933196300102775,1.0960558695513813
397,0.8947584789311408,1.0926111807190992
398,0.8953751284686536,1.0972426467172165
399,0.8957862281603289,1.0944527899863663
400,0.8974306269270298,1.088234890646704
401,0.9054470709146968,1.0837011202266258
402,0.8988694758478931,1.0859841735978044
403,0.9040082219938335,1.077713415862845
404,0.9011305241521069,1.0790001097465467
405,0.8998972250770811,1.077989478934583
406,0.904830421377184,1.0687278000203335
407,0.8986639260020555,1.0732556583947537
408,0.8972250770811921,1.072156211381581
409,0.9029804727646454,1.0628836570516276
410,0.8980472764645426,1.0669737607577598
411,0.9025693730729702,1.0634185697657477
412,0.8974306269270298,1.0635773534764978
413,0.9066803699897225,1.0515294832168847
414,0.9027749229188078,1.0549455436381137
415,0.9085303186022611,1.0469204692409315
416,0.8992805755395683,1.0628122835708178
417,0.9035971223021583,1.0522171183455762
418,0.9103802672147996,1.0439838483914319
419,0.8992805755395683,1.0466467275158842
420,0.9025693730729702,1.041766184182476
421,0.9085303186022611,1.0340769293374417
422,0.9072970195272354,1.0377315056409768
423,0.9035971223021583,1.0368691930300409
424,0.9087358684480986,1.0336513825702764
425,0.9072970195272354,1.033087800891892
426,0.9066803699897225,1.0326976721847902
427,0.9031860226104831,1.034817119835582
428,0.9050359712230216,1.0294306721618707
429,0.9114080164439876,1.0240967323821715
430,0.9087358684480986,1.0279914910967278
431,0.9112024665981501,1.022995081430594
432,0.9083247687564234,1.0174426804588608
433,0.9109969167523124,1.0172338058867656
434,0.9116135662898253,1.0116542270715287
435,0.9064748201438849,1.0222052681237797
436,0.9140801644398767,1.0074569986633504
437,0.9101747173689619,1.009510947192683
438,0.9060637204522096,1.0109846820811696
439,0.9118191161356629,1.0009825965850963
440,0.9155190133607399,0.9986366735332917
441,0.9122302158273381,1.0025456406964794
442,0.9132579650565262,0.9985019247431427
443,0.9175745118191161,0.9988233287679941
444,0.9169578622816033,0.9894770816075716
445,0.9122302158273381,0.9990758067412342
446,0.9140801644398767,0.990594971412745
447,0.9146968139773896,0.9884446741988211
448,0.9146968139773896,0.9909634892031444
449,0.9206577595066804,0.9776271932294165
450,0.9151079136690647,0.9829322377309769
451,0.9179856115107914,0.9851046310299347
452,0.9155190133607399,0.9800220747768328
453,0.9204522096608427,0.9733767041934602
454,0.9190133607399794,0.9782787245567142
455,0.9155190133607399,0.978340462716976
456,0.9130524152106886,0.9839003611321562
457,0.9157245632065776,0.9758725002637747
458,0.9161356628982529,0.9719469535755106
459,0.923535457348407,0.9592165253022714
460,0.9175745118191161,0.9663416455730505
461,0.9155190133607399,0.9673623872072822
462,0.9186022610483042,0.9647882757917092
463,0.9167523124357657,0.9634514537646616
464,0.9198355601233299,0.9519913414399401
465,0.9161356628982529,0.9605199036225753
466,0.9212744090441932,0.9540520466611417
467,0.9237410071942446,0.9519752611481763
468,0.924563206577595,0.9451840619511619
469,0.9229188078108942,0.9496654331867889
470,0.9165467625899281,0.9539173104657667
471,0.926207605344296,0.9491301158349291
472,0.9241521068859199,0.9414819634585562
473,0.9241521068859199,0.9398830993079943
474,0.9231243576567317,0.940451275481472
475,0.9177800616649537,0.9487350537255024
476,0.9227132579650565,0.9383587313212937
477,0.926207605344296,0.9352087252554153
478,0.9220966084275437,0.9373199722872241
479,0.9255909558067832,0.9312165902427877
480,0.9231243576567317,0.928294312770173
481,0.9239465570400822,0.9314320345454201
482,0.9280575539568345,0.9255802694842112
483,0.9268242548818089,0.9257213812202736
484,0.9231243576567317,0.9246881398733203
485,0.9290853031860226,0.9183670830751127
486,0.9239465570400822,0.9233453073825032
487,0.9266187050359712,0.9181524070169306
488,0.9253854059609455,0.9201865022131007
489,0.9223021582733812,0.9238454303172975
490,0.926207605344296,0.9190724936810697
491,0.9290853031860226,0.9104264093695049
492,0.926207605344296,0.9133688666470127
493,0.9280575539568345,0.9119871159741715
494,0.9270298047276464,0.9052463728256853
495,0.9362795477903392,0.9039228193193889
496,0.934224049331963,0.8982721421113362
497,0.9311408016443987,0.8982662650075993
498,0.9303186022610483,0.9009861499040492
499,0.9327852004110997,0.8946440814210357
