epoch,categorical_accuracy,loss
0,0.44152106885919834,5.392545862776157
1,0.463103802672148,4.832355054480934
2,0.4976361767728674,4.496982936917939
3,0.5023638232271326,4.412027975760653
4,0.5081192189105859,4.313264717276516
5,0.5179856115107914,4.1636964592144645
6,0.5064748201438849,4.111741449850069
7,0.5081192189105859,4.081124476073089
8,0.5177800616649537,3.990139270245355
9,0.519218910585817,3.877938596072692
10,0.5146968139773895,3.8838569609258795
11,0.5202466598150052,3.820259838800146
12,0.5336073997944502,3.7382712716066333
13,0.5161356628982529,3.7230101808859657
14,0.5274409044193217,3.6839034279473393
15,0.5290853031860226,3.6638503110911103
16,0.5171634121274409,3.665397619833559
17,0.5266187050359712,3.5901744950344483
18,0.528879753340185,3.556667761346909
19,0.5307297019527235,3.5521204282421492
20,0.5329907502569373,3.480290206093705
21,0.5276464542651593,3.473401826209669
22,0.5175745118191162,3.4869997794924634
23,0.5286742034943474,3.4240130333836745
24,0.5212744090441932,3.448061787898347
25,0.529907502569373,3.369111637417361
26,0.5233299075025694,3.3772086949167126
27,0.5270298047276465,3.3588204244180426
28,0.5327852004110997,3.349156127314161
29,0.5403905447070915,3.290489897232997
30,0.5377183967112025,3.2913332000175703
31,0.5414182939362795,3.2881584118963634
32,0.5311408016443988,3.260196795174421
33,0.5401849948612538,3.237987795297558
34,0.5416238437821171,3.232059105425185
35,0.5479958890030833,3.223689349312699
36,0.5307297019527235,3.2306890088264644
37,0.5362795477903392,3.21218856985988
38,0.5547790339157246,3.179915213756424
39,0.5479958890030833,3.1809353035988566
40,0.5362795477903392,3.1689655101066503
41,0.550256937307297,3.154694158665813
42,0.5274409044193217,3.1667200118885255
43,0.5389516957862281,3.1505072284455413
44,0.5459403905447071,3.132798951306789
45,0.5537512846865364,3.1026033015314867
46,0.5506680369989723,3.0984443481755037
47,0.5492291880781089,3.1051438284067308
48,0.5566289825282631,3.0913860889034916
49,0.5605344295991778,3.079081313681137
50,0.5588900308324769,3.072775271936164
51,0.5605344295991778,3.056638814930068
52,0.5593011305241521,3.0655005373175563
53,0.5607399794450154,3.0566019936921296
54,0.5619732785200411,3.0428369447604235
55,0.5648509763617677,3.0333598912191047
56,0.5634121274409044,3.0238395371392968
57,0.5484069886947585,3.0315080496659625
58,0.5595066803699897,3.0210621189850575
59,0.5625899280575539,3.0014686268868207
60,0.5619732785200411,2.9999472374048652
61,0.5625899280575539,2.9972380049549665
62,0.5775950668036999,2.981292023761667
63,0.5701952723535457,2.9697481121090674
64,0.5597122302158274,2.9757671770309497
65,0.5837615621788284,2.9653313167783732
66,0.5741007194244604,2.951767879399832
67,0.5831449126413155,2.941296045581704
68,0.5790339157245632,2.9412481349639266
69,0.5878725590955807,2.928323922152387
70,0.5780061664953752,2.9333415564138132
71,0.5800616649537513,2.9215127940045598
72,0.5864337101747173,2.902618906652327
73,0.5819116135662898,2.9034451787052764
74,0.5891058581706063,2.8972504031621416
75,0.5806783144912642,2.893451090045235
76,0.590955806783145,2.8848049468151222
77,0.5905447070914697,2.8737762312482342
78,0.589311408016444,2.867200125403174
79,0.5771839671120247,2.8675673811188216
80,0.5872559095580678,2.8544423656620443
81,0.5997944501541624,2.8406556727339773
82,0.596300102774923,2.8377049070223017
83,0.602672147995889,2.8328766114665207
84,0.5934224049331963,2.8292790543751263
85,0.5969167523124358,2.8147680162525863
86,0.6045220966084276,2.8046713934405365
87,0.6065775950668038,2.7989283749893046
88,0.6069886947584789,2.7938995286837636
89,0.6104830421377184,2.7817683622256335
90,0.6051387461459404,2.78217383906138
91,0.6108941418293936,2.7724043433492254
92,0.6055498458376156,2.7693590037746763
93,0.6152106885919836,2.75700469409084
94,0.6230215827338129,2.7430042325653985
95,0.6228160328879754,2.7427176559326707
96,0.6258992805755396,2.730596297715943
97,0.6201438848920864,2.7317123665471486
98,0.6211716341212744,2.72332505998484
99,0.6269270298047277,2.712683717662972
100,0.6341212744090442,2.702303418299645
101,0.6160328879753341,2.702394000060267
102,0.6275436793422405,2.687844087359594
103,0.6289825282631039,2.6848988144395287
104,0.6326824254881809,2.675547925002283
105,0.6314491264131552,2.674756162874745
106,0.6384378211716342,2.6679028675220486
107,0.6275436793422405,2.6587886414326967
108,0.6343268242548818,2.6481482413175295
109,0.6349434737923947,2.640216535311441
110,0.6361767728674204,2.63479251596935
111,0.6491264131551902,2.6225096111062376
112,0.629393627954779,2.627481445232129
113,0.6380267214799589,2.61794771187597
114,0.6376156217882837,2.605681742328044
115,0.6409044193216855,2.5955364717854015
116,0.6423432682425488,2.593570538831517
117,0.6474820143884892,2.5791204744595784
118,0.6419321685508735,2.5786629103438092
119,0.6386433710174717,2.5721169857425044
120,0.6505652620760535,2.564721114686925
121,0.6388489208633094,2.564493260476719
122,0.6559095580678315,2.541093117997188
123,0.6402877697841727,2.549096030836115
124,0.6446043165467625,2.539068524957561
125,0.6532374100719425,2.528030652205966
126,0.6538540596094553,2.5206700512708644
127,0.6509763617677287,2.5165139748160663
128,0.6557040082219938,2.510946885458857
129,0.6554984583761562,2.5035875972716437
130,0.6544707091469681,2.4944168601472234
131,0.6487153134635149,2.493210503498795
132,0.6557040082219938,2.4874155814454095
133,0.6505652620760535,2.4725983396708537
134,0.6532374100719425,2.4671931855357565
135,0.6503597122302158,2.4686068630414533
136,0.6573484069886948,2.4550950499747297
137,0.6563206577595067,2.449435975593261
138,0.6554984583761562,2.4445114091145905
139,0.6705035971223021,2.425192406831763
140,0.6618705035971223,2.4291740952145773
141,0.6746145940390544,2.411417527017466
142,0.6665981500513875,2.408881646780659
143,0.6665981500513875,2.402504738359755
144,0.6575539568345323,2.4007138980990934
145,0.6727646454265159,2.389122041523885
146,0.6770811921891059,2.3777351652853045
147,0.6717368961973279,2.3794841065558723
148,0.6797533401849949,2.3671551470643815
149,0.6735868448098664,2.368791872722394
150,0.6725590955806783,2.3576905953798364
151,0.6694758478931141,2.353080530352852
152,0.6832476875642344,2.3439710915027394
153,0.6789311408016444,2.3381556004683994
154,0.6783144912641316,2.3356389806792524
155,0.6859198355601234,2.3248931567200897
156,0.6795477903391572,2.313476528881265
157,0.6914696813977389,2.3103300364142454
158,0.6723535457348407,2.309056299734949
159,0.6768756423432682,2.2997883023608012
160,0.6799588900308324,2.290633923617811
161,0.6816032887975334,2.283247189360067
162,0.6957862281603289,2.2749376534680548
163,0.6799588900308324,2.2793307461204413
164,0.6838643371017472,2.2682309539810603
165,0.6902363823227132,2.257954458857122
166,0.6881808838643371,2.255316351202507
167,0.6927029804727647,2.244372959053651
168,0.6807810894141829,2.244709343140809
169,0.6931140801644399,2.2318088715270026
170,0.6939362795477904,2.2348155094687763
171,0.6912641315519014,2.223264082558721
172,0.699486125385406,2.21379230211107
173,0.6929085303186022,2.209141640991493
174,0.6922918807810894,2.2066865808059597
175,0.7013360739979445,2.1938347935554057
176,0.702158273381295,2.1876262119593135
177,0.7079136690647482,2.1745835327293497
178,0.6883864337101747,2.188615849231277
179,0.7040082219938335,2.165801901685003
180,0.7017471736896197,2.1696204051206927
181,0.6939362795477904,2.1640955991147113
182,0.7052415210688592,2.152678747020302
183,0.703186022610483,2.1440768401644825
184,0.7216855087358685,2.133742565535323
185,0.7009249743062693,2.1345863199185002
186,0.7109969167523125,2.1287248892259747
187,0.7081192189105858,2.1308163702671723
188,0.7163412127440905,2.110874125058212
189,0.7072970195272353,2.1118388192136632
190,0.7122302158273381,2.1118580194808474
191,0.7163412127440905,2.094725130763353
192,0.714491264131552,2.0923538467254326
193,0.7231243576567318,2.0791938313232294
194,0.7089414182939363,2.0777347765625565
195,0.7218910585817061,2.0746132448300307
196,0.7229188078108941,2.07249913512129
197,0.7227132579650565,2.0614491067466854
198,0.7165467625899281,2.062266723102558
199,0.7194244604316546,2.058574818045605
200,0.7294964028776978,2.040727355913905
201,0.7167523124357656,2.0441450276330713
202,0.7280575539568346,2.0331760521905395
203,0.7216855087358685,2.0337681204785056
204,0.7196300102774923,2.0280240400722067
205,0.7212744090441933,2.0240199706782294
206,0.7247687564234326,2.0219554662949504
207,0.7229188078108941,2.007277156686734
208,0.717163412127441,2.0072691196037833
209,0.7286742034943474,1.9954194269836991
210,0.7329907502569373,1.992998088864114
211,0.7299075025693731,1.9819183484378355
212,0.7237410071942446,1.9833367414611707
213,0.7270298047276464,1.9822329246250479
214,0.7260020554984584,1.9748992751338132
215,0.7282631038026721,1.967927419636992
216,0.7410071942446043,1.9581350662725434
217,0.7311408016443988,1.9548242579261177
218,0.7408016443987667,1.944942428984843
219,0.7272353545734841,1.9502196966927932
220,0.7401849948612539,1.9400815866466417
221,0.7412127440904419,1.9250596824922395
222,0.7383350462487153,1.92505631437037
223,0.7323741007194244,1.9273745990853148
224,0.7430626927029804,1.9120376914280168
225,0.7405960945529291,1.9150084606300033
226,0.7344295991778006,1.9104406668495422
227,0.7387461459403906,1.9087973491015928
228,0.7366906474820144,1.8995009437004318
229,0.7401849948612539,1.8972638482547615
230,0.7428571428571429,1.882239520292488
231,0.7401849948612539,1.8830652213415164
232,0.754573484069887,1.873282082989919
233,0.7428571428571429,1.8709142991229661
234,0.7543679342240494,1.869074997259926
235,0.7479958890030832,1.8614862854164649
236,0.756628982528263,1.8545430480147438
237,0.750256937307297,1.8463148546120858
238,0.7455292908530319,1.8510925964118274
239,0.7486125385405961,1.8385675038732703
240,0.750256937307297,1.8385023280748483
241,0.7553956834532374,1.8275613901916534
242,0.7564234326824255,1.8239376423170242
243,0.7492291880781089,1.8284507747054222
244,0.7611510791366907,1.805297163799635
245,0.7525179856115108,1.8136266643194843
246,0.7619732785200412,1.7997143767230435
247,0.7551901336073998,1.8013930219295458
248,0.7650565262076053,1.7951691548356294
249,0.7642343268242549,1.7840164336491708
250,0.7580678314491264,1.7877341082995377
251,0.7621788283658787,1.7798136064719565
252,0.755601233299075,1.7812582797896335
253,0.762589928057554,1.772615493850865
254,0.766289825282631,1.7701224678466891
255,0.7650565262076053,1.763003723618918
256,0.763617677286742,1.7656955871895677
257,0.7621788283658787,1.7563243792456444
258,0.7568345323741007,1.7542063924783549
259,0.7675231243576567,1.7455785640832209
260,0.7687564234326825,1.7378715351453666
261,0.7747173689619733,1.7343584450763887
262,0.7681397738951696,1.7367230010547225
263,0.7605344295991778,1.7265992345937355
264,0.7767728674203495,1.7158427198768764
265,0.7718396711202467,1.7160397535237844
266,0.7697841726618705,1.721869795491492
267,0.7695786228160328,1.714394934228856
268,0.7854059609455293,1.700548738271825
269,0.7701952723535458,1.7043016430285338
270,0.774922918807811,1.6944219877639017
271,0.7712230215827338,1.693343700901945
272,0.7736896197327852,1.6818530068490636
273,0.7790339157245632,1.677645537860592
274,0.7734840698869476,1.6783455050371412
275,0.7817060637204523,1.674342463072868
276,0.7778006166495375,1.6700609386273548
277,0.7825282631038026,1.666638934134457
278,0.7817060637204523,1.6606919635359088
279,0.7788283658787256,1.6543375975304002
280,0.7697841726618705,1.659986951686863
281,0.7817060637204523,1.6501154005711272
282,0.7909558067831449,1.6388378542226731
283,0.7856115107913669,1.6420831236785387
284,0.781294964028777,1.6361063016771902
285,0.7852004110996916,1.6330104553687241
286,0.7823227132579651,1.6266337021526796
287,0.7948612538540596,1.6177467358933202
288,0.7942446043165468,1.617588872336165
289,0.7849948612538541,1.6172933187661167
290,0.7907502569373073,1.6112959761781291
291,0.7884892086330936,1.6074215462126933
292,0.7969167523124357,1.5990110284622991
293,0.7899280575539568,1.5967332930628588
294,0.7969167523124357,1.5946878415830088
295,0.7884892086330936,1.5959287343510375
296,0.7930113052415211,1.5910056751286505
297,0.8010277492291881,1.5791380718825165
298,0.7815005138746146,1.584953178408702
299,0.7948612538540596,1.5756173840284593
300,0.7960945529290853,1.5716450755667222
301,0.797327852004111,1.5670158993180952
302,0.8102774922918807,1.5606100521989374
303,0.7997944501541624,1.5630579626940015
304,0.7938335046248716,1.5617525312417826
305,0.7997944501541624,1.5553546253725778
306,0.7915724563206578,1.552344446657618
307,0.8032887975334019,1.5389809983852343
308,0.8084275436793422,1.5338449156664136
309,0.8,1.5376865846402599
310,0.8002055498458376,1.5328255108914663
311,0.8018499486125386,1.5296819307576226
312,0.8036998972250771,1.53099381188572
313,0.7981500513874614,1.5267077543507621
314,0.8098663926002055,1.51117855956106
315,0.8012332990750257,1.5218120413963498
316,0.8069886947584789,1.5105698223839317
317,0.8004110996916752,1.5127211211029084
318,0.8113052415210689,1.508514453573315
319,0.8047276464542652,1.5007994927948327
320,0.8090441932168551,1.4992844537742827
321,0.820349434737924,1.4926225751914077
322,0.8084275436793422,1.4947907532351847
323,0.8135662898252827,1.4879298060918025
324,0.8129496402877698,1.4812005216269184
325,0.8164439876670092,1.4740660832082626
326,0.8086330935251799,1.4810508770418314
327,0.8197327852004112,1.4677911482268957
328,0.8090441932168551,1.473359649154412
329,0.8147995889003083,1.4623144091707094
330,0.8158273381294964,1.4646027620380242
331,0.8137718396711202,1.4623271330777567
332,0.8121274409044194,1.4621272925605264
333,0.8100719424460432,1.4618018277257467
334,0.8209660842754368,1.4489423553598135
335,0.8207605344295992,1.446352685759761
336,0.818705035971223,1.4400340584052185
337,0.8246659815005138,1.4325173603422472
338,0.8162384378211717,1.4404567115720963
339,0.823021582733813,1.4319341583830234
340,0.8228160328879753,1.4296164785602723
341,0.8258992805755395,1.4227568165983964
342,0.8287769784172662,1.417297167351655
343,0.8254881808838643,1.4097740894721444
344,0.8273381294964028,1.4151192401442965
345,0.824049331963001,1.4127656035408578
346,0.8324768756423433,1.4014728744375498
347,0.8271325796505653,1.4077131155215947
348,0.8285714285714286,1.3991583817051714
349,0.8332990750256938,1.3928366318268497
350,0.8205549845837615,1.4010006595123463
351,0.8330935251798561,1.3882030499557307
352,0.8252826310380267,1.394106961276769
353,0.8335046248715313,1.3901527297460041
354,0.8343268242548818,1.3848207728100705
355,0.8326824254881808,1.3787603169036426
356,0.8228160328879753,1.3822650647481936
357,0.833710174717369,1.3762270720375038
358,0.833710174717369,1.3699733286697842
359,0.8341212744090442,1.3665294090743423
360,0.8357656731757451,1.3622566257939432
361,0.8345323741007195,1.3633606651704089
362,0.8332990750256938,1.3592625414112245
363,0.8437821171634121,1.3506707337507853
364,0.8398766700924974,1.3534062587222484
365,0.8415210688591983,1.3503242316741002
366,0.847070914696814,1.3443674439884041
367,0.8398766700924974,1.3459533809022814
368,0.8330935251798561,1.3502364849137622
369,0.8402877697841726,1.3440946043579085
370,0.8415210688591983,1.335359362561068
371,0.8435765673175745,1.3289969662845686
372,0.8439876670092498,1.3302255276418296
373,0.8415210688591983,1.3244890991242302
374,0.8452209660842754,1.3144457302505164
375,0.8382322713257965,1.32424315682173
376,0.8460431654676259,1.313982083030497
377,0.8526207605344296,1.3082765935013743
378,0.8427543679342241,1.3108929917354133
379,0.8464542651593011,1.3077193648940122
380,0.8378211716341213,1.3103463881062334
381,0.8522096608427544,1.2991266403144335
382,0.8505652620760534,1.2962505207032364
383,0.8526207605344296,1.291365292873559
384,0.8548818088386434,1.2856098098720579
385,0.8476875642343268,1.2925502619787452
386,0.8548818088386434,1.2837371673515374
387,0.8542651593011306,1.279979024320565
388,0.8501541623843782,1.27928794599143
389,0.8491264131551901,1.2796677101062723
390,0.8517985611510791,1.2769299428240002
391,0.8546762589928057,1.274536533149884
392,0.8596094552929086,1.2694730339290428
393,0.8550873586844809,1.2671008302030926
394,0.8571428571428571,1.261024062140995
395,0.8618705035971223,1.2585659807779561
396,0.8530318602261048,1.2615271142305842
397,0.8513874614594039,1.2566325271484908
398,0.8610483042137719,1.2551864853620773
399,0.8552929085303186,1.256351924653166
400,0.8608427543679342,1.2482899114259836
401,0.8649537512846865,1.2416337531247585
402,0.8544707091469681,1.2414887437840036
403,0.8608427543679342,1.23961774962289
404,0.8610483042137719,1.2350464775285397
405,0.8608427543679342,1.228871757839591
406,0.863103802672148,1.2328346937680417
407,0.8635149023638232,1.2281910842883745
408,0.8670092497430627,1.2238958933860646
409,0.8606372045220966,1.2291171869050561
410,0.8707091469681397,1.2206813205182858
411,0.8655704008221994,1.2203802846808596
412,0.8602261048304214,1.2195699479572575
413,0.8655704008221994,1.2191391361458084
414,0.866803699897225,1.2106446381095501
415,0.8698869475847893,1.2074412398323615
416,0.8682425488180884,1.202461762344972
417,0.8659815005138746,1.209825906136053
418,0.8723535457348407,1.2010885945572025
419,0.8727646454265159,1.1982516285081806
420,0.8729701952723535,1.2022300426418464
421,0.8729701952723535,1.1937736166466912
422,0.868448098663926,1.1934024764724527
423,0.8702980472764645,1.1884776449889587
424,0.8766700924974307,1.1876576319995422
425,0.8731757451181912,1.1840712411798162
426,0.8756423432682425,1.1790697238673165
427,0.8643371017471737,1.188014036704923
428,0.8779033915724563,1.1723765916348974
429,0.8826310380267215,1.1741999406608745
430,0.876464542651593,1.1692136871851484
431,0.8813977389516958,1.1649333840406444
432,0.878108941418294,1.1744999713544855
433,0.8795477903391572,1.161609243758536
434,0.8719424460431655,1.1630517752050495
435,0.8809866392600205,1.1576970543915297
436,0.8770811921891059,1.1619269902145017
437,0.8850976361767728,1.1585130204399712
438,0.8779033915724563,1.1554394954032545
439,0.886125385405961,1.144766351522424
440,0.8776978417266187,1.1513550596516522
441,0.881808838643371,1.1538053411128955
442,0.8832476875642343,1.1460062107103823
443,0.8820143884892087,1.1408354671493954
444,0.8789311408016444,1.1451002068044225
445,0.8867420349434738,1.1395277410469957
446,0.8766700924974307,1.1421162219601324
447,0.8900308324768756,1.1310250409583027
448,0.8799588900308325,1.1322465098038974
449,0.8830421377183967,1.129136823676718
450,0.8816032887975334,1.1318310001526193
451,0.8840698869475848,1.1289794076996007
452,0.8939362795477903,1.1145520214554216
453,0.8787255909558068,1.1260503270030635
454,0.8916752312435766,1.1147719227030246
455,0.8877697841726618,1.1125626700265068
456,0.887153134635149,1.1150067921900186
457,0.8865364850976362,1.1093164713997758
458,0.8883864337101747,1.115529028521535
459,0.8935251798561151,1.1042837759451165
460,0.8865364850976362,1.1119939534539187
461,0.8892086330935252,1.1068300999693366
462,0.894141829393628,1.0959349447384645
463,0.8955806783144913,1.0922637327846987
464,0.889825282631038,1.098037209907759
465,0.8875642343268243,1.1060200824276885
466,0.8939362795477903,1.0918944682026204
467,0.8910585817060637,1.0943695134151141
468,0.8937307297019528,1.0878518916352558
469,0.8964028776978418,1.0804871334201385
470,0.8927029804727646,1.084259460727088
471,0.889825282631038,1.0895076558866825
472,0.8949640287769784,1.0800887767972094
473,0.8984583761562179,1.0676806390591784
474,0.8916752312435766,1.079856959729621
475,0.8933196300102775,1.0711261995037193
476,0.8982528263103803,1.0713991066902293
477,0.8912641315519013,1.0763104120481908
478,0.897841726618705,1.0707589877350112
479,0.9019527235354573,1.061382127359494
480,0.8966084275436793,1.0659473881079506
481,0.8974306269270298,1.060146507550364
482,0.8998972250770811,1.0624359718697167
483,0.9013360739979445,1.0577950738316817
484,0.9075025693730729,1.0453281589549221
485,0.9003083247687564,1.0580804998436053
486,0.9009249743062693,1.0553368154189569
487,0.8970195272353546,1.0487794752601238
488,0.8990750256937308,1.0439653662836441
489,0.9044193216855088,1.0437260843376952
490,0.9077081192189106,1.0413539500545255
491,0.8980472764645426,1.0459405341349304
492,0.9052415210688592,1.0394546398155982
493,0.8996916752312436,1.0363055193411974
494,0.9087358684480986,1.0297198353176371
495,0.9122302158273381,1.0328350746374335
496,0.9126413155190134,1.0241146235279777
497,0.8992805755395683,1.0362474651522897
498,0.9079136690647482,1.02787825899526
499,0.9060637204522096,1.0283321244498564
