epoch,acc,loss,val_acc,val_loss
0,0.6031378600823045,0.7047382571079113,0.6043165471301417,0.7041844426054136
1,0.6021090534979424,0.6319543258152871,0.6043165471301417,0.7021178684033691
2,0.6018518518518519,0.5722249390657056,0.6043165471301417,0.7032630086435199
3,0.6010802469135802,0.5370631161540624,0.6043165471301417,0.7048940034956506
4,0.746656378600823,0.4928300667692114,0.5919835563798848,0.713389280398605
5,0.8539094650205762,0.46303728848327824,0.5796505652927054,0.7211145313278622
6,0.8742283950617284,0.4353669467286318,0.5642343271918067,0.7298790972377389
7,0.8873456790123457,0.42362294582182486,0.5724563209640526,0.7399861794826551
8,0.9038065843621399,0.4034785800019409,0.5693730732764885,0.751851764330516
9,0.9133230452674898,0.39391663020530354,0.5683453240473003,0.7632740252064532
10,0.9128086419753086,0.3833507748297703,0.5601233302137957,0.7774006144850987
11,0.9215534979423868,0.3757039204301167,0.5570400822505677,0.796671401437483
12,0.9256687242798354,0.366942131347617,0.5714285717348646,0.8087344067314791
13,0.9305555555555556,0.35450194904833665,0.5652620763597361,0.8271805178469769
14,0.9313271604938271,0.34422254746342884,0.5683453237716365,0.8427708805648788
15,0.9367283950617284,0.3375570799833463,0.5673175748793708,0.8587726080160347
16,0.9328703703703703,0.3371449938281573,0.562178828396508,0.8772685613563592
17,0.9333847736625515,0.32822085076889385,0.5755395683759531,0.8957885844366891
18,0.9431584362139918,0.31551659671367444,0.5714285714592008,0.9044042576988824
19,0.9421296296296297,0.3171427170190301,0.5889003083553981,0.9168093429317454
20,0.9380144032921811,0.3130500802287349,0.5775950671099931,0.9288722274237277
21,0.9313271604938271,0.3160867432262672,0.5827338133171921,0.9452324597220504
22,0.9421296296296297,0.29878303617116353,0.5817060637510815,0.95870881439603
23,0.9421296296296297,0.29951429011399855,0.5704008222300126,0.9794518136537087
24,0.9436728395061729,0.2950044300698449,0.5642343271918067,0.9962953879801367
25,0.9467592592592593,0.28675275538193346,0.548818088417063,1.0234407694342202
26,0.9467592592592593,0.2833534843391842,0.5652620764209947,1.045177033663041
27,0.9470164609053497,0.28074145832179503,0.5652620764209947,1.065700349925356
28,0.9452160493827161,0.28060834581959887,0.56320657790136,1.0826038895873593
29,0.9475308641975309,0.2756798085852415,0.5704008222912713,1.1053544815250682
30,0.9501028806584362,0.2717000426333628,0.5601233302137957,1.1365023266374759
31,0.9470164609053497,0.2691917856043749,0.5601233302750543,1.1604670164886506
32,0.9547325102880658,0.26052585268707434,0.5673175748793708,1.1858233925249937
33,0.9483024691358025,0.2646191732137782,0.5662898256501828,1.1971569257306907
34,0.9516460905349794,0.2588506939479844,0.5662898256501828,1.2167636292076307
35,0.9511316872427984,0.25409054952393834,0.562178828396508,1.2361764415317547
36,0.9521604938271605,0.25293064975934754,0.5580678314797557,1.2593691490536971
37,0.9521604938271605,0.24936065795244994,0.564234327130548,1.2743585102972244
38,0.9565329218106996,0.24050448975935884,0.5652620764209947,1.2872262025541048
39,0.9570473251028807,0.23817587867685797,0.5632065776869547,1.2948421519192248
40,0.9521604938271605,0.24603834122787288,0.5611510792285785,1.3101666797591873
41,0.9580761316872428,0.2363780033563881,0.5652620760840723,1.336906457915213
42,0.9567901234567902,0.2348528101488396,0.556012333358302,1.3619783248097654
43,0.9565329218106996,0.2323795338717017,0.5590955810458662,1.398750007703885
44,0.9570473251028807,0.23096548695377853,0.5467625902956094,1.4290085694650216
45,0.956275720164609,0.22911084587436645,0.5560123332970434,1.4398406171235127
46,0.9598765432098766,0.22552021350634932,0.5529290856707378,1.4587931124548996
47,0.9575617283950617,0.22416161466773155,0.5745118194836875,1.4657913974475762
48,0.9578189300411523,0.22364696007942467,0.5621788287334305,1.4983478428035943
49,0.9565329218106996,0.22251586027351428,0.5673175748181123,1.506668882894369
50,0.9565329218106996,0.21922944713031314,0.5580678317554195,1.535325521126558
51,0.9598765432098766,0.21353110741563294,0.5642343270692894,1.5477008520637976
52,0.9580761316872428,0.21514534925727688,0.5693730732152298,1.5635171576124547
53,0.9591049382716049,0.21427708024105419,0.5693730732152298,1.5807760630457643
54,0.9629629629629629,0.20617848309715098,0.5693730732152298,1.6005005095870006
55,0.9573045267489712,0.21296652305273361,0.5642343270692894,1.6211505754020943
56,0.9588477366255144,0.2087674644994147,0.5775950671099931,1.6450324935756264
57,0.9619341563786008,0.20311635787840243,0.5734840701932408,1.6526838934311274
58,0.963477366255144,0.2010690159022563,0.5683453240473003,1.6756730000014664
59,0.9642489711934157,0.19920457783059328,0.5549845840678553,1.7051535629172487
60,0.9619341563786008,0.19840480111263417,0.5539568348386672,1.7277318372143258
61,0.9632201646090535,0.19779549398049406,0.5519013364415497,1.745669988480771
62,0.9645061728395061,0.19360882264596443,0.5467625902956094,1.7811957268161127
63,0.9639917695473251,0.192735918571429,0.5570400825262315,1.8157053036655453
64,0.966820987654321,0.18840715197133429,0.5570400825262315,1.8392962739254441
65,0.9627057613168725,0.19281653176855157,0.5590955809846077,1.8470056304461175
66,0.9650205761316872,0.18890771588670863,0.556012333358302,1.8644758448203813
67,0.9583333333333334,0.19480099912288257,0.554984584129114,1.88443316425841
68,0.9657921810699589,0.18348540874665656,0.556012333358302,1.9143486217751655
69,0.9647633744855967,0.1837309297833423,0.5498458379831735,1.9223145088458478
70,0.9660493827160493,0.18071172285227127,0.5580678317554195,1.9569953888317786
71,0.9637345679012346,0.18518712086442077,0.5611510794429838,1.971138259183466
72,0.9657921810699589,0.179283974377952,0.5560123332970434,1.999711697172653
73,0.9647633744855967,0.18075259210764136,0.5621788286721718,2.032444494111197
74,0.9627057613168725,0.1836198095554187,0.5519013364415497,2.0522028454038614
75,0.9657921810699589,0.1781020964124075,0.5519013364415497,2.0615575172673273
76,0.9614197530864198,0.1850256613252585,0.550873587151103,2.0797838900096615
77,0.9660493827160493,0.1771524600653982,0.556012333358302,2.0834544652044955
78,0.9686213991769548,0.17022525644842,0.5621788287334305,2.1030350895359238
79,0.9683641975308642,0.17258661221942784,0.5662898256501828,2.120118266141917
80,0.9637345679012346,0.177415059427175,0.568345324108559,2.138217473569166
81,0.9632201646090535,0.17804178889886832,0.5632065779626185,2.1647906787348923
82,0.9660493827160493,0.17153676657519715,0.5621788287334305,2.191578840670336
83,0.9603909465020576,0.18082105727107436,0.5621788286721718,2.2151042586852934
84,0.9688786008230452,0.16684970394574075,0.5683453240473003,2.2378108974350934
85,0.967335390946502,0.16772250843391498,0.5580678317554195,2.2597132777873683
86,0.9686213991769548,0.1667029244418988,0.5580678317554195,2.31840530034817
87,0.9647633744855967,0.1706083979871538,0.5549845840678553,2.340801932583855
88,0.9627057613168725,0.17517902968842305,0.5611510794429838,2.3359168913724613
89,0.9637345679012346,0.17069995176399685,0.5683453240473003,2.358011476795083
90,0.967335390946502,0.16790495647324455,0.5673175748181123,2.362956553176888
91,0.9691358024691358,0.16260506301627728,0.5590955809846077,2.3698175390847296
92,0.966820987654321,0.16451714669235448,0.5662898255889242,2.369852879432098
93,0.9681069958847737,0.16115384696074475,0.5590955809846077,2.3806253209756063
94,0.9691358024691358,0.16000387495682564,0.5611510795042424,2.3942419022229813
95,0.9678497942386831,0.16094661366056512,0.5642343271918067,2.4126913330660327
96,0.9737654320987654,0.14953383607138332,0.5601233302750543,2.4355996709933385
97,0.9704218106995884,0.155169602038929,0.5601233302750543,2.469513443121562
98,0.9699074074074074,0.15950666423197146,0.5498458379831735,2.4840172861242342
99,0.9639917695473251,0.16633556176114966,0.55704008258749,2.48204259208393
100,0.966820987654321,0.16026712316299171,0.5477903395247974,2.52041064737267
101,0.9655349794238683,0.1647035497022264,0.5488180887539855,2.537549081221146
102,0.9719650205761317,0.15085859989187844,0.5519013361046272,2.558849178507296
103,0.970164609053498,0.15430587312444247,0.5477903391878749,2.5802972819062693
104,0.9683641975308642,0.15721321553605083,0.5519013361046272,2.584378809380017
105,0.9696502057613169,0.1552957667980665,0.5529290856707378,2.6223762331861633
106,0.9691358024691358,0.15409286381531154,0.5436793422711226,2.645005249291015
107,0.9678497942386831,0.15483010977261352,0.5426515930419346,2.666372817319809
108,0.9704218106995884,0.15277947816583845,0.5426515930419346,2.6737962152583012
109,0.9719650205761317,0.14784907969672983,0.5477903391878749,2.698800792797006
110,0.9696502057613169,0.15251772461359392,0.5436793422711226,2.697527878331011
111,0.9735082304526749,0.14473744579916628,0.5498458376462511,2.7159995663937906
112,0.9660493827160493,0.1615921883487407,0.5529290853338154,2.7359603255037657
113,0.9693930041152263,0.15071458390956063,0.5539568345630034,2.753496484913292
114,0.967335390946502,0.15608309261470174,0.548818088417063,2.7669154669005973
115,0.9696502057613169,0.1500577183417332,0.5457348407294987,2.7775613194501902
116,0.9699074074074074,0.15193791552580924,0.5529290853338154,2.7856171074776097
117,0.9693930041152263,0.15115941177915643,0.5539568348999259,2.7866490920058014
118,0.970164609053498,0.14800362166308573,0.5549845837921915,2.8130640351392504
119,0.9642489711934157,0.16184268510084093,0.554984584129114,2.7973625240933613
120,0.9639917695473251,0.16203079277595867,0.5632065779626185,2.810123540637182
121,0.9729938271604939,0.14465830383109457,0.5570400825262315,2.8081036301335476
122,0.970679012345679,0.14795150414661126,0.56320657790136,2.800605432715225
123,0.9755658436213992,0.13786789256726764,0.564234327130548,2.8187559513491935
124,0.9663065843621399,0.1567814351661215,0.5693730732764885,2.8174476863668976
125,0.9732510288065843,0.1426816326048639,0.5734840701932408,2.826603636712234
126,0.9719650205761317,0.14603361107194374,0.5755395686516169,2.8364059227956164
127,0.9678497942386831,0.15336677968624687,0.5755395686516169,2.845109932101643
128,0.9657921810699589,0.15812149012285004,0.5714285717961232,2.873148615656752
129,0.9699074074074074,0.1504752844756032,0.5755395686516169,2.893642129045351
130,0.9717078189300411,0.14580040176709494,0.5734840701932408,2.931568057539529
131,0.9688786008230452,0.15132348950752997,0.5755395683759531,2.936726652828542
132,0.970679012345679,0.14804336358122375,0.5683453237716365,2.9382431779098903
133,0.9657921810699589,0.15992074039737875,0.5683453237716365,2.9399207850031837
134,0.9717078189300411,0.14533902974530993,0.5714285717348646,2.936526982781821
135,0.9714506172839507,0.14540185960231986,0.5734840702544993,2.977939278346784
136,0.9732510288065843,0.1421030857926043,0.5714285717961232,2.9827382226397052
137,0.9699074074074074,0.14714447007257753,0.5652620764209947,3.00992885130895
138,0.9665637860082305,0.15468334553786267,0.569373073337747,3.020226072309441
139,0.9709362139917695,0.14483312060558257,0.5786228164004398,3.023537279155492
140,0.970164609053498,0.14815602454628965,0.5837615624851215,3.0295302168315876
141,0.967335390946502,0.15439399282750768,0.5837615624851215,3.0323665176364156
142,0.9704218106995884,0.1463967884273686,0.5683453240473003,3.039553462417618
143,0.9722222222222222,0.14370215901867353,0.5745118193611701,3.0470015407221167
144,0.9714506172839507,0.14424018295090876,0.5673175748181123,3.0617707089309456
145,0.9735082304526749,0.1413836201706541,0.5724563209640526,3.0607730790988024
146,0.9758230452674898,0.1324191163044898,0.5621788286721718,3.083888588069277
147,0.9722222222222222,0.1432150031129519,0.5662898255889242,3.0797837270617117
148,0.9693930041152263,0.14697310788395965,0.5724563209640526,3.060834176493818
149,0.9722222222222222,0.1414242356463715,0.576567317880805,3.0507776989598683
150,0.9678497942386831,0.15181170247587156,0.576567317880805,3.0821826989702186
151,0.9763374485596708,0.1330630679005458,0.5837615624851215,3.055950262318657
152,0.9791666666666666,0.12595609081870734,0.5755395686516169,3.083193294068402
153,0.9735082304526749,0.14070647614605633,0.5704008224444178,3.110153437640905
154,0.9727366255144033,0.1416454995855873,0.5652620762984775,3.1038103179598395
155,0.9753086419753086,0.1381358645028538,0.5704008224444178,3.117780299985519
156,0.9709362139917695,0.14707718059849836,0.564234327130548,3.1288018768149803
157,0.9760802469135802,0.13329976367852325,0.5796505655683692,3.1191370026548255
158,0.9755658436213992,0.134915280228657,0.5806783147975573,3.133787793343751
159,0.9747942386831275,0.13874263806966106,0.5817060640267453,3.155038178395882
160,0.9783950617283951,0.12554068777541566,0.5786228163391811,3.1668075388039005
161,0.9765946502057613,0.132855183456415,0.5714285717961232,3.1989912709866375
162,0.9745370370370371,0.13859221504794228,0.5662898255889242,3.2137511288641902
163,0.9750514403292181,0.13441906406433005,0.5724563208415354,3.2274277891431535
164,0.9758230452674898,0.13349998978430352,0.5642343270692894,3.232321205266578
165,0.9781378600823045,0.1266938727578999,0.5632065778401013,3.2385868739493704
166,0.9722222222222222,0.14306595219383514,0.5549845840678553,3.272620160435111
167,0.974022633744856,0.13678503655847699,0.5549845840678553,3.291161566329517
168,0.974022633744856,0.13743204025574673,0.5539568348386672,3.2821630917007116
169,0.9763374485596708,0.13114683391380702,0.5560123332970434,3.319282771872102
170,0.970164609053498,0.14495988876976593,0.5416238441496689,3.341684964063356
171,0.9717078189300411,0.1450557336517813,0.5498458379831735,3.350681007704779
172,0.9717078189300411,0.14313981614608334,0.554984584129114,3.3632008485411813
173,0.9781378600823045,0.1279271886120608,0.554984584129114,3.336620536639536
174,0.9817386831275721,0.12072857769796387,0.5601233302137957,3.359811650028209
175,0.9755658436213992,0.1334050060422332,0.551901336380291,3.3685426410643684
176,0.9760802469135802,0.13476775197212587,0.5539568348386672,3.3683127643883166
177,0.9768518518518519,0.1320713902881116,0.5570400825262315,3.377511080588001
178,0.9745370370370371,0.13572613186674354,0.5570400825262315,3.372162628761911
179,0.9732510288065843,0.14014953151038645,0.5570400825262315,3.378388849828863
180,0.9763374485596708,0.13232161162934677,0.5539568348386672,3.402083053863306
181,0.9758230452674898,0.13334300093076848,0.5529290856094792,3.402371240176743
182,0.9727366255144033,0.1418348303363647,0.550873587151103,3.4239877760104016
183,0.977880658436214,0.12648479166774101,0.5580678317554195,3.4295903891478146
184,0.9763374485596708,0.13240587421589428,0.5529290856094792,3.444023688307524
185,0.9776234567901234,0.12927870998166716,0.5560123332970434,3.440632135502971
186,0.9753086419753086,0.1345136849355305,0.551901336380291,3.444844341719138
187,0.9765946502057613,0.13265904259902458,0.5488180886927269,3.470770755260111
188,0.9755658436213992,0.1322632617175334,0.5529290856094792,3.4813008918546577
189,0.9763374485596708,0.1319075905614429,0.5488180886927269,3.501411164529767
190,0.9786522633744856,0.12440861853552454,0.5549845840678553,3.5179093802943138
191,0.9809670781893004,0.12023019588287966,0.5580678317554195,3.510830437659237
192,0.9804526748971193,0.12139611399958654,0.5560123332970434,3.532304059074692
193,0.9753086419753086,0.1347799611435015,0.551901336380291,3.51625686632766
194,0.9765946502057613,0.1314896916349729,0.5652620763597361,3.497133292005094
195,0.9783950617283951,0.1285554546510241,0.564234327130548,3.4648492774884967
196,0.9783950617283951,0.1274990491231773,0.5683453240473003,3.4686439725869973
197,0.9819958847736625,0.1188885927077674,0.569373073337747,3.462386520646459
198,0.9745370370370371,0.13593590777719952,0.5745118194224288,3.4585932918344717
199,0.977366255144033,0.1284885813363295,0.5745118193611701,3.4681645530100838
200,0.9765946502057613,0.1312995988706993,0.5693730732764885,3.4377444559844155
201,0.9745370370370371,0.1375595472231814,0.5673175748181123,3.4522665571210807
202,0.9729938271604939,0.14070791505859712,0.5786228163391811,3.4813074994552786
203,0.9765946502057613,0.12812818825980762,0.5755395686516169,3.486296213665577
204,0.9786522633744856,0.12509298606664557,0.5734840701932408,3.4886477856082267
205,0.9714506172839507,0.14421819104456607,0.5745118194224288,3.52080014308212
206,0.9758230452674898,0.13258464907299836,0.5755395686516169,3.5138645336292265
207,0.9745370370370371,0.13671236117312938,0.5724563209640526,3.52626952777051
208,0.9758230452674898,0.13309725245207915,0.5755395686516169,3.5016820305788015
209,0.9789094650205762,0.12570018241557565,0.5745118194224288,3.524918329801491
210,0.974022633744856,0.13901817203794486,0.5775950671099931,3.543894382812014
211,0.974022633744856,0.1377101103342119,0.5755395686516169,3.558182722740526
212,0.9771090534979424,0.13020206138552953,0.576567317880805,3.56350011374698
213,0.9781378600823045,0.1293146563655555,0.5745118194224288,3.554188636444578
214,0.9768518518518519,0.1334157100123633,0.5745118193611701,3.554762550150135
215,0.9799382716049383,0.12387998788445084,0.5734840701932408,3.573518776575071
216,0.9765946502057613,0.13236136504529436,0.5796505655683692,3.5765350837746723
217,0.9786522633744856,0.12605894697301182,0.5745118194224288,3.574716421707561
218,0.9763374485596708,0.13315651452345123,0.5755395686516169,3.5738943130359866
219,0.9796810699588477,0.12524048361635992,0.5775950671099931,3.5712489287875293
220,0.9791666666666666,0.12375421628907875,0.5755395686516169,3.5805737825238815
221,0.974022633744856,0.13795553193784055,0.5827338132559334,3.553699345652393
222,0.9789094650205762,0.12511245047849884,0.576567317880805,3.587219448765895
223,0.9791666666666666,0.12596605331809432,0.5745118194224288,3.5863857166372615
224,0.9742798353909465,0.1390461111939493,0.5693730732764885,3.575728888869408
225,0.9727366255144033,0.14321996196491238,0.576567317880805,3.574226991245705
226,0.9781378600823045,0.12858010331789652,0.5704008225056765,3.590304569742295
227,0.9758230452674898,0.13151580962992498,0.5724563209640526,3.599562882151903
228,0.9760802469135802,0.13323607297284612,0.5724563209640526,3.598998579434966
229,0.9753086419753086,0.13379415820655507,0.5693730732764885,3.624529727561378
230,0.977366255144033,0.13373431391676757,0.5704008225056765,3.645648158466461
231,0.9804526748971193,0.12181033420955202,0.5704008225056765,3.6741821802654835
232,0.9794238683127572,0.12508400606275094,0.5755395686516169,3.66758246706054
233,0.9750514403292181,0.13815007637802956,0.576567317880805,3.672540308637707
234,0.9768518518518519,0.1298292519624341,0.5704008225056765,3.6504362166111664
235,0.9768518518518519,0.13176918425309805,0.5714285717348646,3.647703005378072
236,0.9729938271604939,0.14264761610531512,0.5683453240473003,3.662364190063398
237,0.9789094650205762,0.12567802549267013,0.5714285717348646,3.6727098818305586
238,0.9809670781893004,0.1219803345362836,0.5714285717348646,3.6761722584300025
239,0.9791666666666666,0.12683746180355304,0.5724563209640526,3.677591805835422
240,0.9794238683127572,0.12354986900042114,0.5755395686516169,3.666795907750772
241,0.9742798353909465,0.13937008086545968,0.5827338132559334,3.6679774433343777
242,0.977366255144033,0.13181992928371017,0.5755395686516169,3.652467491937933
243,0.9763374485596708,0.12957486114752145,0.5806783147975573,3.6339651930613974
244,0.9753086419753086,0.13538258516616783,0.5817060640267453,3.6157458225477637
245,0.9825102880658436,0.11704555061864264,0.576567317880805,3.6127091919407937
246,0.9765946502057613,0.1337602881277785,0.5786228162779224,3.613743500008735
247,0.9755658436213992,0.13481996010667013,0.5858170609434976,3.6196635627060485
248,0.9796810699588477,0.12460838698249295,0.5847893116530509,3.6277397078330815
249,0.9804526748971193,0.12189563863561968,0.5786228162779224,3.644563216957257
