epoch,acc,loss,val_acc,val_loss
0,0.5192901234567902,0.7167696827723656,0.5220966086113196,0.7129999202544985
1,0.6324588477366255,0.6969815706029351,0.5745118192999116,0.7099005348390812
2,0.6936728395061729,0.6778434066124904,0.5560123332357848,0.7084443577759557
3,0.7157921810699589,0.6610474996115445,0.5632065778401013,0.7066770624771392
4,0.7536008230452675,0.6371352157475035,0.571428571673606,0.7063396382552379
5,0.7762345679012346,0.6125117655644201,0.5673175747568536,0.7048144879591061
6,0.7888374485596708,0.5884833151911512,0.5765673177582877,0.7050902186782853
7,0.8032407407407407,0.5582789479459754,0.5745118193611701,0.7070155206221593
8,0.816358024691358,0.5336391766375475,0.5704008223831593,0.7095453030403936
9,0.8179012345679012,0.5150560393254944,0.5734840700707234,0.7103181097269793
10,0.8425925925925926,0.4791401543734986,0.5734840700707234,0.7155295909982546
11,0.841820987654321,0.46043255483662643,0.5755395685290996,0.7203073054398932
12,0.8503086419753086,0.44182616680737874,0.5724563208415354,0.7315250401751723
13,0.8446502057613169,0.42914729108535704,0.5786228162166639,0.7409134573338578
14,0.8603395061728395,0.4021614548355464,0.5693730731539711,0.7510040405475346
15,0.8521090534979424,0.3971676160523921,0.5632065777788426,0.7579943011500485
16,0.8554526748971193,0.38422456150682865,0.5745118192999116,0.7675935025082831
17,0.8672839506172839,0.3732790870921602,0.5642343270080308,0.7823415749609655
18,0.8613683127572016,0.3695604306925471,0.5632065777788426,0.7898871251147428
19,0.8693415637860082,0.3460516903871371,0.5704008223831593,0.8038733814137567
20,0.8724279835390947,0.33904716525794054,0.5652620762372188,0.8157712112105272
21,0.8667695473251029,0.3359198626667384,0.5683453239247831,0.8211831969322918
22,0.8757716049382716,0.3197828597492642,0.5673175747568536,0.8350441445427098
23,0.8744855967078189,0.3132426531471833,0.5621788286109133,0.8486719197629045
24,0.8765432098765432,0.3117496177492809,0.5611510793204665,0.8622826691276613
25,0.8665123456790124,0.31744885806438855,0.5601233301525371,0.8823632955061078
26,0.8688271604938271,0.3089979630684166,0.558067831694161,0.8921294208053204
27,0.8662551440329218,0.3073365319167636,0.558067831694161,0.9051577236277472
28,0.8690843621399177,0.30489863265198447,0.5560123332357848,0.9203952043666624
29,0.8775720164609053,0.2952183665929998,0.5549845840065967,0.9373378912321955
30,0.8742283950617284,0.2969233188854814,0.5570400824649728,0.9440496780154394
31,0.8806584362139918,0.28435536348280105,0.5611510793817251,0.9582387816011599
32,0.875,0.2882707521258068,0.5673175747568536,0.9684277353281843
33,0.878343621399177,0.28160460771601875,0.5539568347774086,0.9913170024032828
34,0.8806584362139918,0.2728072036931544,0.5601233301525371,1.0046057839555338
35,0.8768004115226338,0.2743468997164518,0.5673175747568536,1.020369423134109
36,0.8719135802469136,0.2770697136597378,0.5652620762984775,1.028299894938121
37,0.8850308641975309,0.2634127140045166,0.5642343270692894,1.0472347714918122
38,0.8734567901234568,0.2682785173502479,0.5642343270692894,1.0601250244436626
39,0.8824588477366255,0.2600366881600133,0.5570400824649728,1.079593195699592
40,0.8786008230452675,0.2645429109717593,0.5673175747568536,1.097239856913548
41,0.8747427983539094,0.26853093688870655,0.5611510793817251,1.118746293840771
42,0.8834876543209876,0.259118271340068,0.571428571673606,1.1348626747160753
43,0.8870884773662552,0.24975514393529774,0.5683453239860417,1.142497707307645
44,0.8791152263374485,0.2560610174519535,0.559095580923349,1.1574149786629633
45,0.8773148148148148,0.253682248202371,0.5549845840065967,1.175107155894939
46,0.8865740740740741,0.24587207063725947,0.5539568347774086,1.1919318498222335
47,0.8888888888888888,0.24448787552829632,0.5693730732152298,1.2012140300634095
48,0.8858024691358025,0.25085261231096684,0.5683453239860417,1.2190261407844332
49,0.8873456790123457,0.24468418207678774,0.5611510793817251,1.249636864858198
50,0.8834876543209876,0.2433440329606641,0.5529290856094792,1.2787180038787356
51,0.886059670781893,0.2384133825208915,0.5590955809846077,1.300938461814363
52,0.8878600823045267,0.23472644787266422,0.56320657790136,1.3178594492199731
53,0.8989197530864198,0.22881877686015864,0.5611510794429838,1.3371669746253865
54,0.8914609053497943,0.23321029997656864,0.5621788286721718,1.330820012558156
55,0.897633744855967,0.22399237209264142,0.5724563209640526,1.333404330898532
56,0.8960905349794238,0.22179331866556726,0.5693730732764885,1.3505215314039836
57,0.9002057613168725,0.21891318145112246,0.5724563209640526,1.3770057473863875
58,0.9030349794238683,0.2171796928830598,0.5590955809846077,1.4119371901068143
59,0.8989197530864198,0.21409021514188115,0.5498458379219149,1.4522288567238206
60,0.9045781893004116,0.210877662823524,0.5611510794429838,1.4752692031958365
61,0.9038065843621399,0.2044857375538398,0.551901336380291,1.5067931941699884
62,0.88940329218107,0.22684115944085298,0.5519013363190325,1.522100113523705
63,0.8986625514403292,0.2117133878876643,0.5549845840678553,1.5325152866641885
64,0.9097222222222222,0.2042437187192862,0.5570400825262315,1.556281037100295
65,0.9040637860082305,0.2100922843065772,0.5590955809846077,1.583773984080841
66,0.9110082304526749,0.20321557312100022,0.5611510794429838,1.6010807484296463
67,0.9050925925925926,0.19735000126155805,0.5570400825262315,1.62893680396575
68,0.9099794238683128,0.19946332061241684,0.5498458379219149,1.6691418124127364
69,0.9140946502057613,0.19680774966139852,0.5549845840678553,1.6811275857080537
70,0.9117798353909465,0.1992478012548062,0.5580678317554195,1.6969533095256888
71,0.9104938271604939,0.19469073488388533,0.5560123332970434,1.7088106593762247
72,0.9135802469135802,0.19218296950123437,0.5580678317554195,1.724173272256371
73,0.9238683127572016,0.18730992698129803,0.5580678317554195,1.735273019872981
74,0.9218106995884774,0.18641549722893247,0.5570400825262315,1.765743893807618
75,0.9171810699588477,0.19118153429571003,0.5529290856094792,1.792014574588019
76,0.9223251028806584,0.1901308799722067,0.5580678317554195,1.8190291081033532
77,0.9243827160493827,0.18377240738015116,0.550873587151103,1.8729898639230051
78,0.9266975308641975,0.18016582083554916,0.551901336380291,1.8907002926117837
79,0.9254115226337448,0.18625298173093993,0.5488180886927269,1.9137937667313485
80,0.9248971193415638,0.18448498746985761,0.5447070917759745,1.9380434467270586
81,0.9272119341563786,0.17892065215012665,0.5447070917759745,1.9576201326187934
82,0.9228395061728395,0.18168420491763104,0.5467625902343507,1.9682917104840647
83,0.9207818930041153,0.18504849382879313,0.5457348410051626,1.9901752614043844
84,0.9223251028806584,0.18372783003520574,0.5467625902343507,2.0080850538467456
85,0.9287551440329218,0.17005680489196698,0.5467625902343507,2.0369651010078123
86,0.9277263374485597,0.17203632288386303,0.5539568348386672,2.0451175878618875
87,0.9279835390946503,0.17495638634932875,0.5539568348386672,2.0606827090234945
88,0.9300411522633745,0.17279928763216906,0.5549845840678553,2.0862005329083075
89,0.9279835390946503,0.1738737296665647,0.550873587151103,2.1097235588963694
90,0.9256687242798354,0.17448109250377725,0.5477903394635387,2.114053070361421
91,0.9266975308641975,0.16936205799687545,0.5560123332970434,2.1450110983873074
92,0.9241255144032922,0.17614350734669484,0.5570400824649728,2.18010061078792
93,0.9259259259259259,0.17630957667964967,0.559095580923349,2.2112025096017067
94,0.9375,0.16472160485055712,0.5549845840065967,2.2302935593909865
95,0.9313271604938271,0.1666259858220693,0.5560123332357848,2.2317034083304645
96,0.9344135802469136,0.1617014803636221,0.550873587151103,2.248822223980895
97,0.9369855967078189,0.15992631603783541,0.5457348410051626,2.2409094200839976
98,0.9320987654320988,0.16791485121220717,0.554984584129114,2.2439310141482065
99,0.9300411522633745,0.17011028506750922,0.551901336380291,2.2692827037770114
100,0.930298353909465,0.16951674557149166,0.551901336380291,2.313665907405018
101,0.926954732510288,0.16652876359445076,0.5570400824649728,2.3410048612220193
102,0.9346707818930041,0.15992951454449092,0.559095580923349,2.3334433481112535
103,0.934156378600823,0.1658802109122767,0.559095580923349,2.350186274696107
104,0.9338991769547325,0.16110564326798474,0.5570400824649728,2.38368707668622
105,0.926954732510288,0.16861518935411554,0.5508735870898444,2.416797775648848
106,0.9308127572016461,0.1603515690859453,0.5529290855482205,2.418132328423542
107,0.9320987654320988,0.16774697528209215,0.5611510793817251,2.4334137339263635
108,0.934156378600823,0.15507701008653443,0.5549845840065967,2.476509068264623
109,0.9323559670781894,0.1626713028476562,0.5519013363190325,2.502969453170635
110,0.9390432098765432,0.15680330657541997,0.551901336380291,2.528474254206298
111,0.9328703703703703,0.16165383037470987,0.5436793424855279,2.5490580033912935
112,0.9375,0.15342279821021076,0.5477903394022802,2.566392660140991
113,0.9356995884773662,0.15535954891899487,0.5549845840065967,2.593851889515217
114,0.934156378600823,0.15792116041414042,0.546762590173092,2.604926538614428
115,0.9344135802469136,0.15841284590493504,0.5508735870898444,2.6102155796180404
116,0.9320987654320988,0.15611993763672471,0.545734840943904,2.6249669210761324
117,0.9344135802469136,0.15948268835559304,0.545734840943904,2.665894523063887
118,0.9403292181069959,0.15413828994388934,0.545734840943904,2.6756451583227174
119,0.9344135802469136,0.15733645883975206,0.5498458378606563,2.702557505953594
120,0.9393004115226338,0.15293272155425186,0.5405960947979636,2.732274303945951
121,0.9395576131687243,0.14960250325899555,0.5436793425467864,2.7618762858725034
122,0.9320987654320988,0.1621688870490824,0.5477903394635387,2.7739142509060555
123,0.9416152263374485,0.15430102561726983,0.5447070917759745,2.8072823069200976
124,0.9434156378600823,0.14812951807867844,0.5498458378606563,2.806531606940792
125,0.9400720164609053,0.14608382743327217,0.546762590173092,2.8140839633569197
126,0.9367283950617284,0.15200119830453346,0.5447070917147159,2.83567037415774
127,0.9372427983539094,0.15585009371976793,0.545734840943904,2.8493229208355206
128,0.9400720164609053,0.15240699876053834,0.5416238440271517,2.8480962508751455
129,0.9375,0.15326266119509568,0.5447070917759745,2.8601971331750256
130,0.9444444444444444,0.14935152980771085,0.5457348410051626,2.8764134533971335
131,0.9372427983539094,0.15331850403252942,0.5457348410051626,2.870369044751817
132,0.9354423868312757,0.1513098047226054,0.5364850979424699,2.8711441744268247
133,0.9346707818930041,0.1525202146712154,0.5364850979424699,2.8929158384238827
134,0.941358024691358,0.14902057771574814,0.5426515933175984,2.922025744250965
135,0.9421296296296297,0.14864724776381819,0.550873587151103,2.9519328784354544
136,0.9375,0.15070393779640825,0.5426515933175984,2.9715943973576544
137,0.9416152263374485,0.14875175834560592,0.5447070917147159,2.9808325510230853
138,0.9403292181069959,0.15122942298405456,0.5395683456300342,2.9938972020810826
139,0.9390432098765432,0.14708977716940422,0.5467625902343507,3.0000727610377345
140,0.9356995884773662,0.1564331268700062,0.5395683456300342,3.0086160590690305
141,0.9441872427983539,0.15049133606163073,0.5457348410051626,3.0292513225943556
142,0.9390432098765432,0.15351797318384972,0.5457348410051626,3.0459138550714258
143,0.9344135802469136,0.15842729377648468,0.5570400824649728,3.050836450639511
144,0.9421296296296297,0.1461021889445713,0.5519013363190325,3.056987974160989
145,0.9390432098765432,0.15042413703698682,0.5529290855482205,3.0502227516605576
146,0.9354423868312757,0.15717796086038582,0.5508735870898444,3.034629810505756
147,0.9403292181069959,0.1503234641327534,0.5549845840065967,3.056996820151867
148,0.9369855967078189,0.14973121289731053,0.5519013363190325,3.0653000164620066
149,0.9351851851851852,0.1566347187009368,0.5529290855482205,3.0773056509070873
150,0.9354423868312757,0.15466818529269333,0.5539568347774086,3.083638207640457
151,0.9387860082304527,0.15357992816486477,0.5519013363190325,3.117684845566627
152,0.9380144032921811,0.14947583051130114,0.5519013363190325,3.116968262967446
153,0.9454732510288066,0.14439522999304313,0.5467625902343507,3.1439973371982086
154,0.9477880658436214,0.13958229823612872,0.5498458379219149,3.1584872481511774
155,0.9421296296296297,0.1457727047702903,0.550873587151103,3.1594310858021784
156,0.9400720164609053,0.1463396853993459,0.5488180886927269,3.1657283556057028
157,0.9375,0.1482380650968218,0.5477903394022802,3.1804676261737193
158,0.9362139917695473,0.15015337953474295,0.545734840943904,3.214714864787683
159,0.9444444444444444,0.14814737494345065,0.5395683456300342,3.24693448496992
160,0.944701646090535,0.14361866293743314,0.5426515932563397,3.2581348208459775
161,0.9423868312757202,0.14201084242313486,0.5375128471103994,3.2581741123748342
162,0.9416152263374485,0.14481654944120612,0.5395683456300342,3.281804308249306
163,0.948045267489712,0.1434810263384517,0.537512847171658,3.2911730993688413
164,0.9372427983539094,0.15387844469076323,0.5364850979424699,3.2975641478002378
165,0.9457304526748971,0.1438770709950247,0.5364850979424699,3.340927407283332
166,0.9398148148148148,0.14999268308220576,0.5416238440884104,3.3493362771766404
167,0.9382716049382716,0.1498676078861633,0.5385405964008461,3.3488983039620726
168,0.9387860082304527,0.15416559429816257,0.5416238440884104,3.3412017462064894
169,0.9405864197530864,0.1441900439775039,0.537512847171658,3.3610798361857652
170,0.9457304526748971,0.14373793348731329,0.5447070917759745,3.3764930727057934
171,0.9395576131687243,0.1503167292831366,0.5498458379219149,3.3786315530814224
172,0.9467592592592593,0.14165176205919602,0.5447070917759745,3.402080309476784
173,0.9436728395061729,0.14500847694927774,0.5457348410051626,3.4316404598467396
174,0.9472736625514403,0.14449469656242755,0.537512847171658,3.4421859267804265
175,0.9359567901234568,0.15242543899350697,0.5344295994840937,3.4558127144502833
176,0.9470164609053497,0.13929723442336658,0.5395683455687755,3.4716248438757713
177,0.9493312757201646,0.14009448754076115,0.5354573486520232,3.478648952442965
178,0.9477880658436214,0.14519469584089248,0.5405960947979636,3.4825844411859777
179,0.9472736625514403,0.14167451938238654,0.5344295994228351,3.520767354524148
180,0.9467592592592593,0.13902666723286664,0.5282631040477067,3.5459200130337187
181,0.9387860082304527,0.14833575720159115,0.533401850193647,3.537793426817515
182,0.9429012345679012,0.14068696727600608,0.5405960947979636,3.553313688041005
183,0.941358024691358,0.14312106723525397,0.5426515932563397,3.548946361747577
184,0.9465020576131687,0.14291109325586523,0.5405960947979636,3.552560967752157
185,0.9439300411522634,0.13954557343520255,0.5364850978812112,3.5423967762326654
186,0.9390432098765432,0.14943032018809652,0.5354573486520232,3.543153490584041
187,0.9465020576131687,0.14025892206916102,0.5395683455687755,3.5492815758194487
188,0.9421296296296297,0.14422130477403908,0.5395683455687755,3.541183303095944
189,0.9434156378600823,0.14319573493038185,0.5354573486520232,3.525304067049095
190,0.9423868312757202,0.14467919010806968,0.5375128471103994,3.5019827771162326
191,0.9498456790123457,0.1309296236423308,0.5344295994228351,3.51306700927013
192,0.9459876543209876,0.14263966333105732,0.5395683455687755,3.5196411381767563
193,0.9477880658436214,0.14085034415923028,0.5498458378606563,3.5159332100435985
194,0.9465020576131687,0.13827128309771847,0.5436793424855279,3.5425330019438253
195,0.9524176954732511,0.12981232550041175,0.5405960947979636,3.5406673101580033
196,0.9459876543209876,0.14365984962432962,0.5385405963395874,3.539443614671556
197,0.9534465020576132,0.1356864877872997,0.5436793424855279,3.5494502504707484
198,0.9472736625514403,0.13940931568420473,0.5426515932563397,3.5478716545947897
199,0.9508744855967078,0.13625030164365415,0.5364850978812112,3.5783434855117093
200,0.9565329218106996,0.12921967247018107,0.5385405963395874,3.5899055028623326
201,0.9495884773662552,0.1372192983703358,0.5488180886314682,3.61140758895678
202,0.9516460905349794,0.13632685271064932,0.5529290855482205,3.60962173063978
203,0.9537037037037037,0.1387269526045509,0.546762590173092,3.6143406473965465
204,0.9488168724279835,0.140394014494164,0.5447070917759745,3.613685069569336
205,0.9495884773662552,0.14371542221724742,0.5405960947979636,3.643076861137476
206,0.9508744855967078,0.14092223401422854,0.545734840943904,3.6434563274618776
207,0.9488168724279835,0.14243838975949544,0.5405960947979636,3.658511179446684
208,0.9521604938271605,0.13457650136309887,0.5354573486520232,3.662787176477211
209,0.9503600823045267,0.13806926060483288,0.533401850193647,3.665361719533326
210,0.956275720164609,0.13385528807409505,0.5385405963395874,3.668005484348701
211,0.9531893004115226,0.1361465571225916,0.5477903394022802,3.689786122734721
212,0.9498456790123457,0.139726331357848,0.5436793424855279,3.7325764388489207
213,0.9483024691358025,0.1401916266162209,0.545734840943904,3.736321441438681
214,0.9529320987654321,0.13627221892154756,0.5395683455687755,3.7486801760047213
215,0.9493312757201646,0.1452790545031367,0.5395683455687755,3.7635488750265655
216,0.9483024691358025,0.14233747339297714,0.5395683456300342,3.765526347880741
217,0.9547325102880658,0.13609613472051582,0.5467625902343507,3.7890121226198015
218,0.941358024691358,0.15153361944320762,0.5498458379219149,3.7628795995251614
219,0.9537037037037037,0.1386647259686219,0.5447070917759745,3.7491530514449525
220,0.9521604938271605,0.1407110588356791,0.5477903394635387,3.72102597561059
221,0.9578189300411523,0.13713357698770218,0.5457348410051626,3.748452552175963
222,0.9552469135802469,0.1381439042618736,0.5354573487132819,3.7501786154563725
223,0.9534465020576132,0.14260794458443246,0.5416238440884104,3.793950722616966
224,0.9565329218106996,0.1401031014237384,0.5395683456300342,3.7811400361075798
225,0.9555041152263375,0.1382562941545812,0.5354573487132819,3.785943213126642
226,0.9537037037037037,0.14093591539580144,0.5447070917759745,3.8170175309784
227,0.9557613168724279,0.1407443121259595,0.5334018502549057,3.8180801481284194
228,0.9498456790123457,0.1466543536188671,0.5354573487132819,3.8060113428062916
229,0.9534465020576132,0.1400245509643123,0.5364850979424699,3.821693832803238
230,0.9557613168724279,0.1404907068107354,0.537512847171658,3.8285472696878684
231,0.9537037037037037,0.13904266007275248,0.5405960948592222,3.8373139931266134
232,0.9547325102880658,0.136811259290809,0.5447070917759745,3.85256298693454
233,0.9537037037037037,0.13989564739627602,0.5405960948592222,3.8579218615485855
234,0.9513888888888888,0.1444462045812558,0.5323741010257176,3.834165050216471
235,0.9573045267489712,0.1341026528382007,0.5344295994840937,3.791335034835988
236,0.95190329218107,0.1431617250535714,0.5395683456300342,3.787906650894102
237,0.9544753086419753,0.13806885045497017,0.5395683456300342,3.810253394715955
238,0.9575617283950617,0.13492946565887073,0.5364850980037286,3.806096146555133
239,0.9557613168724279,0.13681601366572418,0.5344295994840937,3.8065587114332144
240,0.95190329218107,0.142730046339609,0.5385405964008461,3.8321971153306325
241,0.9549897119341564,0.13898395375950345,0.5447070918372332,3.8498615809359262
242,0.9560185185185185,0.13408755219767612,0.542651593378857,3.843917613896902
243,0.9498456790123457,0.14497304861069707,0.5405960949204809,3.858115144280711
244,0.9575617283950617,0.13523913838674503,0.5375128472329166,3.8423226058544384
245,0.956275720164609,0.14155394810830615,0.5436793426080451,3.85123524562918
246,0.9557613168724279,0.140268727309174,0.5416238441496689,3.8919300253810274
247,0.956275720164609,0.13653427276591706,0.5395683456912928,3.9026057627071213
248,0.9575617283950617,0.13415841522162833,0.5436793426080451,3.886992155341671
249,0.9585905349794238,0.13696961252041806,0.5354573487745404,3.907465005827587
