epoch,acc,loss,val_acc,val_loss
0,0.5606995884773662,0.7074316403993364,0.5817060640267453,0.703577745671385
1,0.6203703703703703,0.6736896383909532,0.5806783147975573,0.7000862443312345
2,0.6556069958847737,0.6409004843284073,0.5971223025258251,0.6974349451334602
3,0.6790123456790124,0.6024118848298312,0.5889003083553981,0.6985138230799158
4,0.690843621399177,0.5654032852178739,0.5940390545013384,0.700775344778553
5,0.7091049382716049,0.5345974641817587,0.5940390545013384,0.7052056420008668
6,0.7299382716049383,0.500135899816521,0.5817060637510815,0.7137002085487743
7,0.7399691358024691,0.47690161461692776,0.5775950668343293,0.7225057629127541
8,0.7520576131687243,0.4453411894570653,0.5786228164004398,0.7307452587037513
9,0.7654320987654321,0.41912051262678923,0.5724563206883888,0.7435795703380228
10,0.8009259259259259,0.3949836106212051,0.5498458376462511,0.7571070898718604
11,0.8145576131687243,0.3853312697675493,0.5436793422711226,0.770044915967708
12,0.8500514403292181,0.3628900284139217,0.5436793423936399,0.7862931870973122
13,0.8590534979423868,0.3517470289895564,0.5498458377687684,0.8017852627361176
14,0.8757716049382716,0.33122315365100596,0.5416238438740051,0.8182915215134499
15,0.8858024691358025,0.3190918331774174,0.5395683454156289,0.8384254008133389
16,0.8955761316872428,0.31731121248178523,0.5282631038945601,0.8565389389614407
17,0.8963477366255144,0.30526120623443354,0.5354573484988766,0.8708546591687178
18,0.904320987654321,0.2918827602402173,0.5354573484988766,0.8903481464101747
19,0.9027777777777778,0.29180461119231865,0.5405960946448171,0.9071996214455961
20,0.9086934156378601,0.2770122049276721,0.548818088417063,0.9267346681328251
21,0.8999485596707819,0.2780861844741758,0.5519013361658859,0.942836796759579
22,0.907664609053498,0.2710540744748135,0.5395683454768876,0.9613635606167863
23,0.9146090534979424,0.2616802812113193,0.5436793423936399,0.9837263568944823
24,0.9110082304526749,0.2584233520698155,0.5560123331438969,0.9992452496002291
25,0.9225823045267489,0.24508949421315526,0.5601233300606492,1.0226735904552464
26,0.9143518518518519,0.24540779687494899,0.5447070916228279,1.0474293318951362
27,0.9194958847736625,0.24473122124073438,0.5457348407141841,1.0669687269647956
28,0.9282407407407407,0.23321375655539242,0.5447070914849961,1.092008739311673
29,0.9194958847736625,0.24132282860239837,0.5560123331438969,1.1042248830275816
30,0.9236111111111112,0.2355717475767489,0.5539568346855207,1.1246854450327763
31,0.9308127572016461,0.22068433304137164,0.5529290854563326,1.158151299465842
32,0.9233539094650206,0.22747403953546358,0.5611510792285785,1.1782550360904078
33,0.9320987654320988,0.21455462191085267,0.5498458377687684,1.1996488420470768
34,0.9326131687242798,0.21866686685095107,0.5519013362271445,1.2256681183994367
35,0.9297839506172839,0.21834711883784322,0.5560123331438969,1.2618317101744194
36,0.9207818930041153,0.22654402961210948,0.5477903393103922,1.2900599465463292
37,0.930298353909465,0.21665836999445787,0.5560123330826382,1.3017310348836149
38,0.9351851851851852,0.20739359197057325,0.5539568345630034,1.317223352616517
39,0.9385288065843621,0.20037835670842064,0.5642343269161428,1.3462768367971203
40,0.9346707818930041,0.2063530809840057,0.559095580831461,1.3717900765763036
41,0.9364711934156379,0.20016061805893856,0.5549845837921915,1.3991740597727855
42,0.9331275720164609,0.20158819713219694,0.5570400822505677,1.4218886925284688
43,0.9315843621399177,0.20086703470950265,0.5426515931031932,1.4572373365204234
44,0.9390432098765432,0.19731092072808692,0.5436793422711226,1.4818524932077217
45,0.9318415637860082,0.20284730612986374,0.553956834624262,1.5059597592682168
46,0.9364711934156379,0.19471446571894635,0.5621788284577667,1.530769299627698
47,0.9418724279835391,0.18620967880320646,0.5580678315410144,1.5544477060421888
48,0.9398148148148148,0.19132384136625769,0.5611510792285785,1.5844956461229158
49,0.9375,0.19305757184823355,0.5549845838534502,1.5982243201225415
50,0.9426440329218106,0.18393444226970398,0.5560123330213795,1.6263788506036427
51,0.9346707818930041,0.18943142890930176,0.5560123330213795,1.6475153278103836
52,0.9393004115226338,0.18748449062001069,0.56115107916732,1.6795258794021999
53,0.9475308641975309,0.17530768815382028,0.5601233299381319,1.702839994479549
54,0.9457304526748971,0.17707610718997907,0.5662898253132603,1.7264363091871648
55,0.9369855967078189,0.18612754774191742,0.5673175745424485,1.745317327032844
56,0.9369855967078189,0.18545701443658444,0.5621788284577667,1.7795053655540098
57,0.948045267489712,0.169706186149346,0.567317574603707,1.8019750137858377
58,0.9423868312757202,0.1797155197939755,0.5570400823118262,1.8383856586660168
59,0.9362139917695473,0.18835973859201244,0.5601233299993905,1.8608014176830359
60,0.944701646090535,0.17542642612516143,0.5549845838534502,1.874705137476279
61,0.948045267489712,0.17176982306649166,0.5447070915615694,1.8863841438587499
62,0.9439300411522634,0.1723547608825405,0.5570400823118262,1.9152845481194303
63,0.9400720164609053,0.17776725953253208,0.5570400823730849,1.9347843839600298
64,0.9403292181069959,0.17948637448956448,0.5590955807702024,1.9515675628540572
65,0.9457304526748971,0.17131383171297396,0.558067831602273,1.9817488759541684
66,0.9454732510288066,0.16978947180534096,0.5601233300606492,2.032793409900332
67,0.9416152263374485,0.1773676760648013,0.559095580831461,2.0509704031655134
68,0.9444444444444444,0.17315334829773923,0.5539568346855207,2.0782949971025553
69,0.9483024691358025,0.1674149733941251,0.5457348408520161,2.1191250631032474
70,0.9452160493827161,0.16672893264043478,0.5539568346855207,2.153303448244822
71,0.9465020576131687,0.16698125164204664,0.5529290854563326,2.160902505053278
72,0.9429012345679012,0.16591679629842931,0.5498458377687684,2.202682798959981
73,0.9459876543209876,0.16779221158949928,0.5447070916228279,2.221507967804833
74,0.9495884773662552,0.16361813523151256,0.5436793423936399,2.2462751328761383
75,0.9459876543209876,0.16444610690874328,0.5488180885395803,2.2590785781256586
76,0.9431584362139918,0.1687588094438545,0.5508735869979564,2.2819417304639824
77,0.9465020576131687,0.1641573409239451,0.5498458376309364,2.302457048371051
78,0.9467592592592593,0.16301724676487378,0.5529290854563326,2.3229755032099284
79,0.9498456790123457,0.1587390122712885,0.5529290854563326,2.340938244179611
80,0.9426440329218106,0.17209151105135065,0.5560123330060649,2.342592618203237
81,0.9516460905349794,0.15907322296512472,0.5519013360893126,2.369534631672278
82,0.9498456790123457,0.16177131854948193,0.5488180885395803,2.4102633947703724
83,0.9423868312757202,0.17341699647437397,0.5570400823730849,2.421707397374685
84,0.9457304526748971,0.17013356061997237,0.559095580831461,2.414953927709534
85,0.9516460905349794,0.15833226566819988,0.5570400823118262,2.4148872028519413
86,0.948045267489712,0.16440311153975043,0.5642343269774015,2.4582811171324868
87,0.9498456790123457,0.16286588800542148,0.5529290853338154,2.4735644836464985
88,0.9377572016460906,0.17895926363428924,0.5570400823118262,2.487204883963574
89,0.9503600823045267,0.16051260394201358,0.5549845838534502,2.4954209312995683
90,0.9465020576131687,0.1686850385165509,0.5580678315410144,2.5275920424897524
91,0.9531893004115226,0.15690785112940234,0.56115107916732,2.5486801569900432
92,0.9537037037037037,0.1536378582993162,0.5632065776869547,2.5584184856355985
93,0.9526748971193416,0.1600621670116613,0.5570400823118262,2.576302205425862
94,0.9483024691358025,0.16434895633547394,0.5560123330826382,2.6055089929978625
95,0.9565329218106996,0.1502894408724926,0.5601233300606492,2.603630769657084
96,0.9575617283950617,0.15174664124662493,0.5642343269161428,2.61756145108763
97,0.9526748971193416,0.15450416210992837,0.5549845838534502,2.6495302524743076
98,0.9521604938271605,0.15945780323243436,0.5570400823730849,2.671667895851253
99,0.9526748971193416,0.15849342804264138,0.5549845839147087,2.6943267060698366
100,0.9516460905349794,0.15780699427848982,0.5539568346855207,2.6863120888634553
101,0.9593621399176955,0.15270833971569078,0.5549845839147087,2.696966587823317
102,0.9537037037037037,0.1564879785655948,0.5549845839147087,2.7196847517713367
103,0.9588477366255144,0.15065323021799448,0.5611510792285785,2.765702364256056
104,0.9524176954732511,0.15425021262693797,0.5632065776869547,2.7835750844471256
105,0.9585905349794238,0.1441180512554361,0.559095580831461,2.808344664088501
106,0.9493312757201646,0.1635959483069893,0.553956834624262,2.808348570918743
107,0.9470164609053497,0.16451648297746485,0.5426515931644518,2.837376009891114
108,0.9524176954732511,0.15457275322803254,0.5447070915003107,2.8257159878024094
109,0.9603909465020576,0.14659155650761882,0.5560123330826382,2.83584007819902
110,0.9531893004115226,0.1544440673058661,0.5539568346855207,2.8476484770152455
111,0.9580761316872428,0.15197471167447635,0.5560123330826382,2.873623266249497
112,0.9552469135802469,0.15233852591656855,0.5570400823118262,2.8783827450390587
113,0.9549897119341564,0.14971633721526267,0.5549845838534502,2.877459057556027
114,0.9542181069958847,0.1529267557854515,0.5570400823730849,2.9082252011392247
115,0.9624485596707819,0.1385068929459087,0.5519013361658859,2.940343084462745
116,0.9557613168724279,0.15380625724179264,0.5519013361658859,2.9470230173109
117,0.9526748971193416,0.1537625110198441,0.5508735869366979,2.9392231547207652
118,0.9501028806584362,0.1606566952886405,0.5447070915615694,2.9469945477312174
119,0.9647633744855967,0.1368622722817056,0.5498458376462511,2.953090869142977
120,0.9570473251028807,0.14956686841975514,0.5467625900199455,2.9481649903574803
121,0.9552469135802469,0.15155544490725906,0.5436793422711226,2.9579070430375323
122,0.9542181069958847,0.15347900756715258,0.5508735868754392,2.9748286852978727
123,0.9526748971193416,0.1552812231114372,0.5477903392491336,2.987595491027048
124,0.9614197530864198,0.14622843780635317,0.5447070915615694,3.0111760627574076
125,0.9542181069958847,0.1520992821013486,0.5447070916228279,3.0336508216740294
126,0.9570473251028807,0.14850159087544115,0.5457348407907574,3.0494882832573227
127,0.9547325102880658,0.15182867646217346,0.552929085395074,3.0729224248143163
128,0.9552469135802469,0.15049299048911396,0.5519013361658859,3.0740519667700896
129,0.9632201646090535,0.1449149337754328,0.5477903392491336,3.0804479462759837
130,0.9609053497942387,0.1415790678787624,0.5477903391725603,3.0955221224174223
131,0.9588477366255144,0.14439130387433763,0.5539568346855207,3.079611005910499
132,0.9580761316872428,0.1469411890754484,0.5467625900812041,3.083022765976062
133,0.9616769547325102,0.1422983460404255,0.5601233299381319,3.0797857351195286
134,0.9585905349794238,0.14213960470608722,0.5601233299381319,3.0906140365679
135,0.9560185185185185,0.14741328125627934,0.5549845838534502,3.0857448979737456
136,0.9619341563786008,0.14280253572105872,0.5560123330213795,3.082577263831112
137,0.9585905349794238,0.14485817601896608,0.5488180884783217,3.128819578843151
138,0.9529320987654321,0.1541283721173251,0.553956834624262,3.1306074824632133
139,0.9573045267489712,0.14397188901533314,0.552929085395074,3.148486237854286
140,0.9606481481481481,0.1433802643491898,0.5590955807089438,3.1747925352584665
141,0.963477366255144,0.13603464793030617,0.562178828396508,3.1860271842972225
142,0.9632201646090535,0.13809987083997255,0.5549845837921915,3.1832211642446646
143,0.9645061728395061,0.14158533878409812,0.5560123330213795,3.171841130839835
144,0.9616769547325102,0.14130991004376744,0.5539568345630034,3.1833594230071616
145,0.9642489711934157,0.13944639691722738,0.5529290853338154,3.186021476463326
146,0.9591049382716049,0.14194934281670016,0.5580678318166782,3.204883038323805
147,0.9591049382716049,0.14475943145070055,0.5529290856707378,3.1743399129006993
148,0.9580761316872428,0.1479610941169684,0.5498458379831735,3.1854710441699132
149,0.9593621399176955,0.14090598576966626,0.5601233299381319,3.206808052474646
150,0.9557613168724279,0.15436681881240366,0.56115107916732,3.201497155862869
151,0.9665637860082305,0.1308872250556455,0.5549845837921915,3.216655729730965
152,0.9616769547325102,0.14172568800763338,0.5477903391878749,3.2337618721964914
153,0.9583333333333334,0.14854570723487517,0.5498458376462511,3.2366962403457187
154,0.9603909465020576,0.14295495008674178,0.5498458379831735,3.2480134875776834
155,0.9614197530864198,0.14116433777926882,0.5529290853338154,3.2722910712458737
156,0.9552469135802469,0.15506025949500715,0.5498458379831735,3.285454731438412
157,0.959619341563786,0.14079424968840162,0.5549845837921915,3.298698634062372
158,0.9549897119341564,0.14902908943685483,0.5477903395247974,3.2982802802710225
159,0.9593621399176955,0.14606064610152578,0.548818088417063,3.2807794068112037
160,0.9621913580246914,0.14226551111710906,0.5457348407294987,3.291326169487384
161,0.9609053497942387,0.14218430021785414,0.554984584129114,3.2805269482446966
162,0.963477366255144,0.13914174868614096,0.556012333358302,3.3024960696268426
163,0.9639917695473251,0.14168365710556752,0.5508735872123617,3.2962357402460425
164,0.9609053497942387,0.14369232084893396,0.5416238438127465,3.3391358374569178
165,0.9611625514403292,0.1431879949115922,0.5375128472329166,3.340008953737453
166,0.9642489711934157,0.1379394099545577,0.5426515931031932,3.3504314280487404
167,0.9583333333333334,0.1454240187174744,0.5467625900199455,3.3551159821458367
168,0.9652777777777778,0.13637521347881834,0.5436793423323812,3.3591533736359303
169,0.9639917695473251,0.14000438901867887,0.5395683454156289,3.3574863225068485
170,0.9637345679012346,0.13873716866896477,0.5385405961864409,3.363012057536675
171,0.9645061728395061,0.1383095306685432,0.5467625899586869,3.376173671200979
172,0.9696502057613169,0.1273507522457421,0.5457348407907574,3.407373886069193
173,0.9655349794238683,0.13903340988566357,0.5457348407294987,3.4367061744368455
174,0.9632201646090535,0.136792683215053,0.5405960946448171,3.4520681651743685
175,0.966820987654321,0.13217807757388417,0.5405960946448171,3.451952153095116
176,0.9693930041152263,0.1302586540334509,0.5426515931031932,3.4671560823611096
177,0.9627057613168725,0.13982561055892778,0.5436793423323812,3.456166495767184
178,0.9657921810699589,0.13720914853330501,0.5395683454156289,3.464314289720306
179,0.9675925925925926,0.134300610012233,0.5467625900199455,3.470697371099615
180,0.9663065843621399,0.13557462234801226,0.5508735869366979,3.4508020757771223
181,0.9686213991769548,0.1327473155755565,0.5519013361658859,3.448949315442578
182,0.9686213991769548,0.12934608746764592,0.5467625900812041,3.4437948851276645
183,0.9632201646090535,0.13752609503612598,0.5457348407907574,3.441331244936215
184,0.9645061728395061,0.14053933101671715,0.5549845837921915,3.460025590345769
185,0.9614197530864198,0.14332477245556474,0.5529290856707378,3.482887732651839
186,0.9637345679012346,0.13473180258347664,0.5529290853338154,3.5012509727282
187,0.9681069958847737,0.131143293569608,0.553956834624262,3.510331265605366
188,0.966820987654321,0.13562708280581998,0.5467625899586869,3.5334466393167903
189,0.9650205761316872,0.13125893596268484,0.5467625899586869,3.5518537459613606
190,0.967335390946502,0.13498715384874815,0.5477903391878749,3.564776699442535
191,0.966820987654321,0.13282618729911225,0.5457348410664212,3.5668254138754425
192,0.9665637860082305,0.13297338906384298,0.5498458379831735,3.5901361241982626
193,0.9657921810699589,0.13635232403813075,0.554984584129114,3.5957321909936826
194,0.9632201646090535,0.13761592377360465,0.5529290856707378,3.6066566322224727
195,0.9663065843621399,0.13703417980376584,0.5529290856707378,3.6349181741751724
196,0.9660493827160493,0.13395819969383288,0.5488180887539855,3.644197016066172
197,0.9670781893004116,0.1314731948537591,0.5457348407294987,3.6476368992326194
198,0.9663065843621399,0.12950989686780506,0.550873587151103,3.623716640080357
199,0.9693930041152263,0.1293800632036272,0.5477903391878749,3.6095175669592674
200,0.9670781893004116,0.13534817660664333,0.5457348410664212,3.6069983127550866
201,0.970679012345679,0.1274803816781613,0.554984584129114,3.6118065235181067
202,0.9683641975308642,0.13051529599683276,0.5447070915003107,3.6182185018172857
203,0.9688786008230452,0.1290452470504698,0.5498458376462511,3.6163266359350787
204,0.9670781893004116,0.1321399111009429,0.5477903395247974,3.6053336703152477
205,0.970164609053498,0.12735945420194064,0.5477903395247974,3.6203753955562705
206,0.9670781893004116,0.13172915485906012,0.5457348407294987,3.653153597389684
207,0.9632201646090535,0.13528817649854064,0.5467625899586869,3.6428946669520723
208,0.9670781893004116,0.13387848939669966,0.548818088417063,3.673327093134191
209,0.9686213991769548,0.12845154587991933,0.5477903391878749,3.6720168916441556
210,0.966820987654321,0.1343848292597037,0.5457348407294987,3.670373919076322
211,0.9691358024691358,0.12972586065408134,0.5488180884783217,3.6723182919336614
212,0.9745370370370371,0.12186825030134539,0.5508735869366979,3.6750435598830156
213,0.9704218106995884,0.12538604732648825,0.5488180884783217,3.701384232688661
214,0.9639917695473251,0.1367420179485784,0.5488180884783217,3.684814429601687
215,0.9657921810699589,0.13380439407786224,0.5488180884783217,3.7004428135282823
216,0.9719650205761317,0.12283921398130464,0.5498458376462511,3.6943618356875256
217,0.966820987654321,0.1310870113778752,0.5508735868754392,3.688546731562678
218,0.9663065843621399,0.13329430645017468,0.5508735868754392,3.6859045984321117
219,0.966820987654321,0.1320609314206206,0.5498458376462511,3.6697378315391425
220,0.9714506172839507,0.12391387861329342,0.5467625899586869,3.677997019161056
221,0.9652777777777778,0.13623679806420833,0.5436793422711226,3.6863841059764146
222,0.9688786008230452,0.12528798603471905,0.5467625899586869,3.683750929837359
223,0.9647633744855967,0.13715329944106286,0.5447070915003107,3.6836556506181424
224,0.9678497942386831,0.13107765815508218,0.5488180884783217,3.681088679863517
225,0.9683641975308642,0.12870097675441225,0.5570400823118262,3.6944320694393147
226,0.9722222222222222,0.12283383732960548,0.5570400822505677,3.715891376918781
227,0.9714506172839507,0.12525843387400662,0.5539568345630034,3.7174765953424656
228,0.9678497942386831,0.13245402425220965,0.548818088417063,3.726906245193403
229,0.970164609053498,0.12568386797429112,0.554984584129114,3.736574036734445
230,0.9688786008230452,0.13005899251611144,0.5529290856707378,3.7639786601679175
231,0.9660493827160493,0.13202634475236077,0.556012333358302,3.7711401632608883
232,0.9678497942386831,0.13241064815241613,0.5632065779626185,3.7680544059298633
233,0.9717078189300411,0.1242443188534352,0.5519013364415497,3.7720039471570415
234,0.9704218106995884,0.1269152024339256,0.5580678318166782,3.789924362825588
235,0.9709362139917695,0.12593089053292333,0.55704008258749,3.79711829378573
236,0.9678497942386831,0.12981796138939053,0.5601233302750543,3.8114285679784854
237,0.9742798353909465,0.12165408852843591,0.554984584129114,3.7923383276607123
238,0.9704218106995884,0.12417765458424886,0.5539568348999259,3.793767823712309
239,0.9781378600823045,0.11168555967479085,0.5611510795042424,3.803776630762302
240,0.9729938271604939,0.12168579074887582,0.5632065779626185,3.808691940719275
241,0.974022633744856,0.11517301085309237,0.5580678314797557,3.816220310462097
242,0.9711934156378601,0.12005469445215822,0.56115107916732,3.8265302717869476
243,0.9711934156378601,0.12679029354220064,0.5519013361046272,3.811010937038943
244,0.9699074074074074,0.1251894613352332,0.562178828396508,3.808826944443329
245,0.9704218106995884,0.12855394902052703,0.5642343268548842,3.827341709940676
246,0.9691358024691358,0.12695111916879567,0.5508735868754392,3.833711271785881
247,0.9665637860082305,0.1352000138703197,0.5519013361046272,3.8033979730517866
248,0.9696502057613169,0.1273813008526225,0.5519013361046272,3.806644600439905
249,0.9737654320987654,0.12230325910289591,0.548818088417063,3.8059228302150934
