epoch,acc,loss,val_acc,val_loss
0,0.4531893004115226,0.7374647313675272,0.42034943476855324,0.7265418779568217
1,0.5388374485596708,0.6998868795579353,0.4552929085609479,0.7233295885411466
2,0.6188271604938271,0.675228817227446,0.47482014425244384,0.7219780723335564
3,0.676954732510288,0.6551158141206812,0.4964028780653935,0.7236371833030881
4,0.724022633744856,0.6357751618687508,0.48920863346107696,0.7269850762873
5,0.7713477366255144,0.6163005357907142,0.4871531350027008,0.7297919010331917
6,0.7906378600823045,0.5967803187821628,0.502569373440522,0.7328417135167098
7,0.808641975308642,0.5821548386365788,0.4984583764012524,0.7368002646015948
8,0.8302469135802469,0.568285870699235,0.5005138748596285,0.741116222411486
9,0.8539094650205762,0.5475125872058633,0.49743062723332293,0.7476301432145953
10,0.8652263374485597,0.5318620879463698,0.5025693733792633,0.755940124101531
11,0.875,0.5187033360877645,0.5087358687543918,0.7619223682265365
12,0.8731995884773662,0.5078950055832725,0.5097636179835798,0.7717278614441145
13,0.8876028806584362,0.4930915464589625,0.5025693733792633,0.7809842089832381
14,0.8845164609053497,0.4867822408921434,0.49743062723332293,0.7908895182952607
15,0.8948045267489712,0.47259606255425346,0.5035971226084515,0.8027410446556107
16,0.9012345679012346,0.46149264956698005,0.5046248718376395,0.811667183871627
17,0.8968621399176955,0.45801880747202495,0.498458376462511,0.8228817791022353
18,0.908179012345679,0.4425923175527235,0.511819116441956,0.8281591957299095
19,0.9164094650205762,0.43111402409557453,0.5066803703572743,0.8403882606056464
20,0.9184670781893004,0.42601804846108204,0.5015416242113339,0.8527540084881994
21,0.9223251028806584,0.41388163350737145,0.4964028780653935,0.871401285953659
22,0.9215534979423868,0.409868511888716,0.4994861256916991,0.8856716258307767
23,0.9210390946502057,0.40075883563653925,0.5035971226084515,0.9014774997089774
24,0.9225823045267489,0.3986444835064342,0.5025693733180047,0.9185736357001827
25,0.9259259259259259,0.38791928099997247,0.5046248717763808,0.9318454826723512
26,0.9328703703703703,0.3766582440201638,0.5005138748596285,0.9485564345813606
27,0.9320987654320988,0.372566550356861,0.5005138748596285,0.9597832499893204
28,0.9292695473251029,0.3681436954947656,0.5056526210668276,0.9759202987905151
29,0.9403292181069959,0.354979244769846,0.5087358686931331,0.9873125694638534
30,0.933641975308642,0.35789999304484926,0.511819116441956,1.0102849165312677
31,0.9323559670781894,0.35629572434189877,0.5035971226084515,1.0259629008948865
32,0.9351851851851852,0.3488444624614323,0.5015416241500753,1.0512690348100808
33,0.9421296296296297,0.33656103534953585,0.5005138749208872,1.070179143581704
34,0.9423868312757202,0.33027676005422335,0.49229188108738253,1.0876509947865007
35,0.9385288065843621,0.3333822472841161,0.4902363826290064,1.111760554308759
36,0.9403292181069959,0.32702212458775365,0.49743062723332293,1.126496490814703
37,0.940843621399177,0.32132443761138757,0.49537512877494677,1.1499556684052956
38,0.9449588477366255,0.3156742010832814,0.498458376462511,1.1712885881866972
39,0.9483024691358025,0.3083460641250689,0.4984583764012524,1.1938697921776453
40,0.9444444444444444,0.3079654569488494,0.5035971225471928,1.2048476537477075
41,0.9513888888888888,0.2996220528588864,0.5035971225471928,1.2272687842887573
42,0.9441872427983539,0.3031031883057253,0.5005138748596285,1.247935819111282
43,0.9393004115226338,0.30469232392899787,0.49640287794287624,1.2591901326596062
44,0.9462448559670782,0.2943811620213858,0.498458376462511,1.2809532692106507
45,0.9483024691358025,0.28913827712643786,0.5015416242113339,1.3001602483800356
46,0.9498456790123457,0.2869196521892469,0.5046248717763808,1.3324580805152195
47,0.9488168724279835,0.28177550643559834,0.5015416242113339,1.3499841348240333
48,0.9578189300411523,0.2712985373450895,0.49434737960701736,1.3643543771702609
49,0.9549897119341564,0.27037139886936534,0.4964028780653935,1.3853673013606762
50,0.9539609053497943,0.2689689145779904,0.5025693731035995,1.4047176264540386
51,0.9542181069958847,0.26225408592832433,0.4974306269576591,1.4268725381480705
52,0.9570473251028807,0.2605783746811588,0.5005138749821458,1.436744806455316
53,0.9493312757201646,0.2662152038434896,0.49537512883620544,1.4666938528127562
54,0.9488168724279835,0.26374897115515095,0.5066803703572743,1.4811193972427823
55,0.9513888888888888,0.2587100945014522,0.5077081192495398,1.4992309292933435
56,0.95190329218107,0.2571118217682152,0.5046248716232343,1.5295017772686321
57,0.9570473251028807,0.24622413957560504,0.5046248715619757,1.541000024020243
58,0.9549897119341564,0.24719637846995773,0.5066803700203518,1.5557094944711825
59,0.9570473251028807,0.24207517369784445,0.5077081192495398,1.5780485984845372
60,0.9529320987654321,0.24493466691715726,0.5066803700203518,1.61764433315332
61,0.9539609053497943,0.24224530534489164,0.508735868478728,1.6404829803253127
62,0.9549897119341564,0.23597377967932587,0.5118191161662922,1.6604666054432586
63,0.9549897119341564,0.23670481678880292,0.5107913669371041,1.6873933528947194
64,0.9621913580246914,0.2235511132351165,0.4984583761868472,1.7113778354697702
65,0.9567901234567902,0.23043746553330755,0.5025693731035995,1.7419284032035585
66,0.9578189300411523,0.22473753633077254,0.4984583761868472,1.7709024933847346
67,0.9580761316872428,0.22572474224577224,0.4933196300409068,1.8021662020854812
68,0.9575617283950617,0.2228407769659419,0.4984583761868472,1.824397772458695
69,0.9557613168724279,0.2228464109539495,0.5015416238744115,1.8298443405135685
70,0.9647633744855967,0.20969573472752984,0.5097636180448385,1.8514526902342872
71,0.9516460905349794,0.227065993741216,0.49948612541603526,1.8757940955911854
72,0.9619341563786008,0.20952759627942685,0.4922918808117187,1.8970967809318393
73,0.966820987654321,0.19870517038023522,0.4912641315825306,1.9267292458866507
74,0.9565329218106996,0.21753206941080683,0.49434737927009487,1.9366465695470356
75,0.9619341563786008,0.20526181958585119,0.4984583761868472,1.9655891631146987
76,0.9585905349794238,0.2065264490038279,0.4984583761868472,1.995206114322039
77,0.9629629629629629,0.19951351514323748,0.5025693731035995,2.012746149932493
78,0.9642489711934157,0.19721180016611828,0.5066803700203518,2.0482797413176157
79,0.9593621399176955,0.2023261676048055,0.4912641315825306,2.0792536039636658
80,0.9650205761316872,0.19172176019645032,0.5015416238744115,2.0739918955796055
81,0.9655349794238683,0.18964919828093102,0.49948612541603526,2.08660548380198
82,0.9645061728395061,0.18989659005722392,0.4974306269576591,2.1182763613262745
83,0.9655349794238683,0.1854456397608965,0.5066803700203518,2.132502106821427
84,0.9614197530864198,0.19051550984873203,0.49537512849928295,2.1511068897894208
85,0.9663065843621399,0.18128950016979328,0.5025693731035995,2.1555279607272957
86,0.9619341563786008,0.19130248781830195,0.5056526207911638,2.180070578623161
87,0.9688786008230452,0.1777974635730555,0.5046248715619757,2.1845109553400808
88,0.9627057613168725,0.18719706883646334,0.4974306269576591,2.221360113000821
89,0.9624485596707819,0.18469588906186107,0.4974306269576591,2.2621760167418867
90,0.9660493827160493,0.17841282011672793,0.5015416238744115,2.2935283117892196
91,0.9660493827160493,0.1768132188192611,0.4922918808117187,2.3161336951731166
92,0.9627057613168725,0.18216402831759473,0.4933196300409068,2.308691439378666
93,0.9632201646090535,0.17905344489057368,0.5077081192495398,2.3367463802384694
94,0.9670781893004116,0.174798872950391,0.5066803700203518,2.362203997428714
95,0.9683641975308642,0.17045287346398388,0.509763617707916,2.373185122980978
96,0.9606481481481481,0.1819671731549526,0.5128468653954803,2.4150718892833556
97,0.9709362139917695,0.1623183353938193,0.5118191161662922,2.4562759188684384
98,0.9714506172839507,0.16051260280756302,0.5118191161662922,2.502171339993609
99,0.9686213991769548,0.16423568650773523,0.5056526207911638,2.497126333270019
100,0.9688786008230452,0.16275496609171722,0.508735868478728,2.5289581218946875
101,0.9627057613168725,0.17462380021933174,0.508735868478728,2.5357709443091365
102,0.9632201646090535,0.17427217175440532,0.5159301130830445,2.545836704485463
103,0.9709362139917695,0.1583513193169739,0.5138746146246683,2.566739219555752
104,0.9655349794238683,0.16743958437884296,0.5128468653954803,2.563475431175663
105,0.9686213991769548,0.16293762789832222,0.508735868478728,2.576395990179597
106,0.9699074074074074,0.1569849631668609,0.5056526207911638,2.57709910788737
107,0.9657921810699589,0.16503809398584404,0.5128468653954803,2.585301987313783
108,0.967335390946502,0.16002574231889513,0.5077081192495398,2.622284082322547
109,0.9714506172839507,0.15101454446835774,0.5056526207911638,2.651619628424022
110,0.9652777777777778,0.16435675132912372,0.5025693731035995,2.689576270033865
111,0.9724794238683128,0.14751106975868405,0.5046248715619757,2.71480358590325
112,0.9678497942386831,0.15587088428897622,0.5015416238744115,2.7507042816216996
113,0.9742798353909465,0.1444925437738866,0.5046248715619757,2.7756051159591126
114,0.9717078189300411,0.14812280452300491,0.508735868478728,2.7738072075799707
115,0.970164609053498,0.14985631151822368,0.50359712266971,2.785966894486948
116,0.9691358024691358,0.15142637816230947,0.49434737960701736,2.8369644033700565
117,0.9735082304526749,0.1426570701562328,0.4912641319194531,2.848302862994595
118,0.9691358024691358,0.15262594561517975,0.4912641315825306,2.8736579116789924
119,0.9719650205761317,0.14390526255094466,0.49023638269026504,2.884680922695446
120,0.9732510288065843,0.14143930945867372,0.4871531350027008,2.891192508748477
121,0.9719650205761317,0.14471234816582604,0.4881808838949664,2.925546780887145
122,0.9686213991769548,0.1487177281406681,0.4933196303778293,2.9195059612623098
123,0.9709362139917695,0.14912361090565907,0.4912641319194531,2.9135245269763628
124,0.9650205761316872,0.15839265878676387,0.4912641319194531,2.9466287945181837
125,0.9704218106995884,0.14550873434837955,0.4871531350027008,2.964571766103527
126,0.9696502057613169,0.1464585530046573,0.4933196303778293,2.9582691065209006
127,0.9709362139917695,0.14403913801712265,0.4922918811486412,2.9645106170062294
128,0.9691358024691358,0.14846656318186732,0.48920863346107696,2.9759136990922572
129,0.9714506172839507,0.14056582497471154,0.48920863346107696,3.013995473455917
130,0.9747942386831275,0.13287121894550913,0.49023638269026504,3.023002431424524
131,0.970679012345679,0.1431737008654041,0.48920863346107696,3.053046385283828
132,0.967335390946502,0.1502808772119475,0.49434737960701736,3.0854500611786486
133,0.9747942386831275,0.1323745408911764,0.49023638269026504,3.085117868872365
134,0.9714506172839507,0.13882259046467244,0.48920863346107696,3.106871159936762
135,0.9714506172839507,0.13998591694444296,0.4830421380859485,3.114105314782075
136,0.9729938271604939,0.13424396182222623,0.4861253857735127,3.138404570772616
137,0.9742798353909465,0.1321242566032665,0.4922918811486412,3.1264594064342033
138,0.9709362139917695,0.13722693316117235,0.47687564271082,3.147731835403521
139,0.9737654320987654,0.1324263019755544,0.4861253857735127,3.1622790731604518
140,0.9681069958847737,0.14383224201668438,0.48406988731513656,3.19157690085463
141,0.9727366255144033,0.13536732603983623,0.4809866396275723,3.2047409339896946
142,0.9765946502057613,0.12533428216422046,0.4727646457940677,3.2046438126010246
143,0.9729938271604939,0.13258896784956564,0.47379239502325576,3.217065241697023
144,0.9727366255144033,0.13224293969173,0.4707091473356915,3.2337122061514783
145,0.9696502057613169,0.1390718406242598,0.4727646457940677,3.298906722269715
146,0.970679012345679,0.1387716081805926,0.47687564271082,3.3139901984509805
147,0.9693930041152263,0.1399326884022956,0.47687564271082,3.2601378084086687
148,0.977880658436214,0.1188457197674508,0.4820143887955018,3.286503134626524
149,0.9750514403292181,0.12728959748161184,0.4758478934816319,3.2976250182932962
150,0.9765946502057613,0.12173762978840266,0.47482014425244384,3.3071333918517563
151,0.9737654320987654,0.12968346936467254,0.47893114116919616,3.311900436816946
152,0.9765946502057613,0.12013577105699744,0.47893114116919616,3.339468570799401
153,0.9709362139917695,0.13541309924895872,0.4758478934816319,3.361756112078111
154,0.9760802469135802,0.12351805221580674,0.4861253857735127,3.3896964838668966
155,0.977366255144033,0.12059993977531974,0.4871531350027008,3.3982430518837408
156,0.9794238683127572,0.11244455399949854,0.48920863346107696,3.3997503292401303
157,0.977366255144033,0.11712842578750579,0.4861253857735127,3.4135878181653547
158,0.9763374485596708,0.12313758072907051,0.4830421380859485,3.4439276786404305
159,0.974022633744856,0.12914244894996102,0.47995889039838424,3.4430760749197447
160,0.9755658436213992,0.12285033751417089,0.48509763654432464,3.4631574940460927
161,0.9771090534979424,0.11765207224544674,0.49023638269026504,3.4777811654180075
162,0.9742798353909465,0.12637461261984742,0.4881808842318889,3.474018517403049
163,0.9755658436213992,0.12180163205405813,0.48406988731513656,3.5025632432896456
164,0.9768518518518519,0.12024111644108108,0.47893114116919616,3.5381701926165716
165,0.9760802469135802,0.12020180852692804,0.47379239502325576,3.556552828154608
166,0.9758230452674898,0.12359408301458437,0.4809866396275723,3.5663903154057564
167,0.9807098765432098,0.10763183772686577,0.4820143888567604,3.6111858550225597
168,0.9771090534979424,0.1144356861434601,0.4922918811486412,3.64517266752786
169,0.9768518518518519,0.11898054817208538,0.49023638269026504,3.6660681162929243
170,0.9747942386831275,0.1213984369250482,0.48509763654432464,3.684801858841209
171,0.977880658436214,0.11549650457660848,0.49023638269026504,3.705717539125699
172,0.9765946502057613,0.12058566038500625,0.48920863346107696,3.686402290967606
173,0.9760802469135802,0.12227677743989254,0.49023638269026504,3.680884458790825
174,0.9760802469135802,0.11928738518752188,0.4922918811486412,3.6475275212177145
175,0.9783950617283951,0.11273200819153845,0.48509763654432464,3.6387032957753322
176,0.9786522633744856,0.1137248834924688,0.4912641319194531,3.63476764138899
177,0.977880658436214,0.1147105138856197,0.4922918811486412,3.6326293367031055
178,0.9807098765432098,0.10680663700640937,0.47893114116919616,3.6517776198156815
179,0.9830246913580247,0.10110622281093656,0.48509763654432464,3.668856374773925
180,0.9796810699588477,0.11015240043217753,0.4861253857735127,3.671999002164584
181,0.9755658436213992,0.12189840874922128,0.48509763654432464,3.680172033937225
182,0.9755658436213992,0.11921663478078175,0.48509763654432464,3.709441692709065
183,0.9796810699588477,0.10587962712218732,0.4871531350027008,3.727874714693577
184,0.9791666666666666,0.11574409954219197,0.48509763654432464,3.7347653497772373
185,0.9794238683127572,0.11138114290227616,0.48406988731513656,3.706981647663959
186,0.9771090534979424,0.11327289308540124,0.48406988731513656,3.7418479066713495
187,0.9801954732510288,0.10678663281072315,0.4912641319194531,3.752021584211861
188,0.9794238683127572,0.11141530494876359,0.4964028780653935,3.7412668940709772
189,0.9794238683127572,0.11047740688417183,0.4984583765237697,3.736817993828596
190,0.977880658436214,0.11610140121032181,0.4922918811486412,3.7419160813981436
191,0.9801954732510288,0.10898251733416883,0.4933196303778293,3.738526706215289
192,0.9786522633744856,0.11296498287975053,0.4933196303778293,3.7635022599062475
193,0.9771090534979424,0.11618392514409842,0.4922918811486412,3.7926209556113046
194,0.9832818930041153,0.10224091319880858,0.4881808842318889,3.77040094216828
195,0.9804526748971193,0.10811363240328345,0.4984583765237697,3.749875568534953
196,0.9801954732510288,0.10978617982118709,0.4922918811486412,3.7617768040663906
197,0.9807098765432098,0.10574067184709227,0.4871531350027008,3.758501833046328
198,0.9783950617283951,0.11467767879366875,0.4871531350027008,3.772268993636442
199,0.9794238683127572,0.10947011103048737,0.4912641319194531,3.7693608973523696
200,0.9804526748971193,0.10803102272650833,0.4861253857735127,3.783455015821545
201,0.9804526748971193,0.10725777283494856,0.47995889039838424,3.8349444589291424
202,0.9791666666666666,0.10985984322097567,0.48406988731513656,3.8592651515188345
203,0.9822530864197531,0.1045798298753338,0.4830421380859485,3.852413041006012
204,0.9840534979423868,0.09762674649801764,0.48509763654432464,3.852053094865852
205,0.9819958847736625,0.10192608805718245,0.4830421380859485,3.8534241820410857
206,0.9796810699588477,0.10599911120938665,0.4779033919400081,3.8790450194144177
207,0.9809670781893004,0.10596662749049594,0.4830421380859485,3.8834977674337234
208,0.9817386831275721,0.10452122725699664,0.47893114116919616,3.8323254585266113
209,0.9822530864197531,0.095328461869386,0.4881808842318889,3.837267117044541
210,0.9843106995884774,0.09635190219606882,0.4871531350027008,3.84132266657203
211,0.9799382716049383,0.10944335171837866,0.4881808842318889,3.871549622985589
212,0.9830246913580247,0.09983327535628782,0.4922918811486412,3.863764222822356
213,0.9801954732510288,0.10764428887347625,0.4922918811486412,3.854584281760644
214,0.9807098765432098,0.10860141467900923,0.4933196303778293,3.8562858935372804
215,0.9796810699588477,0.10790212296041442,0.4912641319194531,3.8651675065521838
216,0.9830246913580247,0.09921939848872369,0.4881808842318889,3.885713316553788
217,0.9830246913580247,0.0975445297090605,0.4871531350027008,3.8833061680886876
218,0.9799382716049383,0.10462391325904999,0.4861253857735127,3.898391466836645
219,0.9822530864197531,0.10070271167612861,0.47687564271082,3.912402990543095
220,0.9825102880658436,0.099313699337558,0.4779033919400081,3.9185599045787782
221,0.9819958847736625,0.10254396959648701,0.47893114116919616,3.8849916727667844
222,0.9799382716049383,0.11181796150504317,0.4871531350027008,3.9171592951556025
223,0.9863683127572016,0.08916848171272396,0.48509763654432464,3.9407981174700306
224,0.9845679012345679,0.08925353859861691,0.4871531350027008,3.9660610437148156
225,0.9822530864197531,0.10036669217755274,0.4881808842318889,3.9742194466821212
226,0.9801954732510288,0.10578137487479689,0.47995889039838424,4.038358576128686
227,0.9822530864197531,0.10088557248682152,0.4809866396275723,4.021452424460056
228,0.9822530864197531,0.10158018347780401,0.4830421380859485,4.006314108085045
229,0.9840534979423868,0.09586269339477574,0.4830421380859485,4.011728490611877
230,0.9835390946502057,0.09785569255305415,0.4820143888567604,3.9888287134552787
231,0.9801954732510288,0.10248462940133157,0.4830421380859485,3.9891873244023888
232,0.9835390946502057,0.09727817482541128,0.4820143888567604,4.016468713119366
233,0.9840534979423868,0.09824937913152906,0.48920863346107696,4.002715437654846
234,0.9830246913580247,0.09868319259013658,0.4820143888567604,4.019166039293373
235,0.9840534979423868,0.09389103320523054,0.4820143888567604,4.008392305560371
236,0.9814814814814815,0.1014252596308665,0.47379239502325576,4.019502742194933
237,0.9796810699588477,0.11012854439363558,0.47687564271082,4.025517122596042
238,0.9835390946502057,0.0967811728241267,0.48509763654432464,4.042148545001541
239,0.9799382716049383,0.11053051082072435,0.4830421380859485,4.056413950434937
240,0.9840534979423868,0.09582925210764379,0.47482014425244384,4.0738635308205895
241,0.9840534979423868,0.09679414479084957,0.4758478934816319,4.084558937801977
242,0.981224279835391,0.10636305661849034,0.4727646457940677,4.110707277629261
243,0.9879115226337448,0.08541139503442702,0.4779033919400081,4.126291385780013
244,0.9858539094650206,0.09225526436734101,0.47995889039838424,4.123822805202755
245,0.98559670781893,0.08897682976882154,0.47893114116919616,4.145928060898187
246,0.9822530864197531,0.10304413229962926,0.4779033919400081,4.164149341700869
247,0.9819958847736625,0.10518102487357556,0.4881808842318889,4.1069108476864224
248,0.9827674897119342,0.10200748791910494,0.4779033919400081,4.11328947580853
249,0.9840534979423868,0.09653678985596194,0.47995889039838424,4.100314021233052
