epoch,acc,loss,val_acc,val_loss
0,0.5661008230452675,0.7013749394397186,0.6073997948177059,0.6955568539888004
1,0.6054526748971193,0.6741464908230942,0.6012332993813189,0.6949782696191723
2,0.6129115226337448,0.6562986138426228,0.6002055502133894,0.6948069139840302
3,0.6291152263374485,0.6354169666521834,0.5991778009842013,0.695317627102106
4,0.6491769547325102,0.6156650237095209,0.5919835563798848,0.6956869618008095
5,0.6638374485596708,0.6000617524233375,0.5868448101726857,0.6967516209459256
6,0.6664094650205762,0.5793128501731182,0.5899280578602499,0.6995305386501128
7,0.6790123456790124,0.5627680840315642,0.5817060640267453,0.7009630304323806
8,0.6875,0.5428567704104592,0.5642343271918067,0.7051329107960841
9,0.7175925925925926,0.5199672202023949,0.5662898255889242,0.7112954666901223
10,0.727366255144033,0.5047371965131642,0.5683453239860417,0.7181863446029828
11,0.7445987654320988,0.48328390987321673,0.5560123332970434,0.7242273746512041
12,0.7456275720164609,0.4688206214473081,0.5467625902343507,0.7317685441392544
13,0.7816358024691358,0.4448531582767581,0.5467625902343507,0.7408151074646678
14,0.7893518518518519,0.4297145351215645,0.5416238440884104,0.7507370562739631
15,0.7950102880658436,0.418111203384007,0.5364850980037286,0.7595121219738904
16,0.8027263374485597,0.4106044482301783,0.5498458379831735,0.7687655835578032
17,0.8209876543209876,0.3876876345387212,0.5436793426080451,0.7806811175267964
18,0.8186728395061729,0.37944231688240426,0.5354573487745404,0.7915398700264228
19,0.8189300411522634,0.3751494429484316,0.5251798564826596,0.8026963711887567
20,0.8220164609053497,0.3663591651759521,0.5313463518577881,0.8134938039245487
21,0.8176440329218106,0.35763331941125814,0.5354573487745404,0.8267444816302175
22,0.8294753086419753,0.34634669388763206,0.5313463518577881,0.8386366252786454
23,0.8428497942386831,0.3373701832422013,0.5272353549410358,0.8534791096508931
24,0.8392489711934157,0.32997395748218883,0.5272353548797772,0.8678061881266297
25,0.8611111111111112,0.3219869035016362,0.5303186025673414,0.8813770945123631
26,0.8636831275720165,0.31703416463524225,0.5457348410051626,0.8977066171255043
27,0.8647119341563786,0.3143926586633847,0.5457348410051626,0.9150920781055187
28,0.8775720164609053,0.30001600914531285,0.5426515933175984,0.9297883871402917
29,0.8891460905349794,0.29250598591541555,0.5508735870898444,0.9485536040652081
30,0.8917181069958847,0.2830718238780528,0.5395683455687755,0.9700736532720976
31,0.8991769547325102,0.27452896615114725,0.5364850979424699,0.9850112632269237
32,0.9040637860082305,0.2700998459333255,0.5334018503161643,1.0078248219279322
33,0.9004629629629629,0.26814452592482785,0.5395683456300342,1.0216668805017501
34,0.9027777777777778,0.2635575486308753,0.533401850193647,1.0383638553359649
35,0.9097222222222222,0.25632412835894297,0.5282631040477067,1.0516928898712345
36,0.9056069958847737,0.26433269268691295,0.5292908532768947,1.0716957669218912
37,0.9092078189300411,0.2519479656415712,0.5313463516740122,1.0891403060900344
38,0.9138374485596708,0.25316447737040343,0.5354573485907645,1.101670816280369
39,0.9179526748971193,0.23990797984256665,0.5334018501323884,1.1267382746365187
40,0.9218106995884774,0.23647973008852435,0.5395683455075169,1.144562478423241
41,0.9210390946502057,0.23736767164228384,0.5354573486520232,1.17067300244201
42,0.9266975308641975,0.2315846453478307,0.5405960947979636,1.1957571320274016
43,0.9189814814814815,0.23345380199789512,0.5385405963395874,1.212175353825521
44,0.9272119341563786,0.2232824479356224,0.5354573486520232,1.2296081585972307
45,0.9290123456790124,0.21964663420439748,0.5323741009644589,1.251319035719257
46,0.9202674897119342,0.22095928006947285,0.5426515931950812,1.2720132633691457
47,0.9284979423868313,0.21408749951256645,0.5395683455075169,1.3047021715025986
48,0.9212962962962963,0.21919536112267293,0.5344295994228351,1.3305812384952376
49,0.930298353909465,0.2140332094313186,0.5303186025060829,1.3546173049391603
50,0.9272119341563786,0.20833392852127797,0.533401850193647,1.3785677399689222
51,0.9318415637860082,0.19911200936439105,0.5385405963395874,1.4036157462604244
52,0.9308127572016461,0.20304034352915767,0.5375128471103994,1.4380606785340029
53,0.9261831275720165,0.20663922552954514,0.5354573486520232,1.4660695742237604
54,0.9305555555555556,0.19840662886576396,0.5405960947979636,1.4888016981554177
55,0.9395576131687243,0.1908272515231199,0.5375128471103994,1.5179580133963464
56,0.934156378600823,0.1937743758959044,0.5364850978812112,1.5440115912722658
57,0.9362139917695473,0.19060467232647257,0.5395683455687755,1.5616438995284878
58,0.9372427983539094,0.19230713784204098,0.5447070917147159,1.5829399630565193
59,0.9387860082304527,0.18897855539380767,0.5416238440271517,1.6037189286634832
60,0.944701646090535,0.17963525468920483,0.5426515932563397,1.6388518452521832
61,0.934156378600823,0.189183086524775,0.5395683455687755,1.6516886749836057
62,0.9369855967078189,0.18378285143846346,0.5477903394022802,1.6731961816089862
63,0.9418724279835391,0.18098758167200127,0.5447070917147159,1.683936475114734
64,0.9465020576131687,0.17600924169085153,0.5405960947979636,1.709984835838365
65,0.9403292181069959,0.18255871105095978,0.5426515932563397,1.7368705616948048
66,0.9403292181069959,0.1820437979918939,0.5436793424855279,1.7637517348100322
67,0.9465020576131687,0.1751043369127399,0.5416238440271517,1.7890006034249268
68,0.9449588477366255,0.1729301590733077,0.5385405963395874,1.8102773408360495
69,0.9436728395061729,0.17082986468640865,0.5436793424242692,1.8292365380450852
70,0.9441872427983539,0.17271487586537507,0.5447070916534573,1.8489276698779962
71,0.940843621399177,0.17537934084733328,0.541623843965893,1.8752283817205007
72,0.948559670781893,0.1654465094270039,0.5426515931950812,1.9066982813263724
73,0.9472736625514403,0.16735250576410765,0.546762590173092,1.942445757945297
74,0.9537037037037037,0.15978342668755063,0.5447070917759745,1.9599462585851075
75,0.9465020576131687,0.16519607729259342,0.556012333358302,1.989288161249347
76,0.9488168724279835,0.16002542963979666,0.5539568348999259,2.0049497892530703
77,0.948559670781893,0.16305836900271506,0.5436793426080451,2.03025335924966
78,0.9436728395061729,0.17415092566621648,0.5467625902343507,2.0539832889482392
79,0.9459876543209876,0.16062440128360755,0.5416238441496689,2.0821839153215302
80,0.9483024691358025,0.16011791210238335,0.5405960949204809,2.102636253110919
81,0.9526748971193416,0.15288023138610424,0.5385405964621047,2.1196825669701274
82,0.9444444444444444,0.16885012949322475,0.542651593378857,2.1464880361831447
83,0.948045267489712,0.15487745870288017,0.542651593378857,2.1793628606374806
84,0.9552469135802469,0.15144214092336075,0.542651593378857,2.2160839178089247
85,0.9493312757201646,0.15927844543638545,0.5447070918372332,2.2402448668876875
86,0.95190329218107,0.15794080403851873,0.5447070918372332,2.2526214014957033
87,0.9490740740740741,0.15882913645648172,0.5457348410051626,2.2587993159691084
88,0.9531893004115226,0.14874694257238766,0.5447070917759745,2.288501829552136
89,0.9498456790123457,0.15374778879522788,0.5364850979424699,2.316322127569616
90,0.9501028806584362,0.15602015688586138,0.5282631041089653,2.3623951162610735
91,0.9549897119341564,0.14853985911166226,0.5334018502549057,2.3800673973646096
92,0.9573045267489712,0.14552491771463505,0.533401850193647,2.406607250883057
93,0.9521604938271605,0.1516704988884337,0.5385405964008461,2.421700828367
94,0.9475308641975309,0.15622392128156537,0.5447070917147159,2.432998962049494
95,0.9549897119341564,0.14525250891231214,0.5477903394022802,2.4511928438282697
96,0.9503600823045267,0.1553308768159568,0.5405960948592222,2.489594213886594
97,0.9557613168724279,0.14383947033695724,0.551901336380291,2.4892899014844434
98,0.9521604938271605,0.14959662070367563,0.5539568347774086,2.5118982870311677
99,0.9521604938271605,0.14956900189197603,0.5405960948592222,2.5369126837153106
100,0.956275720164609,0.14623247740077383,0.5426515932563397,2.5509332003108276
101,0.9534465020576132,0.14834784897266592,0.545734840943904,2.5735454566677207
102,0.9555041152263375,0.14576274453980442,0.5416238440271517,2.62275671125806
103,0.9526748971193416,0.15276917238784915,0.5447070917147159,2.634115943805777
104,0.9547325102880658,0.146370827078574,0.546762590173092,2.650777904127264
105,0.9547325102880658,0.14528661690376424,0.5508735870898444,2.6730992807513765
106,0.9529320987654321,0.14585100338169577,0.5477903394022802,2.6911684378813128
107,0.9565329218106996,0.14563083555166123,0.545734840943904,2.712792038182438
108,0.9549897119341564,0.14369140344637413,0.545734840943904,2.7205069664203374
109,0.9560185185185185,0.14273412025882384,0.5405960947979636,2.7572718139542585
110,0.9573045267489712,0.14346691585862587,0.5426515931950812,2.7724855198522023
111,0.9614197530864198,0.13312694323038368,0.5364850978199527,2.8012904496011606
112,0.9552469135802469,0.1433323828403842,0.5385405963395874,2.818242878855071
113,0.9609053497942387,0.13456888426355865,0.5395683455687755,2.845118515047973
114,0.9524176954732511,0.1452759309008779,0.5416238440271517,2.876081427959352
115,0.95190329218107,0.14828122493048262,0.5385405963395874,2.8824332346038974
116,0.9591049382716049,0.13467953633133767,0.5416238440884104,2.906827487533899
117,0.9544753086419753,0.14391628177568255,0.5477903394635387,2.910677693485601
118,0.9547325102880658,0.1419062242831713,0.5457348410051626,2.921677968239858
119,0.9547325102880658,0.1450260066017202,0.5447070917759745,2.9178128578189955
120,0.9632201646090535,0.12895993364078026,0.5467625902343507,2.9321640635565887
121,0.9552469135802469,0.14107493496664758,0.551901336380291,2.9369208141319065
122,0.9555041152263375,0.14240728502656208,0.5549845840065967,2.9580324713029693
123,0.9547325102880658,0.14322243612489582,0.5508735870898444,2.9868775367246747
124,0.9537037037037037,0.1425746205289668,0.5570400824649728,2.987275746963987
125,0.9526748971193416,0.14671959749465127,0.5477903394022802,3.0170756506160252
126,0.9549897119341564,0.1399480036992595,0.5549845840678553,3.0323431479600083
127,0.9555041152263375,0.14217122322247353,0.5519013363190325,3.0576456862387897
128,0.9539609053497943,0.14177837348523945,0.546762590173092,3.061225761490025
129,0.9560185185185185,0.14156423650160738,0.5467625902343507,3.078199348371296
130,0.9560185185185185,0.14208906606882196,0.5405960948592222,3.075542755019138
131,0.9537037037037037,0.14300572416848606,0.5498458379219149,3.063593431219903
132,0.9580761316872428,0.13689841192077706,0.5529290856094792,3.080089079512844
133,0.9629629629629629,0.12929957562390668,0.5447070917759745,3.092480756273495
134,0.9583333333333334,0.13470928444538588,0.5519013363190325,3.0866449575139954
135,0.9591049382716049,0.14111583318116733,0.5467625902343507,3.110998362945996
136,0.9549897119341564,0.14257804690687745,0.5436793425467864,3.137471525421613
137,0.9616769547325102,0.12798940467000497,0.5436793425467864,3.16706929937051
138,0.9583333333333334,0.13658299370680327,0.5447070917759745,3.1883561941972127
139,0.9542181069958847,0.13999290224701288,0.5447070917759745,3.2212653917251854
140,0.963477366255144,0.12657787138787807,0.5457348410051626,3.24453401957607
141,0.9593621399176955,0.1314282950795727,0.5467625902343507,3.258944333273485
142,0.9624485596707819,0.12747816612691054,0.5447070917759745,3.256497165036961
143,0.9611625514403292,0.12860296914974848,0.5519013363190325,3.2715474966251104
144,0.9611625514403292,0.131943116784709,0.5498458379219149,3.2840977670722484
145,0.9621913580246914,0.13088197929501044,0.546762590173092,3.2930098832082404
146,0.9598765432098766,0.13584577966742065,0.5488180887539855,3.314079514020271
147,0.9655349794238683,0.12459945966922698,0.5488180886314682,3.3174157532244033
148,0.9567901234567902,0.13623594675105785,0.5447070918372332,3.3258757723566195
149,0.960133744855967,0.13179323411404842,0.5488180887539855,3.314477821783319
150,0.9526748971193416,0.14266401207373466,0.5457348410664212,3.325041645477389
151,0.9583333333333334,0.13610965669645694,0.5488180887539855,3.333173122582431
152,0.9588477366255144,0.13114538985024754,0.5498458379219149,3.3679229946077665
153,0.9567901234567902,0.13683431313484293,0.5457348410664212,3.3624451383412315
154,0.9598765432098766,0.12983396065271932,0.5395683456300342,3.365977306650207
155,0.9627057613168725,0.12760572641352078,0.5395683456300342,3.3898279149877815
156,0.9593621399176955,0.13312773127492072,0.5426515933175984,3.4091279668406127
157,0.9637345679012346,0.1262390010764079,0.5375128472329166,3.4234961047079433
158,0.9621913580246914,0.1253753028840685,0.5395683456300342,3.4286643554593406
159,0.9652777777777778,0.12900429366179456,0.5364850979424699,3.4471440378955553
160,0.9645061728395061,0.12408495335667222,0.5303186025673414,3.4725789604794697
161,0.9657921810699589,0.12608823526665996,0.5303186026286001,3.48311597641791
162,0.9560185185185185,0.13944672799282112,0.5272353549410358,3.4968780892970996
163,0.9606481481481481,0.1328240654473442,0.5344295994840937,3.4889039476263313
164,0.9688786008230452,0.12399248101215794,0.529290853399412,3.4933067902019066
165,0.9629629629629629,0.1272471764818631,0.5334018503161643,3.4941873494057103
166,0.9614197530864198,0.12802310910367182,0.5364850979424699,3.5008852001574398
167,0.9606481481481481,0.13406141126842655,0.5354573487132819,3.514832160210683
168,0.9639917695473251,0.12953696823046532,0.5405960948592222,3.52175824149662
169,0.9593621399176955,0.13309986863300632,0.5426515933175984,3.5224019050108075
170,0.9632201646090535,0.12741348472397024,0.5447070917759745,3.5433862167664203
171,0.9621913580246914,0.1316382818751865,0.5364850980037286,3.5597266820082316
172,0.9650205761316872,0.1234528400893074,0.5364850979424699,3.558918059546068
173,0.9652777777777778,0.1245186394502106,0.537512847171658,3.572722617548269
174,0.9629629629629629,0.1307124536898401,0.5467625902956094,3.5801396097945775
175,0.9670781893004116,0.11703517566983102,0.5477903394635387,3.5873379896013
176,0.9660493827160493,0.12576380218743297,0.5529290856094792,3.592156820160022
177,0.9632201646090535,0.1289442721217748,0.5467625902956094,3.6115816024200034
178,0.9665637860082305,0.12465319681314775,0.5447070918372332,3.600851247146465
179,0.9642489711934157,0.12656007983066417,0.5560123332970434,3.6088314632227587
180,0.9717078189300411,0.11242160743769304,0.5488180886927269,3.6213583786955597
181,0.9650205761316872,0.1261240228274722,0.5488180886927269,3.647705845573088
182,0.9614197530864198,0.12945430701284252,0.5405960948592222,3.655713058326619
183,0.9619341563786008,0.1299863895822945,0.5426515933175984,3.6747190479384417
184,0.9696502057613169,0.11834639654238037,0.5457348410051626,3.670989887564915
185,0.9614197530864198,0.13152703369963806,0.5467625902343507,3.685134169499161
186,0.9686213991769548,0.11846270307959843,0.5436793425467864,3.6896534135138266
187,0.9632201646090535,0.13034546542376158,0.5416238441496689,3.687362796356107
188,0.9647633744855967,0.12444726695065145,0.5416238441496689,3.725524807515394
189,0.9652777777777778,0.12335837917563355,0.5457348410664212,3.727737056755701
190,0.9663065843621399,0.12335573247185459,0.5508735872123617,3.739100332495365
191,0.970679012345679,0.113706068154961,0.5488180887539855,3.7188383748818032
192,0.9665637860082305,0.12366780352016045,0.5457348410664212,3.706171549603971
193,0.9686213991769548,0.12112057236609636,0.5467625902956094,3.714670171963103
194,0.9699074074074074,0.115326110472895,0.5508735872123617,3.693442746522125
195,0.966820987654321,0.12141754852278243,0.5488180887539855,3.70020914469814
196,0.9609053497942387,0.1323724320549288,0.5467625902956094,3.719011011741144
197,0.966820987654321,0.12456131051965211,0.5416238441496689,3.720779404243242
198,0.9696502057613169,0.11576111544184234,0.5405960949204809,3.727986300469425
199,0.9650205761316872,0.12180389887020912,0.5416238441496689,3.740244001425795
200,0.9681069958847737,0.12116969269489555,0.5447070918372332,3.721991926155992
201,0.9693930041152263,0.11886891707348725,0.5375128472329166,3.713894143501509
202,0.9699074074074074,0.11353815227379034,0.5416238441496689,3.7227326074092506
203,0.9660493827160493,0.12364859437500988,0.5467625902956094,3.742447086865463
204,0.9681069958847737,0.11895760651601195,0.5477903395247974,3.7549036286717694
205,0.9660493827160493,0.12535592312675445,0.5508735872123617,3.776260982927046
206,0.9652777777777778,0.1234146783841245,0.5498458379831735,3.7751831677565226
207,0.9665637860082305,0.1257962985539142,0.5457348410664212,3.7843124266151045
208,0.970164609053498,0.11895635097053807,0.5457348410664212,3.7912660056738545
209,0.9719650205761317,0.11154263380746292,0.542651593378857,3.7931531507211744
210,0.9755658436213992,0.10768030792352104,0.5467625902956094,3.8076872041512124
211,0.967335390946502,0.12163209694403189,0.5477903395247974,3.787119098704496
212,0.9696502057613169,0.12162831502318873,0.5498458379219149,3.7750889252783217
213,0.9683641975308642,0.12036003209190604,0.5447070917147159,3.79259889686953
214,0.9647633744855967,0.12569493824930347,0.5570400824649728,3.7899030651610044
215,0.9660493827160493,0.11972022686659554,0.5580678317554195,3.8062609187868124
216,0.9675925925925926,0.11692360055790026,0.5539568348386672,3.816030411656567
217,0.9663065843621399,0.12069342820426074,0.5477903394022802,3.8244058585975544
218,0.9663065843621399,0.12030662074991705,0.5529290856094792,3.8456439028540963
219,0.9683641975308642,0.11626981100673048,0.5488180886927269,3.834300746898122
220,0.9714506172839507,0.11177482613872108,0.5560123332357848,3.8343642475916204
221,0.9696502057613169,0.11671405052574574,0.5498458379219149,3.849308402050681
222,0.9719650205761317,0.1132533078698955,0.546762590173092,3.843962219979266
223,0.9709362139917695,0.11496014052948343,0.5519013363190325,3.8456070842135235
224,0.9678497942386831,0.11842059463630487,0.5519013363190325,3.864733679811609
225,0.9660493827160493,0.12420251419760073,0.546762590173092,3.8885338058942147
226,0.9670781893004116,0.12209404983515602,0.5447070917759745,3.9024357283593205
227,0.9693930041152263,0.11623189961652697,0.5477903394635387,3.9289610888215525
228,0.9686213991769548,0.11841673906815886,0.5488180886927269,3.931644899382008
229,0.970679012345679,0.11412552764079699,0.5498458378606563,3.9424418386182953
230,0.9724794238683128,0.11510367300591351,0.5508735870898444,3.9515611498108383
231,0.9696502057613169,0.11647830011300099,0.5436793425467864,3.9572035553276477
232,0.9717078189300411,0.1118055561810364,0.5488180886314682,3.952773459278667
233,0.9678497942386831,0.11946792839240636,0.5529290855482205,3.981370788683994
234,0.9688786008230452,0.11852139357186149,0.5560123332970434,4.010320482126611
235,0.9745370370370371,0.10879685340349567,0.5477903395247974,3.992754738230377
236,0.9729938271604939,0.11090166440593853,0.551901336380291,3.9891018884645093
237,0.9693930041152263,0.11440549815387883,0.551901336380291,3.9948533625176363
238,0.9704218106995884,0.11666516649992868,0.5498458379219149,3.9817643503736004
239,0.9735082304526749,0.10805303281472053,0.550873587151103,4.011456795366058
240,0.9717078189300411,0.11332398886052669,0.5570400824649728,3.9907124329201364
241,0.9688786008230452,0.11698113860171518,0.559095580923349,4.000480667292643
242,0.967335390946502,0.12503693792432424,0.5498458379219149,3.989281275534556
243,0.9717078189300411,0.11334978588262704,0.5436793424855279,3.997625824113789
244,0.9729938271604939,0.10965672944798882,0.5477903394022802,3.983264507272138
245,0.9681069958847737,0.1197200634290652,0.5498458378606563,3.986535784887018
246,0.9652777777777778,0.1262886778378683,0.546762590173092,3.9971159906083487
247,0.9683641975308642,0.11645337756830479,0.5447070917759745,3.9826131656015518
248,0.9686213991769548,0.12128743210447178,0.5457348410051626,3.9824553342174283
249,0.9732510288065843,0.11108745738802624,0.546762590173092,3.9983636720329985
