epoch,acc,loss,val_acc,val_loss
0,0.5501543209876543,0.6966362465556266,0.6053442963593297,0.6906346341811374
1,0.57690329218107,0.6809897226561245,0.5950668037305266,0.6886624435971722
2,0.6003086419753086,0.6672801782564862,0.6022610486717656,0.6870568414876297
3,0.6033950617283951,0.6523577956015191,0.6063720455885179,0.6860362859203538
4,0.6188271604938271,0.6371936655829473,0.608427544046894,0.6854408480770664
5,0.617798353909465,0.6215811796149109,0.608427544046894,0.6879606149547024
6,0.6327160493827161,0.6084425986549,0.6063720455885179,0.6895221662300831
7,0.643775720164609,0.590211323749872,0.6002055498764669,0.6914109919691135
8,0.6486625514403292,0.579391798855346,0.5899280579215086,0.6940494563204657
9,0.6563786008230452,0.5602127406822801,0.5878725594018738,0.6946199535710961
10,0.6746399176954733,0.5452581747078601,0.5868448101726857,0.6997276185595365
11,0.6692386831275721,0.5380433027636368,0.5889003086310619,0.7044582579510797
12,0.6828703703703703,0.5117345935523264,0.5878725594018738,0.7112069065622288
13,0.6921296296296297,0.504296197567457,0.5960945532353784,0.7166909158291086
14,0.6995884773662552,0.48284537679373973,0.5909558070281794,0.7246444804817898
15,0.7147633744855967,0.4695035883919202,0.5889003085698032,0.731070182857631
16,0.75,0.45846958170211854,0.5847893116530509,0.7387520378074568
17,0.7875514403292181,0.43699517355534273,0.5786228164004398,0.7457404673283293
18,0.8058127572016461,0.42434184933886115,0.5817060640267453,0.7545240759727031
19,0.8088991769547325,0.4122041370643019,0.5817060640267453,0.7696364875442567
20,0.8294753086419753,0.39503872320975786,0.5745118194836875,0.7826513604539517
21,0.8168724279835391,0.39409520707012696,0.569373073337747,0.7934951349740651
22,0.8353909465020576,0.37986601024498173,0.5693730732764885,0.805814015412012
23,0.8515946502057613,0.3668672417907558,0.5786228163391811,0.8186882349594524
24,0.8654835390946503,0.3509035110473633,0.5837615624238629,0.8341982701576993
25,0.8768004115226338,0.3471948427182657,0.5837615624238629,0.849439210048805
26,0.8665123456790124,0.3427805321697345,0.5786228162779224,0.8673499746655878
27,0.8852880658436214,0.326231777545356,0.5755395686516169,0.8843554877058698
28,0.885545267489712,0.3233939748977928,0.5796505655071106,0.9008941535224405
29,0.9017489711934157,0.3070939039742505,0.5786228164004398,0.9213722439488551
30,0.897633744855967,0.2976049636126546,0.564234327130548,0.9436857261736126
31,0.8945473251028807,0.30307966679211995,0.5827338131946748,0.9603251928170685
32,0.9125514403292181,0.27981897152255103,0.5734840701932408,0.9872964134196706
33,0.9104938271604939,0.27965208937111213,0.564234327130548,1.0116504140404978
34,0.9225823045267489,0.26129166199346626,0.5693730732152298,1.036224421347278
35,0.9128086419753086,0.2671025994505902,0.572456320902794,1.0573203247595666
36,0.9223251028806584,0.25125159697277555,0.5693730732152298,1.0798947866259474
37,0.9266975308641975,0.2513680423728723,0.572456320902794,1.1121198446140506
38,0.9308127572016461,0.2458011321570157,0.5683453239860417,1.131645833478067
39,0.9313271604938271,0.23393646759506115,0.568345324108559,1.1556906076521447
40,0.9395576131687243,0.23230662929668347,0.5662898255889242,1.1798966800811235
41,0.9398148148148148,0.22469811233473413,0.5704008225669351,1.2046986821989116
42,0.9421296296296297,0.2211237956957562,0.568345324108559,1.2278690060020596
43,0.9436728395061729,0.22044796315730844,0.5662898253132603,1.2607320814191498
44,0.9418724279835391,0.21581216438562292,0.5662898253132603,1.2930570568847264
45,0.9418724279835391,0.21135564602206272,0.5642343268548842,1.3250166454638632
46,0.9400720164609053,0.21128164066208732,0.5590955807089438,1.3460162640353024
47,0.95190329218107,0.19645097134289918,0.5601233299381319,1.3755467249212627
48,0.9467592592592593,0.20066770285735896,0.5673175745424485,1.4121075387113753
49,0.9441872427983539,0.20215767591333192,0.5662898253132603,1.439528801948414
50,0.9557613168724279,0.18602143151401984,0.5714285717348646,1.4682565869922384
51,0.9521604938271605,0.18609895689006695,0.5734840701932408,1.5001841228520392
52,0.9475308641975309,0.1906243876052001,0.576567317880805,1.526501343159612
53,0.9529320987654321,0.18427360480950203,0.5704008225056765,1.5635264049698614
54,0.9467592592592593,0.18643385082973865,0.5693730730008246,1.5971000118588863
55,0.9477880658436214,0.18597784442175563,0.5714285717961232,1.6319770580205495
56,0.9539609053497943,0.17294293347700143,0.5704008225669351,1.6521846079262776
57,0.9503600823045267,0.1786015764676004,0.5621788287334305,1.6878058743746405
58,0.9508744855967078,0.1755955692058728,0.5642343271918067,1.733677559006741
59,0.9619341563786008,0.16240703182701222,0.5580678318166782,1.7597494843317327
60,0.956275720164609,0.16467260296452682,0.5621788287334305,1.78050321738742
61,0.9565329218106996,0.16371892104423585,0.5652620764209947,1.8137667068842136
62,0.9591049382716049,0.1592106157798826,0.5662898256501828,1.834839452329912
63,0.960133744855967,0.15699504800294162,0.5714285717961232,1.8539846690806185
64,0.9570473251028807,0.1607074870616811,0.5662898256501828,1.8913336674944103
65,0.9575617283950617,0.154994060994421,0.5755395686516169,1.910231813252401
66,0.963477366255144,0.15113159591033135,0.5642343271918067,1.946198676619966
67,0.9619341563786008,0.15392807371331832,0.5673175748793708,1.978528996288225
68,0.9647633744855967,0.1462046143449383,0.5642343271918067,2.0150326842026747
69,0.9616769547325102,0.14977572266579656,0.5601233302750543,2.038818888894578
70,0.9578189300411523,0.15389581046109338,0.5642343271918067,2.0627242521538887
71,0.9632201646090535,0.14013010249645622,0.5601233302750543,2.098493003649187
72,0.9611625514403292,0.14811286391544734,0.5662898256501828,2.1165116200834238
73,0.9598765432098766,0.1450693318505346,0.5642343271918067,2.14071476422748
74,0.963477366255144,0.14482259131017536,0.5621788287334305,2.1718033575448077
75,0.9609053497942387,0.1445915244305085,0.5642343269161428,2.1901698286462294
76,0.9591049382716049,0.1440537375371152,0.5590955807702024,2.215632858403785
77,0.9629629629629629,0.14009236571965394,0.56115107916732,2.2526038256603056
78,0.9652777777777778,0.13608843992644376,0.5734840702544993,2.2778479602084496
79,0.9580761316872428,0.14884234544794256,0.5704008225669351,2.28486488142337
80,0.9629629629629629,0.13822080404976758,0.5714285714592008,2.3154917319534003
81,0.967335390946502,0.13403758805229832,0.5765673176051411,2.35302933024478
82,0.9650205761316872,0.13873889275784354,0.5683453237716365,2.3850902998925236
83,0.9660493827160493,0.13126711895375096,0.5673175748793708,2.408402387799364
84,0.960133744855967,0.13805100450545182,0.5673175748793708,2.4323875882030146
85,0.9591049382716049,0.14235657159193063,0.5724563210253113,2.4563477458346172
86,0.963477366255144,0.13620200946375174,0.5642343268548842,2.473855563082406
87,0.9683641975308642,0.12695975325725697,0.5652620764209947,2.4992671875399894
88,0.9645061728395061,0.13448397042574706,0.5673175745424485,2.5182993314004016
89,0.9652777777777778,0.13478468861354231,0.5673175745424485,2.5462011700421416
90,0.9675925925925926,0.12724204956258767,0.5662898256501828,2.5760901052684724
91,0.9642489711934157,0.13059994955489665,0.5652620764209947,2.6106770709999294
92,0.9645061728395061,0.12723461599874888,0.5662898256501828,2.619669736595585
93,0.9655349794238683,0.13202583400432955,0.569373073337747,2.6293961009410767
94,0.9621913580246914,0.13271131231583685,0.5662898253132603,2.640398307302383
95,0.9652777777777778,0.12822105149918622,0.5704008225669351,2.6567945276968037
96,0.9645061728395061,0.12959066769223154,0.5652620764209947,2.6888512555521293
97,0.970164609053498,0.12275552971924773,0.5632065779626185,2.7036503836405363
98,0.9688786008230452,0.12052819111342293,0.5683453237716365,2.732538268597986
99,0.9639917695473251,0.12919985095169317,0.569373073337747,2.756253823469501
100,0.9686213991769548,0.12262341320330714,0.5673175745424485,2.7816858789046033
101,0.970164609053498,0.12077074841339401,0.56115107916732,2.8315237690708988
102,0.9663065843621399,0.12802393096709938,0.56115107916732,2.8661649636349966
103,0.9693930041152263,0.12068269223955924,0.56115107916732,2.8801640346876027
104,0.9681069958847737,0.12479604104602779,0.5642343268548842,2.892716750824194
105,0.9683641975308642,0.12221816592991597,0.5642343269161428,2.9121650291983907
106,0.9704218106995884,0.11719044331660486,0.567317574603707,2.9193062804340704
107,0.9681069958847737,0.12191154084210533,0.5560123330826382,2.9314936721680223
108,0.9642489711934157,0.12846861509874524,0.5590955807702024,2.9506791689168024
109,0.9699074074074074,0.11855474396497624,0.5683453238328952,2.9399907270413874
110,0.967335390946502,0.12034996887170729,0.5580678314797557,2.9696964916197883
111,0.966820987654321,0.12483978929159081,0.5601233299381319,2.9954901283103417
112,0.9663065843621399,0.12274030787647996,0.5632065776869547,2.9967612933524466
113,0.9670781893004116,0.12264484314270961,0.5621788284577667,3.0053790536960863
114,0.9681069958847737,0.12031570135198012,0.566289825374519,3.0195970655345232
115,0.9683641975308642,0.1172443108610165,0.5683453237716365,3.056662642821011
116,0.9699074074074074,0.1167802074502525,0.5683453238328952,3.07466825502872
117,0.9735082304526749,0.10943346970365862,0.5683453238328952,3.0988598597625545
118,0.9724794238683128,0.11101601898302267,0.5632065776869547,3.1021198885781422
119,0.9683641975308642,0.11861449641026096,0.5693730730008246,3.0931180706984707
120,0.9670781893004116,0.12520394987836786,0.5704008222300126,3.116279813025495
121,0.9670781893004116,0.12192854717557813,0.568345324108559,3.135049292877056
122,0.9735082304526749,0.10756210653195655,0.5683453237716365,3.138820225263794
123,0.9691358024691358,0.11311181679122732,0.5642343268548842,3.1438074227104695
124,0.9663065843621399,0.12284834123381372,0.5662898256501828,3.160442802668353
125,0.9681069958847737,0.1152983846549144,0.5724563210253113,3.178459410309669
126,0.9650205761316872,0.12486456192018074,0.5673175748793708,3.2100100946083345
127,0.9670781893004116,0.11729552193617625,0.5673175748793708,3.2394917788020385
128,0.9711934156378601,0.11437740811595211,0.5704008225669351,3.2345413899495203
129,0.9637345679012346,0.12180030198744786,0.5734840702544993,3.2351696165345554
130,0.9678497942386831,0.11736603231464394,0.5755395687128755,3.2592780543500814
131,0.9660493827160493,0.12384824253955987,0.5837615625463801,3.2605239658904592
132,0.9711934156378601,0.11206115070929742,0.5806783148588159,3.2766058160736775
133,0.9652777777777778,0.12070194429453508,0.581706064088004,3.2548051630237733
134,0.970679012345679,0.11298464421075557,0.5806783148588159,3.2621194485647704
135,0.9719650205761317,0.11013527447549404,0.5786228164004398,3.2874788164724915
136,0.9699074074074074,0.11073612746755773,0.581706064088004,3.2892447897488633
137,0.9670781893004116,0.11327304202036112,0.5775950671712516,3.3240356626638037
138,0.9655349794238683,0.12119608335656884,0.5847893117755683,3.3291017894019572
139,0.970164609053498,0.11003985528837996,0.5745118194836875,3.3484548037490764
140,0.9663065843621399,0.1212355446974927,0.5827338133171921,3.350856590859079
141,0.9663065843621399,0.11641809824133606,0.5796505656296278,3.3629557314536553
142,0.9693930041152263,0.11403586001062589,0.5806783148588159,3.380917956870727
143,0.9691358024691358,0.11394388955316426,0.5724563210253113,3.3949312276732395
144,0.9688786008230452,0.11434788839439305,0.5714285717961232,3.4014197750914867
145,0.9709362139917695,0.10993795132134186,0.5765673179420636,3.3770267662016975
146,0.9683641975308642,0.11415361865987013,0.5704008225669351,3.3801569634816873
147,0.970679012345679,0.11085261070311314,0.5734840702544993,3.391413104497394
148,0.9704218106995884,0.11332736248648706,0.5734840702544993,3.3896173455609815
149,0.9681069958847737,0.1136495382850798,0.5714285717961232,3.4031322240094366
150,0.9750514403292181,0.10197025417913626,0.568345324108559,3.385542684321781
151,0.9729938271604939,0.10221850895035414,0.5775950671712516,3.4002106944434076
152,0.9696502057613169,0.11160304342155103,0.5745118194836875,3.4008637567463293
153,0.9717078189300411,0.10683157348645077,0.5745118194836875,3.4260175960772083
154,0.9724794238683128,0.10415088690418765,0.5745118194836875,3.437398107789403
155,0.967335390946502,0.11426610462827447,0.5734840702544993,3.4351909511013363
156,0.9709362139917695,0.10766456723826412,0.5786228164004398,3.433504625557628
157,0.9652777777777778,0.11911593917220709,0.5827338133171921,3.4558332993094747
158,0.9722222222222222,0.10432983852095074,0.5786228164004398,3.464044429782973
159,0.9639917695473251,0.12338707786160732,0.581706064088004,3.4717126897280655
160,0.9683641975308642,0.11433121102091706,0.5796505656296278,3.495725241618926
161,0.9688786008230452,0.11108191582707712,0.5837615625463801,3.492678912791049
162,0.9699074074074074,0.11345065898672053,0.5847893117755683,3.5075618443974244
163,0.9727366255144033,0.106447853684548,0.5909558071506967,3.5159582748687526
164,0.9691358024691358,0.11592714574356629,0.5878725594631324,3.5248305638304473
165,0.9696502057613169,0.10904190258540734,0.581706064088004,3.5434299446450965
166,0.9678497942386831,0.11255436326250617,0.5796505656296278,3.5440876741203473
167,0.9735082304526749,0.09826923032203083,0.5775950671712516,3.545894495384789
168,0.9675925925925926,0.11573480417637667,0.5775950671712516,3.5589668473873943
169,0.9729938271604939,0.10336171777405366,0.5786228164004398,3.564878420128974
170,0.9704218106995884,0.10835122255754079,0.5806783148588159,3.556485848951193
171,0.9688786008230452,0.11399595014781619,0.5847893117755683,3.5838556412190106
172,0.9688786008230452,0.11429972517392273,0.5889003086923206,3.5738556294377513
173,0.9727366255144033,0.10616742709168682,0.5940390545013384,3.578359107931986
174,0.9704218106995884,0.11003664562118397,0.5950668040674489,3.574718050942024
175,0.9693930041152263,0.11319664684833322,0.5899280579215086,3.6104386747189685
176,0.9696502057613169,0.11198827497078558,0.5868448102339444,3.6365829013969524
177,0.970679012345679,0.10687420035831231,0.5878725594631324,3.6528812724051716
178,0.9681069958847737,0.11177249265060503,0.5827338133171921,3.6527096203395297
179,0.9688786008230452,0.10995252767708076,0.5806783148588159,3.661984134921067
180,0.9688786008230452,0.11289585538116502,0.5765673179420636,3.6780364569755153
181,0.9691358024691358,0.10973340229978287,0.5786228164004398,3.681923156652029
182,0.9735082304526749,0.10176243731146487,0.5786228164004398,3.6708462044734502
183,0.970679012345679,0.10560034071344407,0.5837615625463801,3.681032259687245
184,0.9699074074074074,0.1077015893725456,0.5847893117755683,3.6977421847791367
185,0.9691358024691358,0.1097162550951473,0.5837615625463801,3.6993360700734716
186,0.9704218106995884,0.10887942055370582,0.5755395687128755,3.706300833487437
187,0.9691358024691358,0.11155242310384664,0.5745118194836875,3.7307730877632226
188,0.9719650205761317,0.10869978119929631,0.5775950671712516,3.7374512867471785
189,0.9722222222222222,0.10415221631159018,0.5765673179420636,3.7676292720335973
190,0.9737654320987654,0.10191983786323433,0.5704008225669351,3.774824559014723
191,0.9727366255144033,0.10389522973586011,0.5714285717961232,3.767731953255319
192,0.9709362139917695,0.10601111296027776,0.5745118194836875,3.777289906606645
193,0.9724794238683128,0.10329510979814294,0.5796505656296278,3.7826991144946764
194,0.970164609053498,0.10783154497482648,0.5714285717961232,3.796018730332158
195,0.9709362139917695,0.1058094134331976,0.5745118194836875,3.7897468314018914
196,0.9681069958847737,0.11436192872225012,0.5755395687128755,3.8060981347651546
197,0.970164609053498,0.1092650390425582,0.5745118194836875,3.8179704356414073
198,0.9747942386831275,0.09832232684632879,0.5724563210253113,3.8134722150977076
199,0.9650205761316872,0.11887469709900672,0.5755395687128755,3.826313101130424
200,0.974022633744856,0.09999077417600302,0.5827338133171921,3.8308467629757104
201,0.9724794238683128,0.102501486186628,0.5755395687128755,3.8253560306356964
202,0.9729938271604939,0.1040164605702883,0.5755395687128755,3.831140294717003
203,0.9717078189300411,0.10606482999069701,0.5786228164004398,3.824840461362425
204,0.9709362139917695,0.10626212186314196,0.5775950671712516,3.8155437098990244
205,0.974022633744856,0.10019766203599212,0.5745118194836875,3.825143762139598
206,0.9709362139917695,0.10563135226046352,0.5755395687128755,3.851746703223359
207,0.9727366255144033,0.10179185387467651,0.5786228164004398,3.844194522006906
208,0.9745370370370371,0.09970838630211697,0.5745118194836875,3.8479869804303912
209,0.9660493827160493,0.11687165916487267,0.5847893117755683,3.850028096343116
210,0.9745370370370371,0.09994301934239795,0.5837615625463801,3.8710923890783264
211,0.9678497942386831,0.10885502321362005,0.5847893117755683,3.8827216367927386
212,0.9681069958847737,0.11192257877117322,0.5858170610047563,3.8974840467047227
213,0.9686213991769548,0.1113980775200781,0.5827338133171921,3.9039348531724984
214,0.9753086419753086,0.09959058442110878,0.5837615625463801,3.9040766149483628
215,0.970164609053498,0.10686296472946803,0.581706064088004,3.909831417550286
216,0.9693930041152263,0.11065268611589087,0.5858170610047563,3.9278423033907384
217,0.9729938271604939,0.10088039557507009,0.5827338133171921,3.9439745071858074
218,0.9719650205761317,0.10456525896955665,0.5868448102339444,3.9405898459768736
219,0.9742798353909465,0.10081828946684614,0.5847893117755683,3.945747215235711
220,0.9714506172839507,0.10388591434852576,0.5796505656296278,3.920630832370237
221,0.9717078189300411,0.10626587156712274,0.5827338133171921,3.9195332857957235
222,0.9711934156378601,0.10326381306712029,0.5827338133171921,3.9190135876909435
223,0.9758230452674898,0.09552546838919322,0.5786228164004398,3.928683510542161
224,0.9691358024691358,0.11099762042578111,0.5775950671712516,3.9240075042289426
225,0.9729938271604939,0.09977131448839427,0.5796505655683692,3.9459126848356085
226,0.9711934156378601,0.10806475645659391,0.5745118194224288,3.894526309369157
227,0.9704218106995884,0.10420856980507266,0.5817060640267453,3.8624922521067795
228,0.9675925925925926,0.10969705640533824,0.5817060640267453,3.856969025005172
229,0.9714506172839507,0.10475737814611369,0.5847893117143096,3.848434066233385
230,0.9719650205761317,0.10140417645007004,0.5858170609434976,3.8569562530713606
231,0.9786522633744856,0.08914484523635342,0.5878725594018738,3.8630308166437257
232,0.9742798353909465,0.09949246498108401,0.5868448101726857,3.87416824750518
233,0.9758230452674898,0.09662863417478745,0.5919835563186261,3.87472397156389
234,0.9717078189300411,0.10565455424994108,0.5847893117755683,3.8849843283473895
235,0.9771090534979424,0.09361978171109663,0.5837615625463801,3.8936404125786024
236,0.9711934156378601,0.10564576198228103,0.5775950671712516,3.8998777876164907
237,0.9719650205761317,0.10652285109086292,0.5775950671712516,3.901583500290701
238,0.970679012345679,0.10593876817528113,0.5775950671712516,3.8991311561902036
239,0.9745370370370371,0.09893581757145654,0.5786228163391811,3.9048456150850805
240,0.9704218106995884,0.1102632972193353,0.5775950671099931,3.925513496869392
241,0.9729938271604939,0.10156859814691445,0.5796505655683692,3.929639522487801
242,0.9709362139917695,0.10320697763145215,0.5847893117143096,3.9189133011914965
243,0.974022633744856,0.09852906664519152,0.5806783147975573,3.941576088810261
244,0.9717078189300411,0.10601399532316153,0.5817060640267453,3.950258341502065
245,0.9722222222222222,0.10447816700969705,0.5847893117143096,3.947943913115749
246,0.9704218106995884,0.10897888968326917,0.5806783147975573,3.931969473320313
247,0.9719650205761317,0.10662056180675333,0.5868448101726857,3.931495170554056
248,0.9753086419753086,0.09573628121810686,0.5899280579215086,3.9224009553060504
249,0.9717078189300411,0.10186774098149542,0.5806783147975573,3.9273500908070456
