epoch,acc,loss,val_acc,val_loss
0,0.558641975308642,0.7009133770142073,0.5611510792285785,0.6967778463770404
1,0.636059670781893,0.6674957756152369,0.5714285714592008,0.6940690965103589
2,0.6738683127572016,0.6398820771601955,0.581706064088004,0.6926239417121197
3,0.6967592592592593,0.6138774271855139,0.5755395687128755,0.6920171422311483
4,0.7332818930041153,0.5807329453068015,0.574511819146765,0.6941894213195204
5,0.7569444444444444,0.5526698741893219,0.5796505656296278,0.6965033854879554
6,0.7770061728395061,0.5235827549249547,0.5693730730008246,0.7034451048763781
7,0.7824074074074074,0.4983423965458026,0.5806783147975573,0.7107408103080349
8,0.8088991769547325,0.46916702745382677,0.5580678314797557,0.7217412989774197
9,0.8220164609053497,0.43797483512894114,0.5621788286721718,0.732130076265286
10,0.8315329218106996,0.4200176134276292,0.5529290856094792,0.7441434174132862
11,0.8497942386831275,0.3946226816854359,0.5580678318166782,0.7602329197179867
12,0.8593106995884774,0.3799396328965332,0.5590955810458662,0.7722731355772969
13,0.867798353909465,0.36131481832437556,0.556012333358302,0.7937081842726328
14,0.8708847736625515,0.33864412116415704,0.5529290856707378,0.8108054250019305
15,0.8713991769547325,0.3258789312937623,0.5590955810458662,0.8282290879035903
16,0.8721707818930041,0.3176095241013868,0.5529290856707378,0.844608078757636
17,0.8832304526748971,0.29888323734326616,0.5529290856707378,0.8667568285075635
18,0.8945473251028807,0.2838498494997927,0.5508735872123617,0.8898553314703954
19,0.897119341563786,0.2764180405640308,0.5508735872123617,0.9095012811448077
20,0.8950617283950617,0.2733191866197704,0.5539568348386672,0.9267464494533676
21,0.8989197530864198,0.26131087848188456,0.5436793425467864,0.9557375760264656
22,0.9068930041152263,0.2536221432342451,0.5498458379831735,0.9738996186947406
23,0.9027777777777778,0.25443868063114305,0.5447070917759745,0.9937146615393972
24,0.897633744855967,0.24659898141284048,0.5385405964008461,1.0192167836740107
25,0.9035493827160493,0.24253474427348792,0.537512847171658,1.046646304696584
26,0.9061213991769548,0.23518048392401802,0.5334018503161643,1.0665171334456809
27,0.9138374485596708,0.22932420579003698,0.5447070918372332,1.0899360506409608
28,0.908179012345679,0.22957697253168366,0.5457348410664212,1.121530994236898
29,0.9099794238683128,0.22090893769215164,0.5416238441496689,1.1504616679170026
30,0.9133230452674898,0.22120898075923018,0.5416238441496689,1.1807058696756627
31,0.9120370370370371,0.21465432539643575,0.5385405964621047,1.1993939821423631
32,0.9143518518518519,0.20697893282022986,0.5354573487745404,1.2240675336165394
33,0.9156378600823045,0.21035135577245015,0.5313463515208657,1.254035690092967
34,0.9066358024691358,0.20824426783578387,0.535457348437618,1.2799969302664558
35,0.915380658436214,0.20308800378944647,0.5385405961251822,1.2989907223053605
36,0.9138374485596708,0.20237362360267483,0.535457348437618,1.3289895926325563
37,0.9135802469135802,0.20427918145931306,0.5344295992084299,1.3448032663880491
38,0.9169238683127572,0.19707477932849538,0.5344295992084299,1.3664365580491147
39,0.9243827160493827,0.19148379689994663,0.5313463518577881,1.396473322718386
40,0.9207818930041153,0.19061182224701462,0.5354573487132819,1.4278906456368066
41,0.9140946502057613,0.19655890431669024,0.5416238438127465,1.46043982780237
42,0.9205246913580247,0.1941159922522282,0.5334018499792419,1.487455766590624
43,0.9238683127572016,0.18694105597189914,0.5334018502549057,1.5107428836430454
44,0.9233539094650206,0.18383393519454533,0.5354573487132819,1.537459708681332
45,0.930298353909465,0.17801138819981013,0.5313463517965296,1.5681554227301666
46,0.9266975308641975,0.17500153122615422,0.5354573487132819,1.6021161988484773
47,0.9243827160493827,0.1786495922708217,0.5354573487745404,1.6283934355272174
48,0.9205246913580247,0.18187258812625712,0.5375128472329166,1.6407255869117572
49,0.92309670781893,0.17932642919659125,0.5385405964621047,1.6713062620358992
50,0.9279835390946503,0.174389535860147,0.537512847171658,1.7022945434927084
51,0.9261831275720165,0.17029516705514963,0.5354573487132819,1.7164702601692536
52,0.926954732510288,0.16998843204827957,0.5385405964008461,1.740430807160694
53,0.9310699588477366,0.170194211565418,0.5416238441496689,1.754052604825254
54,0.9207818930041153,0.1786490451283906,0.5405960948592222,1.7790432740826034
55,0.9248971193415638,0.16533903667986882,0.529290853399412,1.7888592830787338
56,0.9200102880658436,0.17279632144258836,0.5323741010257176,1.8221107511824228
57,0.9300411522633745,0.1644963475841063,0.5323741010257176,1.8559802719157377
58,0.9282407407407407,0.16761262417452816,0.524152107192213,1.8930847225796894
59,0.9320987654320988,0.1662391532411791,0.5251798564214011,1.9191531414608303
60,0.9284979423868313,0.16419067592532546,0.5354573487132819,1.9440356000476848
61,0.9328703703703703,0.15892675761210084,0.5405960948592222,1.9669677368293441
62,0.9297839506172839,0.1632524449148296,0.5436793425467864,1.9891632221953106
63,0.9377572016460906,0.16147158322510896,0.5385405964008461,2.0347398880941894
64,0.9338991769547325,0.15276748208720006,0.5426515933175984,2.054489512482748
65,0.930298353909465,0.15732883860514243,0.5457348410051626,2.077028577888857
66,0.9400720164609053,0.149348123144711,0.5467625902343507,2.125812570213169
67,0.9367283950617284,0.1595245697248129,0.5467625902343507,2.1440403748146677
68,0.9418724279835391,0.15466468394906432,0.5385405964008461,2.169232626490578
69,0.9436728395061729,0.15473677432586136,0.5426515933175984,2.185715738695425
70,0.9423868312757202,0.1499208051236078,0.5364850979424699,2.2185199738528967
71,0.9333847736625515,0.16138087688282193,0.5405960948592222,2.2386842427003786
72,0.9429012345679012,0.15145074502553468,0.5334018502549057,2.247669606022575
73,0.9318415637860082,0.16296064154601392,0.5323741010869762,2.269570268315377
74,0.9411008230452675,0.15256956950933845,0.5334018503161643,2.3025733742169954
75,0.9349279835390947,0.16082504633890748,0.5210688595659073,2.3443842785699025
76,0.9403292181069959,0.14925285257061813,0.5323741010257176,2.362438141380773
77,0.9377572016460906,0.14887826374651472,0.5292908533381534,2.386944598063658
78,0.9382716049382716,0.15288232036946733,0.5292908533381534,2.4076829080346434
79,0.9326131687242798,0.15370622583868082,0.529290853399412,2.4232042786518813
80,0.9326131687242798,0.16029744008134422,0.5364850979424699,2.456607269481177
81,0.9393004115226338,0.1451742289426886,0.5354573487132819,2.4740425546759814
82,0.9333847736625515,0.1616518205269374,0.529290853399412,2.5040406207999126
83,0.9393004115226338,0.14566923411172114,0.529290853399412,2.525364760259685
84,0.941358024691358,0.1417768513285574,0.5375128472329166,2.5269741186257626
85,0.9367283950617284,0.15978202965769747,0.5323741010869762,2.571847021763518
86,0.9411008230452675,0.14716816632222737,0.5251798564214011,2.5940989863590738
87,0.941358024691358,0.14834491899352015,0.5313463517965296,2.6163557341507993
88,0.934156378600823,0.1534690584358855,0.5282631041089653,2.645133248213506
89,0.9400720164609053,0.14961327609333971,0.5262076056505891,2.6809675339437096
90,0.9421296296296297,0.14386672707496848,0.5272353548797772,2.7027458641046365
91,0.9372427983539094,0.15013626870917685,0.5200411102754606,2.7183605398205546
92,0.9364711934156379,0.15184964267192064,0.5262076056505891,2.7515939742418625
93,0.9423868312757202,0.1453212896063004,0.5179856118170845,2.795439495457162
94,0.9423868312757202,0.1469832363810559,0.5149023641295203,2.8141101685726877
95,0.9411008230452675,0.14765565364081182,0.5179856118783431,2.825001755329222
96,0.9395576131687243,0.14947146306067338,0.5272353549410358,2.8183300230510433
97,0.9398148148148148,0.14557884049452383,0.5241521072534716,2.8202619412942633
98,0.9431584362139918,0.14095675347395886,0.5169578626491551,2.839956124296904
99,0.9441872427983539,0.13935484234320283,0.5159301133587083,2.8650462269660504
100,0.9390432098765432,0.14646062766941487,0.5231243580242835,2.876149193968582
101,0.9398148148148148,0.1453001763165733,0.5231243579630249,2.8828137881464238
102,0.9452160493827161,0.13858479215407077,0.5251798564826596,2.8784680572345103
103,0.9372427983539094,0.14456254850935052,0.524152107192213,2.9225706066649106
104,0.9380144032921811,0.1472720502887243,0.5210688595046488,2.933732276095148
105,0.9423868312757202,0.14180515789323384,0.524152107192213,2.950508416862919
106,0.9405864197530864,0.14671699147778774,0.5323741010869762,2.948796297516387
107,0.9452160493827161,0.13670729042448623,0.5313463517965296,2.9751897007686385
108,0.9439300411522634,0.1396691600175061,0.5303186025673414,2.9762295444112152
109,0.948045267489712,0.13880348122782177,0.5303186025060829,2.968744404881978
110,0.940843621399177,0.13871808739478697,0.5303186025673414,2.9942953736049422
111,0.9362139917695473,0.14970698422242584,0.5313463517965296,2.9882937403891585
112,0.9452160493827161,0.13605975053070013,0.5303186025673414,3.0007158073099887
113,0.9441872427983539,0.14117421488825677,0.533401850193647,3.019012329879792
114,0.9483024691358025,0.13259494129890276,0.5313463517965296,3.0272751525886745
115,0.9454732510288066,0.1389234249361258,0.524152107192213,3.0502604595313705
116,0.9429012345679012,0.13862336068241685,0.5323741010257176,3.0668734220169553
117,0.9411008230452675,0.14123979197056205,0.5251798564214011,3.0876509253804754
118,0.941358024691358,0.13701198056892114,0.5344295994840937,3.1112141702305007
119,0.9434156378600823,0.1449118725986147,0.5282631041702239,3.1392796982964164
120,0.9395576131687243,0.14605917959424203,0.5282631041702239,3.1547315098643915
121,0.9377572016460906,0.1468112889999225,0.5354573487745404,3.180406302121781
122,0.9488168724279835,0.1329570789610653,0.5282631041702239,3.1936556748961618
123,0.9387860082304527,0.13979368408521017,0.5334018503161643,3.2177851288316184
124,0.9493312757201646,0.1298898048545598,0.5262076057118478,3.2211048409480596
125,0.9475308641975309,0.13429602968349377,0.5344295995453524,3.2140669886401843
126,0.9462448559670782,0.1340990443809778,0.5323741010869762,3.207357897665371
127,0.9459876543209876,0.13461289337142504,0.5385405964621047,3.2291444181048243
128,0.9426440329218106,0.14147408803304037,0.5385405964621047,3.2305260515654073
129,0.9418724279835391,0.13738835363844296,0.5457348410664212,3.2159075288586356
130,0.9457304526748971,0.14021892603410124,0.5498458379219149,3.230071701959373
131,0.9429012345679012,0.14076579788339483,0.5405960949204809,3.2298436816647755
132,0.9434156378600823,0.13816350335140287,0.5457348410664212,3.2596790249031593
133,0.9457304526748971,0.13992471612775276,0.5488180887539855,3.244583019862317
134,0.9470164609053497,0.1354370016006776,0.5498458379831735,3.2559970469048434
135,0.9457304526748971,0.13418070438467425,0.5467625902956094,3.277715222318518
136,0.9418724279835391,0.14041616399714976,0.5395683456912928,3.288119862773068
137,0.9431584362139918,0.13939746447796683,0.5375128472329166,3.309821067096518
138,0.9511316872427984,0.1288483445321827,0.5436793426080451,3.3233505694496177
139,0.9495884773662552,0.1306817218538665,0.5447070918372332,3.3425872774310372
140,0.9477880658436214,0.1320738623171677,0.5405960949204809,3.3423448601337524
141,0.9411008230452675,0.1402932991093569,0.5385405964621047,3.3700913268027546
142,0.9411008230452675,0.1421785147040469,0.5529290856707378,3.391134214548266
143,0.9501028806584362,0.1276036276033631,0.5457348410664212,3.4042421815819264
144,0.9477880658436214,0.13677322680567516,0.5436793426080451,3.4084430495612055
145,0.9429012345679012,0.135138560653714,0.551901336380291,3.3898284339708757
146,0.9441872427983539,0.13615850889633713,0.5395683456912928,3.424323140533463
147,0.9475308641975309,0.1327838700249362,0.5395683456300342,3.440818631269214
148,0.9444444444444444,0.1343640788561768,0.5436793425467864,3.4496879991745044
149,0.9367283950617284,0.1425329517005893,0.5385405964008461,3.4551090081696154
150,0.9472736625514403,0.13461236565262694,0.5405960948592222,3.471924521572666
151,0.9372427983539094,0.1455256894322825,0.5385405964008461,3.481643680678365
152,0.9493312757201646,0.12721804958680039,0.5457348410051626,3.5051912643926606
153,0.948045267489712,0.13487646333229394,0.5354573487132819,3.510878485251306
154,0.9524176954732511,0.1271831165431949,0.537512847171658,3.516450549201142
155,0.9534465020576132,0.12765462314825,0.537512847171658,3.546732233092572
156,0.9454732510288066,0.13687965742967748,0.5323741010257176,3.539973666219525
157,0.9462448559670782,0.1340579631213298,0.537512847171658,3.5612458418231583
158,0.9459876543209876,0.13274867060007872,0.5416238440884104,3.570584363584528
159,0.9493312757201646,0.12730335986908572,0.5364850979424699,3.5821764885705396
160,0.9439300411522634,0.13615303035871482,0.5364850979424699,3.6016495335628904
161,0.9405864197530864,0.1411173615313361,0.5303186025673414,3.605106433641016
162,0.9431584362139918,0.13932753602663675,0.5251798564214011,3.607138948842408
163,0.9503600823045267,0.13446798748930786,0.5313463517965296,3.6133924562173902
164,0.9403292181069959,0.13779055636851387,0.5323741010257176,3.6367247168353747
165,0.9498456790123457,0.130906254727654,0.5364850979424699,3.646373412591948
166,0.944701646090535,0.13572508145752268,0.5354573487132819,3.66202442790597
167,0.9411008230452675,0.1332196341022665,0.5334018502549057,3.6731549424233196
168,0.9436728395061729,0.13560492927093565,0.5354573487132819,3.694191703080886
169,0.9475308641975309,0.12920379292204548,0.5344295994228351,3.699314669984463
170,0.9506172839506173,0.1304844582890287,0.5292908532768947,3.7045996622828516
171,0.9459876543209876,0.13551573170188033,0.5282631041089653,3.71078044831569
172,0.9495884773662552,0.12789765421929675,0.5303186025673414,3.7246350979878504
173,0.9403292181069959,0.13541525553283376,0.5251798564826596,3.720569285189873
174,0.9436728395061729,0.13619089595697545,0.524152107192213,3.718809548776907
175,0.9465020576131687,0.1307847803696193,0.5241521071309544,3.7259434102618068
176,0.9488168724279835,0.12870621460455436,0.5272353548185186,3.7363439632956807
177,0.9516460905349794,0.12450300215325728,0.5251798564214011,3.7570308279035514
178,0.9501028806584362,0.1291404180995231,0.5241521071309544,3.7847823165548546
179,0.9449588477366255,0.13296306200724078,0.533401850193647,3.787560008657677
180,0.940843621399177,0.14131634144319427,0.5292908532768947,3.808999266433324
181,0.9467592592592593,0.13293834907527813,0.5231243579630249,3.8085135612311367
182,0.9465020576131687,0.1331324332044939,0.5210688595046488,3.8045171093720205
183,0.9439300411522634,0.137031128070482,0.5262076056505891,3.813690210540395
184,0.9477880658436214,0.1297614721297727,0.5262076056505891,3.8066001381927994
185,0.948559670781893,0.12718583260176114,0.5251798564214011,3.7943633516670374
186,0.9483024691358025,0.1302524700822163,0.5323741010257176,3.7495417599810357
187,0.9441872427983539,0.1340348336677002,0.5313463517965296,3.75668041875159
188,0.9490740740740741,0.12892501859507935,0.537512847171658,3.781590627129252
189,0.9516460905349794,0.12445565349893806,0.5282631041702239,3.7887810347381623
190,0.9429012345679012,0.1345331627155037,0.5282631041702239,3.787715209351292
191,0.9459876543209876,0.12974155501083093,0.5262076057118478,3.7915514551968394
192,0.9472736625514403,0.128538082901833,0.5282631041702239,3.8162003271626297
193,0.9431584362139918,0.13334454407478558,0.5282631041702239,3.842520468526607
194,0.9539609053497943,0.12718426215427894,0.5282631041702239,3.839157833714892
195,0.9483024691358025,0.12869067830436023,0.5375128472329166,3.831187543986635
196,0.9524176954732511,0.12561349720989234,0.5364850979424699,3.848490577072426
197,0.9506172839506173,0.13206497150561447,0.5354573487745404,3.8470739693460336
198,0.9521604938271605,0.12115480591362887,0.529290853399412,3.847669935912537
199,0.9454732510288066,0.13051120144288236,0.5282631041702239,3.8538746449097085
200,0.9511316872427984,0.12278415596902126,0.5220966087950955,3.8560909252127544
201,0.9531893004115226,0.12436692612897221,0.5200411103367193,3.8551511691016014
202,0.948045267489712,0.12714186062415442,0.5231243580242835,3.870708699094061
203,0.9529320987654321,0.12176673279868232,0.5303186026286001,3.8738508954690145
204,0.9493312757201646,0.12573989146530873,0.5303186025673414,3.881445790856372
205,0.95190329218107,0.12596147752715728,0.5323741010257176,3.8874562524205487
206,0.9488168724279835,0.12965180025792417,0.5436793425467864,3.873611392857237
207,0.9537037037037037,0.12333132869299547,0.5364850979424699,3.895032563410462
208,0.9488168724279835,0.12789589404262633,0.5344295994840937,3.9034058836969296
209,0.9459876543209876,0.1286779625701561,0.5416238440884104,3.8975404558544415
210,0.948045267489712,0.13022430103134225,0.5395683456300342,3.8842361683958235
211,0.9498456790123457,0.1306556378771003,0.5334018502549057,3.929072027706291
212,0.9537037037037037,0.12265662021107143,0.5292908532768947,3.9428472886472665
213,0.9534465020576132,0.12685388190204225,0.5262076056505891,3.9386737900427167
214,0.9462448559670782,0.12917000748247767,0.5344295994840937,3.945632241612716
215,0.9470164609053497,0.1326232064101431,0.5364850979424699,3.92819531235886
216,0.9490740740740741,0.12882852500664843,0.5344295994840937,3.9212610140856343
217,0.9511316872427984,0.13079130163592567,0.5354573487132819,3.9126832188707215
218,0.9495884773662552,0.13240694210178566,0.5313463517965296,3.929247956849321
219,0.9488168724279835,0.12845817217488348,0.5323741010257176,3.9628686596163742
220,0.9511316872427984,0.12690913300087422,0.5354573487132819,3.941641968053757
221,0.9511316872427984,0.1275488981371554,0.5385405964008461,3.944767630970123
222,0.9513888888888888,0.12813379512831508,0.5344295994840937,3.963097936202909
223,0.9477880658436214,0.12989458248571115,0.5292908533381534,3.9948524289361496
224,0.9490740740740741,0.127644715209802,0.5354573487132819,4.018880372914847
225,0.9539609053497943,0.11970510752296742,0.5354573487132819,4.028801588213334
226,0.9475308641975309,0.1306749287180204,0.5364850979424699,4.044370885743144
227,0.9426440329218106,0.13161243570378287,0.5385405964008461,4.061308898514123
228,0.9539609053497943,0.12566581711847596,0.5282631041089653,4.060780760195615
229,0.9477880658436214,0.12861228939682368,0.5313463517965296,4.071900846289216
230,0.9521604938271605,0.12685152501971633,0.5303186025673414,4.0760917974768045
231,0.9513888888888888,0.12461035359850145,0.5323741010869762,4.0730956757301415
232,0.944701646090535,0.12962364066591478,0.5303186026286001,4.069377692605829
233,0.9475308641975309,0.13168514582784577,0.5303186026286001,4.087124846822066
234,0.9493312757201646,0.1263732545905643,0.5375128472329166,4.100770439665462
235,0.9457304526748971,0.1304736564342132,0.5272353549410358,4.103461290067416
236,0.9508744855967078,0.1257034955630577,0.5251798564826596,4.100459154438752
237,0.9439300411522634,0.13502529522580375,0.5262076057118478,4.097490188886794
238,0.9521604938271605,0.12481467623585536,0.5313463518577881,4.094153617660899
239,0.9539609053497943,0.12088731906296295,0.5303186026286001,4.109207438050414
240,0.9436728395061729,0.13471326584555976,0.5303186026286001,4.11261691684468
241,0.9503600823045267,0.12566615976853135,0.5323741010869762,4.145031197098029
242,0.9431584362139918,0.13058806011460936,0.5282631041702239,4.146042111476181
243,0.9498456790123457,0.12448822349739173,0.5313463518577881,4.142554725674416
244,0.9434156378600823,0.13274726162783404,0.5231243580242835,4.1380744573391235
245,0.9557613168724279,0.11815482236966184,0.5251798564826596,4.145627356506693
246,0.9493312757201646,0.12826468570180882,0.5272353549410358,4.138038885189108
247,0.9495884773662552,0.12935549480679595,0.5375128472329166,4.1330265521023035
248,0.9490740740740741,0.12657135032086705,0.5375128472329166,4.144325598170799
249,0.9524176954732511,0.12432896819563559,0.5385405964621047,4.135649729853176
