epoch,acc,loss,val_acc,val_loss
0,0.4783950617283951,0.7285419295354144,0.4388489208939387,0.7176556212929023
1,0.5460390946502057,0.7050171099572515,0.47687564237389757,0.7120377357670117
2,0.6093106995884774,0.6873379987453727,0.49948612547729393,0.7102508287635638
3,0.6664094650205762,0.6740130936657941,0.5025693732261167,0.7070760402870571
4,0.7037037037037037,0.6608238585691883,0.5169578623734913,0.7055155340226067
5,0.7145061728395061,0.6507478739008491,0.5303186022916776,0.7044242576974514
6,0.727880658436214,0.638998953893842,0.5364850980037286,0.7032591930886334
7,0.7463991769547325,0.6253714127305113,0.5354573487745404,0.7030513232070398
8,0.7667181069958847,0.606234597080529,0.5344295995453524,0.7042623775468456
9,0.772119341563786,0.5968363687334728,0.5334018503161643,0.7062365815793867
10,0.7872942386831275,0.576861850273462,0.5313463518577881,0.7107464253351108
11,0.7908950617283951,0.5623859701823796,0.535457348437618,0.7134055325575748
12,0.801440329218107,0.5445510521837713,0.5292908531237481,0.7161464973564383
13,0.8186728395061729,0.5258109857761321,0.5313463515208657,0.7227088511296436
14,0.8266460905349794,0.5065889471352346,0.5426515930419346,0.727697254697441
15,0.8441358024691358,0.4878756196655854,0.5323741010869762,0.73258846673544
16,0.8469650205761317,0.4723399546411302,0.5262076053749253,0.7392719922183352
17,0.8541666666666666,0.4627729166191792,0.5292908530624896,0.7503209720535121
18,0.8613683127572016,0.4398113555378384,0.5282631038333014,0.7578117960158502
19,0.8721707818930041,0.42805870423101106,0.535457348437618,0.7681319096105562
20,0.878858024691358,0.4091099135179088,0.527235354665372,0.779065853583972
21,0.8801440329218106,0.3991446277977508,0.527235354665372,0.7908116242133334
22,0.8832304526748971,0.3900426231294012,0.5364850977280647,0.8054371081055252
23,0.9020061728395061,0.36615191075046366,0.5303186022916776,0.8191683520883597
24,0.8973765432098766,0.3591969058592133,0.5395683454156289,0.8311124290248718
25,0.900977366255144,0.3469833220228737,0.5344295995453524,0.8511844748460744
26,0.9004629629629629,0.33871666811130663,0.5323741007500538,0.8724369988657098
27,0.9133230452674898,0.32445953436839725,0.5395683456912928,0.889278773107362
28,0.9192386831275721,0.3055972903353687,0.5344295995453524,0.910490785081242
29,0.9128086419753086,0.3062993104075208,0.5364850976668061,0.9293292034321674
30,0.9189814814814815,0.2920341469623424,0.5292908531850068,0.9491826007937111
31,0.9241255144032922,0.2837282952703076,0.5344295992084299,0.9702527744797004
32,0.9197530864197531,0.2809172399004791,0.5395683456912928,0.9909725791993881
33,0.9254115226337448,0.27719548504048414,0.5364850980037286,1.0170622099830338
34,0.9369855967078189,0.2552251048662044,0.5282631038333014,1.0451654478800383
35,0.934156378600823,0.2544041074843073,0.5323741007500538,1.0671806018129528
36,0.9344135802469136,0.24700289339195064,0.5303186023529363,1.0902830233676828
37,0.9421296296296297,0.24321666703302675,0.5375128468959942,1.1166543388415706
38,0.9421296296296297,0.22969490412331411,0.5292908530624896,1.1447500283279497
39,0.9385288065843621,0.22983649471169146,0.5405960945835584,1.1656004064252172
40,0.9431584362139918,0.22546088904019737,0.5364850980037286,1.1939573521971825
41,0.9436728395061729,0.221161650194798,0.5354573487745404,1.221546192698464
42,0.9434156378600823,0.2111877105486246,0.5272353546041134,1.2489489466411359
43,0.9483024691358025,0.2080894160417863,0.5292908530624896,1.2814176730727365
44,0.9511316872427984,0.20183451780321177,0.5292908530624896,1.3089928984764545
45,0.9544753086419753,0.19583442899180048,0.5241521069165491,1.3332920887977466
46,0.9539609053497943,0.19167156425523169,0.522096608458173,1.3688917210266254
47,0.9506172839506173,0.1910732654325756,0.513874614685927,1.398893742742666
48,0.9560185185185185,0.1810216198487537,0.513874614685927,1.4300164593209466
49,0.9555041152263375,0.1881152338697096,0.5087358685399866,1.4730740176687995
50,0.9534465020576132,0.18198836420053316,0.5169578623122326,1.5031410159211978
51,0.9534465020576132,0.18680249179096378,0.5231243576873611,1.5230644628910954
52,0.9539609053497943,0.18205165378596067,0.5231243576873611,1.5594675767580994
53,0.9616769547325102,0.17048787466660448,0.5231243576873611,1.5913401350823115
54,0.9588477366255144,0.17362174839394573,0.513874614685927,1.6166733302413376
55,0.9539609053497943,0.17993032923083246,0.5179856116026793,1.6623252506491337
56,0.9573045267489712,0.1691535680934235,0.5056526208524224,1.6919757790580192
57,0.9580761316872428,0.16721692552537093,0.5056526208524224,1.7074151786478793
58,0.9583333333333334,0.1629245285511998,0.5035971223327876,1.7332829970862613
59,0.9555041152263375,0.16493349510087887,0.5190133607706088,1.7601716243963448
60,0.9621913580246914,0.16672867073566336,0.5128468653954803,1.800501596523336
61,0.9598765432098766,0.159064960393886,0.4974306272945816,1.8428182300536262
62,0.9585905349794238,0.16010336820112825,0.5046248715619757,1.8732780804982043
63,0.9652777777777778,0.15258218584114633,0.5035971223327876,1.9062394569000998
64,0.9650205761316872,0.1546621279400072,0.5056526207911638,1.9314161082088397
65,0.9660493827160493,0.14641842138742714,0.5015416238744115,1.9670947570839987
66,0.9670781893004116,0.14405086832772557,0.49948612541603526,1.9999561152992367
67,0.9650205761316872,0.1503101423566724,0.49845837624810585,2.0226495711923502
68,0.9650205761316872,0.14839049106762733,0.5025693731035995,2.0667055297608488
69,0.9655349794238683,0.15004236042622185,0.5005138746452233,2.0874833960204797
70,0.9624485596707819,0.14737591656392493,0.49948612541603526,2.1105193670337514
71,0.9609053497942387,0.15103903915656447,0.508735868478728,2.141594351379379
72,0.9603909465020576,0.15693176454967922,0.5015416238744115,2.1677613478892876
73,0.9681069958847737,0.1376644926674572,0.49434737927009487,2.210474408542755
74,0.9637345679012346,0.15330257352610183,0.5035971223327876,2.2277785687872953
75,0.9657921810699589,0.13909610265812267,0.5015416238744115,2.260336399078369
76,0.9629629629629629,0.1397074826153708,0.49948612575295775,2.288511101290476
77,0.966820987654321,0.13645757642793066,0.5035971223327876,2.328002891707151
78,0.9681069958847737,0.1330831683712241,0.496402877728471,2.337873039363222
79,0.9665637860082305,0.1363804661688,0.49434737927009487,2.362493694134876
80,0.9657921810699589,0.13394536905818516,0.49537512849928295,2.3930964065602724
81,0.9670781893004116,0.13144329677761338,0.4964028777897297,2.4248685927454763
82,0.9678497942386831,0.1384718058776463,0.4953751285605416,2.4504194512029103
83,0.9719650205761317,0.1262147561819465,0.49434737933135353,2.483061589292975
84,0.9629629629629629,0.14349022332900835,0.4964028777897297,2.5369283939804594
85,0.9655349794238683,0.13602158954604662,0.49948612547729393,2.5506585200545966
86,0.9657921810699589,0.14583487028386366,0.4850976362686608,2.5947233089317643
87,0.9727366255144033,0.11441102516626625,0.487153134727037,2.611963663659875
88,0.9709362139917695,0.13032230360763064,0.487153134727037,2.6390873555166747
89,0.9670781893004116,0.13642720139198342,0.49331963010216545,2.6790323041815918
90,0.970164609053498,0.13092244235576425,0.4933196300409068,2.6894653333544363
91,0.9686213991769548,0.13135818712443972,0.48920863312415447,2.702978992511165
92,0.9670781893004116,0.13440566623407135,0.48920863312415447,2.7399856056730894
93,0.9722222222222222,0.11821730628057762,0.4912641316437893,2.7749184692261277
94,0.9686213991769548,0.13556788760570831,0.4881808838949664,2.7986032360014175
95,0.9722222222222222,0.1280023170780743,0.4912641315825306,2.804249511838327
96,0.9724794238683128,0.12183291457378816,0.4861253854365903,2.8357308312775786
97,0.9704218106995884,0.12919473651137373,0.4840698869782141,2.8479583751015896
98,0.9729938271604939,0.12943144360319578,0.4850976362686608,2.8681608775414276
99,0.9693930041152263,0.12599213010489696,0.48818088395622505,2.895320031282713
100,0.9755658436213992,0.11378962793406636,0.48304213781028466,2.922190626258105
101,0.9711934156378601,0.12951782808750253,0.49434737927009487,2.9308063863850324
102,0.9683641975308642,0.13378904270843714,0.4974306269576591,2.935058056389318
103,0.9763374485596708,0.1096317568801558,0.4881808838949664,2.9541938775367385
104,0.9724794238683128,0.12646215816829431,0.48920863312415447,2.9916770271995206
105,0.9724794238683128,0.11996280187319336,0.4861253854365903,3.0212084489883155
106,0.9678497942386831,0.12967298664305926,0.4809866392906499,3.0661503293408887
107,0.970679012345679,0.12127140363670671,0.4809866392906499,3.0693705922408068
108,0.9691358024691358,0.1344591546880365,0.4912641315825306,3.060200403307594
109,0.9750514403292181,0.11430306806240553,0.4840698869782141,3.060476116629323
110,0.970164609053498,0.12647509571824053,0.4840698869782141,3.0676653228340265
111,0.9711934156378601,0.12511872003475824,0.48715313466577836,3.1142005954714986
112,0.9709362139917695,0.12449264380728266,0.4799588900614618,3.1555720000448355
113,0.9765946502057613,0.11133236185084154,0.48715313466577836,3.1501216447365614
114,0.9722222222222222,0.12232300829249645,0.4922918808117187,3.1884117930178038
115,0.9719650205761317,0.11987668994829488,0.4861253854365903,3.182282770525392
116,0.9729938271604939,0.1156123835332845,0.4850976362074022,3.220221865458944
117,0.9732510288065843,0.11036058352807912,0.49023638235334255,3.222432916235458
118,0.9709362139917695,0.12499139692496371,0.4850976362074022,3.2551446411862037
119,0.9737654320987654,0.11234494136194142,0.49023638235334255,3.270128634581218
120,0.9742798353909465,0.11830691061147447,0.48715313466577836,3.287702721167444
121,0.9742798353909465,0.11999483990632458,0.48201438851983797,3.307301892773588
122,0.9688786008230452,0.12519256273905435,0.4789311408322737,3.3276642380858497
123,0.9735082304526749,0.12370502810787272,0.48920863312415447,3.33135648670569
124,0.9763374485596708,0.11503914869371265,0.48304213774902605,3.342809257624941
125,0.9724794238683128,0.12494514476308607,0.48304213774902605,3.359542338478112
126,0.9737654320987654,0.1168742198573709,0.4861253854365903,3.3446571986207245
127,0.9755658436213992,0.10979755800753954,0.48304213774902605,3.381057014690764
128,0.9768518518518519,0.10687175951131578,0.4840698869782141,3.407731054253103
129,0.9683641975308642,0.12938106463217933,0.47790339160308565,3.411360277301361
130,0.9688786008230452,0.13220882317656843,0.4809866392906499,3.416670968329184
131,0.9722222222222222,0.12012453023114322,0.4809866392906499,3.410482112574798
132,0.9699074074074074,0.12877480468019045,0.48509763654432464,3.4503194548243243
133,0.9727366255144033,0.11477128394837242,0.48406988731513656,3.4485394550374453
134,0.970679012345679,0.12120658235908045,0.48201438851983797,3.486995773472252
135,0.9771090534979424,0.11122881095289203,0.4861253857735127,3.5002563629464034
136,0.9717078189300411,0.11897003586277549,0.47995889039838424,3.5121626476589722
137,0.970679012345679,0.11898640632138821,0.4830421380859485,3.5106931232597454
138,0.9709362139917695,0.1181017028880708,0.47893114116919616,3.5335536919541863
139,0.9681069958847737,0.12813816520044344,0.4727646457940677,3.543222717979094
140,0.9776234567901234,0.11491832915892816,0.4758478934816319,3.556091649681789
141,0.9763374485596708,0.10327800177804236,0.47482014425244384,3.5877904230374593
142,0.9735082304526749,0.11170133356572179,0.4707091473356915,3.6126529329972303
143,0.9763374485596708,0.11043506115674973,0.46865364887731537,3.605125066555294
144,0.9760802469135802,0.11494719838041337,0.4707091473356915,3.627665574112017
145,0.9781378600823045,0.10310545470182297,0.4727646457940677,3.63937803015557
146,0.9722222222222222,0.11843408592075969,0.47482014425244384,3.660759734715367
147,0.9717078189300411,0.11598381792566904,0.4707091473356915,3.6825983521872163
148,0.9786522633744856,0.10308760122507198,0.4717368965648796,3.685561400155737
149,0.974022633744856,0.11511120465373306,0.47687564271082,3.7041065499324346
150,0.9729938271604939,0.11640615506795209,0.46865364887731537,3.721094547538326
151,0.9763374485596708,0.109493819529137,0.4707091473356915,3.7268438461750653
152,0.9750514403292181,0.10948576037714511,0.4655704008528287,3.7382405247742203
153,0.9742798353909465,0.11355081634450351,0.46762589931120485,3.7653591674498883
154,0.9727366255144033,0.11689519189267492,0.46865364854039293,3.7849743937171865
155,0.9717078189300411,0.11771502233888387,0.46865364854039293,3.7739256082556354
156,0.9729938271604939,0.1083433024064013,0.4707091469987691,3.802374304137274
157,0.974022633744856,0.1110750947898798,0.46659815008201677,3.7903329671838177
158,0.9735082304526749,0.1156433915313134,0.469681397769581,3.801786643260552
159,0.9750514403292181,0.10566616933716177,0.46351490239445253,3.8251669825899883
160,0.9729938271604939,0.11867734728526677,0.46351490239445253,3.8258544749370706
161,0.9758230452674898,0.1119832136656767,0.46248715316526445,3.8285055528074228
162,0.9729938271604939,0.11641005773112607,0.4655704008528287,3.833412634995589
163,0.9768518518518519,0.11169941620632945,0.469681397769581,3.8408195342703935
164,0.9786522633744856,0.10426635981955155,0.4655704008528287,3.8552307146548737
165,0.9763374485596708,0.10820085507790739,0.46865364854039293,3.8665999636008097
166,0.9732510288065843,0.1122408793480308,0.46351490239445253,3.881906770116134
167,0.9791666666666666,0.09842220890055958,0.4604316547068883,3.8626929211592014
168,0.9719650205761317,0.12354602828744507,0.46762589931120485,3.8676934227546464
169,0.9783950617283951,0.09770111937397792,0.4707091469987691,3.8462147590190265
170,0.9755658436213992,0.10850471011343807,0.46351490239445253,3.8681002172879793
171,0.9768518518518519,0.10267760903563028,0.4645426516236406,3.8640733465996453
172,0.9742798353909465,0.10612582682858034,0.4645426516236406,3.8898501572604047
173,0.9745370370370371,0.10979699608659058,0.46762589931120485,3.8809875966588616
174,0.9742798353909465,0.10914130744988045,0.469681397769581,3.9057467113663455
175,0.9732510288065843,0.11584342899636477,0.46762589931120485,3.9222943187372534
176,0.9709362139917695,0.11740314931351951,0.4707091469987691,3.9380638557739887
177,0.977880658436214,0.1044630584586795,0.47379239468633333,3.9133297992757266
178,0.9727366255144033,0.112247024804599,0.4758478931447095,3.9320691173392723
179,0.9693930041152263,0.12335290949898983,0.4707091469987691,3.948691295572812
180,0.974022633744856,0.11604752472827955,0.47173689622795717,3.9538759352124364
181,0.9776234567901234,0.10514404212312443,0.47790339160308565,3.942324321292042
182,0.9722222222222222,0.11436857638780963,0.47790339160308565,3.9453042560589155
183,0.9747942386831275,0.10796693977689056,0.47687564237389757,3.9808047525929275
184,0.9765946502057613,0.10530322060418228,0.47790339160308565,3.9977664908304242
185,0.9768518518518519,0.10949196197368481,0.4789311408322737,3.9897078311210548
186,0.9771090534979424,0.1027932977725449,0.4748201439155214,3.99729007023089
187,0.9737654320987654,0.1214265156261347,0.47173689622795717,4.02228597305784
188,0.9753086419753086,0.10267987999099272,0.47379239468633333,4.013101795839503
189,0.9755658436213992,0.10605465904368785,0.47379239468633333,4.0076967623594
190,0.9758230452674898,0.10445299339883121,0.47379239468633333,4.006358761214034
191,0.9791666666666666,0.10038279551905369,0.47276464545714525,4.005846066685645
192,0.9747942386831275,0.11121826802874789,0.46659815008201677,4.031230046839778
193,0.974022633744856,0.10773589825372637,0.4645426516236406,4.07351299572089
194,0.9760802469135802,0.10684526941658538,0.4645426516236406,4.099966777926971
195,0.9771090534979424,0.10098383847026178,0.46248715316526445,4.0994120286155455
196,0.9727366255144033,0.11142212712041144,0.47379239468633333,4.038472630872266
197,0.9714506172839507,0.12045614485755379,0.4707091469987691,3.997459885027769
198,0.9776234567901234,0.10143767505761528,0.47276464545714525,3.9899742929197903
199,0.9714506172839507,0.12020808768002585,0.47687564237389757,4.002826744091352
200,0.9753086419753086,0.10572907438984623,0.4809866392906499,4.024250544599982
201,0.9758230452674898,0.10977654533131133,0.47687564237389757,4.026838638309584
202,0.9753086419753086,0.10567840789693864,0.4799588900614618,4.038079779292672
203,0.9732510288065843,0.11366760008680968,0.4758478931447095,4.045628471707759
204,0.9763374485596708,0.10748692362764735,0.47687564237389757,4.063911660479617
205,0.9745370370370371,0.11598270079082668,0.4799588900614618,4.08898896720157
206,0.9794238683127572,0.09289416335063216,0.47790339160308565,4.09431339412897
207,0.9735082304526749,0.11196042276888227,0.4809866392906499,4.110257748587158
208,0.9753086419753086,0.11503427566140277,0.47276464545714525,4.140632601950666
209,0.9732510288065843,0.11725458835439427,0.47379239468633333,4.141240153258775
210,0.9758230452674898,0.10650439088236648,0.4789311408322737,4.146588690601909
211,0.977880658436214,0.10297655105713463,0.47687564237389757,4.152383494107598
212,0.9771090534979424,0.10194721446974288,0.4748201439155214,4.1620704630296
213,0.9807098765432098,0.0966886203628754,0.4789311408322737,4.183051563607948
214,0.9781378600823045,0.10006508984652812,0.4799588900614618,4.191458878022181
215,0.9745370370370371,0.10838941851853098,0.4830421380859485,4.179621276973085
216,0.9794238683127572,0.0986261389873646,0.47687564237389757,4.163810157579851
217,0.9776234567901234,0.10376478023367164,0.47379239468633333,4.175751172013787
218,0.9781378600823045,0.10199143182593609,0.47790339160308565,4.197905803633374
219,0.9765946502057613,0.109393808101553,0.47173689622795717,4.1946116238679325
220,0.9776234567901234,0.09910641129247445,0.47893114116919616,4.1835766015047895
221,0.9760802469135802,0.10226375905513273,0.4779033919400081,4.179032362009736
222,0.9801954732510288,0.09751525059832958,0.47687564237389757,4.174656912577238
223,0.9742798353909465,0.10953562229166551,0.4789311408322737,4.186786136058717
224,0.9719650205761317,0.11139525384201435,0.48201438851983797,4.206759792927725
225,0.9724794238683128,0.11143797941107318,0.4861253854365903,4.232791449771265
226,0.9755658436213992,0.10645564991996122,0.47687564237389757,4.226914451399173
227,0.9742798353909465,0.11114581111711239,0.4850976362074022,4.252688312824559
228,0.9714506172839507,0.11502334771394239,0.47790339160308565,4.241097153764589
229,0.974022633744856,0.10367951253927293,0.47276464545714525,4.256509054111429
230,0.9750514403292181,0.1090111618118031,0.47790339160308565,4.2825273997002
231,0.9768518518518519,0.09944390752371937,0.4799588900614618,4.2831439403443765
232,0.9794238683127572,0.09811864511221034,0.48201438851983797,4.294657912063206
233,0.9732510288065843,0.11425660404955408,0.4748201439155214,4.281156364962351
234,0.9776234567901234,0.10168641267551316,0.4799588900614618,4.317709917889837
235,0.9807098765432098,0.09437394388970524,0.47790339160308565,4.289083993447158
236,0.9758230452674898,0.10510932313807217,0.48304213774902605,4.294127450572501
237,0.9760802469135802,0.10934285333556402,0.4809866392906499,4.306201984311424
238,0.9742798353909465,0.10817730003668938,0.4840698869782141,4.31228886454348
239,0.9737654320987654,0.11336295588762181,0.48715313466577836,4.314750754698452
240,0.974022633744856,0.11130293789837095,0.4820143888567604,4.319009446166647
241,0.9758230452674898,0.10188735232002451,0.4809866396275723,4.329159687626398
242,0.977366255144033,0.10025274965130253,0.47995889039838424,4.310865346353811
243,0.9737654320987654,0.1130116638332728,0.47995889039838424,4.314495254763596
244,0.9794238683127572,0.0964229540600453,0.4809866392906499,4.2909928872675955
245,0.9755658436213992,0.10993049772065362,0.4809866392906499,4.304679201661254
246,0.9799382716049383,0.09796855191665667,0.47893114116919616,4.325024305365191
247,0.9796810699588477,0.09953080046416064,0.4820143888567604,4.326234944432759
248,0.9755658436213992,0.10584279278546203,0.4809866396275723,4.345924595522121
249,0.9747942386831275,0.1067267389577112,0.47790339160308565,4.32654469353812
