epoch,acc,loss,val_acc,val_loss
0,0.5108024691358025,0.7276453650537341,0.49537512849928295,0.7297686680247826
1,0.6118827160493827,0.6984676294366028,0.542651593378857,0.7223579289979337
2,0.6617798353909465,0.6759052718127215,0.5529290856094792,0.7165477894560529
3,0.6882716049382716,0.6600738297764657,0.5755395683759531,0.712269994729837
4,0.7109053497942387,0.6365904670683935,0.5662898255889242,0.71150303462794
5,0.7291666666666666,0.6180213034888844,0.5652620760840723,0.7112382878257462
6,0.7350823045267489,0.5959905722013716,0.5570400823118262,0.7121511191160314
7,0.7479423868312757,0.5688398777212135,0.5498458377687684,0.7116745601332567
8,0.7597736625514403,0.5532725161485711,0.5632065776869547,0.7121165077463328
9,0.7659465020576132,0.5293906806918328,0.5662898253132603,0.7177663434446164
10,0.7824074074074074,0.49677817370175337,0.5724563206883888,0.7197336517772106
11,0.7862654320987654,0.4878747015578266,0.568345324108559,0.7250914460953558
12,0.7950102880658436,0.46958471399275853,0.5652620760840723,0.7275186088567892
13,0.8132716049382716,0.4446745693928911,0.5734840699175769,0.7392073716558631
14,0.8155864197530864,0.42626945496586616,0.5745118192080236,0.7490782721192104
15,0.82690329218107,0.40853125727716294,0.566289825374519,0.7616490095026814
16,0.8341049382716049,0.3899768231582249,0.5734840699788355,0.772049289078041
17,0.834619341563786,0.3917994726096652,0.567317574603707,0.7797128270243324
18,0.8472222222222222,0.368923423466859,0.5704008222912713,0.7892003311160167
19,0.8621399176954733,0.35263526329287775,0.5714285715204593,0.8048567274491564
20,0.8647119341563786,0.33233872141857695,0.5662898253132603,0.8132518331414014
21,0.8690843621399177,0.322469034987222,0.56115107916732,0.8301164530531598
22,0.8899176954732511,0.3103182125116081,0.562178828396508,0.8457643172233715
23,0.8888888888888888,0.3025438454416063,0.5560123330213795,0.8607952320318428
24,0.8886316872427984,0.30055308489151944,0.5652620760840723,0.8835376219293687
25,0.8940329218106996,0.28680313495083604,0.5673175745424485,0.9039884539816877
26,0.8960905349794238,0.2837951859083686,0.5673175745424485,0.917200705987944
27,0.9007201646090535,0.2699938800354553,0.5549845837921915,0.9352013633528079
28,0.9045781893004116,0.2675510689677525,0.5642343268548842,0.9567578015322553
29,0.8984053497942387,0.26977385126759484,0.5498458376462511,0.9789201419375538
30,0.9097222222222222,0.24576113210538778,0.5539568345630034,0.9962494323089458
31,0.907664609053498,0.24910202334201875,0.5662898256501828,1.01206765929572
32,0.9099794238683128,0.24348243132785516,0.5570400823118262,1.0322387106984638
33,0.9169238683127572,0.22701838882371722,0.5611510792285785,1.0482275870696613
34,0.9038065843621399,0.2395327331597913,0.5508735869366979,1.0716880877240955
35,0.9089506172839507,0.22898291646207802,0.5673175745424485,1.0824577612352517
36,0.918724279835391,0.2174165643782282,0.5642343271918067,1.103329800995869
37,0.918724279835391,0.21338401673507298,0.5519013361046272,1.125348856000714
38,0.9161522633744856,0.21504381059864422,0.562178828396508,1.1495196054797745
39,0.9164094650205762,0.21326894696357318,0.5652620760840723,1.1657329469398507
40,0.9130658436213992,0.2135442312147637,0.5673175745424485,1.1802667859646914
41,0.9228395061728395,0.20256150995262365,0.5662898253132603,1.2070389111265003
42,0.9171810699588477,0.20626538866218716,0.5590955807702024,1.24014899309223
43,0.9202674897119342,0.19998127341638378,0.5601233299381319,1.2617655713168592
44,0.9223251028806584,0.19680551951559483,0.5580678314797557,1.2727859634044605
45,0.9164094650205762,0.19932956754425427,0.5560123330213795,1.2932410109079877
46,0.9158950617283951,0.19726223360609124,0.5539568348999259,1.3197359928491794
47,0.9179526748971193,0.19044546464097845,0.5477903391878749,1.3399718170420851
48,0.9174382716049383,0.1941620009058297,0.5570400822505677,1.3558887146482241
49,0.9194958847736625,0.19147932679687507,0.5529290856707378,1.3946915586830289
50,0.9140946502057613,0.1974181635880176,0.5436793422711226,1.4117561640009237
51,0.9151234567901234,0.1972735963853789,0.5488180884783217,1.438193996420622
52,0.92309670781893,0.1889110374352569,0.5498458377075097,1.4518003172154048
53,0.9179526748971193,0.19167008444114966,0.5477903391878749,1.4784042992057682
54,0.9161522633744856,0.18952446188701033,0.5477903392491336,1.4892113738045296
55,0.9223251028806584,0.18440064585503238,0.548818088417063,1.4971290779015756
56,0.9261831275720165,0.17912598668670457,0.5498458377075097,1.5134614506336301
57,0.92309670781893,0.18340587076336268,0.5601233299993905,1.5368747395087121
58,0.9218106995884774,0.17882723119033217,0.5447070915615694,1.5567607889440052
59,0.92309670781893,0.17981456183357003,0.5436793423323812,1.5750730831601025
60,0.9292695473251029,0.1732970307209364,0.552929085395074,1.5905628753223007
61,0.9233539094650206,0.1755933489021941,0.5488180884783217,1.6084659521038216
62,0.9225823045267489,0.17931776527514673,0.5529290853338154,1.6271162961761851
63,0.9243827160493827,0.1735885230663382,0.553956834624262,1.6540035120874859
64,0.9261831275720165,0.17425324703440254,0.5519013361046272,1.6979302142163832
65,0.9305555555555556,0.17146442714051455,0.5395683454156289,1.7184587889805605
66,0.9238683127572016,0.17993831934997576,0.5436793423323812,1.7277548501817444
67,0.9251543209876543,0.17169560758787908,0.5539568345630034,1.7549201484084251
68,0.9274691358024691,0.17346889010550062,0.5416238438740051,1.767602796054695
69,0.9266975308641975,0.16931190608460225,0.5436793426080451,1.7821092524729432
70,0.9346707818930041,0.16323011077235264,0.5385405961251822,1.7996173926762171
71,0.9295267489711934,0.17144039248733364,0.5251798561457373,1.8117879140291282
72,0.9287551440329218,0.16853706189143805,0.5344295994840937,1.8262899355677638
73,0.9308127572016461,0.1652363505628374,0.5323741010257176,1.8527812989618158
74,0.9362139917695473,0.16490309673204342,0.5313463518577881,1.8594688325354645
75,0.9323559670781894,0.16500189308644322,0.5292908533381534,1.8842797443531032
76,0.9398148148148148,0.15324584238323163,0.5385405964008461,1.89745667659489
77,0.9323559670781894,0.16533797218966387,0.5354573487132819,1.9300700527791006
78,0.9367283950617284,0.1725641376197093,0.5323741010869762,1.9403215344126155
79,0.9552469135802469,0.16276338466523607,0.5354573487745404,1.9575856035806904
80,0.9542181069958847,0.16953063135345778,0.5395683456912928,1.9778023492640606
81,0.9537037037037037,0.16474352200580722,0.537512847171658,1.9787988478943843
82,0.9503600823045267,0.16310839768913057,0.5364850978812112,2.018547807788555
83,0.956275720164609,0.1632762994663215,0.5303186025060829,2.0313662332228986
84,0.9624485596707819,0.15545666334315092,0.5323741009644589,2.0413481032615577
85,0.9575617283950617,0.16420627060373133,0.5416238440271517,2.064804850967423
86,0.9549897119341564,0.16191066108613347,0.5385405964008461,2.0876158720910367
87,0.9585905349794238,0.15294899579919416,0.5405960949204809,2.1131383147538627
88,0.9580761316872428,0.16258382453839965,0.5395683456912928,2.128202601792511
89,0.9537037037037037,0.16678958315662887,0.5426515933175984,2.1373092009621804
90,0.959619341563786,0.15980378722335087,0.5426515932563397,2.135192152652564
91,0.9560185185185185,0.16368698015993025,0.5395683455687755,2.187627001754549
92,0.9621913580246914,0.15857380582594577,0.533401850193647,2.2093811345124905
93,0.9616769547325102,0.1599439492318856,0.5282631041089653,2.22340604090127
94,0.9632201646090535,0.15624891850070208,0.5354573487132819,2.276097215581896
95,0.9611625514403292,0.15612890323003134,0.5303186025673414,2.283476230664464
96,0.9611625514403292,0.15639714406105718,0.5354573487132819,2.290554699157762
97,0.9637345679012346,0.15121232558793002,0.537512847171658,2.311912894616514
98,0.966820987654321,0.14977960493952158,0.5344295994840937,2.336192826695457
99,0.9614197530864198,0.15421085869088585,0.5364850980037286,2.352085337241899
100,0.9665637860082305,0.14438684769128085,0.5241521072534716,2.3763210508830745
101,0.9609053497942387,0.1581515578606737,0.5262076057118478,2.38268202573888
102,0.9616769547325102,0.15268901821394515,0.5313463515208657,2.3742939301164396
103,0.9675925925925926,0.14248744269580016,0.5282631038333014,2.3963791103794296
104,0.9663065843621399,0.13863656421502432,0.5292908530624896,2.429763402870233
105,0.9632201646090535,0.15328597829297738,0.5262076053749253,2.4514879210022222
106,0.9645061728395061,0.14938509390677934,0.5272353546041134,2.4921655022718188
107,0.9650205761316872,0.14723233455493126,0.5323741007500538,2.50504222386665
108,0.9611625514403292,0.14870459135667777,0.5313463515208657,2.525486096081239
109,0.9637345679012346,0.15010718851055138,0.5334018499792419,2.5202956329514286
110,0.9675925925925926,0.1443837113034578,0.5313463515208657,2.523119305045117
111,0.9663065843621399,0.14558694477925085,0.5262076057118478,2.5439413324044393
112,0.9650205761316872,0.14945462830518008,0.5251798562069958,2.5510477644811553
113,0.9660493827160493,0.14382323473998548,0.526207605436184,2.557948531741841
114,0.9642489711934157,0.14587331658282887,0.5241521069778078,2.5842749283468125
115,0.9652777777777778,0.14088850502124048,0.5323741008113124,2.598486751838676
116,0.9611625514403292,0.14856720764818507,0.5210688592902435,2.609998724320932
117,0.9642489711934157,0.14937730660899676,0.5344295992696886,2.6079339880614953
118,0.9598765432098766,0.15317439858192278,0.5303186023529363,2.6521281228158604
119,0.9647633744855967,0.1476882388010437,0.5251798561457373,2.6799609506730553
120,0.9650205761316872,0.1456422478788429,0.5282631038333014,2.7167712679134732
121,0.9611625514403292,0.15008547150917015,0.5323741008113124,2.684121259069884
122,0.9663065843621399,0.145233047290594,0.535457348437618,2.6918924479665884
123,0.9603909465020576,0.15236447846570622,0.5467625902956094,2.727091121526563
124,0.9665637860082305,0.1418202978715975,0.5447070915003107,2.74232701971009
125,0.9652777777777778,0.14834786672528388,0.5426515930419346,2.727783070806364
126,0.9650205761316872,0.14655318019198782,0.5416238441496689,2.7423066558720275
127,0.9645061728395061,0.14574868980135938,0.5416238438127465,2.7702917258761524
128,0.9665637860082305,0.14620567327786865,0.5426515930419346,2.7724646090971112
129,0.9665637860082305,0.14155566670889716,0.5508735868754392,2.78196015313865
130,0.9657921810699589,0.149074161800828,0.5529290853338154,2.7966760371228774
131,0.9639917695473251,0.14710620934825866,0.5416238438127465,2.825545730228169
132,0.9696502057613169,0.13750273814049277,0.5416238438127465,2.8473644768713924
133,0.963477366255144,0.1413560088095351,0.5395683453543704,2.869973566157232
134,0.9663065843621399,0.14091379258306427,0.5436793426080451,2.874648926804514
135,0.9637345679012346,0.14566715401999744,0.5405960949204809,2.896280538386456
136,0.967335390946502,0.14247812254070746,0.5334018503161643,2.8973634071487315
137,0.9665637860082305,0.1422062118848165,0.5354573487745404,2.894891919482036
138,0.9650205761316872,0.1438708094105799,0.5385405961251822,2.934256256178006
139,0.9655349794238683,0.14629481423170967,0.5477903395247974,2.95659793685176
140,0.9663065843621399,0.14277715475103,0.5416238438127465,2.966400428029028
141,0.9647633744855967,0.14384903826218082,0.5364850976668061,2.9807224530967877
142,0.9614197530864198,0.15719317191054302,0.5416238438127465,2.9684413856494585
143,0.9696502057613169,0.138614982519866,0.535457348437618,2.9744830195239733
144,0.9660493827160493,0.14298389527042216,0.5385405961251822,2.9980692983531267
145,0.9632201646090535,0.14915538720265337,0.5344295992084299,2.985920480441949
146,0.9722222222222222,0.12820483931175475,0.5364850976668061,2.982399230870779
147,0.9663065843621399,0.14270446127579536,0.5395683453543704,2.997006923297204
148,0.9693930041152263,0.13941360295677382,0.5405960945835584,2.988565967604901
149,0.970164609053498,0.1417950919135608,0.5447070915003107,2.990836975385817
150,0.9683641975308642,0.14272558894544962,0.5395683453543704,2.9669123595199505
151,0.9691358024691358,0.13655419663024046,0.5405960945835584,2.9813861913083146
152,0.9665637860082305,0.13625681915400942,0.5457348407294987,2.988375166337267
153,0.9660493827160493,0.14015691417725487,0.5395683453543704,3.003112760869229
154,0.9709362139917695,0.1357363144801968,0.5416238441496689,3.0359173695818127
155,0.9683641975308642,0.14372428068162973,0.5344295995453524,3.0355563526408402
156,0.9696502057613169,0.13319465701962696,0.5467625902343507,3.056226500749343
157,0.9650205761316872,0.14548326991958382,0.5447070917759745,3.0733277812401045
158,0.9650205761316872,0.143009006854438,0.5405960949204809,3.0737378910903694
159,0.9688786008230452,0.1409578318765134,0.5385405961251822,3.0703791101814417
160,0.9670781893004116,0.14152688309243677,0.5395683453543704,3.049347653785933
161,0.9717078189300411,0.13392201890793357,0.5375128468959942,3.061375812293324
162,0.9717078189300411,0.13330817253256041,0.5364850980037286,3.087797917172941
163,0.9639917695473251,0.14309480476649208,0.5354573487745404,3.1101249920746037
164,0.9699074074074074,0.13734533331153814,0.5447070915003107,3.0922780916600163
165,0.9655349794238683,0.1474586573463899,0.5447070915003107,3.1203624743964418
166,0.9699074074074074,0.13741774679211433,0.5303186022916776,3.152342622106146
167,0.9647633744855967,0.14360014937910032,0.5323741007500538,3.17100537791159
168,0.9688786008230452,0.13783661239309075,0.5292908530624896,3.159167948876721
169,0.9681069958847737,0.1391821748772521,0.535457348437618,3.1650906412844053
170,0.9688786008230452,0.13701982155380915,0.5323741007500538,3.1688987711350696
171,0.9696502057613169,0.1359782247141065,0.529290853399412,3.1800996806369164
172,0.9688786008230452,0.1351447106940756,0.5313463515208657,3.1976954758106007
173,0.9652777777777778,0.14058682251982238,0.5282631041702239,3.2107218884980693
174,0.9722222222222222,0.13350873955605944,0.5262076057118478,3.209918749908259
175,0.9722222222222222,0.13252998080579834,0.5334018503161643,3.22198745329603
176,0.9709362139917695,0.1415815447522289,0.5334018499792419,3.2350708215601767
177,0.9729938271604939,0.1344361263844702,0.5344295995453524,3.2632510181811214
178,0.9709362139917695,0.13319422752278332,0.5385405964621047,3.2723465485293475
179,0.9737654320987654,0.13015178336528102,0.5354573487745404,3.278342839747759
180,0.9670781893004116,0.14156773422725896,0.5416238441496689,3.2867085090766586
181,0.9711934156378601,0.13655346040249852,0.5405960949204809,3.2765857867077224
182,0.9681069958847737,0.14052978130402388,0.542651593378857,3.281318056865194
183,0.9709362139917695,0.1345647415567818,0.5344295995453524,3.3090514401615216
184,0.9719650205761317,0.1338605548987173,0.5334018503161643,3.3238472264692693
185,0.9717078189300411,0.13471466738255425,0.5313463518577881,3.329645715784071
186,0.9693930041152263,0.13485283643743137,0.5220966087950955,3.3504481585150754
187,0.9665637860082305,0.14006834458789708,0.5272353549410358,3.34502321647103
188,0.9729938271604939,0.13548149220614766,0.5303186026286001,3.3649411554326747
189,0.9747942386831275,0.12713598095095208,0.5313463515208657,3.3804426193237305
190,0.9768518518518519,0.12259029765678531,0.5262076057118478,3.4174247221735987
191,0.9742798353909465,0.1320903849607878,0.5251798561457373,3.415759520319971
192,0.970164609053498,0.12976103263749997,0.5313463518577881,3.437473851387204
193,0.9719650205761317,0.1343147225156733,0.5251798561457373,3.4581463185023185
194,0.9704218106995884,0.13904930838218932,0.522096608458173,3.4962482239212553
195,0.966820987654321,0.1398959103128547,0.5231243576873611,3.492447750173884
196,0.9686213991769548,0.14310220641241153,0.5138746146246683,3.483048580900861
197,0.9688786008230452,0.13652935976722114,0.5272353546041134,3.5213560195522957
198,0.9699074074074074,0.13929934962173549,0.5313463518577881,3.493428396909112
199,0.9691358024691358,0.13841200267336495,0.5262076053749253,3.52940102495858
200,0.9660493827160493,0.14219131409631344,0.5220966087950955,3.5364318134115753
201,0.9719650205761317,0.1340115062371203,0.5210688592289849,3.529718998892334
202,0.9691358024691358,0.13936845001615125,0.5231243580242835,3.533452089619416
203,0.9709362139917695,0.13131118924529464,0.5282631041702239,3.518828736057262
204,0.9691358024691358,0.1429396811029548,0.5251798564826596,3.5463475610099864
205,0.9691358024691358,0.13473424229602265,0.522096608458173,3.563454424857113
206,0.9714506172839507,0.13572143257400135,0.5231243580242835,3.5822971592459134
207,0.974022633744856,0.13186314689769665,0.5169578626491551,3.5923507933993992
208,0.9709362139917695,0.13443056582913968,0.5251798564826596,3.5819673895958393
209,0.9722222222222222,0.13591757208231545,0.5303186026286001,3.5744166146324448
210,0.9686213991769548,0.14434301399399715,0.5210688595659073,3.5752892896058257
211,0.9724794238683128,0.13820745455630032,0.5282631041702239,3.5945766079952635
212,0.970679012345679,0.13834326205307565,0.5262076057118478,3.5871534560714204
213,0.9704218106995884,0.13488093975149554,0.5272353549410358,3.6075632785354097
214,0.9675925925925926,0.141255042159263,0.5282631041702239,3.608375326580036
215,0.970679012345679,0.136872273015142,0.5241521072534716,3.63511409862436
216,0.9699074074074074,0.13645283546712664,0.5262076057118478,3.642182349178553
217,0.9735082304526749,0.13365130850071769,0.5282631041702239,3.6393388101767905
218,0.9699074074074074,0.1392667380012112,0.5220966087950955,3.6958278727555935
219,0.9709362139917695,0.13582003403286386,0.5272353549410358,3.677589579451856
220,0.9699074074074074,0.1365920039422718,0.5344295995453524,3.681844097002192
221,0.9688786008230452,0.14246434120484341,0.5364850976668061,3.6471503168068833
222,0.9670781893004116,0.1435094526643125,0.5262076053749253,3.6385643440552387
223,0.9670781893004116,0.143533901361281,0.5334018499792419,3.6262342255995184
224,0.9714506172839507,0.13413038426711235,0.5334018499792419,3.621682831586816
225,0.9665637860082305,0.1489799546054852,0.5344295992084299,3.6372737583129036
226,0.9724794238683128,0.1374313888051873,0.5344295992084299,3.647014674032825
227,0.9719650205761317,0.1330818651941578,0.5334018499792419,3.672111749649048
228,0.9735082304526749,0.13624069977689673,0.5344295992084299,3.6528060909165387
229,0.9681069958847737,0.1452972827624882,0.5334018499792419,3.658286159844707
230,0.9714506172839507,0.1360052575361091,0.5375128468959942,3.6461348050912386
231,0.9735082304526749,0.12819772915830338,0.5344295992084299,3.647735186495492
232,0.9747942386831275,0.12560301295523782,0.535457348437618,3.6475686321278147
233,0.9724794238683128,0.13335164449342485,0.5426515930419346,3.682618094862794
234,0.970679012345679,0.13978372391604593,0.5436793426080451,3.653609078320055
235,0.9717078189300411,0.13495129763834762,0.542651593378857,3.6558802884994774
236,0.9753086419753086,0.12735213314800106,0.5426515933175984,3.6548842602128975
237,0.9722222222222222,0.1315012831746796,0.5447070915003107,3.6729802065983583
238,0.9735082304526749,0.1345513259125835,0.5447070915003107,3.6564567307161524
239,0.9737654320987654,0.13553654899199805,0.5395683453543704,3.65759075435313
240,0.9737654320987654,0.13277099888633798,0.5364850980037286,3.6738972536461447
241,0.9760802469135802,0.13186048412764514,0.5436793426080451,3.665576539573787
242,0.9717078189300411,0.13717284620789344,0.542651593378857,3.6515825510270057
243,0.9709362139917695,0.13741133963007005,0.5395683453543704,3.6477865812589796
244,0.9742798353909465,0.13126422213428796,0.5477903391878749,3.670432476198563
245,0.970164609053498,0.13496827928985589,0.5426515930419346,3.694893953611525
246,0.9717078189300411,0.138950311812599,0.5457348410664212,3.7066493000057963
247,0.9737654320987654,0.13177664783388499,0.5436793422711226,3.7129397279557073
248,0.9704218106995884,0.14323259497620933,0.5375128472329166,3.7011450079460184
249,0.9737654320987654,0.1337377263440026,0.5375128472329166,3.7012077747611567
