epoch,acc,loss,val_acc,val_loss
0,0.5308641975308642,0.7173142747133358,0.568345324108559,0.7066639711408429
1,0.6463477366255144,0.659946732560303,0.5734840701932408,0.7031383485000156
2,0.7044753086419753,0.6109171330683516,0.5796505655683692,0.7015186722820121
3,0.7456275720164609,0.562989710289755,0.6022610485492483,0.698642639315018
4,0.7651748971193416,0.5167091022793648,0.5950668039449317,0.6996556657681362
5,0.7813786008230452,0.48366338210831944,0.5858170608822391,0.7033748890121083
6,0.7808641975308642,0.4567772289853037,0.5971223024033079,0.7077282558732263
7,0.7906378600823045,0.4321974535537845,0.5858170608822391,0.7101658285583033
8,0.8040123456790124,0.3972055839658274,0.5858170608209804,0.7179296171064857
9,0.8088991769547325,0.379454741630044,0.5960945531741199,0.7249717667683545
10,0.8204732510288066,0.3603438631987866,0.5827338132559334,0.7365841975805081
11,0.8173868312757202,0.34854648387971726,0.5858170608822391,0.7519619882045523
12,0.8199588477366255,0.33225149296438744,0.5878725593406152,0.7646519740218372
13,0.8117283950617284,0.3308012508806378,0.572456320902794,0.7831501039424633
14,0.8240740740740741,0.31426317983694035,0.5745118192999116,0.7906697362446956
15,0.8567386831275721,0.3013722066280773,0.5796505655071106,0.8034685989813104
16,0.8683127572016461,0.29772739241152635,0.5786228162779224,0.8262971615742314
17,0.8834876543209876,0.2739553414131879,0.5847893115917924,0.838472617738416
18,0.8801440329218106,0.27906283319241715,0.5930113054252969,0.8585898389796681
19,0.8886316872427984,0.26487652939042927,0.5847893116530509,0.8773071950900714
20,0.8881172839506173,0.2614920300588686,0.5704008225669351,0.8994359587838936
21,0.9045781893004116,0.24668134013075887,0.5652620764209947,0.9228182155696363
22,0.9061213991769548,0.24772632030057318,0.5652620764209947,0.943398266938828
23,0.8966049382716049,0.24432340074223255,0.5796505655683692,0.9673820134914669
24,0.9056069958847737,0.23363055386906298,0.5724563210253113,0.9903719965502512
25,0.9045781893004116,0.2360759088654577,0.5734840702544993,1.0135539983306368
26,0.9112654320987654,0.22179269379794353,0.5765673179420636,1.036461487397138
27,0.9079218106995884,0.22357793741020154,0.5662898256501828,1.0596723278404385
28,0.9174382716049383,0.21475865394490246,0.5621788287334305,1.076653590305246
29,0.9128086419753086,0.21520021429032454,0.56115107916732,1.1048977401371727
30,0.9146090534979424,0.21144766817367616,0.5683453237716365,1.1264248775186176
31,0.9125514403292181,0.20879671523355162,0.568345324108559,1.1573093191080202
32,0.9205246913580247,0.2056310592610159,0.5652620760840723,1.1816642019143453
33,0.9308127572016461,0.1919810030563378,0.556012333358302,1.2035694314666545
34,0.9259259259259259,0.19367285649227017,0.5539568348999259,1.2151076138815924
35,0.9192386831275721,0.20004361389595784,0.5673175747568536,1.2427290028070253
36,0.9192386831275721,0.19567466045848628,0.5683453239860417,1.2675815104580612
37,0.9243827160493827,0.19564955727553662,0.5673175747568536,1.283391793303475
38,0.9184670781893004,0.19917332175582525,0.572456320902794,1.3094866907976392
39,0.9223251028806584,0.18887583046783635,0.556012333358302,1.3338959032070477
40,0.9182098765432098,0.19292528786286406,0.5642343271918067,1.347954581232257
41,0.9228395061728395,0.18882313781559712,0.5662898255276656,1.378312319547765
42,0.9277263374485597,0.18465546147568235,0.5724563209640526,1.3955545067664654
43,0.926440329218107,0.1847589408725868,0.5724563209640526,1.4112152176060142
44,0.9259259259259259,0.17937017830065738,0.564234327130548,1.4433436202610874
45,0.9233539094650206,0.18515052704654114,0.5560123332970434,1.467824807882554
46,0.9282407407407407,0.18447187944572158,0.5673175748181123,1.4854064906611348
47,0.9290123456790124,0.17359606624262813,0.5601233302137957,1.500484339747375
48,0.9320987654320988,0.17664322631104,0.5632065779626185,1.5331700896922755
49,0.9318415637860082,0.17303640876777868,0.5642343271918067,1.559585435294909
50,0.9308127572016461,0.1703970301053161,0.5621788287334305,1.571427169831169
51,0.9320987654320988,0.1721030587154161,0.5632065779626185,1.6028303448244823
52,0.9284979423868313,0.1765194763371974,0.564234327130548,1.63020316192082
53,0.9290123456790124,0.17097159959529162,0.564234327130548,1.6320773815202076
54,0.9315843621399177,0.17031461423561897,0.556012333358302,1.6450013661066039
55,0.930298353909465,0.17124503716029257,0.5673175748181123,1.6600986312374182
56,0.9279835390946503,0.17439575757018824,0.564234327130548,1.6880474877136953
57,0.9254115226337448,0.17731002046738142,0.5755395685903583,1.7098084472556276
58,0.930298353909465,0.17154528200626373,0.5683453240473003,1.7378419781025243
59,0.9282407407407407,0.17792815911303822,0.5714285717348646,1.7601005870538773
60,0.9313271604938271,0.16509253387588532,0.5673175745424485,1.7778871049616345
61,0.9241255144032922,0.17604558531639508,0.5704008225669351,1.793127192622711
62,0.9375,0.15631323059399924,0.5673175748793708,1.821169259369312
63,0.9315843621399177,0.16895297258601757,0.569373073337747,1.8425590570514518
64,0.9331275720164609,0.16218992800992213,0.569373073337747,1.8780060752935301
65,0.934156378600823,0.160881164203946,0.5827338133171921,1.9014568406043293
66,0.940843621399177,0.15618873031909575,0.5673175748793708,1.9277916080782618
67,0.9393004115226338,0.15745724023246963,0.5704008225669351,1.9395940240093517
68,0.9369855967078189,0.1608159459912728,0.5662898256501828,1.950086930427865
69,0.9382716049382716,0.16148813679017157,0.5683453237716365,1.9731601857697976
70,0.9434156378600823,0.1548193460138737,0.5662898256501828,1.9960460561152475
71,0.9390432098765432,0.15747492613247882,0.5652620760840723,2.0314567114809434
72,0.9326131687242798,0.15918487365599032,0.5662898253132603,2.0403701220117396
73,0.9328703703703703,0.166055198590206,0.5673175748793708,2.0509223929412075
74,0.9326131687242798,0.16615106772493432,0.5621788287334305,2.055627136289277
75,0.934156378600823,0.1581346320885199,0.5673175747568536,2.073734712502694
76,0.9344135802469136,0.16493853810147494,0.5683453240473003,2.0892759072694846
77,0.9300411522633745,0.1604882212884632,0.56320657790136,2.1025335858561642
78,0.9434156378600823,0.15439136519476218,0.5580678318166782,2.116717277303384
79,0.9395576131687243,0.1550707105746485,0.556012333358302,2.1482035774366217
80,0.9467592592592593,0.14923914273579916,0.5539568348999259,2.1636235000908313
81,0.9423868312757202,0.1526299883370046,0.556012333358302,2.1787332063588676
82,0.9411008230452675,0.1571458930096018,0.5580678318166782,2.2056835985379744
83,0.9436728395061729,0.14960114774390013,0.5621788287334305,2.202901828815856
84,0.9449588477366255,0.14352711103090043,0.5652620764209947,2.214870651236296
85,0.9362139917695473,0.15853703886638454,0.5652620764209947,2.226703697461386
86,0.9398148148148148,0.15299286101580648,0.55704008258749,2.249613007318079
87,0.9375,0.15458574216552232,0.5673175748793708,2.2544476511789617
88,0.9400720164609053,0.1522190146792082,0.5673175748793708,2.2730386438497168
89,0.9313271604938271,0.15836238281594384,0.5611510795042424,2.271382229913788
90,0.9375,0.15073768874254737,0.5673175748181123,2.2864676183443766
91,0.9429012345679012,0.14971204184823567,0.5652620763597361,2.2835729751900558
92,0.9380144032921811,0.15200606138740547,0.5601233302137957,2.3031949058466066
93,0.9382716049382716,0.15346089174104816,0.5601233302137957,2.3292385669308358
94,0.9472736625514403,0.14674741615361148,0.5560123332970434,2.3263960129678067
95,0.9457304526748971,0.14393126946172596,0.550873587151103,2.3668260076920764
96,0.9372427983539094,0.15378563219505081,0.550873587151103,2.3729109857212234
97,0.9395576131687243,0.15538489499700414,0.5498458379219149,2.41014074201084
98,0.9418724279835391,0.1539270388797968,0.5477903394635387,2.435699491069594
99,0.9403292181069959,0.1493216538380203,0.5488180886927269,2.4377708432608247
100,0.9382716049382716,0.15598554562761952,0.542651593378857,2.461731494146898
101,0.9431584362139918,0.15309106739460196,0.5488180887539855,2.494515939704683
102,0.9377572016460906,0.15467094078108115,0.5498458379831735,2.506342311312214
103,0.9390432098765432,0.15190069733087908,0.5632065779626185,2.493785752299388
104,0.9310699588477366,0.16630077901691076,0.55704008258749,2.501569843978333
105,0.9403292181069959,0.15007507025337022,0.5590955809846077,2.5194467508290557
106,0.9452160493827161,0.15196163437248747,0.55704008258749,2.5353745904512786
107,0.9418724279835391,0.1534188781316879,0.55704008258749,2.5447372564431454
108,0.9403292181069959,0.14990134782506606,0.5508735872123617,2.566558156939719
109,0.944701646090535,0.14853744377447253,0.5508735868754392,2.5811219310956526
110,0.9385288065843621,0.1522029604256889,0.5519013361046272,2.592417259500549
111,0.9431584362139918,0.15362578835874918,0.5590955810458662,2.6035072443296583
112,0.9423868312757202,0.15395296315965337,0.5662898253132603,2.6121589561650587
113,0.9495884773662552,0.14648775627583632,0.5632065776256961,2.629719442355792
114,0.9457304526748971,0.1461789728192145,0.56115107916732,2.6412952215796506
115,0.9411008230452675,0.1511899583011007,0.5580678314797557,2.642298433297952
116,0.9395576131687243,0.15120443205038706,0.5529290853338154,2.6587194438338404
117,0.9467592592592593,0.14541118346737245,0.5529290853338154,2.65714844133234
118,0.9411008230452675,0.15269116453305193,0.5601233299381319,2.6439558423190297
119,0.9470164609053497,0.14203010248058617,0.56115107916732,2.645829768244556
120,0.9393004115226338,0.14883544208642877,0.5590955807089438,2.646611577315296
121,0.9356995884773662,0.1528290899263488,0.5632065776256961,2.647899837925157
122,0.9467592592592593,0.14679044791700419,0.5590955807089438,2.6710607035187017
123,0.9431584362139918,0.15057479939710947,0.5652620760840723,2.7053174504518265
124,0.9467592592592593,0.1405312714508041,0.5601233299381319,2.717863560458004
125,0.9465020576131687,0.14466530651835258,0.5590955807089438,2.7294968750101933
126,0.9429012345679012,0.15060962617029378,0.5662898253132603,2.73862524978426
127,0.9421296296296297,0.14792197482821381,0.5673175745424485,2.7403252036573953
128,0.9426440329218106,0.1491569704356998,0.5642343268548842,2.748577040243982
129,0.941358024691358,0.147578080771146,0.5662898256501828,2.7570390098509048
130,0.9454732510288066,0.1499457092564783,0.562178828396508,2.766488270548853
131,0.9434156378600823,0.1441443367198171,0.568345324108559,2.765483982884014
132,0.9367283950617284,0.15436006981281586,0.5601233299381319,2.7608035855523605
133,0.9498456790123457,0.14796577378678225,0.562178828396508,2.777689629934062
134,0.9398148148148148,0.15246402138054616,0.5601233299381319,2.805700652523374
135,0.9434156378600823,0.1458782348551868,0.556012333358302,2.7926675989105916
136,0.9416152263374485,0.1505968149122878,0.5590955810458662,2.8176171311616653
137,0.9501028806584362,0.14008915896523635,0.5498458379831735,2.8549262107582525
138,0.9403292181069959,0.15013384354519255,0.556012333358302,2.8736503050726707
139,0.9470164609053497,0.1431880732806622,0.5601233302750543,2.8614534395694244
140,0.9465020576131687,0.14362504934209855,0.5529290856707378,2.889895215186406
141,0.9493312757201646,0.14278074838374377,0.5519013364415497,2.888694257187329
142,0.9452160493827161,0.1522226410576836,0.5549845837921915,2.8917351131694047
143,0.9449588477366255,0.14381130784749985,0.5590955807089438,2.8842128043552098
144,0.9506172839506173,0.13761414329946778,0.5539568348999259,2.8940593081412556
145,0.9493312757201646,0.140662470717489,0.56115107916732,2.894375434759832
146,0.948045267489712,0.14627620758711066,0.554984584129114,2.9203426293944528
147,0.9452160493827161,0.14559642404869752,0.5488180887539855,2.9079185414289768
148,0.9459876543209876,0.1419420960692712,0.554984584129114,2.8966320695514423
149,0.9544753086419753,0.13455628649688062,0.5621788287334305,2.9239498311912167
150,0.9506172839506173,0.14053258213977265,0.5611510795042424,2.933490659080576
151,0.9524176954732511,0.13955558572777013,0.5642343268548842,2.9595991288525227
152,0.9534465020576132,0.1370309287444554,0.5539568345630034,2.956991983709698
153,0.9449588477366255,0.1454832021898203,0.5580678314797557,2.9558002985516163
154,0.9470164609053497,0.1478998806680181,0.5590955807089438,2.973550090319329
155,0.9400720164609053,0.15173026652615748,0.5477903391878749,3.0118356123490053
156,0.9488168724279835,0.14108382058119087,0.5519013361046272,3.025774755801351
157,0.9449588477366255,0.14650003710156115,0.5529290853338154,3.0130318237845723
158,0.9436728395061729,0.1457782337756314,0.5570400822505677,2.991154284050874
159,0.9418724279835391,0.14616561564521044,0.5560123330213795,2.9990407388967455
160,0.9423868312757202,0.14876635930665727,0.5580678314797557,2.992565421626845
161,0.9434156378600823,0.14919349962055928,0.5519013361046272,3.0378702346001965
162,0.948045267489712,0.14120326865725066,0.5601233299381319,3.053971336164798
163,0.9472736625514403,0.14562482307109323,0.5590955807089438,3.0834865026091745
164,0.9490740740740741,0.13886728476533675,0.5632065779626185,3.0800864351004025
165,0.9459876543209876,0.14863096686547675,0.5611510795042424,3.0527773006356878
166,0.9495884773662552,0.14739538594283194,0.5580678318166782,3.072422435815386
167,0.9524176954732511,0.13862150374018115,0.5611510795042424,3.058961873186823
168,0.9488168724279835,0.14309967609712618,0.5611510795042424,3.0606751677188697
169,0.9441872427983539,0.14703599599653802,0.5590955810458662,3.100202997076303
170,0.9449588477366255,0.1447573709819052,0.5714285717961232,3.106732198415288
171,0.9488168724279835,0.14121162284303596,0.5734840702544993,3.1050796788128405
172,0.9477880658436214,0.14293898703384791,0.569373073337747,3.0879943098830784
173,0.9506172839506173,0.14016919316333018,0.5673175748793708,3.0946426925776795
174,0.9441872427983539,0.14039141698567956,0.5642343271918067,3.113651625544047
175,0.9542181069958847,0.13545300094065843,0.5714285717961232,3.1113584886964523
176,0.9529320987654321,0.13933693648243148,0.5652620764209947,3.112128512097287
177,0.9526748971193416,0.13414151276703234,0.5673175748793708,3.138147124283605
178,0.9472736625514403,0.1414750518254292,0.5642343271918067,3.1475837889825207
179,0.9457304526748971,0.14374807648698,0.5632065779626185,3.1578126556459214
180,0.948045267489712,0.14480695750855616,0.55704008258749,3.217666930309425
181,0.9477880658436214,0.14119288619653678,0.5611510795042424,3.2188667435072675
182,0.9467592592592593,0.14511102968405304,0.5642343271918067,3.2084399850125918
183,0.9531893004115226,0.13683065759792248,0.568345324108559,3.209881903333752
184,0.9459876543209876,0.14628585565973212,0.5734840702544993,3.214120233659264
185,0.9521604938271605,0.14541990193442553,0.568345324108559,3.2203869483943834
186,0.9472736625514403,0.1445385964257727,0.5652620764209947,3.2302230619820635
187,0.9506172839506173,0.1418852961848302,0.569373073337747,3.2107880345841475
188,0.9513888888888888,0.14097400303976035,0.5590955810458662,3.233479029840703
189,0.9454732510288066,0.14513596401783666,0.5601233302750543,3.216234000834262
190,0.9573045267489712,0.13523922590807141,0.5632065779626185,3.2076607064132454
191,0.9552469135802469,0.13622868327814855,0.5734840702544993,3.1780001923579717
192,0.9429012345679012,0.14790860480732387,0.5704008225669351,3.1544433916705485
193,0.9470164609053497,0.1404141564489392,0.569373073337747,3.166257477737772
194,0.9493312757201646,0.13739295763733947,0.5652620764209947,3.189673467628267
195,0.9542181069958847,0.13635000920712703,0.5704008225669351,3.191341467040906
196,0.9449588477366255,0.1420959202963629,0.568345324108559,3.198915920424192
197,0.9467592592592593,0.14102149472683054,0.5652620764209947,3.1948269619113496
198,0.9539609053497943,0.1363363624416261,0.5662898256501828,3.2033208930847703
199,0.9495884773662552,0.1408211906199102,0.5724563210253113,3.170380360543544
200,0.9513888888888888,0.1382514768789825,0.5755395687128755,3.154286932479686
201,0.9498456790123457,0.14259562288782723,0.5724563210253113,3.16701869484332
202,0.9501028806584362,0.1423944833960553,0.5632065779626185,3.1743904497983646
203,0.9516460905349794,0.1409785068084183,0.5734840702544993,3.1695580374667727
204,0.9521604938271605,0.1378826762974998,0.5652620763597361,3.194827321867046
205,0.9544753086419753,0.13313831336826945,0.5662898255889242,3.202222170589639
206,0.9498456790123457,0.13864014772966565,0.564234327130548,3.2116671355875765
207,0.9547325102880658,0.13646586024712143,0.5755395686516169,3.228810369662121
208,0.9465020576131687,0.14174247910211116,0.5714285717348646,3.2448764352122166
209,0.948559670781893,0.14397947778427062,0.5683453240473003,3.235639124465503
210,0.9483024691358025,0.140941657800488,0.5601233302137957,3.264668868232484
211,0.9542181069958847,0.13033657401432225,0.564234327130548,3.2589354774812267
212,0.9506172839506173,0.13464759400597326,0.5621788286721718,3.2351350759798305
213,0.9490740740740741,0.1426802630624408,0.5611510794429838,3.231700209894994
214,0.9475308641975309,0.13762623120727854,0.5601233301525371,3.2526427672798808
215,0.9495884773662552,0.14350098187540783,0.5652620762984775,3.254532280340714
216,0.9470164609053497,0.13740413792339373,0.559095580923349,3.27339766669984
217,0.9444444444444444,0.14323061002502716,0.5652620762984775,3.2916758058004976
218,0.9470164609053497,0.14647712518648845,0.5734840701319821,3.2814244258563052
219,0.9483024691358025,0.14139148271010246,0.5642343270692894,3.300494294494911
220,0.9457304526748971,0.14258876823103478,0.5683453239860417,3.320163369301289
221,0.9513888888888888,0.13895846716293092,0.5662898255276656,3.3197298863441334
222,0.9524176954732511,0.13515275584940067,0.5662898255276656,3.3110110637217853
223,0.9508744855967078,0.14091522255797445,0.5570400824649728,3.337758589624011
224,0.9524176954732511,0.1336641577474865,0.558067831694161,3.3493381859954803
225,0.9503600823045267,0.1407638129628735,0.5601233302137957,3.369238160496993
226,0.9493312757201646,0.13604219972228807,0.5601233301525371,3.3736749454980517
227,0.9511316872427984,0.13662998093131148,0.5693730732152298,3.399513888089532
228,0.9539609053497943,0.13030275984556097,0.5704008224444178,3.38672862440072
229,0.9539609053497943,0.13526438909425656,0.5693730732152298,3.3827372788157763
230,0.9472736625514403,0.14328097368096127,0.5704008225056765,3.4067445722660326
231,0.9544753086419753,0.13008143219314974,0.5724563209640526,3.4198394698939856
232,0.9483024691358025,0.14195058249519685,0.5652620763597361,3.411170141547459
233,0.9490740740740741,0.1381270025431374,0.5745118194224288,3.402189588007677
234,0.9470164609053497,0.14047805063518476,0.5652620763597361,3.4375314104838828
235,0.9521604938271605,0.13672209508073183,0.576567317880805,3.442660847278685
236,0.948559670781893,0.14252805694508455,0.5755395686516169,3.446519106289588
237,0.9508744855967078,0.1387632315050918,0.5755395686516169,3.4465781723485085
238,0.9524176954732511,0.14000708180567856,0.5714285717348646,3.443720577432097
239,0.9490740740740741,0.14199673878067315,0.5662898255889242,3.444588301973255
240,0.9459876543209876,0.1420578743971179,0.5673175748181123,3.4799779404839164
241,0.9506172839506173,0.1381450453964771,0.5704008225056765,3.470312915872572
242,0.9490740740740741,0.13801136186706675,0.5704008225056765,3.483221803392683
243,0.9483024691358025,0.14178597838177112,0.5621788286721718,3.4915575064711066
244,0.9539609053497943,0.13350479948667832,0.5621788286721718,3.5086519828435696
245,0.9495884773662552,0.1425703136334694,0.5755395686516169,3.518969884266711
246,0.9521604938271605,0.13716492158027344,0.5724563209640526,3.5061244322609193
247,0.9452160493827161,0.14082072083474187,0.5734840701932408,3.52827954708856
248,0.9483024691358025,0.14079176251289777,0.5673175748181123,3.5184312557757575
249,0.9470164609053497,0.13966434056498878,0.5704008225056765,3.497091407030974
