epoch,acc,loss,val_acc,val_loss
0,0.5025720164609053,0.7245493629341754,0.4779033918787495,0.7198962077942561
1,0.5933641975308642,0.7031354994930848,0.5375128468959942,0.7138777523467131
2,0.6458333333333334,0.6859228910242089,0.5683453240473003,0.7087678405755838
3,0.6797839506172839,0.6632535285910461,0.5734840702544993,0.7061427595191477
4,0.6995884773662552,0.6485305901908089,0.568345324108559,0.7059315204130292
5,0.7307098765432098,0.6220506466465232,0.5683453240473003,0.7055761896203993
6,0.7368827160493827,0.606655930050116,0.5652620763597361,0.7068177462849318
7,0.7559156378600823,0.5864761327029255,0.5652620763597361,0.7076890154340651
8,0.7764917695473251,0.5577675761509334,0.5601233302750543,0.7102796846401532
9,0.7883230452674898,0.5345122129828842,0.5621788287334305,0.7123430521980709
10,0.7901234567901234,0.5115447014938166,0.5662898256501828,0.713078457368241
11,0.7968106995884774,0.49939549386256027,0.5662898256501828,0.7150175102813149
12,0.8076131687242798,0.4781352779502241,0.5642343268548842,0.7213650233086432
13,0.8099279835390947,0.4628563373667713,0.5714285714592008,0.7278548327158804
14,0.8240740740740741,0.4363405291190363,0.5662898253132603,0.7343152580133813
15,0.8243312757201646,0.4297900941882114,0.5714285714592008,0.7390846961081212
16,0.8413065843621399,0.4019232310140084,0.5714285714592008,0.7437890417651797
17,0.8446502057613169,0.39149258435998924,0.5724563210253113,0.7524048077116767
18,0.8454218106995884,0.3879849649505851,0.5755395683759531,0.7599514428170098
19,0.8431069958847737,0.37917458692205297,0.5745118194836875,0.7659445239608114
20,0.8441358024691358,0.3690422518263138,0.5714285714592008,0.7792077345078675
21,0.8533950617283951,0.3482039944870482,0.5837615625463801,0.7893396858566222
22,0.8557098765432098,0.3408247152718987,0.5827338129802696,0.7958351176419705
23,0.8618827160493827,0.3288012118128592,0.5889003086310619,0.806627733856899
24,0.8598251028806584,0.3248188766677684,0.5827338129802696,0.8204173545553163
25,0.8616255144032922,0.3181829247700334,0.5817060637510815,0.8314814365412446
26,0.8626543209876543,0.31371430923909316,0.58787255912621,0.8432988079699313
27,0.8734567901234568,0.2952342799906868,0.5775950671712516,0.8613186337107377
28,0.8726851851851852,0.2948900748182226,0.5734840702544993,0.8780549882249744
29,0.8744855967078189,0.28786790567170445,0.5775950671712516,0.8863550167902156
30,0.8598251028806584,0.2958187853357919,0.5765673179420636,0.901049744556031
31,0.8693415637860082,0.2848053967020639,0.5734840702544993,0.9136294260667015
32,0.8804012345679012,0.26498514757234864,0.5796505656296278,0.931664854563765
33,0.8804012345679012,0.2707957371517464,0.5909558068137742,0.9482503462303334
34,0.8662551440329218,0.27955660653212433,0.5858170610047563,0.9610225136209
35,0.8752572016460906,0.2659311194601373,0.578622816124776,0.9655494126974618
36,0.8752572016460906,0.26162950020022846,0.5889003083553981,0.9800245075774707
37,0.8752572016460906,0.2563458795164838,0.5868448098970219,1.0028247550237093
38,0.8731995884773662,0.2591687074168719,0.5786228160635173,1.0178766065609295
39,0.8608539094650206,0.27211984525982735,0.5889003086310619,1.028525925797524
40,0.8888888888888888,0.23797667118502253,0.5919835563186261,1.046545207622975
41,0.8780864197530864,0.24729437715232128,0.58787255912621,1.0600745255263466
42,0.8791152263374485,0.24180438053706055,0.5806783145218934,1.0776514493059157
43,0.8780864197530864,0.23881821187190067,0.5796505652927054,1.0908907590642618
44,0.8896604938271605,0.2276842253198349,0.5796505655683692,1.1155857789920756
45,0.882201646090535,0.23416035061265217,0.5775950671099931,1.1397217968507514
46,0.8816872427983539,0.23567857945897452,0.5734840702544993,1.1574970126642108
47,0.8778292181069959,0.23153136854554401,0.5919835563798848,1.1625297826093612
48,0.8847736625514403,0.22689733001185053,0.5806783145218934,1.1916104333373772
49,0.886059670781893,0.21995837164759147,0.5847893117755683,1.2038693332476091
50,0.8847736625514403,0.2187968335524508,0.5796505656296278,1.2253894180457614
51,0.8819444444444444,0.22289738108101206,0.5796505652927054,1.2380944446939113
52,0.8827160493827161,0.21694261307824295,0.5734840701932408,1.258418158232737
53,0.8806584362139918,0.22230199347307653,0.5621788286721718,1.2802901196945362
54,0.8793724279835391,0.2202262523978826,0.571428571673606,1.299164479033675
55,0.8747427983539094,0.22267563230216258,0.5755395686516169,1.2962057049570936
56,0.8886316872427984,0.20635171740511318,0.5765673176663998,1.3104887029494925
57,0.8901748971193416,0.20414724621017283,0.5786228160635173,1.3236509353259363
58,0.882201646090535,0.2124033507741528,0.5704008222300126,1.3468282989705822
59,0.886059670781893,0.20236932142894454,0.5775950668343293,1.3749739003941064
60,0.8870884773662552,0.20077766162255173,0.5775950668955878,1.3830512725314525
61,0.8914609053497943,0.1975594274546384,0.5775950668955878,1.3894736113798214
62,0.8878600823045267,0.19901663291846775,0.5724563207496475,1.4085298069702024
63,0.8881172839506173,0.19535836046983185,0.5796505652927054,1.4278068358704585
64,0.8837448559670782,0.2018437960142952,0.5827338129802696,1.4417514631951578
65,0.900977366255144,0.19269376876668184,0.5837615624238629,1.4634654519491794
66,0.9125514403292181,0.1948485435159118,0.5693730732764885,1.4827666744543861
67,0.9279835390946503,0.19518315752224666,0.56320657790136,1.5223510515285543
68,0.9259259259259259,0.1968056171396632,0.567317574695595,1.5410142915221916
69,0.9318415637860082,0.190269368788833,0.5765673178195463,1.5650725334055744
70,0.9315843621399177,0.19031873277921246,0.562178828396508,1.588995377794444
71,0.9290123456790124,0.18923158459212064,0.564234327130548,1.606246524087449
72,0.9338991769547325,0.18586350670812551,0.5734840701319821,1.612311865908514
73,0.934156378600823,0.1916325596379645,0.5704008225056765,1.628843337144293
74,0.9354423868312757,0.18569110045707765,0.5611510794429838,1.6527590222373405
75,0.9318415637860082,0.18571682176226942,0.5673175748793708,1.673072940889145
76,0.9305555555555556,0.1848548019128572,0.5724563206883888,1.684375505775734
77,0.9354423868312757,0.18071337645191224,0.5652620760840723,1.6926133744150615
78,0.9364711934156379,0.17908185610064753,0.5683453237716365,1.705318888191819
79,0.9315843621399177,0.18741027385364345,0.5734840702544993,1.7157821861102427
80,0.9387860082304527,0.1794450207318298,0.5755395687128755,1.7368192600444312
81,0.9367283950617284,0.18423764634524845,0.5796505655683692,1.7457753604877155
82,0.9326131687242798,0.18766488668359357,0.5693730730008246,1.7974582822325296
83,0.9351851851851852,0.17871720782278006,0.5745118192080236,1.8227590174248627
84,0.9431584362139918,0.18007571041706658,0.5652620764209947,1.8460948522387404
85,0.9362139917695473,0.17760562485873455,0.5642343268548842,1.8731151190715605
86,0.9395576131687243,0.17103553548025988,0.566289825374519,1.8764767558577127
87,0.9411008230452675,0.17233893446961548,0.578622816124776,1.9001786574062807
88,0.9387860082304527,0.17057264737263628,0.5786228164004398,1.9075875377851057
89,0.9328703703703703,0.18250016622827867,0.5611510795042424,1.9361993673526494
90,0.9362139917695473,0.17623028643582583,0.569373073337747,1.9566255806651414
91,0.9382716049382716,0.17480417834633172,0.5714285715204593,1.9628870996884917
92,0.9377572016460906,0.17253320728555138,0.5755395684372117,1.9804085486961907
93,0.9369855967078189,0.170823953616521,0.5765673176051411,2.0158006643832405
94,0.9380144032921811,0.17385370992583993,0.5683453237716365,2.0220076377443275
95,0.934156378600823,0.17164769222952211,0.5704008222300126,2.042118610360517
96,0.9367283950617284,0.16924916152600888,0.5734840699175769,2.079018565635642
97,0.9351851851851852,0.16987545714702135,0.5786228164004398,2.08430249374915
98,0.9356995884773662,0.17313949408109297,0.5683453237716365,2.1141317188433484
99,0.9400720164609053,0.1639924647876755,0.5734840699175769,2.116003422918447
100,0.9385288065843621,0.16520897081359423,0.5621788284577667,2.1582346339877563
101,0.9418724279835391,0.1605849228646039,0.5755395687128755,2.1798377250228365
102,0.940843621399177,0.16574712569821518,0.5621788285190253,2.178551767859895
103,0.9364711934156379,0.16618198049043922,0.5806783145831521,2.185551689315553
104,0.9441872427983539,0.1624314124876089,0.5755395683759531,2.2336418115345325
105,0.9346707818930041,0.17231651493673952,0.5693730730008246,2.253480140621346
106,0.9416152263374485,0.1621125191450119,0.5724563207496475,2.2664445019944477
107,0.9380144032921811,0.16671946373434715,0.5775950668343293,2.2535367832889537
108,0.9380144032921811,0.16544501322471064,0.5724563206883888,2.2619480888253003
109,0.9434156378600823,0.15566717977386443,0.5673175745424485,2.286962672593292
110,0.9346707818930041,0.17263682680242837,0.574511819146765,2.30607354359171
111,0.9390432098765432,0.1649549566975837,0.5775950668343293,2.304968228688098
112,0.9367283950617284,0.165696595308712,0.5796505656296278,2.335950816645529
113,0.9387860082304527,0.16327755140914837,0.5827338133171921,2.3580331562234345
114,0.9380144032921811,0.1607584785899998,0.5786228160635173,2.3689758588941836
115,0.9400720164609053,0.1604732445483345,0.5868448102339444,2.387622700443248
116,0.9421296296296297,0.15824701732078206,0.5847893117755683,2.4078587552136286
117,0.9506172839506173,0.14799563733883847,0.5827338132559334,2.43703428079266
118,0.9434156378600823,0.16140809606132192,0.5755395687128755,2.4489160108419266
119,0.9418724279835391,0.1566892200659332,0.5827338133171921,2.455095236740034
120,0.9449588477366255,0.15189320597138425,0.5734840702544993,2.4662547733898887
121,0.9431584362139918,0.16075117530400862,0.5734840702544993,2.4892369446259486
122,0.9465020576131687,0.15202461081890412,0.5734840702544993,2.4962497458306023
123,0.9405864197530864,0.15768489020842094,0.5775950668343293,2.484944883867991
124,0.9483024691358025,0.1484578865975019,0.5775950671712516,2.4876127983046215
125,0.9498456790123457,0.14133437725987455,0.5724563210253113,2.5199344133669155
126,0.9395576131687243,0.16221466902720094,0.5724563210253113,2.517868463451546
127,0.9521604938271605,0.14703144954801095,0.5755395687128755,2.5430705260642386
128,0.9429012345679012,0.15799046550022722,0.5806783147975573,2.5504311238628987
129,0.9436728395061729,0.1533516547316877,0.5786228160635173,2.5595830398375305
130,0.948045267489712,0.1505301793109733,0.5909558071506967,2.596972325110362
131,0.9493312757201646,0.15018318397272762,0.5919835561042209,2.5970788719965276
132,0.9457304526748971,0.15282066748956594,0.5919835561042209,2.626125561860213
133,0.9462448559670782,0.1533160032129582,0.5847893114386458,2.6504031053427433
134,0.9488168724279835,0.14605167097270244,0.5868448098970219,2.672821381599293
135,0.9470164609053497,0.15025257616621968,0.5847893114386458,2.691476754269889
136,0.9475308641975309,0.15187239481343162,0.5858170606678338,2.6752664491549547
137,0.9403292181069959,0.16115380869603452,0.5858170606678338,2.6737625500893665
138,0.9403292181069959,0.15779140055056953,0.5714285714592008,2.6720808294792215
139,0.9470164609053497,0.14955775007421587,0.56115107916732,2.6903125301294435
140,0.9436728395061729,0.1542837002579077,0.581706064088004,2.6973036183360177
141,0.944701646090535,0.1536194462283158,0.5775950671712516,2.703771990102707
142,0.9441872427983539,0.1535553912567013,0.5806783147975573,2.755799138411221
143,0.9457304526748971,0.1533134896691444,0.5745118194224288,2.763738817693273
144,0.9434156378600823,0.16143861075732935,0.5775950671099931,2.794887314107411
145,0.9436728395061729,0.15191151118940777,0.5755395687128755,2.8075606923431677
146,0.9462448559670782,0.15480583771266074,0.5745118194836875,2.8190905371525794
147,0.9416152263374485,0.15747209488119118,0.5683453240473003,2.8243925581243032
148,0.9426440329218106,0.1547426467631089,0.5796505655683692,2.8249975490668082
149,0.9441872427983539,0.15258937099097689,0.5775950671099931,2.8459844251085773
150,0.9490740740740741,0.14776693569657243,0.5775950671099931,2.8637726039827665
151,0.9418724279835391,0.15566731866740396,0.5827338132559334,2.8773079067928085
152,0.9454732510288066,0.1508196611034036,0.5775950671099931,2.872088790797501
153,0.9506172839506173,0.14219614231782685,0.5775950671099931,2.8828960663245615
154,0.9503600823045267,0.14686440621261243,0.5683453240473003,2.8770204337748324
155,0.9503600823045267,0.14270900898141625,0.5724563209640526,2.9006198305265265
156,0.9483024691358025,0.1462135605299424,0.5745118194224288,2.9066086327551814
157,0.9534465020576132,0.14598951096274726,0.5796505655683692,2.9330824195787324
158,0.9483024691358025,0.14522003434567785,0.5734840701932408,2.918182886149141
159,0.9490740740740741,0.14195439633395937,0.5724563210253113,2.929300496414043
160,0.9472736625514403,0.15155187273712314,0.5796505655683692,2.91931635037233
161,0.9429012345679012,0.1558514345943192,0.5775950671099931,2.907273058043477
162,0.9529320987654321,0.1461885220106737,0.5693730732764885,2.9535962731595644
163,0.9490740740740741,0.14431476412118707,0.5683453240473003,2.9544526871527332
164,0.9470164609053497,0.14694284255244605,0.5683453240473003,2.976956253551628
165,0.9488168724279835,0.14784617397029703,0.5683453240473003,2.9726193563788668
166,0.9526748971193416,0.13763521829382383,0.5673175748181123,2.9983141064521344
167,0.9459876543209876,0.15129181736535988,0.5683453240473003,3.0394684393628895
168,0.948045267489712,0.15007765716853946,0.5693730732764885,3.0312427072828867
169,0.9467592592592593,0.1481443770505764,0.5724563209640526,3.0340262782536946
170,0.9490740740740741,0.14429953838449447,0.5734840702544993,3.016814385999266
171,0.9508744855967078,0.14353198315871596,0.5714285717961232,3.0237009677220468
172,0.9521604938271605,0.14731873234603632,0.5745118194224288,3.0407066423625886
173,0.9449588477366255,0.14927564674812088,0.5786228164004398,3.0326101949011557
174,0.948045267489712,0.14699333798860817,0.5714285717348646,3.042994577862621
175,0.9508744855967078,0.14401831894867706,0.5734840702544993,3.0462687365932797
176,0.9490740740740741,0.14740300138668758,0.5714285717961232,3.0510279409441896
177,0.9467592592592593,0.14710649473922244,0.5714285717961232,3.0707998797680345
178,0.9462448559670782,0.15217341807644064,0.5745118194224288,3.0772433957240075
179,0.9511316872427984,0.14740446559440942,0.576567317880805,3.09185126457528
180,0.9557613168724279,0.1340160137770598,0.5745118194224288,3.0978279135822637
181,0.9475308641975309,0.14496136919706445,0.5775950671099931,3.1265403295714957
182,0.9444444444444444,0.15365374186401995,0.5775950671099931,3.1462875507840886
183,0.9483024691358025,0.146473277252888,0.5714285717348646,3.1514474409579742
184,0.9547325102880658,0.136827975143621,0.5724563210253113,3.1248047599322013
185,0.9475308641975309,0.1465292825620361,0.576567317880805,3.1458081731080765
186,0.9495884773662552,0.13917700618260193,0.576567317880805,3.15173695535846
187,0.9488168724279835,0.1455017419631589,0.5796505655683692,3.1432187498412176
188,0.9537037037037037,0.143949920380557,0.576567317880805,3.151990409990254
189,0.9560185185185185,0.13941711300807724,0.5806783147975573,3.129565067918548
190,0.9516460905349794,0.13848524286177913,0.5775950671099931,3.137702618448977
191,0.9452160493827161,0.15316544439444327,0.5806783147975573,3.1283857680298195
192,0.9503600823045267,0.14321210488309094,0.5775950671099931,3.118571098392326
193,0.9567901234567902,0.13529060232173268,0.5796505655683692,3.1325728616391033
194,0.9524176954732511,0.13988460123600294,0.5786228163391811,3.1430252353064447
195,0.95190329218107,0.1429945721363825,0.5745118194224288,3.181270574616749
196,0.9405864197530864,0.14797112296638174,0.5724563209640526,3.184394722729768
197,0.9472736625514403,0.14236435349340792,0.5786228163391811,3.1803556564287927
198,0.9498456790123457,0.14557807294674863,0.5796505656296278,3.2283958798199737
199,0.9516460905349794,0.14463838928766212,0.5806783148588159,3.2290202120715277
200,0.9475308641975309,0.14186909662965885,0.5796505655683692,3.2411302853708768
201,0.9513888888888888,0.143336311013365,0.5837615625463801,3.2589554242705514
202,0.9534465020576132,0.14168858430022566,0.5889003086923206,3.2434275620765334
203,0.9513888888888888,0.14244931148280823,0.5858170610047563,3.2689854687066386
204,0.9462448559670782,0.14859000188700947,0.5847893117755683,3.2950049909511305
205,0.9490740740740741,0.14751468939177784,0.5878725594631324,3.302716869979576
206,0.9493312757201646,0.14786506251052575,0.5868448102339444,3.2816622982534818
207,0.9498456790123457,0.14950514222981998,0.5786228160635173,3.2672610055015854
208,0.9498456790123457,0.14238510949253547,0.5827338133171921,3.2547527731751367
209,0.9534465020576132,0.14090723066050329,0.5734840702544993,3.256885868672354
210,0.9498456790123457,0.14403242789546158,0.5796505655683692,3.2607842459585537
211,0.9534465020576132,0.14225607944859398,0.5796505656296278,3.273861418525092
212,0.9511316872427984,0.1393840259301319,0.5786228164004398,3.2690800525179133
213,0.9537037037037037,0.14001326281347393,0.5806783148588159,3.281492511880606
214,0.9565329218106996,0.13569180601479586,0.5796505655683692,3.261345230173109
215,0.9477880658436214,0.1475780698558921,0.5775950671099931,3.272490419562282
216,0.9511316872427984,0.14238003123199008,0.5786228163391811,3.273902846509849
217,0.9495884773662552,0.14114567803012001,0.5786228164004398,3.2568900403849024
218,0.9477880658436214,0.14642448241941233,0.5704008225056765,3.2554265837752685
219,0.9498456790123457,0.13978375048365121,0.5806783147975573,3.219245120653268
220,0.9513888888888888,0.14009886152214474,0.5919835563186261,3.2293217096397346
221,0.9503600823045267,0.14087042292204413,0.581706064088004,3.247671364267708
222,0.9498456790123457,0.14169358900545065,0.5806783148588159,3.258773460172553
223,0.9529320987654321,0.14208995406765015,0.569373073337747,3.274067191156307
224,0.9539609053497943,0.1409705896313789,0.5704008225669351,3.317214179014498
225,0.9511316872427984,0.14070467561973957,0.5652620763597361,3.350319761901573
226,0.948045267489712,0.14785593993379256,0.5734840701932408,3.359374156836248
227,0.9488168724279835,0.14847554836744142,0.5683453240473003,3.371767141591118
228,0.9483024691358025,0.14516446733303032,0.5632065779626185,3.3882745414941677
229,0.9534465020576132,0.13593143525192278,0.5601233302750543,3.385769295422906
230,0.9557613168724279,0.13816220120147424,0.5601233302750543,3.391373188375569
231,0.9513888888888888,0.1410395644390534,0.5632065779626185,3.3732809586735693
232,0.9534465020576132,0.13896450489268872,0.55704008258749,3.394637027722836
233,0.9544753086419753,0.14013581624860136,0.5704008225669351,3.4028785659989986
234,0.9508744855967078,0.1407445257705916,0.5704008225669351,3.411034351752694
235,0.9498456790123457,0.14540031515521767,0.5652620764209947,3.4199600800458354
236,0.9537037037037037,0.14028616482583584,0.5611510795042424,3.424783560379436
237,0.9539609053497943,0.14099495661724742,0.5590955810458662,3.431176423046351
238,0.9526748971193416,0.14117274083840994,0.5632065779626185,3.4488084201087443
239,0.9493312757201646,0.14136614359210056,0.5673175748793708,3.4468522946611584
240,0.9573045267489712,0.13758122123808528,0.5724563210253113,3.4394209583396167
241,0.9506172839506173,0.14282556770392407,0.5714285714592008,3.416981756380871
242,0.9503600823045267,0.14646471604520891,0.5662898253132603,3.399287967250624
243,0.9537037037037037,0.14166606686733388,0.5714285717348646,3.400914601652375
244,0.9470164609053497,0.14914174957407844,0.5755395686516169,3.3938406567411823
245,0.9506172839506173,0.1422549121603063,0.5765673179420636,3.398968796568319
246,0.9547325102880658,0.14241080415346985,0.5734840699175769,3.4002296358561344
247,0.9570473251028807,0.13425608491333424,0.5796505656296278,3.4030158789282834
248,0.9539609053497943,0.14696642075791772,0.5755395687128755,3.4011176742483142
249,0.9531893004115226,0.14486164375833033,0.5765673179420636,3.4244391937785132
