epoch,acc,loss,val_acc,val_loss
0,0.5529835390946503,0.709244504386996,0.5621788287334305,0.7044273962832428
1,0.6327160493827161,0.6643082330256332,0.56320657790136,0.702225909877534
2,0.6738683127572016,0.6279030091478011,0.5724563210253113,0.702346027142465
3,0.7026748971193416,0.5918067445970857,0.5806783148588159,0.7012379008966507
4,0.7299382716049383,0.5585711019519916,0.5704008225669351,0.7022859931359678
5,0.7448559670781894,0.5263056840916229,0.564234327130548,0.7076434306226066
6,0.7546296296296297,0.499304931472849,0.5529290856094792,0.711580942064248
7,0.7584876543209876,0.4750642164499181,0.572456320902794,0.7151644833898986
8,0.7767489711934157,0.4515842411498474,0.5693730732764885,0.7244376629621617
9,0.805298353909465,0.4234718757647055,0.5673175748793708,0.7293631577785802
10,0.8251028806584362,0.4032588854984001,0.5673175748793708,0.7357546832921694
11,0.8186728395061729,0.3959717673284036,0.5765673179420636,0.7409361908394165
12,0.8441358024691358,0.37302391237192195,0.5704008225056765,0.7507502038456798
13,0.86059670781893,0.3462900298613089,0.5673175748181123,0.76194268336399
14,0.8582818930041153,0.34785849714475403,0.5590955809846077,0.775771069808462
15,0.871656378600823,0.3249041753296008,0.5580678317554195,0.7882332010969963
16,0.8665123456790124,0.321365674214108,0.5652620763597361,0.7993333503864284
17,0.8798868312757202,0.29992490847414904,0.5611510794429838,0.8167016289952113
18,0.8729423868312757,0.30293370556438903,0.5693730732764885,0.834921915570364
19,0.8641975308641975,0.29177736218083544,0.5755395686516169,0.8480807139719133
20,0.8747427983539094,0.28106731924500483,0.564234327130548,0.8626150903574364
21,0.8876028806584362,0.26509792397542253,0.5673175748181123,0.8806591503176635
22,0.8798868312757202,0.26284597832479595,0.5611510794429838,0.8962459178279629
23,0.878343621399177,0.2589184931889483,0.5611510795042424,0.9143604089765363
24,0.8852880658436214,0.2531967206011093,0.5601233302750543,0.9373652958918941
25,0.885545267489712,0.24272053403618896,0.5673175748181123,0.9488634094672482
26,0.886059670781893,0.24178369061201196,0.5508735868754392,0.9712510350306747
27,0.8886316872427984,0.2463319026884228,0.5601233302750543,0.9923564588913325
28,0.9135802469135802,0.23752621165764184,0.5498458379831735,1.0149116604325705
29,0.9158950617283951,0.2282991828128634,0.5529290856707378,1.0383345171701994
30,0.9117798353909465,0.23508695068428057,0.5570400825262315,1.059414581674221
31,0.915380658436214,0.22608434841220762,0.5621788286721718,1.0807033935284198
32,0.9277263374485597,0.21938075444090022,0.5601233301525371,1.0997722140319055
33,0.9246399176954733,0.21872546716972632,0.5590955809846077,1.126991069941702
34,0.9205246913580247,0.2185207339225973,0.5436793426080451,1.1449360546080696
35,0.9202674897119342,0.2165172179785285,0.5323741010257176,1.1724373616760584
36,0.9246399176954733,0.2128553378851816,0.5405960949204809,1.1949747349963526
37,0.918724279835391,0.2146395615344185,0.5457348410051626,1.214798931227681
38,0.9176954732510288,0.21333318467370768,0.5488180886927269,1.2306994986313589
39,0.9228395061728395,0.21017696858678825,0.5477903392491336,1.2545413799423109
40,0.9279835390946503,0.20020461260291283,0.5477903395247974,1.2796980800511046
41,0.9241255144032922,0.1994559458867022,0.5498458379831735,1.2910175948324332
42,0.9174382716049383,0.20631982533284177,0.5580678318166782,1.3176389587133785
43,0.9225823045267489,0.1993334983847269,0.5549845837921915,1.332963451207113
44,0.9277263374485597,0.1952058223110658,0.5580678318166782,1.3556489367401734
45,0.9261831275720165,0.19570401911872895,0.5529290856707378,1.373573817182543
46,0.9256687242798354,0.19480151066809526,0.5447070915003107,1.402627066252533
47,0.9248971193415638,0.1989300980734727,0.5457348410664212,1.4260142408196508
48,0.9225823045267489,0.19574836791788108,0.5601233302750543,1.432983934205458
49,0.9315843621399177,0.18590899731641936,0.5590955807089438,1.4432768526449722
50,0.9266975308641975,0.19261806927345418,0.5590955809846077,1.455516258957207
51,0.9246399176954733,0.19328143542686116,0.5611510794429838,1.472291617452302
52,0.9277263374485597,0.1900339381071766,0.5632065779626185,1.4980332875913362
53,0.9313271604938271,0.18417502381674056,0.5590955810458662,1.5304603651395683
54,0.9375,0.17605741705300876,0.5580678318166782,1.561501235535554
55,0.9320987654320988,0.18083979158735078,0.554984584129114,1.5784581932722603
56,0.9272119341563786,0.1815768682049135,0.5529290856094792,1.5930856384206773
57,0.941358024691358,0.16843565884563658,0.5580678318166782,1.6191577992238342
58,0.9380144032921811,0.17665199365144896,0.554984584129114,1.641562374008155
59,0.9323559670781894,0.17317332382555362,0.5519013364415497,1.6609015437828918
60,0.9320987654320988,0.1768102799178151,0.5590955810458662,1.6860833217036688
61,0.9411008230452675,0.1676686563732202,0.5621788284577667,1.6989674999437008
62,0.9338991769547325,0.1725301230211317,0.566289825374519,1.7214700370751328
63,0.9405864197530864,0.1655427926361806,0.5673175748793708,1.727988508107851
64,0.9367283950617284,0.1702861068425355,0.5714285717961232,1.7629215928045354
65,0.9377572016460906,0.1668239433333707,0.5662898255889242,1.7816490725157563
66,0.9429012345679012,0.16405290878787943,0.564234327130548,1.8073431798635013
67,0.9385288065843621,0.1691207639842367,0.5560123332970434,1.8364877274445615
68,0.9459876543209876,0.1616581580889078,0.559095580923349,1.8583207315433186
69,0.9416152263374485,0.16710628262517874,0.556012333358302,1.8773868295908709
70,0.9434156378600823,0.1612497673910341,0.5580678317554195,1.9052035736278052
71,0.940843621399177,0.1659760673227624,0.5601233302750543,1.9246548009923403
72,0.9367283950617284,0.17083666176217083,0.5508735872123617,1.9406663907150081
73,0.9441872427983539,0.160052873316861,0.5529290856707378,1.9470600165419074
74,0.9454732510288066,0.1612452640209669,0.5436793422711226,1.9602251916603097
75,0.9493312757201646,0.15365933292687184,0.5508735872123617,1.9885446774138698
76,0.944701646090535,0.16283210854471467,0.5529290856707378,2.0027707685302
77,0.9436728395061729,0.1619476006968031,0.5549845840678553,2.0309114851907495
78,0.9454732510288066,0.15748676613218499,0.551901336380291,2.0526156698689553
79,0.9423868312757202,0.16176837535552036,0.550873587151103,2.060051528057361
80,0.9405864197530864,0.16101506125534512,0.5498458379219149,2.0839847589690788
81,0.9416152263374485,0.16211702916847825,0.5447070917759745,2.0968200866389495
82,0.9511316872427984,0.15308998712173705,0.5539568348386672,2.1081114682729787
83,0.9387860082304527,0.1639949552132269,0.551901336380291,2.111394175522619
84,0.9423868312757202,0.16182668439645337,0.5467625902343507,2.146558359862599
85,0.9524176954732511,0.14803381389919132,0.5529290856094792,2.1561059605058395
86,0.9462448559670782,0.1565890166249295,0.5590955809846077,2.1799600990556125
87,0.9470164609053497,0.15296254021885955,0.5549845840678553,2.1873754119579005
88,0.9457304526748971,0.15501185380872876,0.5570400825262315,2.2063556827474597
89,0.9493312757201646,0.15227076782243243,0.5529290856094792,2.203989156838679
90,0.9524176954732511,0.14742007827071987,0.5590955809846077,2.214808258711373
91,0.9501028806584362,0.14668215838847337,0.5611510794429838,2.2553845890256876
92,0.948045267489712,0.151455603662587,0.5519013364415497,2.2798985141154304
93,0.9467592592592593,0.15213076282798507,0.5611510795042424,2.2854300753308223
94,0.9444444444444444,0.1548988834146119,0.5714285717348646,2.2981504511857693
95,0.9524176954732511,0.15032551106479433,0.5621788287334305,2.312957270784956
96,0.9436728395061729,0.15527964159539698,0.564234327130548,2.327938893593595
97,0.9506172839506173,0.14568406821768962,0.5683453240473003,2.3408122413082455
98,0.9511316872427984,0.14757391126680766,0.564234327130548,2.3704411314545775
99,0.9439300411522634,0.15643203040822543,0.5632065779626185,2.4080884120937243
100,0.9516460905349794,0.1481867066504043,0.5539568348999259,2.4218552112579346
101,0.9508744855967078,0.14798467121865033,0.5498458379831735,2.4345339912794843
102,0.9452160493827161,0.15382669090366166,0.5508735872123617,2.4508534846300947
103,0.9483024691358025,0.15140891280561808,0.5539568348999259,2.4509800728889064
104,0.9521604938271605,0.1504496973728447,0.5519013364415497,2.4807525264273447
105,0.9501028806584362,0.1485047676435714,0.5488180887539855,2.4924620404640425
106,0.9552469135802469,0.14405185692472222,0.5467625902956094,2.5121327424220903
107,0.9516460905349794,0.14535610307268645,0.5426515930419346,2.5268347508370694
108,0.9511316872427984,0.1443348377943039,0.5385405961864409,2.5516725502915887
109,0.9511316872427984,0.1467704143482471,0.5447070918372332,2.5608959550847743
110,0.9508744855967078,0.14437797374318165,0.5529290856707378,2.5810150431214476
111,0.9555041152263375,0.1428047087457445,0.5498458377075097,2.5752666290592927
112,0.9516460905349794,0.14877924111522275,0.56115107916732,2.5808635799392277
113,0.9506172839506173,0.15236353978453349,0.5590955807702024,2.6055548825709938
114,0.9542181069958847,0.1429386254813936,0.5580678314797557,2.6103212997577665
115,0.948559670781893,0.15034055191670917,0.5590955807089438,2.631073046563708
116,0.9470164609053497,0.151097558776047,0.5590955807089438,2.6614273616245816
117,0.9544753086419753,0.14251835820544895,0.5549845837921915,2.688103971108871
118,0.9511316872427984,0.14655904517865476,0.5508735868754392,2.7132055783933384
119,0.956275720164609,0.13892291569047505,0.5467625899586869,2.7197893268647935
120,0.9483024691358025,0.1494429034522041,0.5467625902956094,2.7470894658675786
121,0.9498456790123457,0.14655744186276762,0.5498458379831735,2.7515069588115257
122,0.9490740740740741,0.15147876653651643,0.5436793426080451,2.7733874573369435
123,0.9557613168724279,0.14030422285628416,0.5436793426080451,2.7913562153740754
124,0.9513888888888888,0.14697276512659135,0.5539568348999259,2.7910925761278707
125,0.9526748971193416,0.1397589152149948,0.5498458379831735,2.8166589347333604
126,0.9549897119341564,0.13845682466103706,0.5467625900199455,2.8085567804181686
127,0.9470164609053497,0.1506857374997296,0.5570400823118262,2.8009836416450336
128,0.9565329218106996,0.13991392054307608,0.553956834624262,2.8195747905252895
129,0.9557613168724279,0.14131893993282515,0.5477903392491336,2.8254976995434813
130,0.9544753086419753,0.14125914500696668,0.5498458377075097,2.8550432585983825
131,0.9537037037037037,0.14234935851008804,0.5488180887539855,2.846533343823816
132,0.9557613168724279,0.1422162430951134,0.5529290856707378,2.867690443625063
133,0.9606481481481481,0.1343877304483343,0.5508735868754392,2.88463554401927
134,0.9603909465020576,0.13855568236774868,0.5508735868754392,2.895565885434048
135,0.956275720164609,0.13722443269420062,0.55704008258749,2.889835179035857
136,0.95190329218107,0.14796020847902377,0.5519013364415497,2.8941524533549168
137,0.9547325102880658,0.14355425389460574,0.5560123330213795,2.912829468453653
138,0.9575617283950617,0.13921274355164281,0.5580678318166782,2.924674224510467
139,0.9606481481481481,0.13378265294641134,0.5580678318166782,2.959578019619478
140,0.9593621399176955,0.1368276970499337,0.5549845837921915,2.9669514716835454
141,0.95190329218107,0.14498580829719457,0.556012333358302,2.9648717172589354
142,0.9457304526748971,0.15208635601855108,0.5529290853338154,2.965661791588763
143,0.9552469135802469,0.14161171123324107,0.5447070915003107,2.9872793965079922
144,0.959619341563786,0.1334802479533011,0.5436793422711226,2.997387128155621
145,0.9547325102880658,0.14268276601293942,0.5477903391878749,3.002999458871667
146,0.9624485596707819,0.13113153716664255,0.5529290853338154,3.014790266170286
147,0.9585905349794238,0.13474389524371536,0.5447070915003107,3.027953859713438
148,0.9537037037037037,0.1425334936000192,0.5457348407294987,3.0455964400613906
149,0.9603909465020576,0.13401647145120205,0.5508735868754392,3.0612252265796878
150,0.9531893004115226,0.13877255435833716,0.5488180887539855,3.0692579533066313
151,0.9521604938271605,0.1425610579427623,0.5519013364415497,3.075026143859126
152,0.9591049382716049,0.13207136969936728,0.5580678318166782,3.0871197672566555
153,0.9534465020576132,0.14034611244260528,0.556012333358302,3.0854994934607385
154,0.9573045267489712,0.13534544205959934,0.554984584129114,3.103659233846008
155,0.9526748971193416,0.1433768721887604,0.5467625899586869,3.119207631892315
156,0.9539609053497943,0.14137261734945783,0.548818088417063,3.118379368443896
157,0.9549897119341564,0.14083779459136994,0.5560123330213795,3.118362686004325
158,0.956275720164609,0.13831855439477497,0.548818088417063,3.1232049254449765
159,0.9588477366255144,0.13457529499758908,0.5498458376462511,3.1326841440622264
160,0.9539609053497943,0.1415730013278286,0.5498458376462511,3.1351298996747947
161,0.9573045267489712,0.13557703317806064,0.5529290853338154,3.1237311814083717
162,0.9573045267489712,0.13645909898320344,0.562178828396508,3.1329159663122947
163,0.9609053497942387,0.13330333713641382,0.5642343268548842,3.1427306114463374
164,0.9591049382716049,0.13488974209123678,0.56115107916732,3.134254442089508
165,0.9593621399176955,0.1364839353863104,0.5590955807089438,3.137957589844393
166,0.9560185185185185,0.13877012390536045,0.5601233299381319,3.145898181634964
167,0.9555041152263375,0.13722989836960664,0.5601233299381319,3.1424226466822844
168,0.9557613168724279,0.14222138362779538,0.5632065776256961,3.1299786474574876
169,0.9549897119341564,0.1397707707597395,0.5560123330213795,3.1430078858829353
170,0.9560185185185185,0.13770925977225165,0.5580678314797557,3.149738147594456
171,0.9524176954732511,0.14313309863516332,0.5560123330213795,3.1595626507119063
172,0.9573045267489712,0.1372615050815751,0.5477903395247974,3.1765329570711454
173,0.9609053497942387,0.1304801019069589,0.5498458379831735,3.195671857077196
174,0.9642489711934157,0.1276981651844311,0.5467625899586869,3.213202697277559
175,0.9585905349794238,0.13417673531015223,0.548818088417063,3.22790247538842
176,0.9578189300411523,0.13265337703036673,0.5529290856707378,3.2031576182589867
177,0.963477366255144,0.12520588097381002,0.5508735868754392,3.223789576023725
178,0.956275720164609,0.13582045649304803,0.5611510795042424,3.228812046433279
179,0.9521604938271605,0.1430714753736194,0.5611510795042424,3.2192163322836866
180,0.9555041152263375,0.14068174460297259,0.5611510795042424,3.198870974478962
181,0.9593621399176955,0.13272636763966134,0.5560123330213795,3.2064951387485765
182,0.9583333333333334,0.1341851046423853,0.5508735872123617,3.2369850745304025
183,0.9591049382716049,0.13453372101847527,0.5488180886927269,3.2638743217777986
184,0.9529320987654321,0.1445984161868998,0.5488180886927269,3.2781322565990263
185,0.9578189300411523,0.14044322628420566,0.5436793426080451,3.2630282626980254
186,0.9619341563786008,0.13006943056490194,0.542651593378857,3.2615234947400618
187,0.9578189300411523,0.13695605181985432,0.5395683456912928,3.2738733401891507
188,0.9645061728395061,0.1280910589199498,0.5405960949204809,3.278203982120918
189,0.9611625514403292,0.13057592820851402,0.5405960949204809,3.2784513567113924
190,0.9570473251028807,0.13663048156127028,0.542651593378857,3.304375542888661
191,0.9575617283950617,0.1389931657432038,0.5447070918372332,3.3011885997815344
192,0.9575617283950617,0.13163067184296656,0.5477903395247974,3.302274741714807
193,0.9619341563786008,0.1308485128200103,0.5508735872123617,3.28584433704584
194,0.9578189300411523,0.1347851132353147,0.5447070918372332,3.3054728870646684
195,0.9573045267489712,0.13895032389296424,0.5508735872123617,3.308371601712422
196,0.9567901234567902,0.14251656931491546,0.5477903394635387,3.3132344546813024
197,0.9552469135802469,0.1397263592591992,0.5529290856707378,3.3040445625230683
198,0.9606481481481481,0.13292287421937832,0.5539568348999259,3.323931843746848
199,0.9652777777777778,0.12879609981927362,0.554984584129114,3.3152825415808276
200,0.9650205761316872,0.1258262379608527,0.5529290856707378,3.3375832010271127
201,0.9585905349794238,0.13316951238324123,0.5508735868754392,3.3871599704119064
202,0.9567901234567902,0.13768676325004287,0.5477903395247974,3.379082605748113
203,0.9565329218106996,0.14055975658412823,0.5519013364415497,3.367144201666821
204,0.9567901234567902,0.13691947924992676,0.5498458379831735,3.381575946572628
205,0.9575617283950617,0.13495499165460406,0.5488180887539855,3.3675358900675914
206,0.9603909465020576,0.13267543954859054,0.5519013364415497,3.3560701377100224
207,0.9624485596707819,0.1307645160474895,0.5436793426080451,3.3778186165416595
208,0.9645061728395061,0.13317268553339404,0.5426515930419346,3.4008369859909107
209,0.9614197530864198,0.13545206121701764,0.5364850980037286,3.4029519175699043
210,0.9578189300411523,0.1361118063882545,0.5436793422711226,3.3959187532622916
211,0.9567901234567902,0.1398670748795992,0.5426515933175984,3.40163915546923
212,0.9573045267489712,0.13810526358860511,0.5436793424855279,3.3991180600757342
213,0.960133744855967,0.13580533166113215,0.542651593378857,3.400496761943429
214,0.9665637860082305,0.12969370422417245,0.5436793426080451,3.39604814373577
215,0.9652777777777778,0.1273776810662246,0.5467625902956094,3.4224946442512914
216,0.9627057613168725,0.1342870881589352,0.5498458378606563,3.40302330543424
217,0.9565329218106996,0.14321679370516122,0.5457348410051626,3.3937989489270137
218,0.9565329218106996,0.14016947144098243,0.5457348410051626,3.396386699833336
219,0.9598765432098766,0.1346492746178015,0.551901336380291,3.4023024401218773
220,0.9570473251028807,0.13855497931501992,0.5457348410051626,3.41082396193619
221,0.9639917695473251,0.13028984388083586,0.550873587151103,3.4000931190439756
222,0.9585905349794238,0.13437220202797234,0.550873587151103,3.422897328085669
223,0.9598765432098766,0.1326703323748867,0.5498458379219149,3.4222651691868027
224,0.9578189300411523,0.13715742126781755,0.5477903394635387,3.439589840535147
225,0.9650205761316872,0.12776275478885987,0.5529290853338154,3.4217589568013644
226,0.9557613168724279,0.13913049429287144,0.5662898256501828,3.423222886327604
227,0.9616769547325102,0.1323788470814748,0.5662898253132603,3.431393346708088
228,0.9652777777777778,0.1281794707900212,0.5662898253132603,3.425105687158081
229,0.9611625514403292,0.13451432872088356,0.5632065779626185,3.4259142329244425
230,0.9609053497942387,0.13520500790557743,0.55704008258749,3.4860116376906234
231,0.9591049382716049,0.13430856554596513,0.5642343271918067,3.4895944877126603
232,0.9629629629629629,0.12856455699161248,0.568345324108559,3.474465852896209
233,0.9652777777777778,0.12868888289840133,0.5652620764209947,3.4724793203810624
234,0.9575617283950617,0.14051353830246277,0.5508735868754392,3.492874370694528
235,0.9591049382716049,0.1372440257435473,0.5590955807702024,3.5175293797946785
236,0.9629629629629629,0.13546495470735762,0.5580678318166782,3.5271404941182465
237,0.9663065843621399,0.1278782967370724,0.55704008258749,3.5259258222726975
238,0.9575617283950617,0.1398431635749193,0.556012333358302,3.558573765720395
239,0.9588477366255144,0.1342189908027649,0.5488180886927269,3.56540181016873
240,0.9650205761316872,0.12879670558520306,0.551901336380291,3.5690182678991085
241,0.9639917695473251,0.13086997254640478,0.554984584129114,3.5669038082565825
242,0.9603909465020576,0.13540200098061267,0.5590955810458662,3.568722155209313
243,0.9645061728395061,0.12799870964798907,0.5488180887539855,3.5785742987096616
244,0.9637345679012346,0.13184715261675203,0.5529290856094792,3.584867317164422
245,0.9624485596707819,0.12939669096788753,0.5529290856094792,3.587943820277074
246,0.9681069958847737,0.12594545212547475,0.5498458379219149,3.6065806016892594
247,0.959619341563786,0.13334382227296201,0.5549845837921915,3.606947496273045
248,0.9570473251028807,0.1367966222113052,0.55704008258749,3.6394027504622017
249,0.9629629629629629,0.13199377323619624,0.55704008258749,3.617043109248868
