epoch,acc,loss,val_acc,val_loss
0,0.5465534979423868,0.7069673015747542,0.5385405964008461,0.7051616404799004
1,0.650977366255144,0.6442565876270028,0.5477903394635387,0.7047298521814219
2,0.6972736625514403,0.5945904882847036,0.540596094736705,0.7065083440259207
3,0.7340534979423868,0.5446201565334335,0.5436793424855279,0.7098297536801949
4,0.7474279835390947,0.5088272496996593,0.5467625902343507,0.7157858578298711
5,0.760545267489712,0.4720063173967134,0.5457348410664212,0.7205040138769983
6,0.779320987654321,0.43812453280751107,0.5395683456300342,0.729054954595948
7,0.789866255144033,0.41633048972475184,0.5395683456300342,0.7416090379638515
8,0.8047839506172839,0.3858132133022748,0.5375128471103994,0.7514938661887981
9,0.8215020576131687,0.36071488353205317,0.537512847171658,0.7637042590672531
10,0.8297325102880658,0.34500835535457597,0.5436793425467864,0.775509512069169
11,0.841820987654321,0.3288254448415811,0.5405960948592222,0.7917843487990478
12,0.8647119341563786,0.3145221877735829,0.5488180886927269,0.8000092130893304
13,0.863940329218107,0.30841797062889537,0.5457348410664212,0.8117889447667983
14,0.8729423868312757,0.2950501170913869,0.5488180886927269,0.8242564767997287
15,0.8724279835390947,0.2843695439919523,0.5375128472329166,0.8489386620036377
16,0.882201646090535,0.27746464115847286,0.5416238441496689,0.8681781573751357
17,0.8675411522633745,0.2714128507140242,0.535457348437618,0.8838217075290072
18,0.8811728395061729,0.2594413407790808,0.5395683453543704,0.9049352174672659
19,0.8845164609053497,0.2540495488256093,0.5323741007500538,0.9226439612987475
20,0.8912037037037037,0.25089480283329024,0.535457348437618,0.9382883859807883
21,0.8924897119341564,0.24517165173473673,0.5405960945835584,0.9574810881531374
22,0.8819444444444444,0.24242634862784004,0.5344295992084299,0.980643911572424
23,0.8932613168724279,0.23099808768970975,0.5323741007500538,1.0004017000208165
24,0.8883744855967078,0.23200345594328617,0.5282631038333014,1.017733122927557
25,0.8927469135802469,0.22796262770032685,0.5323741008113124,1.0346959116280017
26,0.8829732510288066,0.232198651067514,0.5251798561457373,1.0581619242112414
27,0.8870884773662552,0.23253751402038605,0.5405960945835584,1.0716305049815869
28,0.8958333333333334,0.22323202553354662,0.5344295992084299,1.0991091559136636
29,0.8981481481481481,0.21711126963297525,0.5323741008113124,1.113669231641207
30,0.8978909465020576,0.21374547358893564,0.5519013361046272,1.1280932780527504
31,0.9030349794238683,0.21192479863333605,0.5477903392491336,1.1463050679337206
32,0.9020061728395061,0.2050868973687843,0.5385405961251822,1.168811174789166
33,0.8991769547325102,0.21101991586969712,0.5477903395247974,1.1841405701171703
34,0.9071502057613169,0.20570575418295683,0.5436793425467864,1.203802907577154
35,0.9002057613168725,0.20784066359937928,0.5385405964008461,1.2352917370791303
36,0.8986625514403292,0.2081410619334429,0.5323741010869762,1.2773698031718537
37,0.9040637860082305,0.19912438088483772,0.5313463515208657,1.295591601242387
38,0.9066358024691358,0.20501748512311238,0.5334018503161643,1.3102870934546178
39,0.9004629629629629,0.2069761396803483,0.5364850976668061,1.3124819894733801
40,0.9025205761316872,0.19983110678048782,0.5436793423323812,1.3381120247071474
41,0.9053497942386831,0.1995740237304703,0.5488180887539855,1.3665534713652985
42,0.911522633744856,0.19169277952286443,0.5395683456912928,1.384846199330666
43,0.9068930041152263,0.19328381955133053,0.5416238438127465,1.4187178724471246
44,0.9071502057613169,0.196662435315764,0.5436793422711226,1.4377659670740581
45,0.9120370370370371,0.18954658336600158,0.5395683453543704,1.4556209015576715
46,0.9104938271604939,0.19377276307516136,0.5313463515208657,1.5062142181739533
47,0.911522633744856,0.18744759862560303,0.5231243576873611,1.5242117840609104
48,0.9117798353909465,0.18481838016353028,0.5251798561457373,1.5402457268118002
49,0.9205246913580247,0.17760898648098172,0.5323741007500538,1.5520801357963225
50,0.9058641975308642,0.19816374003028672,0.5272353546041134,1.58191630872156
51,0.9092078189300411,0.18643789968372862,0.5282631041702239,1.6260521562591976
52,0.914866255144033,0.18256421111248158,0.5241521069778078,1.6457186550177627
53,0.9122942386831275,0.18472663831318356,0.526207605436184,1.6755284602693516
54,0.9189814814814815,0.17926743976127954,0.5344295992696886,1.6827860461722175
55,0.9156378600823045,0.18357153028372383,0.5426515931031932,1.6913489282192453
56,0.9182098765432098,0.18318602142265303,0.5385405961864409,1.706458193425162
57,0.9200102880658436,0.1797502727052312,0.5375128469572528,1.734716335524023
58,0.907664609053498,0.18113616801829005,0.5364850977280647,1.7545253662019202
59,0.9176954732510288,0.1765051099008003,0.5313463515821243,1.7759707201911636
60,0.915380658436214,0.18146110641858215,0.5467625900199455,1.8062960550204332
61,0.9084362139917695,0.18926232170175622,0.5303186023529363,1.8308983439654265
62,0.9164094650205762,0.18263277718069132,0.5467625899586869,1.8483894893101283
63,0.9200102880658436,0.17643257583119742,0.5416238438127465,1.8745087219779317
64,0.9215534979423868,0.1798005733838297,0.5385405961864409,1.8777802622698072
65,0.9197530864197531,0.17833614662105654,0.5385405961864409,1.8723565233452102
66,0.9092078189300411,0.18201531521945333,0.5457348407907574,1.8956261315791727
67,0.9251543209876543,0.1716377696198691,0.5416238438740051,1.9060804037739048
68,0.9220679012345679,0.16917706222691162,0.5447070915003107,1.9145823554169359
69,0.9171810699588477,0.17710469264552425,0.5477903391878749,1.9472256946661735
70,0.9210390946502057,0.16821620969002138,0.553956834624262,1.9603801810116586
71,0.9189814814814815,0.17384180540042649,0.5447070915615694,1.9834943300405974
72,0.9197530864197531,0.17050797421745803,0.5405960946448171,2.002611046827342
73,0.9182098765432098,0.1692458899546062,0.5447070915615694,2.022612054938525
74,0.9176954732510288,0.17626251556255199,0.5436793423323812,2.039023615963535
75,0.9171810699588477,0.1681859747740467,0.5498458376462511,2.0574979983032793
76,0.9179526748971193,0.16852890310709367,0.5519013361046272,2.0747824114616216
77,0.9182098765432098,0.16611545781294504,0.5539568345630034,2.0748181752286246
78,0.9205246913580247,0.17093449435484262,0.5508735868754392,2.09516474007335
79,0.9246399176954733,0.17095853277930506,0.5436793422711226,2.0985916163178904
80,0.933641975308642,0.1676835787517053,0.5498458377075097,2.1434659556029145
81,0.9246399176954733,0.16972291543159956,0.5375128469572528,2.167114730239037
82,0.9326131687242798,0.16816947744093805,0.5344295992696886,2.1765738685231537
83,0.9323559670781894,0.16735639726674115,0.5323741008113124,2.200827030091712
84,0.9272119341563786,0.17004387724546738,0.5457348407907574,2.2413291433732287
85,0.9326131687242798,0.16404954065020683,0.5354573484988766,2.2777924821898723
86,0.9254115226337448,0.17355615400360444,0.5385405961864409,2.2846159890891347
87,0.926954732510288,0.16879798205178462,0.5364850977280647,2.2813503967649766
88,0.9277263374485597,0.16713479713157373,0.5457348407907574,2.281921092922371
89,0.9248971193415638,0.17313875812929844,0.5375128469572528,2.293212949188248
90,0.9333847736625515,0.16477481763304017,0.5447070915615694,2.299407257205536
91,0.9228395061728395,0.17602104506620164,0.5498458377075097,2.3212185447532128
92,0.926440329218107,0.17282623954025317,0.5426515931031932,2.318733719858089
93,0.9305555555555556,0.16136345264229754,0.5405960946448171,2.356374969952888
94,0.9349279835390947,0.16258614807707783,0.5436793422711226,2.368360587283739
95,0.9344135802469136,0.16404234746724,0.554984584129114,2.37511953298014
96,0.9290123456790124,0.16650935897120722,0.5519013364415497,2.397210632296775
97,0.9318415637860082,0.1634795754963969,0.5508735872123617,2.4210175352988483
98,0.9233539094650206,0.17475378194463598,0.5416238438127465,2.4343514856552173
99,0.9338991769547325,0.16161577037148514,0.5477903391878749,2.4387176767037557
100,0.9310699588477366,0.1593012908481276,0.5416238438127465,2.467426499996989
101,0.9333847736625515,0.16213231064655162,0.5375128468959942,2.490923065320806
102,0.9272119341563786,0.16663568675395393,0.5560123330213795,2.507172025609972
103,0.9356995884773662,0.15450275753751214,0.5498458376462511,2.5316838735421663
104,0.9372427983539094,0.16023557538112987,0.5549845837921915,2.577237767281292
105,0.9290123456790124,0.1623325583988747,0.5519013361046272,2.5917920693831724
106,0.9305555555555556,0.16554238049336423,0.5416238438127465,2.6265358905262963
107,0.9385288065843621,0.15938333891056203,0.5405960945835584,2.6648550445227315
108,0.9310699588477366,0.16007869172488712,0.5447070915003107,2.6721782752935836
109,0.9351851851851852,0.15654135225609006,0.5364850976668061,2.686493542309533
110,0.9300411522633745,0.15925846935667617,0.5395683453543704,2.6826357718974445
111,0.9318415637860082,0.16518410831812477,0.5385405961251822,2.6819995373395584
112,0.9354423868312757,0.16228554854667726,0.5395683453543704,2.7049972601809213
113,0.9359567901234568,0.15855165761071469,0.5385405961251822,2.722347699113397
114,0.9356995884773662,0.1564073247428784,0.5364850976668061,2.747958401369289
115,0.9282407407407407,0.1608235213307687,0.548818088417063,2.7283827462152246
116,0.9243827160493827,0.16775510285371614,0.5457348407294987,2.733924283030589
117,0.9274691358024691,0.16413274677202044,0.548818088417063,2.7616246493967807
118,0.9290123456790124,0.16784640502782516,0.5416238438127465,2.7614383376514557
119,0.933641975308642,0.16209200481451097,0.5426515930419346,2.78413901985733
120,0.9362139917695473,0.15717665142851112,0.5395683453543704,2.804197774761627
121,0.9382716049382716,0.15514558007932985,0.5344295992084299,2.8223904504805404
122,0.9318415637860082,0.161285460485843,0.5426515930419346,2.8217333512340517
123,0.9328703703703703,0.15718583597077262,0.548818088417063,2.857687361071313
124,0.934156378600823,0.16176024088521063,0.5436793422711226,2.853593391602723
125,0.9300411522633745,0.15880430492844602,0.5405960945835584,2.8979139445619495
126,0.9246399176954733,0.16736834355219893,0.535457348437618,2.9088391458877925
127,0.9320987654320988,0.16033739286930962,0.5375128468959942,2.9066178913841756
128,0.9295267489711934,0.1593379550632626,0.535457348437618,2.928861372027343
129,0.9369855967078189,0.15602563060973407,0.5334018499792419,2.953388053368689
130,0.9377572016460906,0.14892901783740078,0.5385405961251822,2.937986961984193
131,0.9375,0.15239878271710236,0.5344295995453524,2.932787139026136
132,0.940843621399177,0.14810608103564737,0.5344295992084299,2.9509337994692135
133,0.9390432098765432,0.1531024634715461,0.5354573487745404,2.9315696982906143
134,0.9272119341563786,0.16278998516959908,0.529290853399412,2.928333414789339
135,0.9318415637860082,0.1531049318213031,0.5334018503161643,2.9495861831696404
136,0.9369855967078189,0.1525951795923857,0.537512847171658,2.950245186334279
137,0.9331275720164609,0.16330599784851074,0.5375128468959942,2.9468012605884706
138,0.9356995884773662,0.15621563270994665,0.5292908530624896,2.9374829588299054
139,0.9356995884773662,0.15155241856113874,0.5375128468959942,2.9483982989868918
140,0.9369855967078189,0.1525000373951692,0.5405960945835584,2.9663287282357604
141,0.9395576131687243,0.15435144973635184,0.535457348437618,2.9705174427483336
142,0.9328703703703703,0.15037481612506717,0.5375128468959942,2.9808246557661096
143,0.933641975308642,0.15578997558281746,0.5323741007500538,3.002771792651938
144,0.9369855967078189,0.15001316840756576,0.5508735872123617,2.9918983235021046
145,0.9395576131687243,0.15536061045809538,0.5426515930419346,2.9968172570294245
146,0.9326131687242798,0.15914145433976326,0.5457348407294987,2.997268766195409
147,0.9356995884773662,0.15360104344754552,0.5498458376462511,3.007581685086806
148,0.9369855967078189,0.15154201681476562,0.5457348407294987,3.0326141708311294
149,0.9331275720164609,0.15585008061226505,0.5447070915003107,3.051775332467529
150,0.9338991769547325,0.15283555102078514,0.5488180887539855,3.0532404339938344
151,0.9426440329218106,0.14899374323862571,0.5405960945835584,3.0630075262604857
152,0.9349279835390947,0.14802474663458734,0.5447070918372332,3.0666678493339012
153,0.9328703703703703,0.15800859221092467,0.5334018499792419,3.085805941951238
154,0.9354423868312757,0.152796249269458,0.5354573487745404,3.0796858666489575
155,0.9313271604938271,0.15637184210397578,0.5405960949204809,3.0745052002439275
156,0.9310699588477366,0.15849209644298984,0.5405960949204809,3.088305128074011
157,0.930298353909465,0.15937445628544922,0.537512847171658,3.133596570004172
158,0.9364711934156379,0.1549244385994511,0.5395683456912928,3.1458597641442076
159,0.941358024691358,0.14850269699538196,0.5344295995453524,3.1394299049416645
160,0.940843621399177,0.15405049254742179,0.5364850979424699,3.1301957357824155
161,0.9364711934156379,0.15398153080125895,0.5405960948592222,3.167819023377359
162,0.9367283950617284,0.14987350497471452,0.5436793425467864,3.182339713360276
163,0.9403292181069959,0.152829438141344,0.550873587151103,3.2044211198467636
164,0.9356995884773662,0.15177873411664256,0.5477903394635387,3.2368433994967547
165,0.9354423868312757,0.15132888093774702,0.5436793425467864,3.23287459855702
166,0.9356995884773662,0.15752973563877154,0.5477903394635387,3.2425004835609053
167,0.933641975308642,0.15124530949219755,0.5436793425467864,3.2610907980986514
168,0.9369855967078189,0.14973322620975626,0.5436793425467864,3.274031926279568
169,0.9380144032921811,0.14981838142491663,0.5436793425467864,3.275254987126632
170,0.9308127572016461,0.15359877138839337,0.5344295994840937,3.2725975035640955
171,0.9426440329218106,0.14544890327340781,0.5436793425467864,3.264513460729742
172,0.9369855967078189,0.147842345291695,0.5364850979424699,3.282822677067348
173,0.9395576131687243,0.15166075518469752,0.5385405964008461,3.277437080704786
174,0.9405864197530864,0.14560795026551548,0.5385405964008461,3.2869321876047572
175,0.9372427983539094,0.15594169528150756,0.5426515933175984,3.298484851743065
176,0.9346707818930041,0.1499240713906877,0.5416238440884104,3.3255656904943924
177,0.9367283950617284,0.1506229948421074,0.5436793425467864,3.3463380491133217
178,0.934156378600823,0.15067061309706528,0.537512847171658,3.3571476397264406
179,0.9393004115226338,0.14750608256079042,0.5344295995453524,3.3687771702106786
180,0.9393004115226338,0.14872425442001946,0.5323741010869762,3.37397911026691
181,0.9362139917695473,0.151012131767999,0.5344295995453524,3.381298718447553
182,0.9380144032921811,0.14737396954018392,0.5364850979424699,3.3770713075949503
183,0.9395576131687243,0.15034045389405004,0.537512847171658,3.362868511419502
184,0.9351851851851852,0.15174807102223972,0.5334018502549057,3.4083732882359534
185,0.9364711934156379,0.145724197688662,0.5313463517965296,3.414010443888367
186,0.9297839506172839,0.16263164556872697,0.5344295994840937,3.4475620309961053
187,0.9364711934156379,0.1488951517292011,0.537512847171658,3.4531239291991875
188,0.9382716049382716,0.1499687152083028,0.5354573487132819,3.4687323599655606
189,0.933641975308642,0.15004037805054904,0.542651593378857,3.476566617559921
190,0.9380144032921811,0.15011828362083238,0.5375128471103994,3.496915028739686
191,0.9372427983539094,0.15094065068312634,0.5282631040477067,3.5084784837077847
192,0.934156378600823,0.14734738031900468,0.5282631040477067,3.5333881887845613
193,0.9416152263374485,0.14487384112528812,0.533401850193647,3.551134059019961
194,0.9331275720164609,0.15836846546381098,0.5303186025673414,3.5525902971579386
195,0.9393004115226338,0.14900132805231667,0.537512847171658,3.535051455110587
196,0.9369855967078189,0.15196751928869098,0.5405960948592222,3.5123818089758627
197,0.9364711934156379,0.14976582170268635,0.5436793425467864,3.488242410069747
198,0.9405864197530864,0.1425368317973957,0.5477903395247974,3.482072758160049
199,0.9393004115226338,0.15061914479290997,0.5488180886927269,3.492972368571643
200,0.9369855967078189,0.15430447698375324,0.5498458379831735,3.507844096220042
201,0.9344135802469136,0.15233228367910465,0.5385405964008461,3.53441444477344
202,0.9377572016460906,0.14412463257096922,0.5436793425467864,3.5666763520314295
203,0.9398148148148148,0.15018636570791158,0.5354573487132819,3.532270651314511
204,0.9377572016460906,0.14870434386249431,0.5426515933175984,3.5552403674463817
205,0.9400720164609053,0.14799038118418353,0.5416238440884104,3.5701410508229334
206,0.9380144032921811,0.14853584303409476,0.537512847171658,3.5827548486723315
207,0.9403292181069959,0.149149861937933,0.5467625902343507,3.5872729542566595
208,0.9395576131687243,0.15069178034984526,0.5498458379219149,3.649895934137264
209,0.9369855967078189,0.15445354691258184,0.550873587151103,3.627887387682453
210,0.940843621399177,0.15111170356533654,0.5416238441496689,3.6333266466029013
211,0.9449588477366255,0.13969993100735387,0.5375128472329166,3.638755622895134
212,0.9369855967078189,0.14728915344908405,0.5375128472329166,3.66449448285588
213,0.9356995884773662,0.15085954090327391,0.5467625902956094,3.658874821197337
214,0.9385288065843621,0.14887779788593206,0.5508735872123617,3.6497074033594084
215,0.9387860082304527,0.14944895145333845,0.5529290856707378,3.662738850770972
216,0.9377572016460906,0.14689413258813536,0.5508735872123617,3.6684205566378805
217,0.9385288065843621,0.15064224220597694,0.5519013364415497,3.647872167648049
218,0.9356995884773662,0.15944131157157843,0.5436793426080451,3.627732656229927
219,0.9382716049382716,0.14972007513782123,0.5488180887539855,3.618030813713113
220,0.9380144032921811,0.15248956270669223,0.5457348410664212,3.622215610613926
221,0.9431584362139918,0.1475606709412096,0.5457348410664212,3.651450355153412
222,0.9429012345679012,0.14622470443692717,0.5447070918372332,3.6170163796592467
223,0.9405864197530864,0.14620991130915198,0.5364850980037286,3.6288590200880937
224,0.9380144032921811,0.14873659819241905,0.5436793426080451,3.598002933892292
225,0.9411008230452675,0.14401861773842156,0.542651593378857,3.610662938144445
226,0.9429012345679012,0.14681593948063046,0.5375128472329166,3.6101192384192533
227,0.9418724279835391,0.14812222880468448,0.5385405964621047,3.63002066891583
228,0.9346707818930041,0.15579300891960599,0.5323741010869762,3.638604300362723
229,0.9354423868312757,0.15079888922196846,0.5303186026286001,3.6179844955746217
230,0.9315843621399177,0.1550761050709481,0.5282631041702239,3.633977429349768
231,0.9369855967078189,0.1517176688208011,0.5416238441496689,3.6216774883642717
232,0.9395576131687243,0.1456791083385915,0.5447070918372332,3.6200249342119584
233,0.9351851851851852,0.15394020279861773,0.5405960949204809,3.6431801145147813
234,0.9403292181069959,0.15285420491371626,0.5385405964621047,3.643621502530293
235,0.9426440329218106,0.15228762425512934,0.5334018503161643,3.6719181535177827
236,0.9411008230452675,0.14393320146166247,0.5395683456912928,3.642143092444597
237,0.9300411522633745,0.15990282377465762,0.529290853399412,3.660002180630722
238,0.9411008230452675,0.15340616296470902,0.5344295992084299,3.6805162336696458
239,0.9382716049382716,0.1476393271498229,0.5385405961251822,3.671881163108018
240,0.9400720164609053,0.14724655265425457,0.542651593378857,3.6788142460100697
241,0.940843621399177,0.14770624023160817,0.5519013364415497,3.6939110062472746
242,0.9387860082304527,0.14806931174586338,0.5467625902956094,3.71933789488468
243,0.9369855967078189,0.1501669744834488,0.5395683456912928,3.7313187051284964
244,0.9462448559670782,0.14283945917347332,0.5344295995453524,3.761592494498054
245,0.934156378600823,0.15808502293417973,0.5272353546041134,3.786475263666151
246,0.9405864197530864,0.1489214397384306,0.5313463518577881,3.7915810227761657
247,0.9411008230452675,0.14944473105202977,0.529290853399412,3.7920930498305476
248,0.9398148148148148,0.14935898931060798,0.5323741010869762,3.8170308449285493
249,0.9369855967078189,0.14826269732949174,0.5416238441496689,3.836801597050258
