epoch,acc,loss,val_acc,val_loss
0,0.4868827160493827,0.7210607170568082,0.4850976363299194,0.7166507094639056
1,0.635545267489712,0.6889269862155365,0.5005138746452233,0.7145901796506585
2,0.7227366255144033,0.6560463763068243,0.5087358688156505,0.7129422388855992
3,0.7584876543209876,0.6253733904763995,0.5200411103367193,0.7128121749347675
4,0.7914094650205762,0.5869247788264428,0.5169578623122326,0.7130932755239944
5,0.816358024691358,0.5512605517980003,0.5282631038945601,0.7135832509426027
6,0.8323045267489712,0.5079632587884189,0.5282631038945601,0.7163049898436724
7,0.8492798353909465,0.4742773373921712,0.5262076057118478,0.7219883245162336
8,0.8598251028806584,0.4395317337149946,0.5241521072534716,0.7306644312524354
9,0.8685699588477366,0.4056203137209386,0.5190133607706088,0.7432498839996824
10,0.8708847736625515,0.3836572968665464,0.5169578623122326,0.7546562785847459
11,0.8737139917695473,0.36192580714147277,0.5231243576873611,0.7646382334053455
12,0.8819444444444444,0.3414519180240945,0.522096608458173,0.7803823751878886
13,0.8791152263374485,0.3254764131557794,0.5272353546041134,0.7986278627661247
14,0.8796296296296297,0.3142551474365187,0.5210688592289849,0.8187452971874014
15,0.8847736625514403,0.30242804870193385,0.5251798561457373,0.8329706365378517
16,0.8899176954732511,0.28561673009837113,0.5200411099997968,0.8536546854541579
17,0.8973765432098766,0.26996523350354573,0.5303186023529363,0.8710226412912312
18,0.897119341563786,0.26800213662194616,0.5334018499792419,0.8862190413205498
19,0.8986625514403292,0.257545055675899,0.5262076053749253,0.9033600311852678
20,0.8968621399176955,0.2570803654782566,0.5282631038333014,0.9274732772517424
21,0.8966049382716049,0.24897544208622763,0.5303186023529363,0.9479037539196896
22,0.8994341563786008,0.23822467740425848,0.5190133607706088,0.9716566937065321
23,0.9079218106995884,0.23110143417193565,0.5231243576873611,0.9947604010798581
24,0.9092078189300411,0.22689600497361564,0.5231243580242835,1.021535491649318
25,0.9032921810699589,0.22777582502659457,0.5210688595659073,1.037061983304058
26,0.9117798353909465,0.22219597036210598,0.5179856118783431,1.0641168090691915
27,0.9050925925925926,0.2224422885189331,0.5200411103367193,1.0853698189922618
28,0.9112654320987654,0.20979226070912285,0.5262076057118478,1.102898831909019
29,0.9071502057613169,0.21686409922784247,0.5313463518577881,1.1318585539403212
30,0.908179012345679,0.2087542849435728,0.5282631041702239,1.1629745225132062
31,0.9092078189300411,0.20985807803432638,0.5282631041702239,1.1790299192606974
32,0.9151234567901234,0.1972357130345003,0.5303186026286001,1.2039042798245185
33,0.9068930041152263,0.2102124854125113,0.515930113419967,1.2412814257201286
34,0.9112654320987654,0.20162519561165154,0.5179856118783431,1.273080822007629
35,0.9169238683127572,0.19306761541484316,0.5220966087338368,1.2933921071510275
36,0.9120370370370371,0.195598509147334,0.5210688595046488,1.3266442134471004
37,0.9156378600823045,0.18767680932955486,0.5272353548797772,1.3346005554434452
38,0.9133230452674898,0.19035217172079125,0.5251798564214011,1.365750698489496
39,0.9089506172839507,0.19666600696466588,0.5292908533381534,1.3825489494562884
40,0.9125514403292181,0.19179520943037276,0.5272353549410358,1.3992958279577337
41,0.9192386831275721,0.1803380319611035,0.529290853399412,1.43416335893927
42,0.9236111111111112,0.1740776355619784,0.5241521072534716,1.4637559067921182
43,0.9089506172839507,0.18816220852327936,0.5282631041702239,1.4921402818497504
44,0.9171810699588477,0.17611533483114752,0.5262076057118478,1.5009623005113277
45,0.9223251028806584,0.17509958883862436,0.5334018503161643,1.5281346859936846
46,0.9210390946502057,0.18003559130945324,0.5292908530624896,1.539239687027691
47,0.9166666666666666,0.17740729681135695,0.5323741007500538,1.545940853463905
48,0.9297839506172839,0.16597606284628189,0.5323741007500538,1.564047845392531
49,0.9248971193415638,0.17442527284592757,0.5405960945835584,1.5844069182688996
50,0.926440329218107,0.17204224765913967,0.5323741007500538,1.6181702083330851
51,0.9233539094650206,0.1727299614361039,0.5282631038333014,1.638201129522255
52,0.930298353909465,0.16504020749786755,0.5334018499792419,1.6700309175626593
53,0.9323559670781894,0.15969072150472752,0.5395683453543704,1.6778606879625388
54,0.9236111111111112,0.17184121581752604,0.5426515930419346,1.7005519333993298
55,0.9256687242798354,0.16890050961402217,0.5364850976668061,1.7318266195236474
56,0.9238683127572016,0.16876899720832644,0.5323741007500538,1.752160630025207
57,0.9344135802469136,0.1595579713521671,0.5344295992084299,1.7807832923234428
58,0.934156378600823,0.160698687067493,0.5292908530624896,1.804330474181141
59,0.9328703703703703,0.1584492184129762,0.5385405964621047,1.8342375863125244
60,0.9356995884773662,0.16053137121867742,0.5313463515208657,1.8581325463866403
61,0.9359567901234568,0.1628659132699417,0.5344295992084299,1.8852886087725367
62,0.9318415637860082,0.16447271431179203,0.5375128468959942,1.9081247654137607
63,0.9421296296296297,0.15714437022437283,0.5292908530624896,1.9348330720723104
64,0.9555041152263375,0.15884138327935104,0.5231243576873611,1.9543744745872003
65,0.9560185185185185,0.15945836450950598,0.5313463515208657,1.992695855212236
66,0.9593621399176955,0.15983917364858305,0.5282631041702239,2.023721357166216
67,0.9583333333333334,0.1548756315936277,0.5282631038333014,2.0395231478505855
68,0.9603909465020576,0.1560869769427021,0.5210688592289849,2.0540924988694695
69,0.9573045267489712,0.15970649987213897,0.5231243577486197,2.0833474299645496
70,0.9583333333333334,0.15729707270983315,0.5262076053749253,2.101396429943034
71,0.9614197530864198,0.1516630741549127,0.5231243580242835,2.1225774409469573
72,0.9639917695473251,0.1527443289020915,0.5241521069165491,2.150052814419934
73,0.9652777777777778,0.14977438505662322,0.5190133607706088,2.176109900209911
74,0.959619341563786,0.15627874516778523,0.5087358685399866,2.199796396071227
75,0.9603909465020576,0.15563902074908031,0.5107913669983628,2.218524977457609
76,0.9606481481481481,0.15729114753596576,0.5200411100610555,2.221248415979305
77,0.9650205761316872,0.1525718743755739,0.5169578623734913,2.2246002317822606
78,0.9647633744855967,0.1456881035195947,0.5169578623734913,2.2560863293944746
79,0.963477366255144,0.14646047810590807,0.5149023639151151,2.266039468524145
80,0.9619341563786008,0.1501017222679201,0.5066803700816105,2.2877584265780473
81,0.9637345679012346,0.14771866908779852,0.513874614685927,2.2985200364935188
82,0.9616769547325102,0.15466077864905933,0.512846865456739,2.3090118945318774
83,0.9663065843621399,0.14714228689915848,0.509763617707916,2.334991384018117
84,0.9593621399176955,0.15484453976890186,0.5200411103367193,2.3348596321470567
85,0.9652777777777778,0.14729509977892102,0.5138746146246683,2.364277963158038
86,0.9665637860082305,0.14132287684414122,0.5149023638538565,2.3743738471420306
87,0.9655349794238683,0.1415090866294908,0.515930113419967,2.3997164696363114
88,0.9647633744855967,0.14305550258591343,0.5169578623122326,2.4157249770698663
89,0.9655349794238683,0.14361167692966423,0.5159301130830445,2.432289612133971
90,0.9660493827160493,0.14660395123831038,0.5159301130830445,2.483820875771612
91,0.966820987654321,0.14852509322603052,0.5210688592902435,2.51488836720693
92,0.9632201646090535,0.14349360613788598,0.5210688592289849,2.5277182624616947
93,0.9632201646090535,0.1446749143026493,0.522096608458173,2.536588413497282
94,0.9665637860082305,0.14146074376724385,0.5149023638538565,2.5454662309276115
95,0.963477366255144,0.1484469263028706,0.5087358685399866,2.5573350273202893
96,0.9681069958847737,0.14028040942095926,0.5118191162275508,2.5857910019520745
97,0.9655349794238683,0.14189194894008675,0.5128468653954803,2.5824727629831123
98,0.9686213991769548,0.1357814100850757,0.522096608458173,2.594005316158973
99,0.9639917695473251,0.14863910167305558,0.5169578623122326,2.6214750393811626
100,0.9629629629629629,0.14318690651360852,0.5138746146246683,2.6301872110317817
101,0.9632201646090535,0.14903760327355853,0.5169578623122326,2.6559137712402188
102,0.9660493827160493,0.13984390605746963,0.509763617707916,2.6811101649795015
103,0.9678497942386831,0.1436801544494099,0.5138746146246683,2.687593747508489
104,0.970679012345679,0.13191183714709656,0.5128468653954803,2.707502928936714
105,0.9647633744855967,0.14674559919309224,0.5200411103367193,2.703025039641487
106,0.9678497942386831,0.1389842107585428,0.5272353549410358,2.7027973160836827
107,0.9675925925925926,0.1370417556951566,0.5272353549410358,2.7074812426473964
108,0.9657921810699589,0.14190959096445468,0.5190133611075312,2.7222347725087057
109,0.9693930041152263,0.13536483089251775,0.5200411103367193,2.737493452040779
110,0.966820987654321,0.1446710750767233,0.5262076057118478,2.7628274939165576
111,0.9632201646090535,0.1461112790514903,0.5251798564826596,2.770887344738685
112,0.9735082304526749,0.12552163710074168,0.5272353549410358,2.782988697504826
113,0.9642489711934157,0.14120638646461345,0.5262076057118478,2.8169570821897345
114,0.9611625514403292,0.1448367621918274,0.5231243580242835,2.834840483925203
115,0.9683641975308642,0.13338892955961543,0.5262076057118478,2.8549812513902277
116,0.9675925925925926,0.14017844353438405,0.5169578626491551,2.8773901526263903
117,0.9650205761316872,0.13687749283671868,0.514902364190779,2.8946185636373367
118,0.9647633744855967,0.1382445161357338,0.514902364190779,2.915828140029437
119,0.970164609053498,0.13521524816138264,0.5138746149615908,2.911484130239928
120,0.9657921810699589,0.13922089194196732,0.5128468653954803,2.91499015875735
121,0.9647633744855967,0.13585372486845457,0.5138746146246683,2.924636861158177
122,0.9616769547325102,0.14717614782567867,0.5190133608318673,2.929092015661414
123,0.970679012345679,0.13077106795929097,0.5107913669371041,2.9639470285648923
124,0.9688786008230452,0.13784478166343744,0.5138746146246683,2.9498635095535546
125,0.966820987654321,0.1364141525432406,0.5159301130830445,2.970481488344481
126,0.9655349794238683,0.13992179666527013,0.5190133607706088,3.0184755004322175
127,0.970679012345679,0.1318514737695333,0.5190133607706088,3.02428338289996
128,0.9675925925925926,0.13132085758472176,0.5107913669371041,3.0436003406638354
129,0.9719650205761317,0.13397972785518983,0.5046248715619757,3.068771508835325
130,0.9691358024691358,0.13312423609411767,0.5056526207911638,3.0817860209317027
131,0.9655349794238683,0.13945965554733825,0.5077081192495398,3.0852252942072522
132,0.970164609053498,0.1313435815182733,0.5169578623122326,3.082180287340562
133,0.9688786008230452,0.13227480282018214,0.5118191165032147,3.11194418023081
134,0.9693930041152263,0.13689551275576092,0.5056526207911638,3.124543843509482
135,0.9696502057613169,0.1307810845137133,0.5128468657324028,3.125777057851574
136,0.970679012345679,0.1333900823146718,0.5179856115414206,3.1402564183536072
137,0.9675925925925926,0.14155495240364546,0.5118191161662922,3.155664847541566
138,0.9652777777777778,0.1464305834637748,0.5087358688156505,3.1802411272984004
139,0.9691358024691358,0.13575930261808167,0.5035971223327876,3.2148075804558465
140,0.9686213991769548,0.13910060851171674,0.5066803703572743,3.2100113800593784
141,0.9657921810699589,0.1389909795956847,0.5107913672740266,3.1897894157535127
142,0.9724794238683128,0.12897896904636313,0.5138746146246683,3.2099923487189863
143,0.9675925925925926,0.1467459033178204,0.5179856118783431,3.2402836080690327
144,0.9711934156378601,0.12687259156701497,0.5138746146246683,3.2415702619876057
145,0.9675925925925926,0.13859141654806373,0.5210688592289849,3.2533657330280707
146,0.9681069958847737,0.1324590313336486,0.5138746146246683,3.2378673835256486
147,0.9688786008230452,0.13034711076031005,0.5149023638538565,3.2516523515087727
148,0.9670781893004116,0.1374151425842395,0.5149023638538565,3.2415100481870365
149,0.9727366255144033,0.12570463501131585,0.5107913669371041,3.2658254149516344
150,0.9699074074074074,0.1296218909905771,0.5138746146246683,3.2864062791002984
151,0.966820987654321,0.13478831529862595,0.5118191161662922,3.292020192739285
152,0.9665637860082305,0.13494462921540923,0.5190133607706088,3.308100399721073
153,0.9717078189300411,0.12671038864080797,0.5138746146246683,3.3268365227796313
154,0.9678497942386831,0.13665158359847443,0.5107913669371041,3.3693003752493786
155,0.9699074074074074,0.13356667241932432,0.5046248715619757,3.3780102158866954
156,0.9693930041152263,0.13295381976130569,0.5087358685399866,3.3788019022985694
157,0.9691358024691358,0.13303665686475397,0.5025693731648582,3.400607986048339
158,0.9675925925925926,0.13855695427077297,0.5025693731035995,3.3877064870538347
159,0.9683641975308642,0.14242984058619035,0.5179856115414206,3.393835397075406
160,0.9688786008230452,0.1301376508403217,0.5128468653954803,3.3918732227058843
161,0.974022633744856,0.12667964549098976,0.5138746146246683,3.3846204177938777
162,0.9681069958847737,0.13239239793991356,0.5128468657324028,3.385644746096259
163,0.9717078189300411,0.12926601360977433,0.5190133611075312,3.4094103850416633
164,0.9699074074074074,0.12406782313813398,0.5220966085194316,3.412348203766873
165,0.9686213991769548,0.13331758122078677,0.512846865456739,3.420749531252901
166,0.9688786008230452,0.13263803413865988,0.5200411100610555,3.433631736720086
167,0.9681069958847737,0.13356140547205883,0.522096608458173,3.4388961372983173
168,0.9722222222222222,0.12490735419186545,0.5179856115414206,3.4472965064543737
169,0.970164609053498,0.123906899718836,0.5159301130830445,3.4458604905245114
170,0.9681069958847737,0.13550063679493013,0.5128468653954803,3.4906256218485816
171,0.9675925925925926,0.14269075443040688,0.508735868478728,3.4906456352872937
172,0.963477366255144,0.14125715935058555,0.5107913669371041,3.529496323780558
173,0.966820987654321,0.138273102112513,0.5107913669371041,3.5438312918162174
174,0.9729938271604939,0.1303036306130052,0.5056526207911638,3.541502609282334
175,0.9719650205761317,0.1300313994595053,0.5077081192495398,3.554422072982004
176,0.9732510288065843,0.1238139519475615,0.509763617707916,3.5481951726793874
177,0.9704218106995884,0.13023315317959452,0.5118191161662922,3.570136818831896
178,0.970679012345679,0.13271401629403787,0.5190133607706088,3.571529314917381
179,0.9693930041152263,0.1343930600050055,0.5159301130830445,3.5785976367766175
180,0.9688786008230452,0.13272490073378684,0.5077081192495398,3.579080064642221
181,0.9696502057613169,0.13710133676175718,0.5077081192495398,3.590955106719547
182,0.9675925925925926,0.1334145992013162,0.5066803700203518,3.609442534451617
183,0.970679012345679,0.13525690723961764,0.5118191161662922,3.617494285903021
184,0.9655349794238683,0.14410455957239057,0.5107913669371041,3.643673870080789
185,0.9714506172839507,0.12623569166954654,0.5107913669371041,3.6514505394193644
186,0.9719650205761317,0.12841515003898998,0.5179856115414206,3.666774458164791
187,0.9714506172839507,0.1267365561836541,0.5118191161662922,3.6798863898568386
188,0.9704218106995884,0.13329793258336345,0.5066803700203518,3.7088356679659586
189,0.9711934156378601,0.1290008639111931,0.5118191165032147,3.695301879469194
190,0.9724794238683128,0.12492655645366069,0.5128468656711441,3.6863023570728206
191,0.970679012345679,0.12649585585657952,0.514902364190779,3.66284420654438
192,0.9696502057613169,0.13162009552918344,0.515930113419967,3.694636387545673
193,0.9688786008230452,0.1339996486534307,0.5107913672740266,3.644414844150288
194,0.9763374485596708,0.12468953452115196,0.510791367212768,3.6143260881810124
195,0.9660493827160493,0.1428844618453901,0.5179856118170845,3.6223908803690863
196,0.9693930041152263,0.13201867562139966,0.5159301133587083,3.6344249270557745
197,0.9670781893004116,0.13875583896543753,0.5251798564214011,3.621923864684149
198,0.9709362139917695,0.13083128962251875,0.5179856118170845,3.642814648482194
199,0.9686213991769548,0.13524662638887947,0.5159301133587083,3.6758920683277596
200,0.9753086419753086,0.12651416466191964,0.5210688595659073,3.673008263539925
201,0.9660493827160493,0.13457304542815243,0.5107913672740266,3.715224899711491
202,0.970164609053498,0.13062696804296334,0.5149023641295203,3.707984772640044
203,0.9742798353909465,0.12387450812039552,0.5046248718376395,3.7236754764388302
204,0.9709362139917695,0.13077352217440744,0.5149023641295203,3.7411700907371026
205,0.9691358024691358,0.13838278680058663,0.5159301133587083,3.757541317611412
206,0.970679012345679,0.12997205794593433,0.5220966087338368,3.755256771673769
207,0.970679012345679,0.12847384405724796,0.5179856118783431,3.75034855620099
208,0.970164609053498,0.13605929248862797,0.513874614685927,3.757629644466451
209,0.9693930041152263,0.13792960836318294,0.5190133607706088,3.743161501889361
210,0.970679012345679,0.13072121324239935,0.5149023639151151,3.7375171495733626
211,0.9699074074074074,0.1336818949737176,0.5107913669983628,3.7555182156557905
212,0.9696502057613169,0.13302495493074504,0.5149023639151151,3.740857840564489
213,0.9691358024691358,0.13215860929876688,0.5149023638538565,3.740739341139916
214,0.9714506172839507,0.13152875634745806,0.5149023638538565,3.734150945343927
215,0.9711934156378601,0.1324670958972762,0.5179856115414206,3.7507188898441357
216,0.9681069958847737,0.13458430475781483,0.5231243576873611,3.769828909592663
217,0.9729938271604939,0.12783670676833808,0.522096608458173,3.7823843799171564
218,0.9714506172839507,0.1305052619964007,0.5262076057118478,3.778685498458141
219,0.974022633744856,0.12895505387841918,0.5251798561457373,3.775295316376642
220,0.9663065843621399,0.13874156116948697,0.5241521072534716,3.80073012183406
221,0.9722222222222222,0.12578609864775536,0.5231243576873611,3.8108229367608035
222,0.9724794238683128,0.12165334495742625,0.5200411099997968,3.826274372445839
223,0.9719650205761317,0.12394321145712103,0.5210688592289849,3.8408031855678266
224,0.970679012345679,0.1308579089219678,0.5262076057118478,3.82443519853982
225,0.9691358024691358,0.13221673112469937,0.5251798564826596,3.8379938440724732
226,0.9724794238683128,0.12618837088591767,0.5200411099997968,3.8623752334257557
227,0.9696502057613169,0.13555730112786155,0.5251798561457373,3.865234390437174
228,0.970679012345679,0.13532209985050153,0.5262076053749253,3.84587677924263
229,0.9714506172839507,0.12884981022695455,0.5272353546041134,3.852627126678043
230,0.9747942386831275,0.12188234137286866,0.5262076053749253,3.8594071245144477
231,0.9735082304526749,0.12318401127563092,0.5241521069165491,3.887491490098457
232,0.9686213991769548,0.13365798250392633,0.5241521069165491,3.909132548250863
233,0.9717078189300411,0.12802148018599538,0.5190133607706088,3.914326930707675
234,0.9686213991769548,0.13133503294285434,0.5231243577486197,3.8958099351512443
235,0.9691358024691358,0.12893719781082844,0.522096608458173,3.877956970622581
236,0.970679012345679,0.13046782620159197,0.5200411100610555,3.8758820703316323
237,0.9699074074074074,0.13115744415379355,0.513874614685927,3.904213801929909
238,0.9717078189300411,0.12678524928451074,0.5159301131443031,3.9113396032496075
239,0.9711934156378601,0.1288912223935618,0.5272353546041134,3.9093069520540618
240,0.9647633744855967,0.13888945589953489,0.5128468653954803,3.9011096532886342
241,0.970679012345679,0.13104027745777688,0.5179856115414206,3.912722540048754
242,0.9709362139917695,0.1336995614960851,0.5169578626491551,3.9095299337040115
243,0.9747942386831275,0.12368224631734345,0.5190133607706088,3.93684595510869
244,0.970679012345679,0.12812362792192664,0.5138746146246683,3.9474230290439367
245,0.9724794238683128,0.12600028671232272,0.509763617707916,3.94858991205386
246,0.9735082304526749,0.1235521282126874,0.515930113419967,3.954743431626464
247,0.970164609053498,0.13204189949504141,0.5190133610462726,3.9519010680552498
248,0.9704218106995884,0.12926888689705374,0.5210688595659073,3.964049588004462
249,0.9691358024691358,0.13007616972236477,0.5169578623734913,3.9809117608790774
